2.68181658e+00
2.62480164e+00
2.60245562e+00
2.61952758e+00
2.85258985e+00
2.72027063e+00
2.68326640e+00
2.75821829e+00
2.69664741e+00
2.78304935e+00
2.65194941e+00
2.75280595e+00
2.67825508e+00
2.72275853e+00
2.77261138e+00
2.71979022e+00
2.72669911e+00
2.74648952e+00
2.71187329e+00
2.74214935e+00
2.73124766e+00
2.62164330e+00
2.69685984e+00
2.68308568e+00
2.74636722e+00
2.79621768e+00
2.68976974e+00
2.71500659e+00
2.73709249e+00
2.68633819e+00
2.67571521e+00
2.67582607e+00
2.53478241e+00
2.72617507e+00
2.63679290e+00
2.56505466e+00
2.55192542e+00
2.55495954e+00
2.57811236e+00
2.58998132e+00
2.55435419e+00
2.50884342e+00
2.49846649e+00
2.49633408e+00
2.54789567e+00
2.40584493e+00
2.46917009e+00
2.53795815e+00
2.54968858e+00
2.56753039e+00
2.57342219e+00
2.54313111e+00
2.59044361e+00
2.65640569e+00
2.65819716e+00
2.68829393e+00
2.73422146e+00
2.76706195e+00
2.73576283e+00
2.62015772e+00
2.65859413e+00
2.69158149e+00
2.72980738e+00
2.65747762e+00
2.64442158e+00
2.75376201e+00
2.79783058e+00
2.68559027e+00
2.63400364e+00
2.73142862e+00
2.72367144e+00
2.68880057e+00
2.64887571e+00
2.69148898e+00
2.64733934e+00
2.56994271e+00
2.64510846e+00
2.70696998e+00
2.73931336e+00
2.71073890e+00
2.69401312e+00
2.67521763e+00
2.55938792e+00
2.54325151e+00
2.57737565e+00
2.56556606e+00
2.58093929e+00
2.59755135e+00
2.47055840e+00
2.57081842e+00
2.60717893e+00
2.45799255e+00
2.45817256e+00
2.42044687e+00
2.40269494e+00
2.35149789e+00
2.31435680e+00
2.34624791e+00
2.28778934e+00
2.31921458e+00
2.24915814e+00
2.21381259e+00
2.18493533e+00
2.13490343e+00
2.16789508e+00
2.13037109e+00
2.22662640e+00
2.23471403e+00
2.20176291e+00
2.20608068e+00
2.28507352e+00
2.34185910e+00
2.39402318e+00
2.40345979e+00
2.37483501e+00
2.35902166e+00
2.47367764e+00
2.46780300e+00
2.47810125e+00
2.48865795e+00
2.53411913e+00
2.51138258e+00
2.51551199e+00
2.60482979e+00
2.52486229e+00
2.74045372e+00
2.72208023e+00
2.67289448e+00
2.67137313e+00
2.71142840e+00
2.70320821e+00
2.67248297e+00
2.73238111e+00
2.72448397e+00
2.65443683e+00
2.66891599e+00
2.72575355e+00
2.75825071e+00
2.78427219e+00
2.79620123e+00
2.78566647e+00
2.73427677e+00
2.65358806e+00
2.75155973e+00
2.76035547e+00
2.77533436e+00
2.75162959e+00
2.68999124e+00
2.67366600e+00
2.76716518e+00
2.68753743e+00
2.60977769e+00
2.67542100e+00
2.62904477e+00
2.62872362e+00
2.70641923e+00
2.73912430e+00
2.71139407e+00
2.77881885e+00
2.71310949e+00
2.63224483e+00
2.60901284e+00
2.57101321e+00
2.55366802e+00
2.61689425e+00
2.54435682e+00
2.57154465e+00
2.56351757e+00
2.48584938e+00
2.49092460e+00
2.51910901e+00
2.49439716e+00
2.49682212e+00
2.47272205e+00
2.44358778e+00
2.42295909e+00
2.34485030e+00
2.36553288e+00
2.40746522e+00
2.28718281e+00
2.21802497e+00
2.19320822e+00
2.05225277e+00
2.17308140e+00
2.13166857e+00
2.08865714e+00
2.05564713e+00
1.95446873e+00
1.95678413e+00
1.97107327e+00
1.85494840e+00
1.78493702e+00
1.77245831e+00
1.77349448e+00
1.75391400e+00
1.83069193e+00
1.78606403e+00
1.88886189e+00
1.96415043e+00
1.93186259e+00
1.95680153e+00
2.03484178e+00
2.11032605e+00
2.06727409e+00
2.09564018e+00
2.18086028e+00
2.24865961e+00
2.21959352e+00
2.24450564e+00
2.21537590e+00
2.29968762e+00
2.38074946e+00
2.41390800e+00
2.33356047e+00
2.37604666e+00
2.43211317e+00
2.47785735e+00
2.49079990e+00
2.49545240e+00
2.45595455e+00
2.55039096e+00
2.55248475e+00
2.58422732e+00
2.67754698e+00
2.67045474e+00
2.61868262e+00
2.63958263e+00
2.82205486e+00
2.79830217e+00
2.68101573e+00
2.66492510e+00
2.68461442e+00
2.69261122e+00
2.76516891e+00
2.76775622e+00
2.77399015e+00
2.78892446e+00
2.75619435e+00
2.78139496e+00
2.83692980e+00
2.78856921e+00
2.75535011e+00
2.75359344e+00
2.71335387e+00
2.84462142e+00
2.77300310e+00
2.81710410e+00
2.94205666e+00
2.82224202e+00
2.81488991e+00
2.79819870e+00
2.79609346e+00
2.87071896e+00
2.82680893e+00
2.79921365e+00
2.77157760e+00
2.76465845e+00
2.89803147e+00
2.89777851e+00
2.82887578e+00
2.84232330e+00
2.82874322e+00
2.92163229e+00
2.88310862e+00
2.85918975e+00
2.86665869e+00
2.81784129e+00
2.87077737e+00
2.80365753e+00
2.80993271e+00
2.88435912e+00
2.87145090e+00
2.78462243e+00
2.81859708e+00
2.78564262e+00
2.79678035e+00
2.84759879e+00
2.82203174e+00
2.78200722e+00
2.75704885e+00
2.76783848e+00
2.76633811e+00
2.79478145e+00
2.80896354e+00
2.72679305e+00
2.67076588e+00
2.79235864e+00
2.78210235e+00
2.72260284e+00
2.68400645e+00
2.68037200e+00
2.67978477e+00
2.67812657e+00
2.65043378e+00
2.66108012e+00
2.65758181e+00
2.59949088e+00
2.55701351e+00
2.65306902e+00
2.47786403e+00
2.48660541e+00
2.57404685e+00
2.50682950e+00
2.45771098e+00
2.42186999e+00
2.41515374e+00
2.41794229e+00
2.43387222e+00
2.40062380e+00
2.39760137e+00
2.33011341e+00
2.32599926e+00
2.23534560e+00
2.20976400e+00
2.26155949e+00
2.23415279e+00
2.19199443e+00
2.11185193e+00
2.03086543e+00
2.06661797e+00
2.17218566e+00
2.03457952e+00
2.07778001e+00
2.03639746e+00
2.00696158e+00
1.95922983e+00
1.87671471e+00
1.87107027e+00
1.79890931e+00
1.77325904e+00
1.75725627e+00
1.67075109e+00
1.63840449e+00
1.54860139e+00
1.45871890e+00
1.43090963e+00
1.42329049e+00
1.52893186e+00
1.61803460e+00
1.63020885e+00
1.66989315e+00
1.76523912e+00
1.82777882e+00
1.76818025e+00
1.81556737e+00
1.83741498e+00
1.97576869e+00
1.91308784e+00
1.97995341e+00
1.99812651e+00
2.00658751e+00
2.14084721e+00
2.08406711e+00
2.09868526e+00
2.19092226e+00
2.19947600e+00
2.18024540e+00
2.22362232e+00
2.16152287e+00
2.20525336e+00
2.23518372e+00
2.22736216e+00
2.29725695e+00
2.30292606e+00
2.35955930e+00
2.38289714e+00
2.33182693e+00
2.39686608e+00
2.45522785e+00
2.43627644e+00
2.46758103e+00
2.48068333e+00
2.46367979e+00
2.48501062e+00
2.51751256e+00
2.49969888e+00
2.49625611e+00
2.59571004e+00
2.58651781e+00
2.57720304e+00
2.61389542e+00
2.53026652e+00
2.59175658e+00
2.62821960e+00
2.61493063e+00
2.58369994e+00
2.62763309e+00
2.64942980e+00
2.67253351e+00
2.67393327e+00
2.73901510e+00
2.75441360e+00
2.66020823e+00
2.69468307e+00
2.75627899e+00
2.81793761e+00
2.73524952e+00
2.71788216e+00
2.71293616e+00
2.72212005e+00
2.70627379e+00
2.71540499e+00
2.78359652e+00
2.82836580e+00
2.73122764e+00
2.74989486e+00
2.77655363e+00
2.79450154e+00
2.78846574e+00
2.75103498e+00
2.81549406e+00
2.81551385e+00
2.85754514e+00
2.79501152e+00
2.78307366e+00
2.78505325e+00
2.75184727e+00
2.81947589e+00
2.80397201e+00
2.80996656e+00
2.81064343e+00
2.81324244e+00
2.83487773e+00
2.74639893e+00
2.77690721e+00
2.76750612e+00
2.80026197e+00
2.80473614e+00
2.78722239e+00
2.85706806e+00
2.80553293e+00
2.75785732e+00
2.73325920e+00
2.75980067e+00
2.84328437e+00
2.79900432e+00
2.85645247e+00
2.81528163e+00
2.81931353e+00
2.86561966e+00
2.84490752e+00
2.82705927e+00
2.84361625e+00
2.84144139e+00
2.82260489e+00
2.84663415e+00
2.84137440e+00
2.75331593e+00
2.77375841e+00
2.83011603e+00
2.81439924e+00
2.77380109e+00
2.82194233e+00
2.78527427e+00
2.83830023e+00
2.83474231e+00
2.79255390e+00
2.77707839e+00
2.75615215e+00
2.74865079e+00
2.73246145e+00
2.79599667e+00
2.84950852e+00
2.82169318e+00
2.75789213e+00
2.80030870e+00
2.75826335e+00
2.71036935e+00
2.70937538e+00
2.71853423e+00
2.72289896e+00
2.73644996e+00
2.79028440e+00
2.79393363e+00
2.79227543e+00
2.76950097e+00
2.70600772e+00
2.72524452e+00
2.76699376e+00
2.70824456e+00
2.69755030e+00
2.76166677e+00
2.67916036e+00
2.69873714e+00
2.72809124e+00
2.67767715e+00
2.72241735e+00
2.76021171e+00
2.72631264e+00
2.71095443e+00
2.64670610e+00
2.70628095e+00
2.67113805e+00
2.66350603e+00
2.66893983e+00
2.72811794e+00
2.64535570e+00
2.64790869e+00
2.70990109e+00
2.68112206e+00
2.60194445e+00
2.67938757e+00
2.65099621e+00
2.62407875e+00
2.62501502e+00
2.61276770e+00
2.67143416e+00
2.60927057e+00
2.62698746e+00
2.62080622e+00
2.61342883e+00
2.59781957e+00
2.59510446e+00
2.55547023e+00
2.54676342e+00
2.51301646e+00
2.56362033e+00
2.56867051e+00
2.50830770e+00
2.48921990e+00
2.53781533e+00
2.49970937e+00
2.47656846e+00
2.50706601e+00
2.49604034e+00
2.48814917e+00
2.40168285e+00
2.44831657e+00
2.45402884e+00
2.48306251e+00
2.50959682e+00
2.40281653e+00
2.37645078e+00
2.34361815e+00
2.37148857e+00
2.40110302e+00
2.38069606e+00
2.38912082e+00
2.36150861e+00
2.34140468e+00
2.32709241e+00
2.26452589e+00
2.28152299e+00
2.24948883e+00
2.25365782e+00
2.26317883e+00
2.26259542e+00
2.22600889e+00
2.25477242e+00
2.18615746e+00
2.15663958e+00
2.20726061e+00
2.15018344e+00
2.12068892e+00
2.11039305e+00
2.11118555e+00
2.04622459e+00
2.02454662e+00
2.02160597e+00
2.01555300e+00
1.99898517e+00
1.89580631e+00
1.91780412e+00
1.88401914e+00
1.85620856e+00
1.84976006e+00
1.85985231e+00
1.83555031e+00
1.81905365e+00
1.69440830e+00
1.64038670e+00
1.63399696e+00
1.63305748e+00
1.61036611e+00
1.52334070e+00
1.49901593e+00
1.47187793e+00
1.45799291e+00
1.36696148e+00
1.26913238e+00
1.19910002e+00
1.18406677e+00
1.23410845e+00
1.25589132e+00
1.30367732e+00
1.45804620e+00
1.49814785e+00
1.51344335e+00
1.51287663e+00
1.54617488e+00
1.61231112e+00
1.58757055e+00
1.67205513e+00
1.76314116e+00
1.74092543e+00
1.76122975e+00
1.80252051e+00
1.79262674e+00
1.81700981e+00
1.82531393e+00
1.85544765e+00
1.85183573e+00
1.92674363e+00
1.94380748e+00
1.92724478e+00
1.93040168e+00
1.98087072e+00
2.02308750e+00
2.01826453e+00
2.08234286e+00
2.07503963e+00
2.07838964e+00
2.06749272e+00
2.08143282e+00
2.10334134e+00
2.14923644e+00
2.21733427e+00
2.21681285e+00
2.16819596e+00
2.19813204e+00
2.19339681e+00
2.19447899e+00
2.19832611e+00
2.21677089e+00
2.25731897e+00
2.25161743e+00
2.23460817e+00
2.25268507e+00
2.24500322e+00
2.29072261e+00
2.33025503e+00
2.28245211e+00
2.23842645e+00
2.30527020e+00
2.33376503e+00
2.28379798e+00
2.34314823e+00
2.35604596e+00
2.32073116e+00
2.35259938e+00
2.37063909e+00
2.35006857e+00
2.34144998e+00
2.30854225e+00
2.33248210e+00
2.33568716e+00
2.34925389e+00
2.30901265e+00
2.38016987e+00
2.38759208e+00
2.31889606e+00
2.40577197e+00
2.35477161e+00
2.41154790e+00
2.40696716e+00
2.35415959e+00
2.37206149e+00
2.36125469e+00
2.40213132e+00
2.45618486e+00
2.41941738e+00
2.37357187e+00
2.40866971e+00
2.43178654e+00
2.48575211e+00
2.40052199e+00
2.38823962e+00
2.44460416e+00
2.46637082e+00
2.40142822e+00
2.43412113e+00
2.34716153e+00
2.36980629e+00
2.44405079e+00
2.44124269e+00
2.44634628e+00
2.42144728e+00
2.44551778e+00
2.41228843e+00
2.42602658e+00
2.40140891e+00
2.42939615e+00
2.41822672e+00
2.39503407e+00
2.39517474e+00
2.41760969e+00
2.46281362e+00
2.42656493e+00
2.45418143e+00
2.35814261e+00
2.39465570e+00
2.44661450e+00
2.41210961e+00
2.41672397e+00
2.45243955e+00
2.45814443e+00
2.45984745e+00
2.42160535e+00
2.42311573e+00
2.47303200e+00
2.46272993e+00
2.46316743e+00
2.47625923e+00
2.49286222e+00
2.44752049e+00
2.45798016e+00
2.47373724e+00
2.41365814e+00
2.38501024e+00
2.42051601e+00
2.39298034e+00
2.43598938e+00
2.46157169e+00
2.42194104e+00
2.43275023e+00
2.41063738e+00
2.41426229e+00
2.42523336e+00
2.42086720e+00
2.45033526e+00
2.44980240e+00
2.46486306e+00
2.44241881e+00
2.40585494e+00
2.40120220e+00
2.37143850e+00
2.44481254e+00
2.40348577e+00
2.38680339e+00
2.41785288e+00
2.46189928e+00
2.46032405e+00
2.45127654e+00
2.41869259e+00
2.42031574e+00
2.44256997e+00
2.44219041e+00
2.41165352e+00
2.37980437e+00
2.41189766e+00
2.42690945e+00
2.46480036e+00
2.39727497e+00
2.36240315e+00
2.36020207e+00
2.37905836e+00
2.39969707e+00
2.41068316e+00
2.38994455e+00
2.37194633e+00
2.40069580e+00
2.37632680e+00
2.36908293e+00
2.39907241e+00
2.42426348e+00
2.40701818e+00
2.38505840e+00
2.37277055e+00
2.39839029e+00
2.41352272e+00
2.39738369e+00
2.45413637e+00
2.42050409e+00
2.35629201e+00
2.40455246e+00
2.34967232e+00
2.39917707e+00
2.39564562e+00
2.43578029e+00
2.38267756e+00
2.36714101e+00
2.39193130e+00
2.37002063e+00
2.41826367e+00
2.33500719e+00
2.30934906e+00
2.38613892e+00
2.36532402e+00
2.40756845e+00
2.37097335e+00
2.37864757e+00
2.37792253e+00
2.37513280e+00
2.37416577e+00
2.40149045e+00
2.38059902e+00
2.37494326e+00
2.37071180e+00
2.34777784e+00
2.30138993e+00
2.37732863e+00
2.38955402e+00
2.33625937e+00
2.31820440e+00
2.37813711e+00
2.38417792e+00
2.32326508e+00
2.37512088e+00
2.32325244e+00
2.31886601e+00
2.41045856e+00
2.35415483e+00
2.32220817e+00
2.34885836e+00
2.32749724e+00
2.28479743e+00
2.37311268e+00
2.31342316e+00
2.32117271e+00
2.37020898e+00
2.28213644e+00
2.31876135e+00
2.38648176e+00
2.31892967e+00
2.29330611e+00
2.32097459e+00
2.33699179e+00
2.35582519e+00
2.35426593e+00
2.31772470e+00
2.31576490e+00
2.32850051e+00
2.32615900e+00
2.31533289e+00
2.35088682e+00
2.30841112e+00
2.30056047e+00
2.29589081e+00
2.33039284e+00
2.31896114e+00
2.31797528e+00
2.33583927e+00
2.28989840e+00
2.29828000e+00
2.28335261e+00
2.28441095e+00
2.29883027e+00
2.29535961e+00
2.24131465e+00
2.27548146e+00
2.25802326e+00
2.28520727e+00
2.32134318e+00
2.25919318e+00
2.29220581e+00
2.30184340e+00
2.29153013e+00
2.26721239e+00
2.27893019e+00
2.28907514e+00
2.23895669e+00
2.25754309e+00
2.24901414e+00
2.27725601e+00
2.26515174e+00
2.19156981e+00
2.28905225e+00
2.26530766e+00
2.27108502e+00
2.30492449e+00
2.25606394e+00
2.24061012e+00
2.19662213e+00
2.18418765e+00
2.24288750e+00
2.22485304e+00
2.22781706e+00
2.22760034e+00
2.22319865e+00
2.26201272e+00
2.26471686e+00
2.28778696e+00
2.26241946e+00
2.19020772e+00
2.19135690e+00
2.25939155e+00
2.22639680e+00
2.19067764e+00
2.22034025e+00
2.21990132e+00
2.20647407e+00
2.24160910e+00
2.23605156e+00
2.22112823e+00
2.24850488e+00
2.22943091e+00
2.21568608e+00
2.21711159e+00
2.19431829e+00
2.18968701e+00
2.22108150e+00
2.22694182e+00
2.20694470e+00
2.21449280e+00
2.20558906e+00
2.21772480e+00
2.23754692e+00
2.17078185e+00
2.16709805e+00
2.19217753e+00
2.25612831e+00
2.21814108e+00
2.17013264e+00
2.23206425e+00
2.15937281e+00
2.21370077e+00
2.22120118e+00
2.15794921e+00
2.15736461e+00
2.17235518e+00
2.17176247e+00
2.09495711e+00
2.14287472e+00
2.21904945e+00
2.19248796e+00
2.14511561e+00
2.13030148e+00
2.12341642e+00
2.17167711e+00
2.20753098e+00
2.15889955e+00
2.21340847e+00
2.18926644e+00
2.17982435e+00
2.17958260e+00
2.16276193e+00
2.12649941e+00
2.12606430e+00
2.18156910e+00
2.14330792e+00
2.15094256e+00
2.15887260e+00
2.11367583e+00
2.09384871e+00
2.14669323e+00
2.10823154e+00
2.07089210e+00
2.11641836e+00
2.15015030e+00
2.08931756e+00
2.13783121e+00
2.08020663e+00
2.07730985e+00
2.12130237e+00
2.11833429e+00
2.13326502e+00
2.12953520e+00
2.12353635e+00
2.08476925e+00
2.06094432e+00
2.08126998e+00
2.09646201e+00
2.10486555e+00
2.05412149e+00
2.10115814e+00
2.13901973e+00
2.12295651e+00
2.09191990e+00
2.07357121e+00
2.07102036e+00
2.02292323e+00
2.03127909e+00
2.08487296e+00
2.04205251e+00
2.02723050e+00
2.04498911e+00
2.02943373e+00
2.04867363e+00
2.08192849e+00
2.00268269e+00
2.04761767e+00
2.03797030e+00
2.04926372e+00
2.06189299e+00
2.04624557e+00
2.02111483e+00
2.12903166e+00
2.06802154e+00
2.01424289e+00
2.05770350e+00
2.04913139e+00
2.02631259e+00
2.02096486e+00
2.02334809e+00
2.00879312e+00
1.99437308e+00
1.98838472e+00
2.00692511e+00
2.00942206e+00
2.04766130e+00
1.99334288e+00
1.95986247e+00
1.97571564e+00
1.94580376e+00
1.99773347e+00
1.98468554e+00
1.91689539e+00
1.94649529e+00
2.01280355e+00
1.94236732e+00
1.98655093e+00
1.89611745e+00
1.90369236e+00
1.96719706e+00
1.92611694e+00
1.91457164e+00
1.89280808e+00
1.94708383e+00
1.92706895e+00
1.87911248e+00
1.88005400e+00
1.88544738e+00
1.87390041e+00
1.88865244e+00
1.87553346e+00
1.85550904e+00
1.82412291e+00
1.86298645e+00
1.82004535e+00
1.85884929e+00
1.82923281e+00
1.79356492e+00
1.84647465e+00
1.82131064e+00
1.80520701e+00
1.80051851e+00
1.78247130e+00
1.80989540e+00
1.80503511e+00
1.79396152e+00
1.76540506e+00
1.76668334e+00
1.74060142e+00
1.74009442e+00
1.75154161e+00
1.68713474e+00
1.68312478e+00
1.71166503e+00
1.67170143e+00
1.65010178e+00
1.70438778e+00
1.69469953e+00
1.59802759e+00
1.59530354e+00
1.60501111e+00
1.61261487e+00
1.56738687e+00
1.56571412e+00
1.59939396e+00
1.55838656e+00
1.55440640e+00
1.50433934e+00
1.46344745e+00
1.46399343e+00
1.45130920e+00
1.50132346e+00
1.52804363e+00
1.44213402e+00
1.37737596e+00
1.38344228e+00
1.38063538e+00
1.35117912e+00
1.30366743e+00
1.30880439e+00
1.29028511e+00
1.26056337e+00
1.21727955e+00
1.15335429e+00
1.14215040e+00
1.15708494e+00
1.07677090e+00
1.05062306e+00
1.01432240e+00
9.58024859e-01
9.94653761e-01
1.01750302e+00
1.03430760e+00
1.14084911e+00
1.17117870e+00
1.16953111e+00
1.24326253e+00
1.27872491e+00
1.28935742e+00
1.33722460e+00
1.30208147e+00
1.33518708e+00
1.35422897e+00
1.34676826e+00
1.35744929e+00
1.42777777e+00
1.41222286e+00
1.44603515e+00
1.47535002e+00
1.46485341e+00
1.48482466e+00
1.45267785e+00
1.48404813e+00
1.49560213e+00
1.51698518e+00
1.53074098e+00
1.51876092e+00
1.57984531e+00
1.51306140e+00
1.54799569e+00
1.58705020e+00
1.60043883e+00
1.61979687e+00
1.62066936e+00
1.57504022e+00
1.59284556e+00
1.64235127e+00
1.66361201e+00
1.64468002e+00
1.65669096e+00
1.64015615e+00
1.66353321e+00
1.70200884e+00
1.66119289e+00
1.65656054e+00
1.67461276e+00
1.69873583e+00
1.67754841e+00
1.71478033e+00
1.74161363e+00
1.70526552e+00
1.71320689e+00
1.75100577e+00
1.77760124e+00
1.76382136e+00
1.76487374e+00
1.79317963e+00
1.74339700e+00
1.75615978e+00
1.80804396e+00
1.79860628e+00
1.76074338e+00
1.76159120e+00
1.73921847e+00
1.73572290e+00
1.79043150e+00
1.81373215e+00
1.77706337e+00
1.76516533e+00
1.81642807e+00
1.76978278e+00
1.76427639e+00
1.80285454e+00
1.78990567e+00
1.80931342e+00
1.79512668e+00
1.73805547e+00
1.78439689e+00
1.81587756e+00
1.79105628e+00
1.76083839e+00
1.76818562e+00
1.82688916e+00
1.80952191e+00
1.79076731e+00
1.79982758e+00
1.78249633e+00
1.77689242e+00
1.79933429e+00
1.79650438e+00
1.77378738e+00
1.78189325e+00
1.79410338e+00
1.80389488e+00
1.81519532e+00
1.81176770e+00
1.81007874e+00
1.79846692e+00
1.79076159e+00
1.78145444e+00
1.79723763e+00
1.80620193e+00
1.79297423e+00
1.81123722e+00
1.83617818e+00
1.78846037e+00
1.82541645e+00
1.79321611e+00
1.79018712e+00
1.79561269e+00
1.78851020e+00
1.84683955e+00
1.83038914e+00
1.81734359e+00
1.80813897e+00
1.80300236e+00
1.77569294e+00
1.81461000e+00
1.83221257e+00
1.79860687e+00
1.78564501e+00
1.79364634e+00
1.80805874e+00
1.76524329e+00
1.78982615e+00
1.79094326e+00
1.80790591e+00
1.79675639e+00
1.78612530e+00
1.84216714e+00
1.84306669e+00
1.79332638e+00
1.77103221e+00
1.76957548e+00
1.78312027e+00
1.80821562e+00
1.81710649e+00
1.79624629e+00
1.75180233e+00
1.76792049e+00
1.81924498e+00
1.77789390e+00
1.78428209e+00
1.82835174e+00
1.82180166e+00
1.80622709e+00
1.81449103e+00
1.81647241e+00
1.81189013e+00
1.78430176e+00
1.81517482e+00
1.81281614e+00
1.80370045e+00
1.84143710e+00
1.79662740e+00
1.81313682e+00
1.80569005e+00
1.79260516e+00
1.76711285e+00
1.78349042e+00
1.74943542e+00
1.79012477e+00
1.77770495e+00
1.78799379e+00
1.82776642e+00
1.78003538e+00
1.79348850e+00
1.81259215e+00
1.78880203e+00
1.77062166e+00
1.78839231e+00
1.81224513e+00
1.78558052e+00
1.77495205e+00
1.77342606e+00
1.77220380e+00
1.78261638e+00
1.75055218e+00
1.75426400e+00
1.74569035e+00
1.76448035e+00
1.78362596e+00
1.76514030e+00
1.77942228e+00
1.76461089e+00
1.79374790e+00
1.77763247e+00
1.72298610e+00
1.75134134e+00
1.72289062e+00
1.74055803e+00
1.73840880e+00
1.74179637e+00
1.77160251e+00
1.76722598e+00
1.72688329e+00
1.78542745e+00
1.72824621e+00
1.74963498e+00
1.77710032e+00
1.73583996e+00
1.76559770e+00
1.75922990e+00
1.75693929e+00
1.75080407e+00
1.75460386e+00
1.74615312e+00
1.76200402e+00
1.76518977e+00
1.75373280e+00
1.74469030e+00
1.75387907e+00
1.76577449e+00
1.76188362e+00
1.72733819e+00
1.72768497e+00
1.75080645e+00
1.75321794e+00
1.72511208e+00
1.75698757e+00
1.74284410e+00
1.76422572e+00
1.76581943e+00
1.73231792e+00
1.72156668e+00
1.73345983e+00
1.72048104e+00
1.72815275e+00
1.72670555e+00
1.70172763e+00
1.70712376e+00
1.74668586e+00
1.75876415e+00
1.73181784e+00
1.71411967e+00
1.73811519e+00
1.75898004e+00
1.69217336e+00
1.73726988e+00
1.72328043e+00
1.71537471e+00
1.72639847e+00
1.71018720e+00
1.71381414e+00
1.69575500e+00
1.68544495e+00
1.70500708e+00
1.73242795e+00
1.71344304e+00
1.68980801e+00
1.73174107e+00
1.68257904e+00
1.70266974e+00
1.72182679e+00
1.68986738e+00
1.70138180e+00
1.72623372e+00
1.70231330e+00
1.68882644e+00
1.70360851e+00
1.69602334e+00
1.70834279e+00
1.67429554e+00
1.71951354e+00
1.70651913e+00
1.66404092e+00
1.65499592e+00
1.65730059e+00
1.71231306e+00
1.68756545e+00
1.67209876e+00
1.67752039e+00
1.61897445e+00
1.66402566e+00
1.64401627e+00
1.67235434e+00
1.66897738e+00
1.63820255e+00
1.66562247e+00
1.64411962e+00
1.65545428e+00
1.67844439e+00
1.64858770e+00
1.65169168e+00
1.70729482e+00
1.66322398e+00
1.67017138e+00
1.69335771e+00
1.67271948e+00
1.64794922e+00
1.64772189e+00
1.64351499e+00
1.70997059e+00
1.66624939e+00
1.66921246e+00
1.70448017e+00
1.66020715e+00
1.66600645e+00
1.64949417e+00
1.67251396e+00
1.69327354e+00
1.66246927e+00
1.66492176e+00
1.64347589e+00
1.66034162e+00
1.68188453e+00
1.65140438e+00
1.62729406e+00
1.63237953e+00
1.67541301e+00
1.67997575e+00
1.61474025e+00
1.64689720e+00
1.66146958e+00
1.63540244e+00
1.64778972e+00
1.62309515e+00
1.64346445e+00
1.63655770e+00
1.63653934e+00
1.64600658e+00
1.61704302e+00
1.63641858e+00
1.63516819e+00
1.64215732e+00
1.64604688e+00
1.62595022e+00
1.67268908e+00
1.60666084e+00
1.65054870e+00
1.68358529e+00
1.63700938e+00
1.59050274e+00
1.64710605e+00
1.63127387e+00
1.66409886e+00
1.62248564e+00
1.58916903e+00
1.61318898e+00
1.61188674e+00
1.61352289e+00
1.58559585e+00
1.57232690e+00
1.58788896e+00
1.58385956e+00
1.58509552e+00
1.58341634e+00
1.60168409e+00
1.59898150e+00
1.59745181e+00
1.60969007e+00
1.58838749e+00
1.58836722e+00
1.56148040e+00
1.61022401e+00
1.60990810e+00
1.54388404e+00
1.56814671e+00
1.57207215e+00
1.57831979e+00
1.60145211e+00
1.61318910e+00
1.58570719e+00
1.59023952e+00
1.58644450e+00
1.58623731e+00
1.56735098e+00
1.58215630e+00
1.57696497e+00
1.59645629e+00
1.58933020e+00
1.56528127e+00
1.56816959e+00
1.56226099e+00
1.56585884e+00
1.58443022e+00
1.60198128e+00
1.56986821e+00
1.53142571e+00
1.55284500e+00
1.58940899e+00
1.53894949e+00
1.57301688e+00
1.57698536e+00
1.55736113e+00
1.58042741e+00
1.59853888e+00
1.56565654e+00
1.58310676e+00
1.55864251e+00
1.56591773e+00
1.57045126e+00
1.55905926e+00
1.58077586e+00
1.57284403e+00
1.54838002e+00
1.54000533e+00
1.53088367e+00
1.55145562e+00
1.57587838e+00
1.56758916e+00
1.54300177e+00
1.54216516e+00
1.54619408e+00
1.53408051e+00
1.49744463e+00
1.55031013e+00
1.54696548e+00
1.51451874e+00
1.51758552e+00
1.53685427e+00
1.53873301e+00
1.50072253e+00
1.52646947e+00
1.53965950e+00
1.53793931e+00
1.56629062e+00
1.54714406e+00
1.55592358e+00
1.55218327e+00
1.55010486e+00
1.52456069e+00
1.51466393e+00
1.49805605e+00
1.51959455e+00
1.54229164e+00
1.53834057e+00
1.53680551e+00
1.54873729e+00
1.53931642e+00
1.50282395e+00
1.53602493e+00
1.53974843e+00
1.50335491e+00
1.52161789e+00
1.55460167e+00
1.51178765e+00
1.50954521e+00
1.52288163e+00
1.53567791e+00
1.53604555e+00
1.50899041e+00
1.51514137e+00
1.56605470e+00
1.51953053e+00
1.47169232e+00
1.53597093e+00
1.53518689e+00
1.49624920e+00
1.46364939e+00
1.49136114e+00
1.51788235e+00
1.51461995e+00
1.51519251e+00
1.48219573e+00
1.48656523e+00
1.51133704e+00
1.49568522e+00
1.50402534e+00
1.51023495e+00
1.49743867e+00
1.47281754e+00
1.46859193e+00
1.48086691e+00
1.49565995e+00
1.51308024e+00
1.50433862e+00
1.52911186e+00
1.50825536e+00
1.48011136e+00
1.49027538e+00
1.49920225e+00
1.51930201e+00
1.50715876e+00
1.47673607e+00
1.48020160e+00
1.50094783e+00
1.48526943e+00
1.44988000e+00
1.46091044e+00
1.49010789e+00
1.50500166e+00
1.44309247e+00
1.45217085e+00
1.48491371e+00
1.45019937e+00
1.44191837e+00
1.47733164e+00
1.48528135e+00
1.45776665e+00
1.52236068e+00
1.46872616e+00
1.43333900e+00
1.44414413e+00
1.43411195e+00
1.46176493e+00
1.47642457e+00
1.47894824e+00
1.47014248e+00
1.45977986e+00
1.45868587e+00
1.43931162e+00
1.44755352e+00
1.48375857e+00
1.46436536e+00
1.43155897e+00
1.43529415e+00
1.44479835e+00
1.44225216e+00
1.49547136e+00
1.49693787e+00
1.45475495e+00
1.41352701e+00
1.42127359e+00
1.47797251e+00
1.44641507e+00
1.42876554e+00
1.44518507e+00
1.46212733e+00
1.44989681e+00
1.44803154e+00
1.40665042e+00
1.42764306e+00
1.47206008e+00
1.43759680e+00
1.42785394e+00
1.38911903e+00
1.39982545e+00
1.44556212e+00
1.45391107e+00
1.40835297e+00
1.42359281e+00
1.38871861e+00
1.43284345e+00
1.43400717e+00
1.41647577e+00
1.45256758e+00
1.41488671e+00
1.39184284e+00
1.41615307e+00
1.43595839e+00
1.42603219e+00
1.45420563e+00
1.44429123e+00
1.42335165e+00
1.43102455e+00
1.39464593e+00
1.39690232e+00
1.42949724e+00
1.41559863e+00
1.39521277e+00
1.40983415e+00
1.42798340e+00
1.40213144e+00
1.37103260e+00
1.38855040e+00
1.38662672e+00
1.36389208e+00
1.39741588e+00
1.40229726e+00
1.36458802e+00
1.43392324e+00
1.41097856e+00
1.39492202e+00
1.38394189e+00
1.36962390e+00
1.38090003e+00
1.40826678e+00
1.42403519e+00
1.39523435e+00
1.38857675e+00
1.38289177e+00
1.37975562e+00
1.39181435e+00
1.36678839e+00
1.41664493e+00
1.38951468e+00
1.33360147e+00
1.39283061e+00
1.38511348e+00
1.39721930e+00
1.37283599e+00
1.36915207e+00
1.39609075e+00
1.33726048e+00
1.34039104e+00
1.38348031e+00
1.36168408e+00
1.35987282e+00
1.38808870e+00
1.38005662e+00
1.37877464e+00
1.40130854e+00
1.43341088e+00
1.43575203e+00
1.28336608e+00
1.12369823e+00
1.38908267e+00
1.39697337e+00
1.35418642e+00
1.38010037e+00
1.38267028e+00
1.36805832e+00
1.35118318e+00
1.37810659e+00
1.35378504e+00
1.34691083e+00
1.37202299e+00
1.38570440e+00
1.37417316e+00
1.37263513e+00
1.36295760e+00
1.35477901e+00
1.33106542e+00
1.33055460e+00
1.35857654e+00
1.31858957e+00
1.34973788e+00
1.35516465e+00
1.35501802e+00
1.35924447e+00
1.33714271e+00
1.33598101e+00
1.33963609e+00
1.35111475e+00
1.34195328e+00
1.33646631e+00
1.30646336e+00
1.32869756e+00
1.35584903e+00
1.36882138e+00
1.36549664e+00
1.34385872e+00
1.31790793e+00
1.38764143e+00
1.32874763e+00
1.31227863e+00
1.36509955e+00
1.35188532e+00
1.32919252e+00
1.33493114e+00
1.31446481e+00
1.35575008e+00
1.36491346e+00
1.32185352e+00
1.35741830e+00
1.33407176e+00
1.33434641e+00
1.34664476e+00
1.32442546e+00
1.28855109e+00
1.33459878e+00
1.35379064e+00
1.34875083e+00
1.32837796e+00
1.28393328e+00
1.28743649e+00
1.31771910e+00
1.35166025e+00
1.33030212e+00
1.29242957e+00
1.29811442e+00
1.30919921e+00
1.32390630e+00
1.32993424e+00
1.36653936e+00
1.34206843e+00
1.30669272e+00
1.32091928e+00
1.31910789e+00
1.27979934e+00
1.29972851e+00
1.29535568e+00
1.26567817e+00
1.29277277e+00
1.30175757e+00
1.28755069e+00
1.30109489e+00
1.30661249e+00
1.28893995e+00
1.30304611e+00
1.33592629e+00
1.28422034e+00
1.30665541e+00
1.30965745e+00
1.30891120e+00
1.31505072e+00
1.26379645e+00
1.28829801e+00
1.28657758e+00
1.30635488e+00
1.31197608e+00
1.29919982e+00
1.28586853e+00
1.30977404e+00
1.24956656e+00
1.25571692e+00
1.31735420e+00
1.30220473e+00
1.28453171e+00
1.27946162e+00
1.26200128e+00
1.27852869e+00
1.29454541e+00
1.28474486e+00
1.30064023e+00
1.26923716e+00
1.24532592e+00
1.27152324e+00
1.28389466e+00
1.24552667e+00
1.27107573e+00
1.26042759e+00
1.26369345e+00
1.26340377e+00
1.24735582e+00
1.26898491e+00
1.29536188e+00
1.27071166e+00
1.25289369e+00
1.23294020e+00
1.24340105e+00
1.25683796e+00
1.24215484e+00
1.26018071e+00
1.24656487e+00
1.23627973e+00
1.22184205e+00
1.21726549e+00
1.26569045e+00
1.25198126e+00
1.25730240e+00
1.26984751e+00
1.27095592e+00
1.24324548e+00
1.27763116e+00
1.27322328e+00
1.26528335e+00
1.23472023e+00
1.23639977e+00
1.27590096e+00
1.21686995e+00
1.26135874e+00
1.27014112e+00
1.24693561e+00
1.22967148e+00
1.24787819e+00
1.26313365e+00
1.26236033e+00
1.25358844e+00
1.24421787e+00
1.24648595e+00
1.25103939e+00
1.21834195e+00
1.24345648e+00
1.21655476e+00
1.23173189e+00
1.25658214e+00
1.24137855e+00
1.19310391e+00
1.21529281e+00
1.21018910e+00
1.19926190e+00
1.21145916e+00
1.20371532e+00
1.22870517e+00
1.18248367e+00
1.23034799e+00
1.24635696e+00
1.22037554e+00
1.22353995e+00
1.23320591e+00
1.21321571e+00
1.24672568e+00
1.23189080e+00
1.20563900e+00
1.22835124e+00
1.20080435e+00
1.22625649e+00
1.17238581e+00
1.14613330e+00
1.20048141e+00
1.22224140e+00
1.17636919e+00
1.20891488e+00
1.18463254e+00
1.18971252e+00
1.20606697e+00
1.15328586e+00
1.24447143e+00
1.18449271e+00
1.20916212e+00
1.22458661e+00
1.19841003e+00
1.19586825e+00
1.16985428e+00
1.23621953e+00
1.20734441e+00
1.16991842e+00
1.16885340e+00
1.19184005e+00
1.13723755e+00
1.19301629e+00
1.19780087e+00
1.20174325e+00
1.20744622e+00
1.17665052e+00
1.22720265e+00
1.17702508e+00
1.17735493e+00
1.16961181e+00
1.16570878e+00
1.18439186e+00
1.18404675e+00
1.18340099e+00
1.20491779e+00
1.19896400e+00
1.18184841e+00
1.19960511e+00
1.21851814e+00
1.23218203e+00
1.15798557e+00
1.14946389e+00
1.19636095e+00
1.19892013e+00
1.17081010e+00
1.15405655e+00
1.15788722e+00
1.17206061e+00
1.16205549e+00
1.16265249e+00
1.14249086e+00
1.05251193e+00
1.10301292e+00
1.17286479e+00
1.16018307e+00
1.13014603e+00
1.12040591e+00
1.13707352e+00
1.11796272e+00
1.16338444e+00
1.21855617e+00
1.17477381e+00
1.20847595e+00
1.15785599e+00
1.18832815e+00
1.16371393e+00
1.13366032e+00
1.18879044e+00
1.17818415e+00
1.16392517e+00
1.18596375e+00
1.17413652e+00
1.17625654e+00
1.18801773e+00
1.10481060e+00
1.13280654e+00
1.16950083e+00
1.16243994e+00
1.16503787e+00
1.18466091e+00
1.15292025e+00
1.12025344e+00
1.13429415e+00
1.14267707e+00
1.16031671e+00
1.20583093e+00
1.15926182e+00
1.14912283e+00
1.13816977e+00
1.14866769e+00
1.14094460e+00
1.12712634e+00
1.16712868e+00
1.13912761e+00
1.16517246e+00
1.15651536e+00
1.13133693e+00
1.16248190e+00
1.19021106e+00
1.13122678e+00
1.11503017e+00
1.12787449e+00
1.14257586e+00
1.13930190e+00
1.15108454e+00
1.13508046e+00
1.16463435e+00
1.17856252e+00
1.14874852e+00
1.12186515e+00
1.10267138e+00
1.13455224e+00
1.15274048e+00
1.13611948e+00
1.10592723e+00
1.12532187e+00
1.13241398e+00
1.12191951e+00
1.14129472e+00
1.13412893e+00
1.12577295e+00
1.13421047e+00
1.14656937e+00
1.09053111e+00
1.11970305e+00
1.12586927e+00
1.10263860e+00
1.15927744e+00
1.15228677e+00
1.13329089e+00
1.14843905e+00
1.11032140e+00
1.09082401e+00
1.12230635e+00
1.10167050e+00
1.16283762e+00
1.11836147e+00
1.10246360e+00
1.13438499e+00
1.13886034e+00
1.13629556e+00
1.09041667e+00
1.09163654e+00
1.09544802e+00
1.09864652e+00
1.13124347e+00
1.10337496e+00
1.09740520e+00
1.13403487e+00
1.11338949e+00
1.06982470e+00
1.10338795e+00
1.08819127e+00
1.11100888e+00
1.11160541e+00
1.09565246e+00
1.05700219e+00
1.07672071e+00
1.11533010e+00
1.06835878e+00
1.06333506e+00
1.10154057e+00
1.11308670e+00
1.09177399e+00
1.03825259e+00
1.11715972e+00
1.08142567e+00
1.05615497e+00
1.10282373e+00
1.11734438e+00
1.10568106e+00
1.06351650e+00
1.08838046e+00
1.08142197e+00
1.06706512e+00
1.08370578e+00
1.05456913e+00
1.13181102e+00
1.08896852e+00
1.06987250e+00
1.09957647e+00
1.06982279e+00
1.06443620e+00
1.09642899e+00
1.11853671e+00
1.10687625e+00
1.06814182e+00
1.02249730e+00
1.09917152e+00
1.07336116e+00
1.07572699e+00
1.13073182e+00
1.11343360e+00
1.05022621e+00
1.07509196e+00
1.03570771e+00
1.05834067e+00
1.10520864e+00
1.09660769e+00
1.04189396e+00
1.09781289e+00
1.10405636e+00
1.09200144e+00
1.05042446e+00
1.04161465e+00
1.11248171e+00
1.09595442e+00
1.06705976e+00
1.04489279e+00
1.05149996e+00
1.07712495e+00
1.10571063e+00
1.05596733e+00
1.06595266e+00
1.05403149e+00
1.05885208e+00
1.07844329e+00
1.03844011e+00
1.05641723e+00
1.07585478e+00
1.06560361e+00
1.05356789e+00
1.06023431e+00
1.08075213e+00
1.05806553e+00
1.04425800e+00
1.06903434e+00
1.06517661e+00
1.03901100e+00
1.03375411e+00
1.06279755e+00
1.07955325e+00
1.07097340e+00
1.04426742e+00
1.02959454e+00
1.07114458e+00
1.06513596e+00
1.02541077e+00
1.02954555e+00
1.04204500e+00
1.04117846e+00
1.03314686e+00
1.05994856e+00
1.06051707e+00
1.00171483e+00
1.00000000e+00
1.02533531e+00
9.80907738e-01
1.03266180e+00
1.00616145e+00
1.02813804e+00
1.05628788e+00
1.04164958e+00
1.02519095e+00
9.93274570e-01
9.96552646e-01
1.00186956e+00
1.00152147e+00
1.02024162e+00
1.05358362e+00
9.93687093e-01
1.00470853e+00
1.02718735e+00
1.02860153e+00
9.93849099e-01
1.00089169e+00
1.03762031e+00
1.03287435e+00
1.00445354e+00
1.02967024e+00
1.03939378e+00
1.00612295e+00
1.01930344e+00
1.02996361e+00
1.02062929e+00
1.01288557e+00
1.02214170e+00
1.05054677e+00
9.65019763e-01
1.00163305e+00
9.92393851e-01
9.83863652e-01
9.91654336e-01
9.97690380e-01
1.04826558e+00
1.05107760e+00
1.03398514e+00
9.93780136e-01
9.68113363e-01
9.72033262e-01
1.04118311e+00
9.98353660e-01
9.64891851e-01
9.93711054e-01
1.03158355e+00
1.00470614e+00
1.00171971e+00
1.00440776e+00
9.79729235e-01
9.79252458e-01
1.01766884e+00
1.01948655e+00
1.02055764e+00
9.94163394e-01
9.85248089e-01
9.55943465e-01
9.62489784e-01
9.95550990e-01
9.99539673e-01
9.54435766e-01
9.65166092e-01
9.92335320e-01
1.00001335e+00
9.92736101e-01
1.01249623e+00
9.46973383e-01
9.71457958e-01
1.00242221e+00
9.87850249e-01
9.85045254e-01
9.60909486e-01
9.82572854e-01
9.72873628e-01
9.55357373e-01
9.70834315e-01
9.65632796e-01
9.73856688e-01
1.01974106e+00
9.98939753e-01
9.83970761e-01
9.84889925e-01
1.00754392e+00
9.87986445e-01
1.02327716e+00
9.84220207e-01
9.28575695e-01
9.54753995e-01
9.91682470e-01
9.51204658e-01
9.74855483e-01
9.89022017e-01
9.49388981e-01
9.12128627e-01
9.48383570e-01
1.03155923e+00
9.83831167e-01
7.60552227e-01
8.78745079e-01
1.09345543e+00
1.08452630e+00
1.00548220e+00
8.97903264e-01
9.02468264e-01
9.32379723e-01
9.72246230e-01
9.92267013e-01
9.53335166e-01
9.45055664e-01
9.61972296e-01
9.71838355e-01
9.45152998e-01
9.40767050e-01
9.58397388e-01
9.22903299e-01
9.47906315e-01
9.68883097e-01
9.34857309e-01
9.27768350e-01
9.46778297e-01
9.84633744e-01
9.65727627e-01
9.42976892e-01
9.49463904e-01
9.33928311e-01
9.47639644e-01
9.61660624e-01
9.13866222e-01
9.06604052e-01
9.40809548e-01
9.50827777e-01
9.65166450e-01
9.19215024e-01
9.28320944e-01
9.41715479e-01
9.14250970e-01
9.46257114e-01
9.24376786e-01
8.95502090e-01
9.20747757e-01
9.29466069e-01
9.24085200e-01
9.75614071e-01
9.14001107e-01
9.50330377e-01
9.33159173e-01
9.28418279e-01
9.32975054e-01
8.97856176e-01
9.49894547e-01
9.16986585e-01
9.18166459e-01
9.18391824e-01
9.19590890e-01
9.23016191e-01
9.25315499e-01
9.11232531e-01
9.06234682e-01
9.20701265e-01
9.04732764e-01
8.89163435e-01
9.29493845e-01
9.08417761e-01
9.10407662e-01
9.10789490e-01
9.05658603e-01
9.11354184e-01
8.91014159e-01
9.23190355e-01
9.43780899e-01
9.21990752e-01
9.13925290e-01
9.40152287e-01
9.17406797e-01
9.08798039e-01
8.99650037e-01
8.78528476e-01
9.05143082e-01
9.19665635e-01
8.98077846e-01
9.00980353e-01
8.74398649e-01
8.90782356e-01
8.94995093e-01
8.60423088e-01
9.17305112e-01
8.87658596e-01
8.67634535e-01
8.80431771e-01
8.98018181e-01
9.15233731e-01
9.12674785e-01
8.85857284e-01
9.15193856e-01
9.18585122e-01
8.83722782e-01
8.75711441e-01
8.73021126e-01
8.67968142e-01
8.83008599e-01
8.80832791e-01
8.63847315e-01
8.53394568e-01
8.74847293e-01
8.68073642e-01
8.65810275e-01
8.73939633e-01
8.63311231e-01
8.44819009e-01
9.11664963e-01
8.72258186e-01
8.55598569e-01
8.71431053e-01
8.64724398e-01
8.68470848e-01
8.50197852e-01
8.54442298e-01
8.36064160e-01
8.09411168e-01
8.33415806e-01
8.24736118e-01
8.36649358e-01
8.25519741e-01
8.34812343e-01
8.27125728e-01
8.29396665e-01
8.38547587e-01
8.36893260e-01
8.18935454e-01
7.49377906e-01
7.79012680e-01
8.42693508e-01
7.85899758e-01
8.01040471e-01
8.52035403e-01
8.32827091e-01
8.00066173e-01
8.19096982e-01
8.16305339e-01
7.75170565e-01
7.92688966e-01
7.85512030e-01
7.67592132e-01
7.48956203e-01
7.66914010e-01
7.63480425e-01
7.85896301e-01
7.83755839e-01
7.58845448e-01
7.46468723e-01
7.67228007e-01
7.65496373e-01
7.90090740e-01
7.54145861e-01
7.28941262e-01
7.36965299e-01
7.10561812e-01
7.03915000e-01
6.94453180e-01
7.02650607e-01
7.08688498e-01
6.95565641e-01
6.76613629e-01
6.83358252e-01
6.72044218e-01
6.32731795e-01
5.98805547e-01
6.05039299e-01
6.27493083e-01
6.10726893e-01
5.21674871e-01
5.12318552e-01
5.50136566e-01
5.24430513e-01
5.29246807e-01
5.91792047e-01
5.80227435e-01
6.00126863e-01
6.29857421e-01
6.18360698e-01
6.30337000e-01
6.11615598e-01
6.57150745e-01
6.64640427e-01
6.86070025e-01
6.80467308e-01
6.78960204e-01
7.05541193e-01
6.81297004e-01
7.03365028e-01
7.41491556e-01
7.03463674e-01
6.85274065e-01
7.38220155e-01
7.21715510e-01
6.84567750e-01
7.01860607e-01
7.29722261e-01
7.37153411e-01
6.98669195e-01
7.36495793e-01
7.63033271e-01
7.56541193e-01
7.65716791e-01
7.79929519e-01
7.88917899e-01
7.55057454e-01
7.42565155e-01
7.60051489e-01
7.61473835e-01
7.61546195e-01
7.54196644e-01
7.33127415e-01
7.97766328e-01
7.90329814e-01
7.66588271e-01
7.94862092e-01
7.89475203e-01
7.90039837e-01
7.77769566e-01
8.15657079e-01
8.17005455e-01
7.71082640e-01
7.88253486e-01
7.70554066e-01
7.77802289e-01
8.08969796e-01
8.42786968e-01
8.04190814e-01
7.94891179e-01
7.73045838e-01
7.92000115e-01
7.83224523e-01
7.76176512e-01
8.07616711e-01
8.01131546e-01
7.81156540e-01
7.92149603e-01
7.85172403e-01
7.81581461e-01
7.99237311e-01
8.21341753e-01
7.96642065e-01
7.94904470e-01
8.04864943e-01
8.08431506e-01
7.91686773e-01
7.59453118e-01
7.76156664e-01
8.13736260e-01
8.07306886e-01
8.05540740e-01
8.22545588e-01
7.99630940e-01
7.92968869e-01
7.95548677e-01
8.07908356e-01
8.04958940e-01
7.77835071e-01
8.37347865e-01
7.96967387e-01
8.15135777e-01
7.94472933e-01
7.73279369e-01
8.14610004e-01
7.81700909e-01
7.98556030e-01
7.96283722e-01
7.89909959e-01
7.65980721e-01
7.57224679e-01
7.82882035e-01
7.90503144e-01
7.87687302e-01
7.96420097e-01
8.04801941e-01
8.12962353e-01
7.73687780e-01
7.72133231e-01
7.96293914e-01
7.87291467e-01
7.62148321e-01
7.88298607e-01
7.84711957e-01
7.97125340e-01
7.85883307e-01
7.59311438e-01
7.83414185e-01
7.80189753e-01
7.86324263e-01
7.79552162e-01
7.76485741e-01
7.76464880e-01
7.86266625e-01
7.78118730e-01
7.99140990e-01
7.88386464e-01
7.84835696e-01
7.89250731e-01
7.59534299e-01
7.73917317e-01
8.05144072e-01
7.59874761e-01
7.40043521e-01
7.74785936e-01
8.01403344e-01
7.73895681e-01
7.58021295e-01
7.79948950e-01
7.80816555e-01
7.87035704e-01
7.86988437e-01
7.87358463e-01
8.14984262e-01
7.62296081e-01
7.49793231e-01
7.71836281e-01
7.85328567e-01
7.81098604e-01
7.68620253e-01
7.64304757e-01
7.65843272e-01
7.64726520e-01
7.56353140e-01
7.97362864e-01
7.58186877e-01
7.37941325e-01
7.68700421e-01
7.75966585e-01
7.61981785e-01
7.62943208e-01
7.74164200e-01
7.71723866e-01
7.87606239e-01
7.78121591e-01
7.73205996e-01
7.84923375e-01
7.54010856e-01
7.54353821e-01
7.66448379e-01
8.01930845e-01
7.88106799e-01
7.25999296e-01
7.49099851e-01
7.46108830e-01
7.30381429e-01
7.63976634e-01
7.60909915e-01
6.84515476e-01
7.73265660e-01
7.36188829e-01
7.59498715e-01
7.78661311e-01
7.57014275e-01
7.65972018e-01
7.59652853e-01
7.59041309e-01
7.44374752e-01
7.51592577e-01
7.53167987e-01
7.44167805e-01
7.74119437e-01
7.67940164e-01
7.42097259e-01
7.56828487e-01
7.55134523e-01
7.12792397e-01
7.51060486e-01
7.51839757e-01
7.38668680e-01
7.56415963e-01
7.68177986e-01
7.16945231e-01
7.38495767e-01
7.71006584e-01
7.37616777e-01
7.41539836e-01
7.63392031e-01
7.32586265e-01
7.79941380e-01
7.74836481e-01
7.53014445e-01
7.40150452e-01
7.46805012e-01
7.56217122e-01
7.46361554e-01
7.25778341e-01
7.46238589e-01
7.62574077e-01
7.29433596e-01
7.33646452e-01
7.41755307e-01
7.42602825e-01
7.55153179e-01
7.51788259e-01
7.41180956e-01
7.44909227e-01
7.48830080e-01
7.37879097e-01
7.36828685e-01
7.30145335e-01
7.31802464e-01
7.69830525e-01
7.15351582e-01
7.25800097e-01
7.16031790e-01
7.10967422e-01
7.43058145e-01
7.41197467e-01
7.15856671e-01
7.54122913e-01
7.54623055e-01
7.22127974e-01
7.01459229e-01
7.47583568e-01
7.39797831e-01
7.21041203e-01
7.13849068e-01
7.41628706e-01
7.47152865e-01
7.03031957e-01
7.33797073e-01
7.29091406e-01
7.24759400e-01
7.34791994e-01
7.23285437e-01
7.05937564e-01
7.15795994e-01
7.00381279e-01
7.24350631e-01
7.23951161e-01
7.13389099e-01
7.41943419e-01
7.09311306e-01
6.89254045e-01
7.17202902e-01
7.11491048e-01
6.97285414e-01
7.39165127e-01
7.13946223e-01
7.08156466e-01
7.33208418e-01
7.24078774e-01
6.92328095e-01
7.17408895e-01
7.16400921e-01
7.18969166e-01
7.13822246e-01
7.10407794e-01
7.22453654e-01
6.98953450e-01
6.90462410e-01
7.17676342e-01
7.21951485e-01
6.99215949e-01
7.14930594e-01
7.37942874e-01
6.92551196e-01
7.14244425e-01
7.05997467e-01
6.93896472e-01
7.08233118e-01
7.12175369e-01
6.94627762e-01
7.02300608e-01
6.85195982e-01
7.04297304e-01
7.20376194e-01
7.01852024e-01
6.81483984e-01
7.10457504e-01
7.29042172e-01
7.21627295e-01
7.00436711e-01
6.96745157e-01
7.08112776e-01
6.99502409e-01
7.16510236e-01
7.03244030e-01
6.89133346e-01
7.16315806e-01
7.05606401e-01
6.97298288e-01
6.93114877e-01
6.82552397e-01
6.91679657e-01
6.99754894e-01
6.67987823e-01
6.70369923e-01
6.95668161e-01
6.94952607e-01
6.84615016e-01
6.80902302e-01
6.79894686e-01
6.75725579e-01
6.77084506e-01
6.84849739e-01
6.75517976e-01
6.67216420e-01
6.71797812e-01
6.76550150e-01
6.85554326e-01
6.98545873e-01
6.89470887e-01
6.74674809e-01
6.88614547e-01
6.98602796e-01
6.89192235e-01
6.99598610e-01
7.04289973e-01
6.78030849e-01
6.64484799e-01
6.86068237e-01
6.86240375e-01
6.72629654e-01
6.69384062e-01
6.85166836e-01
6.98190451e-01
6.92090154e-01
6.75598264e-01
6.79631710e-01
7.04062939e-01
6.96506679e-01
6.87365472e-01
6.85277879e-01
6.86213851e-01
6.91151321e-01
6.76244676e-01
6.62795782e-01
6.85525239e-01
6.60612404e-01
6.75020635e-01
6.87075794e-01
6.68345392e-01
6.67306662e-01
6.42754853e-01
6.65388286e-01
6.75179243e-01
6.73866570e-01
6.76518261e-01
6.85827076e-01
6.72384143e-01
6.77596688e-01
6.59122050e-01
6.55547857e-01
6.69306517e-01
6.57252669e-01
6.56553507e-01
6.66924775e-01
6.51719093e-01
6.34023070e-01
6.49509072e-01
6.69084132e-01
6.45565033e-01
6.55229270e-01
6.41903520e-01
6.51635468e-01
6.66009307e-01
6.55779421e-01
6.61927760e-01
6.89235926e-01
6.69659972e-01
6.71087742e-01
6.82880163e-01
6.51319444e-01
6.95066035e-01
6.63209975e-01
6.38285697e-01
6.65535152e-01
6.70114756e-01
6.35142088e-01
6.52236581e-01
6.63469613e-01
6.43862367e-01
6.45246446e-01
6.59639239e-01
6.53715789e-01
6.64987803e-01
6.55350745e-01
6.37304962e-01
6.26193941e-01
6.44505858e-01
6.69275999e-01
6.82768285e-01
6.46083772e-01
6.43925786e-01
6.59136117e-01
6.58028781e-01
6.51830614e-01
6.88342571e-01
6.41088426e-01
6.33189559e-01
6.38978124e-01
6.40472651e-01
6.63268447e-01
6.37453973e-01
6.31610930e-01
6.37524307e-01
6.52892649e-01
6.42914474e-01
6.32692456e-01
6.35157347e-01
6.26513720e-01
6.58315718e-01
6.56937063e-01
6.22831821e-01
6.40961885e-01
6.45924628e-01
6.47807717e-01
6.50716245e-01
6.45375490e-01
6.34363413e-01
6.54439270e-01
6.33522213e-01
6.31381631e-01
6.31967843e-01
6.31598413e-01
6.49609268e-01
6.59334838e-01
6.30207777e-01
6.55926645e-01
6.41579449e-01
6.13372862e-01
6.27732158e-01
6.43704593e-01
6.03519499e-01
6.22844219e-01
6.41796649e-01
6.37766778e-01
6.34411573e-01
6.18011892e-01
6.00263834e-01
6.41020060e-01
6.55649722e-01
6.38841629e-01
6.30747080e-01
6.36099815e-01
6.11108541e-01
6.26808763e-01
6.34550869e-01
6.37861371e-01
6.47849917e-01
6.31323814e-01
5.76062202e-01
5.90700626e-01
6.21308565e-01
6.32387698e-01
6.27487004e-01
6.62433624e-01
6.30140781e-01
6.25098765e-01
6.39706075e-01
6.14503086e-01
6.12562418e-01
6.43523753e-01
6.17181659e-01
6.50779068e-01
6.49640799e-01
6.13282979e-01
6.02700114e-01
6.21695280e-01
6.28717601e-01
6.31822050e-01
6.47054255e-01
6.31861091e-01
6.15503728e-01
6.21901393e-01
6.34798110e-01
6.28332734e-01
6.22590959e-01
6.17729723e-01
6.03253424e-01
6.37517154e-01
6.03471637e-01
5.80640495e-01
6.14059985e-01
6.12959206e-01
6.03080034e-01
6.28856599e-01
6.16569698e-01
6.01434708e-01
6.08975768e-01
6.19852424e-01
6.21569872e-01
6.39200509e-01
5.98653197e-01
6.01350546e-01
6.24509394e-01
6.28632009e-01
6.21755719e-01
6.16209686e-01
6.05911076e-01
6.40708983e-01
6.06780708e-01
5.87358117e-01
6.04449213e-01
6.03015780e-01
6.16624117e-01
6.21001422e-01
5.99372447e-01
5.99247158e-01
6.25036895e-01
6.05726838e-01
6.13059759e-01
6.02398574e-01
6.12149119e-01
6.12671316e-01
5.90288222e-01
6.07894897e-01
6.14170313e-01
5.91676593e-01
6.02900326e-01
6.00369096e-01
5.87913215e-01
6.00242853e-01
5.94168186e-01
6.00301862e-01
5.82406044e-01
5.89120805e-01
6.22801125e-01
5.95840514e-01
5.85356593e-01
6.19561315e-01
6.22521937e-01
6.12951338e-01
6.02884829e-01
6.04931653e-01
6.04983687e-01
5.87390721e-01
5.80700099e-01
5.88940501e-01
5.90914547e-01
5.94807088e-01
6.04768038e-01
5.98473191e-01
5.87720752e-01
5.83410919e-01
6.10636473e-01
6.20045602e-01
5.69868684e-01
5.68742812e-01
5.74314237e-01
5.82893848e-01
5.89018643e-01
5.80471814e-01
5.83954751e-01
5.91547370e-01
5.78897595e-01
5.88195324e-01
6.19044721e-01
6.06131494e-01
5.92573762e-01
5.92376769e-01
6.07383847e-01
5.91828287e-01
5.68442166e-01
5.88627517e-01
5.97554207e-01
5.75158656e-01
6.02244794e-01
6.11094475e-01
5.71299732e-01
5.77816725e-01
5.79999447e-01
5.76797664e-01
5.76464236e-01
5.91934323e-01
5.94916403e-01
5.73249936e-01
5.77402472e-01
5.68143368e-01
5.81094444e-01
5.81234753e-01
5.73105216e-01
6.09830737e-01
5.89617848e-01
5.84582090e-01
5.96342325e-01
5.91000021e-01
5.77547729e-01
5.72954953e-01
5.73414564e-01
5.90543151e-01
5.82663953e-01
5.80247521e-01
5.76356769e-01
5.76068461e-01
5.47408164e-01
5.66259384e-01
5.70486844e-01
5.80715060e-01
6.01100266e-01
5.57890058e-01
5.61658919e-01
5.81775546e-01
5.45858085e-01
5.59240580e-01
5.86228192e-01
5.52206576e-01
5.72137713e-01
5.62086463e-01
5.65980315e-01
5.66681981e-01
5.59319198e-01
5.60688734e-01
5.59186757e-01
5.48193574e-01
5.56279361e-01
5.89842856e-01
5.57021737e-01
5.24248004e-01
6.13903105e-01
6.01564527e-01
6.13267183e-01
6.15073204e-01
5.70899129e-01
5.43155730e-01
5.53728700e-01
4.97568369e-01
5.52090824e-01
5.73877156e-01
5.30045927e-01
5.97102642e-01
5.19754231e-01
5.60969532e-01
5.62253296e-01
5.51615596e-01
5.52379429e-01
5.27262330e-01
6.00618720e-01
5.30054867e-01
5.19150674e-01
5.31715512e-01
5.49450159e-01
5.56638479e-01
5.21414936e-01
5.63194096e-01
5.52326858e-01
5.47010720e-01
5.73197544e-01
5.73054612e-01
5.62144816e-01
5.59923172e-01
5.60912311e-01
5.55187762e-01
5.50670743e-01
5.49698770e-01
5.60476303e-01
5.45809984e-01
5.31872153e-01
5.42537570e-01
5.58008075e-01
5.49057066e-01
5.31687260e-01
5.38073480e-01
5.39718926e-01
5.57883322e-01
5.58650732e-01
5.49772084e-01
5.45252681e-01
5.43199062e-01
5.64685225e-01
5.65919578e-01
5.48092663e-01
5.39864361e-01
5.24938881e-01
5.51313043e-01
5.64019501e-01
5.46897292e-01
5.29714823e-01
5.72630346e-01
5.54154932e-01
5.09785891e-01
5.35820246e-01
5.51343262e-01
5.46590328e-01
5.08382857e-01
5.45073450e-01
5.30196130e-01
5.21275580e-01
5.34214497e-01
5.45801163e-01
5.51612616e-01
5.46763659e-01
5.43848336e-01
5.40936410e-01
5.55061638e-01
5.74580908e-01
5.62904894e-01
5.29567838e-01
5.43192029e-01
5.61993003e-01
5.45680523e-01
5.21359682e-01
5.59999347e-01
5.47429323e-01
5.65722883e-01
5.56339502e-01
5.45236707e-01
5.56946933e-01
5.27510107e-01
5.55948973e-01
5.30271471e-01
5.17371535e-01
5.28409362e-01
5.47911823e-01
5.31209469e-01
5.40483117e-01
5.42045057e-01
5.54143429e-01
5.38638532e-01
5.11002600e-01
5.12868822e-01
5.43570459e-01
5.26410043e-01
5.18382430e-01
5.22464275e-01
5.39508045e-01
5.65401256e-01
5.05337000e-01
5.32673240e-01
5.45752823e-01
5.46103656e-01
5.29215872e-01
4.83787477e-01
5.38246930e-01
5.27827621e-01
5.14929771e-01
5.18801153e-01
5.22241116e-01
5.15564084e-01
5.37576675e-01
4.98976856e-01
4.95540798e-01
5.20447075e-01
5.30603349e-01
5.36608994e-01
5.21240711e-01
5.28662026e-01
5.17629504e-01
5.22376776e-01
5.31841457e-01
5.25627375e-01
5.24967074e-01
5.02066851e-01
5.13526618e-01
5.27291656e-01
5.02264619e-01
5.39796293e-01
5.29810548e-01
5.33831894e-01
5.19464791e-01
5.28027773e-01
5.29502928e-01
5.24785757e-01
5.01936197e-01
4.88514632e-01
4.99488741e-01
5.10415494e-01
5.33000529e-01
5.35787046e-01
5.14395654e-01
5.16957760e-01
5.26873827e-01
5.27305663e-01
5.09463370e-01
5.19008636e-01
5.01821518e-01
5.30360758e-01
5.13434589e-01
5.11710644e-01
5.25562704e-01
4.72029537e-01
5.10683596e-01
5.04456401e-01
5.02180099e-01
5.06968617e-01
5.01150608e-01
4.92516577e-01
4.95452255e-01
5.00169754e-01
5.29410958e-01
5.29368460e-01
4.85799491e-01
4.72187996e-01
5.50677955e-01
5.43234646e-01
5.29711962e-01
4.77635831e-01
4.62962121e-01
5.32827318e-01
4.98684317e-01
4.90302563e-01
5.03635526e-01
5.17943859e-01
5.16230345e-01
5.18429518e-01
4.98727709e-01
5.01326323e-01
5.07557333e-01
5.07710040e-01
5.03404915e-01
5.07043719e-01
4.83448535e-01
5.04560649e-01
5.21961272e-01
5.13069451e-01
4.86481369e-01
4.72654283e-01
5.07847011e-01
4.85539079e-01
4.74172592e-01
5.05118310e-01
5.32896817e-01
5.44098914e-01
5.01389027e-01
5.02189517e-01
5.05659044e-01
5.00414908e-01
4.88720745e-01
4.85729963e-01
5.28576791e-01
5.18546283e-01
5.18221557e-01
5.02525926e-01
4.74901259e-01
4.91882831e-01
4.68945026e-01
4.87919956e-01
5.23088455e-01
5.30050159e-01
5.25554121e-01
4.94385630e-01
4.96168166e-01
4.93809849e-01
4.90260482e-01
4.89327431e-01
4.87412930e-01
4.74555969e-01
4.40411389e-01
4.58013386e-01
4.85593230e-01
4.95256007e-01
4.85906214e-01
4.50969815e-01
4.38614845e-01
4.86073524e-01
5.29148161e-01
5.02905905e-01
5.04508495e-01
5.56651115e-01
3.81999493e-01
4.49026376e-01
4.94540423e-01
4.79840219e-01
4.87707585e-01
4.88773614e-01
4.95547295e-01
4.87369448e-01
4.64180887e-01
4.72624332e-01
4.96444076e-01
4.79269028e-01
4.93775666e-01
4.90001529e-01
4.57712442e-01
4.48259443e-01
4.93223190e-01
5.02342463e-01
4.82461780e-01
4.96266246e-01
4.85133559e-01
4.68077779e-01
4.74143177e-01
4.97703344e-01
5.00086725e-01
4.78217840e-01
4.80370194e-01
4.96510357e-01
4.91572648e-01
4.82994556e-01
4.83028769e-01
4.63136137e-01
4.60169166e-01
4.85446960e-01
4.93630528e-01
4.53761041e-01
4.93937135e-01
5.09060085e-01
4.81033206e-01
4.67842638e-01
4.81661201e-01
4.79288220e-01
4.93126392e-01
4.87165213e-01
4.61909175e-01
4.77291584e-01
5.03246307e-01
4.65329528e-01
5.05779564e-01
4.79697078e-01
4.64700043e-01
4.85530257e-01
4.84613001e-01
4.62619275e-01
4.97428507e-01
4.62183475e-01
4.80666667e-01
4.91720170e-01
4.66011733e-01
4.68303919e-01
4.65545833e-01
4.87561762e-01
4.70447063e-01
4.71768558e-01
4.99703944e-01
4.67840344e-01
4.82761353e-01
4.73807573e-01
4.64019835e-01
4.71768171e-01
4.74187493e-01
4.53001857e-01
4.35146600e-01
4.75405037e-01
4.75728273e-01
4.69917834e-01
4.69814032e-01
4.47022825e-01
4.44399774e-01
4.63708043e-01
4.64321226e-01
4.60528433e-01
4.76454437e-01
4.67286259e-01
4.49063033e-01
4.54278588e-01
4.69408154e-01
4.65272188e-01
4.53767568e-01
4.70827490e-01
4.64958847e-01
4.63197321e-01
4.59637672e-01
4.55236405e-01
4.49748188e-01
4.70330000e-01
4.69601810e-01
4.53129917e-01
4.58285987e-01
4.61960614e-01
4.48205709e-01
4.38724697e-01
4.69839215e-01
4.64596748e-01
4.53464717e-01
4.61221695e-01
4.51019168e-01
4.45779979e-01
4.41779733e-01
4.42679971e-01
4.46346104e-01
4.56837863e-01
4.54219848e-01
4.51316804e-01
4.72531617e-01
4.57159758e-01
4.56827164e-01
4.53268856e-01
4.27426428e-01
4.39318717e-01
4.77405012e-01
4.73746330e-01
4.66420382e-01
4.46186215e-01
4.33483064e-01
4.32500750e-01
4.33349222e-01
4.42492783e-01
3.95117551e-01
3.88306946e-01
4.50373381e-01
4.34197873e-01
4.43849772e-01
4.33029503e-01
4.07524884e-01
4.53627646e-01
5.00874639e-01
4.62847173e-01
4.67941880e-01
4.31069165e-01
4.16571081e-01
4.55892026e-01
4.83577222e-01
4.41033185e-01
4.61893201e-01
4.35382277e-01
4.30510312e-01
4.43581820e-01
4.39359844e-01
4.24831063e-01
4.36771601e-01
4.49382961e-01
4.55776393e-01
4.39668953e-01
4.18888479e-01
4.62516904e-01
4.28138107e-01
4.27363336e-01
4.39467072e-01
4.39883471e-01
4.38564837e-01
4.36691791e-01
4.30815250e-01
3.18306863e-01
3.97260249e-01
5.47446251e-01
4.89355326e-01
4.24219757e-01
4.52841759e-01
4.62242603e-01
4.47595805e-01
4.20164615e-01
4.26689476e-01
4.53966379e-01
4.36492294e-01
4.25074309e-01
4.32665288e-01
4.43186045e-01
4.48824525e-01
4.33660746e-01
4.50698018e-01
4.56285059e-01
4.16940600e-01
4.04359013e-01
4.49110776e-01
4.62723255e-01
4.53338057e-01
4.44953501e-01
4.25667226e-01
3.95561337e-01
4.18010473e-01
4.49833333e-01
4.23862129e-01
4.21751350e-01
4.58233774e-01
4.47978228e-01
4.29249376e-01
4.55234557e-01
4.13748920e-01
4.28193718e-01
4.35819775e-01
4.43541080e-01
4.32977885e-01
4.31774765e-01
4.37972635e-01
4.21092421e-01
4.25781429e-01
3.94322693e-01
3.46990287e-01
3.52425575e-01
4.62232322e-01
4.52606559e-01
4.23697978e-01
4.19279993e-01
4.39249426e-01
4.48683232e-01
4.40032780e-01
4.24364299e-01
4.34443027e-01
4.09756243e-01
3.87049884e-01
4.63455617e-01
4.37361538e-01
4.36779857e-01
4.47290063e-01
4.26743835e-01
3.46135885e-01
3.91110212e-01
4.49558079e-01
4.20453966e-01
4.15847659e-01
4.17895168e-01
4.09116745e-01
4.09782588e-01
4.11185354e-01
4.18241501e-01
4.32437271e-01
4.26549882e-01
4.05859768e-01
4.33655411e-01
4.11583453e-01
4.23091292e-01
4.35285687e-01
4.13144350e-01
4.04779345e-01
4.24013674e-01
3.44096869e-01
3.99812043e-01
4.39576030e-01
4.15858507e-01
4.26537842e-01
4.18291152e-01
4.31101590e-01
4.34063762e-01
4.47474569e-01
4.34384644e-01
4.01868731e-01
4.27206874e-01
4.28435981e-01
4.11404312e-01
4.09974575e-01
4.09485161e-01
4.05564845e-01
4.09991801e-01
3.96907419e-01
3.97141635e-01
4.18963671e-01
4.14733320e-01
3.86762172e-01
4.12266105e-01
3.93459886e-01
4.05645788e-01
3.98554057e-01
4.07251954e-01
4.25931036e-01
3.86322379e-01
4.14986342e-01
4.12961185e-01
3.99743080e-01
4.01738912e-01
4.27308559e-01
4.14836824e-01
3.93894404e-01
3.90090108e-01
3.93645048e-01
4.04677063e-01
3.93353820e-01
4.05889124e-01
4.12931621e-01
3.99617910e-01
4.04847205e-01
4.16392863e-01
4.16372299e-01
3.84277761e-01
3.92990023e-01
4.08850253e-01
4.02060419e-01
4.02242482e-01
4.10311133e-01
4.01255786e-01
4.05287236e-01
4.09656525e-01
4.13069427e-01
4.17983979e-01
4.21975672e-01
4.09000576e-01
3.96233976e-01
4.23867673e-01
4.30217415e-01
4.19852585e-01
4.11344886e-01
4.18481946e-01
3.88427675e-01
3.99487317e-01
4.01546866e-01
4.00784791e-01
4.37616169e-01
4.35813904e-01
4.12901580e-01
3.91988248e-01
3.97734523e-01
4.23235804e-01
4.15734977e-01
4.00927454e-01
3.97679627e-01
3.99034947e-01
3.87995809e-01
3.70961159e-01
4.01645482e-01
4.21475768e-01
3.92172337e-01
4.15776372e-01
3.95128459e-01
3.71256441e-01
4.21959370e-01
3.96264315e-01
3.91871840e-01
4.10335839e-01
4.06299025e-01
4.00110245e-01
4.03006941e-01
3.95913213e-01
3.98187369e-01
4.04172599e-01
3.88616651e-01
3.95123005e-01
4.11238253e-01
3.84440541e-01
3.86838943e-01
3.93422693e-01
3.86263400e-01
3.84493947e-01
4.00588542e-01
4.01756018e-01
3.85225683e-01
3.90857249e-01
3.98769289e-01
3.96067709e-01
3.98035586e-01
3.95034850e-01
3.99622977e-01
3.82685095e-01
3.75130951e-01
3.81347686e-01
3.86949360e-01
3.96758854e-01
4.01321709e-01
3.94037604e-01
3.74886543e-01
3.66414398e-01
3.79953295e-01
3.81795466e-01
3.87090713e-01
3.73133689e-01
3.41835707e-01
3.27873468e-01
3.90550852e-01
3.89469802e-01
3.57728213e-01
3.90480757e-01
4.29104924e-01
4.12978172e-01
3.65057707e-01
3.37788105e-01
3.36902499e-01
4.27809775e-01
4.13887113e-01
3.66826177e-01
3.78512800e-01
3.82217109e-01
3.72859865e-01
3.49677712e-01
3.89400065e-01
3.95773858e-01
3.72502089e-01
3.97549421e-01
3.85697871e-01
3.88768166e-01
3.82873952e-01
3.74093860e-01
3.74973118e-01
3.72184604e-01
3.81627858e-01
3.88192356e-01
3.82803887e-01
3.64512891e-01
3.46251726e-01
2.60494769e-01
2.00124279e-01
4.07078028e-01
4.56027299e-01
3.79280180e-01
3.09776217e-01
3.55241686e-01
4.07343060e-01
3.86963546e-01
3.73046756e-01
3.86151522e-01
3.77875090e-01
3.56663793e-01
3.86898190e-01
3.81296515e-01
3.76718551e-01
3.71994853e-01
3.74210060e-01
3.84595662e-01
3.50720793e-01
3.43677044e-01
3.58701319e-01
3.84047568e-01
3.98287177e-01
3.78704369e-01
3.72770637e-01
3.61022830e-01
3.91962737e-01
3.72141421e-01
2.57905662e-01
3.08718145e-01
4.62193400e-01
4.44965601e-01
3.75232965e-01
3.62628877e-01
3.86919975e-01
3.83143097e-01
3.63451123e-01
3.41069698e-01
4.05275345e-01
4.11881834e-01
3.46744001e-01
3.69329244e-01
3.65858346e-01
3.93557936e-01
3.04094136e-01
1.99041694e-01
3.09081018e-01
4.66071546e-01
3.94189000e-01
3.69506150e-01
3.78073692e-01
3.56523097e-01
3.44990432e-01
3.60190213e-01
3.79208118e-01
3.58113706e-01
3.37318271e-01
3.26225013e-01
3.62199396e-01
3.89905989e-01
3.67569566e-01
3.85773689e-01
3.69245112e-01
2.92556673e-01
2.67390519e-01
3.83194298e-01
4.03056353e-01
3.84863943e-01
3.70184451e-01
3.49279672e-01
3.59977573e-01
3.58882308e-01
3.68711650e-01
3.40988189e-01
3.41815203e-01
3.54053438e-01
3.53860945e-01
3.40734124e-01
3.19471389e-01
3.21875066e-01
3.49479139e-01
3.50670755e-01
3.71374100e-01
3.92888039e-01
3.35931033e-01
2.64933139e-01
3.41628104e-01
