2.85453463e+00
2.69446015e+00
1.84494412e+00
2.69540048e+00
4.92768002e+00
3.63604975e+00
2.37615085e+00
2.03078270e+00
2.93097234e+00
3.18597031e+00
2.27036309e+00
2.12368441e+00
2.04765725e+00
2.24291754e+00
2.23855567e+00
1.87103570e+00
2.19586182e+00
1.91002989e+00
1.82371473e+00
1.95942175e+00
1.77484310e+00
1.92723787e+00
2.19076324e+00
1.71182895e+00
2.71113968e+00
3.33789039e+00
1.76525879e+00
1.92114592e+00
2.44862533e+00
1.86546350e+00
2.18498659e+00
2.21493745e+00
1.75126696e+00
2.87187648e+00
2.25847912e+00
1.77584660e+00
1.55127525e+00
1.55934751e+00
1.97589839e+00
2.40521336e+00
1.86840880e+00
2.06025696e+00
1.70717633e+00
1.77645648e+00
2.71618366e+00
1.51574373e+00
1.86486113e+00
1.91149855e+00
2.00915432e+00
1.75258029e+00
1.96052372e+00
1.75947559e+00
2.33148146e+00
2.41799521e+00
1.96388173e+00
1.83102393e+00
2.68719959e+00
2.28359580e+00
2.27314949e+00
1.53216231e+00
1.83912277e+00
2.13610244e+00
1.78622520e+00
1.64863598e+00
1.50351477e+00
1.97203803e+00
3.53616953e+00
2.55144787e+00
1.90572214e+00
2.70026922e+00
1.93852079e+00
1.44569051e+00
1.77751291e+00
2.15147257e+00
1.89727283e+00
1.84434366e+00
1.88292968e+00
2.90186810e+00
2.75179577e+00
2.23471427e+00
1.93372262e+00
2.00605583e+00
1.79427147e+00
1.35960960e+00
2.08021593e+00
2.14877582e+00
1.70352566e+00
3.12623358e+00
1.56224513e+00
2.98714566e+00
3.00270748e+00
1.48696756e+00
1.73438871e+00
2.51955509e+00
2.40092897e+00
1.85547960e+00
1.50436020e+00
1.74303699e+00
1.79001224e+00
2.29718232e+00
1.69130731e+00
1.85910368e+00
1.52389657e+00
1.42305171e+00
2.09789133e+00
1.76332426e+00
2.58503842e+00
1.76959622e+00
1.68003201e+00
1.36128819e+00
1.71917725e+00
1.93271911e+00
2.77285314e+00
1.97301686e+00
1.51072526e+00
1.35595012e+00
2.03077602e+00
1.68767226e+00
1.62397599e+00
1.54806995e+00
1.70815313e+00
1.35001099e+00
1.39543056e+00
2.23545384e+00
2.15543985e+00
4.04212141e+00
3.06339431e+00
1.72200441e+00
3.50741720e+00
1.68773592e+00
1.64537096e+00
1.52763736e+00
1.74571991e+00
2.13212252e+00
1.58936584e+00
1.64084637e+00
2.02028656e+00
2.38865900e+00
2.25796676e+00
2.55489540e+00
2.64769578e+00
2.07907152e+00
1.75354910e+00
1.91661465e+00
2.08777142e+00
1.72248614e+00
2.11693597e+00
1.71066439e+00
1.47910357e+00
2.14610386e+00
1.34601712e+00
1.76520467e+00
1.89012051e+00
2.17719769e+00
1.73975277e+00
2.31451273e+00
2.21693349e+00
2.10969543e+00
3.22676182e+00
2.11042857e+00
1.37109935e+00
1.51121294e+00
1.69954956e+00
1.51296794e+00
1.74742317e+00
1.38322496e+00
1.64200151e+00
1.49289644e+00
1.31883311e+00
1.85321617e+00
1.96933460e+00
1.92493200e+00
2.21618795e+00
1.86395049e+00
1.98483694e+00
1.87687159e+00
1.38694787e+00
2.33371735e+00
3.09262037e+00
1.26393628e+00
1.25921333e+00
1.46663451e+00
2.67651606e+00
1.73826694e+00
1.17652237e+00
1.32459354e+00
1.43212008e+00
1.11783826e+00
1.67844439e+00
2.37268329e+00
1.22129714e+00
1.19567168e+00
1.18772435e+00
1.37819088e+00
1.43518627e+00
1.75018537e+00
1.10365438e+00
1.65937591e+00
1.47064710e+00
1.04957676e+00
1.07549477e+00
1.10895240e+00
2.12209010e+00
1.40737033e+00
1.31236231e+00
1.76287282e+00
2.02555823e+00
1.74660516e+00
1.28685331e+00
1.52239466e+00
1.65095973e+00
1.70300388e+00
2.34717035e+00
1.88128924e+00
1.28599513e+00
1.69630420e+00
1.90547681e+00
1.98733854e+00
1.55943322e+00
2.21086407e+00
1.77194059e+00
1.78919089e+00
2.13735676e+00
2.62752366e+00
2.09952188e+00
1.33854818e+00
1.75049710e+00
4.19308901e+00
3.14526582e+00
1.75264513e+00
1.65677774e+00
1.57636535e+00
1.61062622e+00
2.35226011e+00
2.23986363e+00
1.92239261e+00
2.19461942e+00
1.61088657e+00
2.65079641e+00
3.44741726e+00
1.84350669e+00
1.58429158e+00
1.71181941e+00
1.80415952e+00
2.84426546e+00
1.71051645e+00
1.93760037e+00
3.32878637e+00
1.87514222e+00
1.67027378e+00
1.57739294e+00
1.56832004e+00
1.91249228e+00
1.49818718e+00
2.03969216e+00
1.62977922e+00
1.50442135e+00
2.49835563e+00
2.77519798e+00
1.95494795e+00
1.39490056e+00
1.61849010e+00
2.99907684e+00
1.89176846e+00
1.81143570e+00
1.61517787e+00
1.43173826e+00
2.53327155e+00
1.66216433e+00
1.67048728e+00
2.80128384e+00
2.68294668e+00
2.00503659e+00
1.40058053e+00
1.48078442e+00
1.87929583e+00
2.48833919e+00
2.24171042e+00
1.44166863e+00
1.45453703e+00
1.45909226e+00
1.75753164e+00
2.08147287e+00
2.75547218e+00
1.47750378e+00
1.50006151e+00
2.92560577e+00
2.08545709e+00
1.48197055e+00
1.36509764e+00
1.80158591e+00
1.57401538e+00
1.56883228e+00
1.56935894e+00
2.05256701e+00
2.48899531e+00
1.82259810e+00
1.66210032e+00
2.92413926e+00
1.22584450e+00
1.49317026e+00
2.44434190e+00
1.38186646e+00
1.84084809e+00
1.69722164e+00
1.19649148e+00
1.42851126e+00
1.72534466e+00
1.78422642e+00
1.98411453e+00
1.29199362e+00
1.25345552e+00
1.13713753e+00
1.16009951e+00
1.83614671e+00
1.72513878e+00
1.18224156e+00
1.08607125e+00
2.62818813e+00
1.03746855e+00
4.06072855e+00
1.38260591e+00
2.21553445e+00
1.79582417e+00
2.27788353e+00
2.49032736e+00
1.25288951e+00
1.63478601e+00
1.46078813e+00
1.85608816e+00
1.49675691e+00
1.09856999e+00
1.48477757e+00
1.28727102e+00
8.02766860e-01
9.56954598e-01
9.47394788e-01
1.23299420e+00
1.23693144e+00
8.71762574e-01
1.09749591e+00
2.03918219e+00
2.13658810e+00
1.20940876e+00
1.35634601e+00
1.12513506e+00
1.90113270e+00
1.13172376e+00
1.28196359e+00
1.38463295e+00
1.00501692e+00
2.31982374e+00
1.42721462e+00
1.25971079e+00
2.33011842e+00
2.37355804e+00
1.40581524e+00
1.99571013e+00
1.06448960e+00
9.53049242e-01
1.11723816e+00
1.11899519e+00
1.13613296e+00
1.41127515e+00
1.85801947e+00
1.69456410e+00
1.06664193e+00
1.55870223e+00
2.36369658e+00
1.96722341e+00
1.93910599e+00
1.90744734e+00
1.77387905e+00
1.32139504e+00
1.60781908e+00
2.04323626e+00
1.67267716e+00
2.67227411e+00
2.05443764e+00
2.01060104e+00
2.50771093e+00
1.28278029e+00
1.57410061e+00
2.07713556e+00
1.64888120e+00
1.23381853e+00
1.50911355e+00
1.60483801e+00
2.09148979e+00
1.54657269e+00
2.78828430e+00
3.36140633e+00
1.43109608e+00
1.81050885e+00
2.25167274e+00
3.23791766e+00
2.72059751e+00
1.72047937e+00
1.67626953e+00
2.64727068e+00
1.44938350e+00
1.71090412e+00
2.99342752e+00
3.51400638e+00
2.08240819e+00
1.95542860e+00
2.12057519e+00
2.38979197e+00
1.92222488e+00
1.31275487e+00
1.82714403e+00
2.02170610e+00
2.80059791e+00
2.01903224e+00
1.90036452e+00
1.82477915e+00
1.52137637e+00
2.15034938e+00
2.00633049e+00
2.18448925e+00
2.04970956e+00
2.22100353e+00
2.32347679e+00
1.73119402e+00
1.94698906e+00
2.44874406e+00
2.61616254e+00
2.18132591e+00
1.80739629e+00
2.99914718e+00
1.98959589e+00
1.65322459e+00
1.20695400e+00
1.39787805e+00
3.11947560e+00
2.03889632e+00
3.25781393e+00
2.67075086e+00
2.58438635e+00
3.05584526e+00
2.67355657e+00
2.40255332e+00
2.62225509e+00
2.13720775e+00
2.18020034e+00
2.52486467e+00
2.27193451e+00
1.20561719e+00
1.39791203e+00
2.71919465e+00
2.19812083e+00
2.25982594e+00
3.65783453e+00
2.10745621e+00
2.57229233e+00
2.37345505e+00
2.38029552e+00
2.08316016e+00
1.37882102e+00
1.34901607e+00
1.31751895e+00
2.31122208e+00
3.62645841e+00
3.03751731e+00
1.94191897e+00
2.65107059e+00
1.98854673e+00
1.93335712e+00
1.50583982e+00
1.53146589e+00
2.26136923e+00
1.91655505e+00
2.10302043e+00
2.06683278e+00
2.66180992e+00
2.45684767e+00
1.48080814e+00
1.95474327e+00
2.39075899e+00
1.48565567e+00
1.66841269e+00
2.22708583e+00
1.35776818e+00
1.69298649e+00
2.09217286e+00
1.73356426e+00
2.24004936e+00
2.45600843e+00
2.36769843e+00
2.08779716e+00
1.33860123e+00
2.72316909e+00
2.32124019e+00
1.48083627e+00
1.75553727e+00
2.90760303e+00
1.58186543e+00
1.62862647e+00
3.06399679e+00
2.45320654e+00
1.16656768e+00
2.55839586e+00
2.19793892e+00
2.06135607e+00
1.79134405e+00
1.65456080e+00
2.84289956e+00
1.54824412e+00
2.71316075e+00
2.97794652e+00
1.93896246e+00
1.78381181e+00
2.30696321e+00
1.90636647e+00
1.61036050e+00
1.07764590e+00
1.68849301e+00
2.30451560e+00
1.94588232e+00
1.23682857e+00
1.79078150e+00
1.43079698e+00
1.21699631e+00
1.89248836e+00
2.22437572e+00
1.91823041e+00
1.23222089e+00
1.35414839e+00
1.70044148e+00
2.40508914e+00
3.44519353e+00
1.06056488e+00
1.33056259e+00
1.36140418e+00
1.36507642e+00
1.87876379e+00
1.42579460e+00
2.34482121e+00
1.96200681e+00
1.67379975e+00
1.52669835e+00
1.13126099e+00
1.38552654e+00
1.43184292e+00
1.35713482e+00
2.26411724e+00
1.92469907e+00
1.66295183e+00
2.83533740e+00
1.66337347e+00
1.71695161e+00
2.41837955e+00
1.83108485e+00
1.69706380e+00
2.26368546e+00
2.37278223e+00
1.28077078e+00
1.13199294e+00
1.20213509e+00
1.47000504e+00
2.03107429e+00
1.13201892e+00
1.71163189e+00
1.27025902e+00
1.17315376e+00
1.22517908e+00
1.62453496e+00
2.10944295e+00
2.02069426e+00
8.16946983e-01
8.11734319e-01
8.06133211e-01
8.67774427e-01
9.11676228e-01
7.15969980e-01
8.11977684e-01
8.27162325e-01
1.07812500e+00
9.01787579e-01
7.52608001e-01
9.59988832e-01
7.09433317e-01
8.49776149e-01
9.86822426e-01
1.37148833e+00
1.78251064e+00
1.66797531e+00
1.27882659e+00
8.13342690e-01
9.70515430e-01
8.17487001e-01
1.09340692e+00
1.02145636e+00
2.31829453e+00
1.35990024e+00
1.10501873e+00
1.46745002e+00
8.69809449e-01
1.15022290e+00
1.79325926e+00
1.03712201e+00
7.58062124e-01
1.22539711e+00
1.22860050e+00
8.76083732e-01
9.77464616e-01
1.25139976e+00
1.40545523e+00
1.03566384e+00
1.82933855e+00
1.69467592e+00
2.38701415e+00
1.54311895e+00
1.39151132e+00
1.50364506e+00
2.14747882e+00
3.26084018e+00
2.38235188e+00
1.74471831e+00
1.64545107e+00
1.11742043e+00
1.01111150e+00
1.19754481e+00
1.49304450e+00
1.87755990e+00
1.87665856e+00
1.42555213e+00
1.41200209e+00
1.68290794e+00
2.12044668e+00
2.61897111e+00
1.75298584e+00
1.26020014e+00
1.45660615e+00
2.49553585e+00
1.54342663e+00
1.78161228e+00
2.46230173e+00
1.63157809e+00
1.71092296e+00
2.59717679e+00
2.23312163e+00
1.37858880e+00
1.04205132e+00
1.38399839e+00
1.30946672e+00
1.47642279e+00
1.31908381e+00
1.90115428e+00
2.16855335e+00
9.66858208e-01
2.34638667e+00
1.17560244e+00
2.53094029e+00
2.33750558e+00
1.26205719e+00
1.40396881e+00
1.23953235e+00
1.92711222e+00
2.77597022e+00
2.46919751e+00
1.20147061e+00
1.18590975e+00
2.24015474e+00
3.51525354e+00
1.50990427e+00
1.74368680e+00
1.88575673e+00
2.37406921e+00
1.43667674e+00
1.99546444e+00
1.11837077e+00
9.49532986e-01
1.95389295e+00
1.89566827e+00
2.33685255e+00
2.06350040e+00
2.11220050e+00
2.43288159e+00
2.17049909e+00
1.18851018e+00
1.89617002e+00
1.62536216e+00
1.49329722e+00
1.54716909e+00
2.07810068e+00
2.88968730e+00
1.89337134e+00
2.56814265e+00
1.10701621e+00
1.51482940e+00
2.62988544e+00
1.80513823e+00
1.59990227e+00
3.10022068e+00
2.46772695e+00
2.06307721e+00
1.69640088e+00
2.02588558e+00
2.70082760e+00
2.07164025e+00
2.10685086e+00
2.95856547e+00
2.86040354e+00
1.83021331e+00
2.56905603e+00
2.83688903e+00
1.81417346e+00
1.17078006e+00
1.58554971e+00
1.29097855e+00
1.84842479e+00
2.75839281e+00
2.60973144e+00
1.92175126e+00
1.53986573e+00
1.53985274e+00
1.45099366e+00
2.08361459e+00
2.57909894e+00
2.59162283e+00
2.53140402e+00
2.04730010e+00
1.47769225e+00
1.63468647e+00
1.58968925e+00
1.89175177e+00
1.64600301e+00
1.25379944e+00
1.45562720e+00
2.63888502e+00
2.54533982e+00
2.32023978e+00
2.05659580e+00
1.92847502e+00
2.34972429e+00
2.79551911e+00
2.18246627e+00
1.70858932e+00
2.06377196e+00
2.17645288e+00
3.19243026e+00
1.75224471e+00
1.10499334e+00
1.00342286e+00
1.31598091e+00
2.59096670e+00
2.53417802e+00
1.67198086e+00
1.37896693e+00
1.80323803e+00
1.49304760e+00
1.54876876e+00
2.27835560e+00
2.34960198e+00
2.27599740e+00
1.61108136e+00
1.47435331e+00
1.78201246e+00
2.14944005e+00
1.71047235e+00
2.62045646e+00
1.98235548e+00
1.28155243e+00
2.13446093e+00
1.51335132e+00
2.14106083e+00
1.86889184e+00
2.54585958e+00
2.44554090e+00
1.46903098e+00
1.85841811e+00
1.94600058e+00
2.57706547e+00
1.12277937e+00
1.07937157e+00
2.06758857e+00
1.63174546e+00
2.46911693e+00
2.16276622e+00
2.00377560e+00
2.26773930e+00
2.12003851e+00
1.64570653e+00
2.46630073e+00
2.22567153e+00
1.62960815e+00
1.70293045e+00
1.55232954e+00
1.10647106e+00
1.93687391e+00
2.21823692e+00
1.45858192e+00
1.23775673e+00
1.91663563e+00
2.42737532e+00
1.15389299e+00
3.08854413e+00
1.80816460e+00
1.15477788e+00
3.31689668e+00
2.28978777e+00
1.61832535e+00
1.87132156e+00
1.75353384e+00
1.67408895e+00
2.58083701e+00
1.74456942e+00
2.08478498e+00
2.58509994e+00
1.45367646e+00
1.62135410e+00
3.02961588e+00
2.15994620e+00
1.74733126e+00
2.34483767e+00
2.62387300e+00
2.79750347e+00
3.13314271e+00
2.17583132e+00
1.97465146e+00
2.20067906e+00
2.14484262e+00
1.91265106e+00
2.47955918e+00
1.58682239e+00
1.76534224e+00
1.95766079e+00
2.22670531e+00
1.99863756e+00
1.94988191e+00
2.67736506e+00
1.70018268e+00
1.84644651e+00
1.78963554e+00
1.88826525e+00
2.51109171e+00
2.47174573e+00
1.10797215e+00
1.79626310e+00
1.40102649e+00
1.84301209e+00
2.77083397e+00
1.70736229e+00
2.27450323e+00
2.63745975e+00
2.20890641e+00
1.91719568e+00
2.31692386e+00
2.27499986e+00
1.50226998e+00
1.53762102e+00
1.67197323e+00
2.40009999e+00
1.99293399e+00
1.02449250e+00
2.25492954e+00
1.91213918e+00
2.20573163e+00
2.89193463e+00
2.10118508e+00
1.77497530e+00
9.91027474e-01
8.01059723e-01
1.61262059e+00
1.36002254e+00
1.09747016e+00
1.88875866e+00
1.48141742e+00
2.28304434e+00
2.19528556e+00
2.03603959e+00
2.03090692e+00
1.21719515e+00
1.00658417e+00
2.30448008e+00
2.15734935e+00
1.12447751e+00
1.54103911e+00
1.71757340e+00
1.66157436e+00
2.00177932e+00
1.93206990e+00
1.84919178e+00
2.35684085e+00
2.40771461e+00
2.06725192e+00
1.71787083e+00
1.26418209e+00
1.44506919e+00
2.07674980e+00
1.81627214e+00
1.50291348e+00
1.90297830e+00
1.28884149e+00
1.55413973e+00
2.47643924e+00
1.04543090e+00
1.32062674e+00
1.62041461e+00
2.54540515e+00
2.03502464e+00
1.41633379e+00
2.77981949e+00
1.29772031e+00
2.22395039e+00
2.49382830e+00
1.35091543e+00
1.20899737e+00
1.88391471e+00
1.76323485e+00
1.19405568e+00
1.15103412e+00
3.19762802e+00
2.28851295e+00
1.21843433e+00
9.76374984e-01
9.23830390e-01
2.10639358e+00
2.99627829e+00
1.99164855e+00
2.57453823e+00
1.77026320e+00
2.54800725e+00
2.54735947e+00
1.66414773e+00
1.25361168e+00
1.20677376e+00
2.51114273e+00
1.50508499e+00
1.51781130e+00
2.20970082e+00
1.26002622e+00
8.30971122e-01
2.00284839e+00
1.25270665e+00
9.23344433e-01
1.67494607e+00
2.01860976e+00
1.23564434e+00
1.83058369e+00
1.04907608e+00
1.18344975e+00
1.82427824e+00
1.61897314e+00
2.60147285e+00
2.62980151e+00
2.48823595e+00
1.72009027e+00
9.89809215e-01
1.16693473e+00
1.47929406e+00
2.17218542e+00
1.19020295e+00
1.63000226e+00
2.48744249e+00
2.27719855e+00
1.72476339e+00
1.49713242e+00
1.54482937e+00
8.19092214e-01
9.25522804e-01
2.01833105e+00
1.21890640e+00
1.00247550e+00
1.44753468e+00
9.34776664e-01
1.66419601e+00
2.67223072e+00
9.41011488e-01
1.87431490e+00
1.62354839e+00
1.56548846e+00
2.26773763e+00
1.89082408e+00
1.09832740e+00
3.81303620e+00
2.08604479e+00
1.59720743e+00
2.63794756e+00
2.15606761e+00
1.90420198e+00
1.78042352e+00
2.00648785e+00
1.91104019e+00
1.38837492e+00
1.39285100e+00
1.82065535e+00
1.67681837e+00
2.43992567e+00
1.52863503e+00
1.01194000e+00
1.60593951e+00
8.86064410e-01
1.97011673e+00
2.05745697e+00
1.01577306e+00
1.37170732e+00
2.96224308e+00
1.50683820e+00
2.85848498e+00
1.02626109e+00
8.80193949e-01
1.97758853e+00
1.35613072e+00
1.56114709e+00
1.12196815e+00
2.31238604e+00
2.14472127e+00
1.11957502e+00
1.01680017e+00
1.25416267e+00
1.44717908e+00
1.39662361e+00
1.31529248e+00
1.19865680e+00
8.61468196e-01
1.65570974e+00
7.58380234e-01
2.05408740e+00
1.36885786e+00
6.89328253e-01
1.88350475e+00
1.51596832e+00
9.78354454e-01
1.20245409e+00
1.15066683e+00
1.89861572e+00
2.40215945e+00
1.63649666e+00
1.34530711e+00
1.66726482e+00
1.37339675e+00
1.40271568e+00
1.76861048e+00
6.82364166e-01
8.32626760e-01
1.37039781e+00
1.00926769e+00
7.92611957e-01
1.99525106e+00
2.10175753e+00
7.14306056e-01
7.44273067e-01
8.14245164e-01
1.13805687e+00
7.62668729e-01
9.38509405e-01
1.42188287e+00
1.14995408e+00
1.09009504e+00
5.51310420e-01
6.98868155e-01
6.40265942e-01
5.43267369e-01
1.61711466e+00
2.27848244e+00
1.30394733e+00
5.26747346e-01
1.24089456e+00
1.09194779e+00
7.81948090e-01
5.64651608e-01
7.62207627e-01
8.15770328e-01
6.21581018e-01
5.31383991e-01
1.38989222e+00
5.44085205e-01
1.07988644e+00
6.96279705e-01
1.52948391e+00
1.48856163e+00
1.02458024e+00
1.35313880e+00
1.06177557e+00
4.37992305e-01
1.35548115e+00
1.06339240e+00
5.80440700e-01
1.45565343e+00
1.92616904e+00
1.35520351e+00
2.15792036e+00
1.04961812e+00
1.26764727e+00
1.39731002e+00
7.41595149e-01
5.45685530e-01
1.58401263e+00
9.06961441e-01
1.43695199e+00
1.39887881e+00
1.04092288e+00
1.25019991e+00
5.66759646e-01
6.30708396e-01
5.66315770e-01
8.65765929e-01
8.41430068e-01
1.12148726e+00
1.62558651e+00
7.15401232e-01
6.21836245e-01
9.38474357e-01
1.06680131e+00
1.69238341e+00
1.61306310e+00
7.19557643e-01
6.94830418e-01
1.48554027e+00
1.61097109e+00
1.24192309e+00
1.38216054e+00
9.17269886e-01
1.57349229e+00
1.76681650e+00
8.22626472e-01
7.63297319e-01
8.27155709e-01
1.04332638e+00
7.84766078e-01
1.38180542e+00
1.97348762e+00
9.77864385e-01
1.00644183e+00
2.20834827e+00
3.14737630e+00
2.18228722e+00
1.73127818e+00
2.61775804e+00
1.26916742e+00
9.93874967e-01
2.30053782e+00
2.02525163e+00
1.13937151e+00
1.38908422e+00
1.03059244e+00
7.39460766e-01
1.63142407e+00
2.01549220e+00
1.33442545e+00
1.10496402e+00
2.14314508e+00
1.34579599e+00
1.17342460e+00
1.42089558e+00
1.61384833e+00
1.90965605e+00
1.58987033e+00
9.87333119e-01
1.42296731e+00
1.80671072e+00
1.43285227e+00
8.95789325e-01
1.09966016e+00
2.29751301e+00
1.51834893e+00
1.33549762e+00
1.70619047e+00
1.28522646e+00
1.29372263e+00
1.69420743e+00
1.19036043e+00
9.74054039e-01
1.28214288e+00
1.28282428e+00
1.31309962e+00
2.02960110e+00
1.65515172e+00
1.46669185e+00
1.46695411e+00
1.17375922e+00
1.06848049e+00
1.52163601e+00
1.64118242e+00
1.22808766e+00
1.39951766e+00
1.99608982e+00
1.06046987e+00
1.48879242e+00
1.07793295e+00
1.32816184e+00
1.32831538e+00
1.06347108e+00
2.50429273e+00
1.63627839e+00
1.56302476e+00
1.45730436e+00
1.15841544e+00
9.24929202e-01
1.91171575e+00
2.42808723e+00
1.36000001e+00
1.13247645e+00
1.77582932e+00
2.08346510e+00
7.64426529e-01
1.28496349e+00
1.53978193e+00
2.01031184e+00
1.82882214e+00
1.19516170e+00
2.57600808e+00
2.32501388e+00
1.32464933e+00
8.96723986e-01
1.12307596e+00
1.44378269e+00
1.68193579e+00
2.26809835e+00
1.84302509e+00
8.12109172e-01
9.47136581e-01
2.06850839e+00
1.25707543e+00
1.06174254e+00
2.35145068e+00
2.08340502e+00
1.44116902e+00
2.05407047e+00
2.28449154e+00
1.70683050e+00
1.43383741e+00
2.00292635e+00
2.17994952e+00
1.98113799e+00
2.63833141e+00
2.17084408e+00
2.23110819e+00
2.04295206e+00
1.53126955e+00
1.23882258e+00
1.49947131e+00
1.03840029e+00
1.77854919e+00
1.81655490e+00
1.62230551e+00
3.00192881e+00
1.60123694e+00
1.67674398e+00
1.97330284e+00
1.63205206e+00
1.28777516e+00
1.61792135e+00
2.42417574e+00
1.72988307e+00
1.43241251e+00
1.37972879e+00
1.69758523e+00
2.08731914e+00
1.26022828e+00
1.40206325e+00
1.26172769e+00
1.48648846e+00
1.86642098e+00
1.71192884e+00
1.97489536e+00
1.36584485e+00
2.30805254e+00
1.54836702e+00
7.15487182e-01
1.28104961e+00
8.29058528e-01
8.73164594e-01
9.36856389e-01
1.23446381e+00
1.80131435e+00
1.59055185e+00
1.04233336e+00
2.28835177e+00
9.69449222e-01
1.27064431e+00
2.17247629e+00
1.11919248e+00
2.15621877e+00
1.72215331e+00
1.66472030e+00
1.48959196e+00
1.43670952e+00
1.72265553e+00
1.87963474e+00
1.63486671e+00
1.64349508e+00
1.63712275e+00
1.67930973e+00
1.96054196e+00
1.84115052e+00
1.08366823e+00
1.20709777e+00
1.97771168e+00
1.88539875e+00
1.07735419e+00
2.24965000e+00
2.00402927e+00
2.20324183e+00
2.11748600e+00
1.79456484e+00
1.65964019e+00
1.70771587e+00
1.33313012e+00
1.47868705e+00
1.58805931e+00
1.23120332e+00
1.25549245e+00
2.11715770e+00
2.45529675e+00
1.73985529e+00
1.34688210e+00
1.96966863e+00
2.13247752e+00
9.08926368e-01
1.99456561e+00
1.59514427e+00
1.47970414e+00
1.72856617e+00
1.26644492e+00
1.29400492e+00
1.31117594e+00
1.20415568e+00
1.75313973e+00
2.04730439e+00
1.43936348e+00
1.33789420e+00
1.92195451e+00
1.09172976e+00
1.40576553e+00
1.98802006e+00
1.54239011e+00
1.94821882e+00
2.29875064e+00
1.44942904e+00
1.52564216e+00
1.80927277e+00
1.25439847e+00
1.69883239e+00
1.13942325e+00
2.31231689e+00
2.19788599e+00
1.26511598e+00
1.15941107e+00
1.28747880e+00
2.54253888e+00
1.68792439e+00
1.65751922e+00
1.67829740e+00
6.60774589e-01
1.59442139e+00
1.18034041e+00
1.69018352e+00
1.62234676e+00
1.36917603e+00
1.91916668e+00
1.18518746e+00
1.52462757e+00
1.88776267e+00
1.28883564e+00
1.48065317e+00
2.88899279e+00
1.72975302e+00
1.91030943e+00
2.46359849e+00
1.77629638e+00
1.11889255e+00
1.23327887e+00
1.00771856e+00
2.33149338e+00
1.52032030e+00
1.72955012e+00
2.35653734e+00
1.50971723e+00
2.15422726e+00
1.48453927e+00
2.31320190e+00
2.38482690e+00
1.71174335e+00
1.98743606e+00
1.19427180e+00
1.85181677e+00
2.22290993e+00
1.59785497e+00
1.00920367e+00
1.36298239e+00
2.61448693e+00
2.28643250e+00
1.08227694e+00
1.48839366e+00
1.98983335e+00
1.52092636e+00
1.67963707e+00
1.32965386e+00
1.36334181e+00
1.49498570e+00
1.61611855e+00
1.65442502e+00
1.15451205e+00
1.52508199e+00
1.52843142e+00
2.02750134e+00
2.14476562e+00
1.46873057e+00
2.87237024e+00
1.41876328e+00
2.18418550e+00
2.98009896e+00
1.86691296e+00
8.04788530e-01
2.18694925e+00
1.86955237e+00
2.28855395e+00
1.65222228e+00
1.01585138e+00
1.40941310e+00
1.43334365e+00
1.51069987e+00
1.10485792e+00
8.79971564e-01
1.04070652e+00
1.04571962e+00
1.20401239e+00
1.01601410e+00
1.23079813e+00
1.45203030e+00
1.48998976e+00
1.39747119e+00
9.16524291e-01
1.33651590e+00
8.65463614e-01
1.35098469e+00
1.61427081e+00
5.11181414e-01
1.00054252e+00
8.14052939e-01
1.16432536e+00
1.83837759e+00
2.05472064e+00
1.62414217e+00
1.55007732e+00
1.68853688e+00
1.47169554e+00
1.31836271e+00
1.56135106e+00
1.49190223e+00
1.54119837e+00
1.76696873e+00
1.39667726e+00
1.31444824e+00
1.37607276e+00
1.31515193e+00
1.50887847e+00
1.91481912e+00
1.42249238e+00
6.98230743e-01
1.02087784e+00
1.87044823e+00
8.00180972e-01
1.56945407e+00
1.49493968e+00
1.25591469e+00
1.97570527e+00
2.48776889e+00
1.48584473e+00
1.97260928e+00
1.71673679e+00
1.54589450e+00
1.47987306e+00
1.43679905e+00
1.96179652e+00
1.76318574e+00
1.24882567e+00
1.03122079e+00
1.03925025e+00
1.79865766e+00
2.12711430e+00
1.97708654e+00
1.58257711e+00
1.41452515e+00
1.58931196e+00
1.41259408e+00
4.99528348e-01
1.72437584e+00
1.93944573e+00
1.32525980e+00
9.64586914e-01
1.37917113e+00
1.69587326e+00
7.21516252e-01
1.22254956e+00
1.33150744e+00
1.38590717e+00
2.35781598e+00
1.38784766e+00
1.67566860e+00
1.81446087e+00
1.68437445e+00
1.38060951e+00
1.02926815e+00
6.30439103e-01
1.18873763e+00
1.49356794e+00
1.49280167e+00
1.53768027e+00
2.00827217e+00
1.89676201e+00
8.87333095e-01
1.78620636e+00
1.82450891e+00
9.56531107e-01
1.43444514e+00
2.47175908e+00
1.51429057e+00
1.17876935e+00
1.68098593e+00
2.12391400e+00
1.80497098e+00
1.37511337e+00
1.48561525e+00
2.61255240e+00
1.59961236e+00
7.96387851e-01
2.41039276e+00
1.77779043e+00
9.13901091e-01
6.51191413e-01
1.16569924e+00
1.75048053e+00
1.77600574e+00
1.76112008e+00
1.03752327e+00
1.34004557e+00
1.64329338e+00
1.45894480e+00
1.79618001e+00
1.66443980e+00
1.34967625e+00
9.27312553e-01
9.92756128e-01
1.39528787e+00
1.62806427e+00
1.74887884e+00
2.05458188e+00
2.39168239e+00
1.88590682e+00
1.19370937e+00
1.17814815e+00
1.91024804e+00
2.41293716e+00
2.18774533e+00
1.36552143e+00
1.12826729e+00
1.97959876e+00
1.51594269e+00
7.81182349e-01
7.17062712e-01
1.78654134e+00
2.14266682e+00
7.77598381e-01
1.18502927e+00
1.86061704e+00
8.54801297e-01
7.22494781e-01
1.54572880e+00
1.62129569e+00
1.01203477e+00
2.48943734e+00
1.69218230e+00
7.50793338e-01
6.22394860e-01
7.31933653e-01
1.41266811e+00
2.16305137e+00
2.00480080e+00
1.43086886e+00
1.47211230e+00
1.80320048e+00
1.05100513e+00
1.44306242e+00
2.20063210e+00
2.08350921e+00
1.39514554e+00
1.06395316e+00
1.21397555e+00
1.30834222e+00
2.75255585e+00
2.49562740e+00
1.12935483e+00
7.51226783e-01
9.18672681e-01
1.91267645e+00
1.60460997e+00
1.01555347e+00
1.15169537e+00
1.73875761e+00
1.67698944e+00
1.82211149e+00
4.79082942e-01
8.25523376e-01
2.37117457e+00
1.72783089e+00
1.56915045e+00
6.16506517e-01
9.74094391e-01
2.12669921e+00
2.13235664e+00
1.04798222e+00
1.20708644e+00
6.73095882e-01
1.55571222e+00
1.46987700e+00
1.09488940e+00
1.95121515e+00
1.21496749e+00
7.92401195e-01
1.68059349e+00
1.82653821e+00
1.51003623e+00
1.88366675e+00
1.96209466e+00
2.05297184e+00
1.72954798e+00
1.04701161e+00
1.15420771e+00
1.91413343e+00
1.61443472e+00
1.24582994e+00
1.59258223e+00
1.69028866e+00
1.08128572e+00
5.40053487e-01
9.66963708e-01
8.75324667e-01
4.83798802e-01
1.17892098e+00
1.30841506e+00
5.95631003e-01
2.49909544e+00
1.63622332e+00
1.39063406e+00
1.25603604e+00
8.80263865e-01
1.18030179e+00
2.05684781e+00
1.92148507e+00
1.78476191e+00
1.58280504e+00
1.14343095e+00
1.11611378e+00
1.68395948e+00
9.72574472e-01
1.99461639e+00
1.35329151e+00
3.93651932e-01
1.45527375e+00
1.21147752e+00
2.25005603e+00
1.41279697e+00
1.39893997e+00
1.51513255e+00
6.80330813e-01
7.89725959e-01
1.50616741e+00
8.52464080e-01
7.50338972e-01
1.34028184e+00
1.38896239e+00
1.78735328e+00
2.04919648e+00
2.71887112e+00
1.72101068e+00
2.79096627e+00
2.13960314e+00
1.78917229e+00
1.02255857e+00
1.22095847e+00
1.80085957e+00
1.53848922e+00
1.45756435e+00
1.17321551e+00
1.49782789e+00
1.23386002e+00
9.88584340e-01
1.44441175e+00
1.93462586e+00
1.53700817e+00
1.28245151e+00
1.28388762e+00
1.18145287e+00
8.89362156e-01
1.08400166e+00
1.48580980e+00
8.88310492e-01
1.17740333e+00
1.58019376e+00
1.79337633e+00
1.98924553e+00
1.09313715e+00
1.22096872e+00
1.39717388e+00
1.26269639e+00
1.18585622e+00
1.20001745e+00
6.91849709e-01
1.47904038e+00
1.80031335e+00
1.81062138e+00
1.83455908e+00
1.44666481e+00
7.60533154e-01
2.58048487e+00
1.46865368e+00
9.63516116e-01
2.00447249e+00
2.02272558e+00
1.24111331e+00
1.43329191e+00
1.09745622e+00
1.82716095e+00
2.17210054e+00
9.48541999e-01
1.89899170e+00
1.76562893e+00
1.54594946e+00
1.75723577e+00
1.60012066e+00
1.07761610e+00
2.09094000e+00
1.71848869e+00
1.93083441e+00
1.45122695e+00
6.10741794e-01
8.25057209e-01
1.20845509e+00
2.29000044e+00
1.79453349e+00
1.02642441e+00
9.64342475e-01
1.14014566e+00
1.63319564e+00
1.69349217e+00
2.37960076e+00
1.92722750e+00
1.18469512e+00
1.82439709e+00
1.46117508e+00
8.25857997e-01
1.63508976e+00
1.32024157e+00
5.50597668e-01
8.74280691e-01
1.03034651e+00
1.09688711e+00
1.60820186e+00
1.75165963e+00
1.34868014e+00
1.33425665e+00
1.87058270e+00
1.12715578e+00
1.65045726e+00
1.66895568e+00
1.46599698e+00
1.75230980e+00
7.29763269e-01
1.08865547e+00
1.39322615e+00
1.62115490e+00
1.81810665e+00
1.51814127e+00
1.30891669e+00
1.66684425e+00
3.78269464e-01
6.77430570e-01
2.42159414e+00
1.90369928e+00
1.24085021e+00
1.11037278e+00
8.27553630e-01
1.15498340e+00
1.52853644e+00
1.34854078e+00
2.23458767e+00
1.24818861e+00
5.39280593e-01
1.46808052e+00
1.88593459e+00
5.25846183e-01
1.31931055e+00
1.16036129e+00
1.00793731e+00
1.13513875e+00
1.19248652e+00
1.18910837e+00
1.80939126e+00
1.50227416e+00
9.01344717e-01
6.34959161e-01
8.82439137e-01
9.58540261e-01
9.31760907e-01
1.54079604e+00
1.15978134e+00
6.81290925e-01
5.18510997e-01
8.41315746e-01
1.93675029e+00
1.31921208e+00
1.29422522e+00
1.91467690e+00
1.87645602e+00
1.35071826e+00
2.22344828e+00
1.72703969e+00
1.60675871e+00
1.14173973e+00
1.07836199e+00
2.02339888e+00
1.03758037e+00
1.78291321e+00
1.75533617e+00
1.07800674e+00
8.63094151e-01
1.23120391e+00
1.63450944e+00
1.68661058e+00
1.47323382e+00
1.21281838e+00
1.31742144e+00
1.50435138e+00
8.87784421e-01
1.25084925e+00
5.47281206e-01
9.28984523e-01
2.14463949e+00
1.43647611e+00
1.14903271e+00
8.18339229e-01
7.97658265e-01
6.91439271e-01
1.22195232e+00
7.41993606e-01
1.13441896e+00
3.35563540e-01
1.20099223e+00
1.57101452e+00
1.27842402e+00
1.17256653e+00
1.39711213e+00
1.42559791e+00
1.84341812e+00
1.53287387e+00
1.05177772e+00
1.37856579e+00
1.11231518e+00
1.81207550e+00
3.48144174e-01
3.68718982e-01
1.21855271e+00
1.47812521e+00
5.43084323e-01
1.29489625e+00
8.12844217e-01
8.90695512e-01
1.51207089e+00
2.63602614e-01
1.70198143e+00
6.51677728e-01
1.19212198e+00
1.44101942e+00
1.09479678e+00
1.16602874e+00
7.39272475e-01
2.07422209e+00
1.65725124e+00
4.07338947e-01
4.93394077e-01
1.14197993e+00
6.95272803e-01
1.00083303e+00
1.08176219e+00
1.44920909e+00
1.60089266e+00
5.29681444e-01
1.53694141e+00
7.68640161e-01
7.59417772e-01
7.38592386e-01
7.62564003e-01
9.01682675e-01
1.21453786e+00
1.45429361e+00
1.64676428e+00
1.69489813e+00
1.59553659e+00
1.60228550e+00
2.29581571e+00
2.14645886e+00
1.27136040e+00
1.00694180e+00
1.38387883e+00
1.72887206e+00
1.21330941e+00
6.62468731e-01
8.47204566e-01
1.01829994e+00
8.70683789e-01
1.21809721e+00
6.11001670e-01
1.26921225e+00
6.93438470e-01
1.50197768e+00
1.35374439e+00
1.16249108e+00
9.96698499e-01
1.10794544e+00
4.16359454e-01
1.57249343e+00
2.98688984e+00
1.53703332e+00
2.06840801e+00
9.43772793e-01
1.58774912e+00
1.27290761e+00
6.62315190e-01
1.95593572e+00
1.62967706e+00
1.31896710e+00
1.50889432e+00
1.50601625e+00
1.66769767e+00
1.75202811e+00
4.44758981e-01
8.38206172e-01
1.53340375e+00
1.56138396e+00
1.82844794e+00
2.23070955e+00
8.15476298e-01
3.24669868e-01
8.81821275e-01
1.04681563e+00
1.35490727e+00
2.53640103e+00
1.33674634e+00
1.19266140e+00
1.07289398e+00
1.11926568e+00
1.13379133e+00
9.78924155e-01
1.61060762e+00
1.06754184e+00
1.84556842e+00
1.59826040e+00
6.76120460e-01
1.69534385e+00
2.93164921e+00
1.06569695e+00
4.70676750e-01
9.77243245e-01
1.37847221e+00
1.36030316e+00
1.51634705e+00
1.17552507e+00
1.94299769e+00
2.17688537e+00
1.36893404e+00
8.48777056e-01
5.38987279e-01
1.01947355e+00
1.77945936e+00
1.27872050e+00
6.28017545e-01
1.04534984e+00
1.45132875e+00
1.59062731e+00
1.91069031e+00
1.60795832e+00
9.58250225e-01
9.98033285e-01
1.61132801e+00
4.82977569e-01
1.28872228e+00
1.11998379e+00
5.73039591e-01
2.29618716e+00
1.97027647e+00
1.31310093e+00
1.72469425e+00
1.05443168e+00
5.06849110e-01
1.59043252e+00
5.00961602e-01
2.52869344e+00
1.26639307e+00
5.97599149e-01
1.74446273e+00
1.53191996e+00
1.45012975e+00
5.99853039e-01
7.01008856e-01
7.09422767e-01
7.74165034e-01
1.50536311e+00
1.03946686e+00
9.23388004e-01
2.03137994e+00
1.54614604e+00
4.25741553e-01
1.13894701e+00
6.29388034e-01
1.41105139e+00
1.56093109e+00
9.49789703e-01
4.73230809e-01
8.24855804e-01
1.66247272e+00
3.49826574e-01
5.09430408e-01
1.20113540e+00
1.41285419e+00
1.12541759e+00
7.24743247e-01
1.83539033e+00
8.09105396e-01
7.09403455e-01
1.06147110e+00
1.50672770e+00
1.34354031e+00
6.69852495e-01
1.28520894e+00
9.81774092e-01
5.53735733e-01
1.06697726e+00
5.52036226e-01
2.01585484e+00
1.00031447e+00
6.79403841e-01
1.53860116e+00
6.54032469e-01
6.78386867e-01
1.66006541e+00
2.12388682e+00
1.67376161e+00
7.13460684e-01
2.59260982e-01
1.58785045e+00
7.32804477e-01
1.47135186e+00
2.51551270e+00
1.86298168e+00
6.76872909e-01
9.20271933e-01
4.72312510e-01
8.60114574e-01
1.91399109e+00
1.71452522e+00
5.02276361e-01
1.88883746e+00
1.75633585e+00
1.48197722e+00
5.76205909e-01
4.82717305e-01
2.39136934e+00
1.71931267e+00
1.03331244e+00
4.84930307e-01
5.37981033e-01
1.46690822e+00
2.29831386e+00
7.88849175e-01
1.03857744e+00
8.01186323e-01
1.33524847e+00
1.82727778e+00
4.89075065e-01
8.13495159e-01
1.39277136e+00
1.41575861e+00
1.26910806e+00
1.50448513e+00
1.96222067e+00
1.50263405e+00
7.64347434e-01
1.62168074e+00
1.90348625e+00
9.08831060e-01
6.32611275e-01
1.25239086e+00
1.83164907e+00
1.59363663e+00
8.63463461e-01
6.93507254e-01
1.46360946e+00
1.35286450e+00
1.06537509e+00
6.88562393e-01
1.00104094e+00
1.15062177e+00
8.53165030e-01
1.95984590e+00
1.78524566e+00
2.90973216e-01
0.00000000e+00
6.76895440e-01
3.76643598e-01
9.87289011e-01
6.13653183e-01
1.14185131e+00
1.58231390e+00
1.21234059e+00
8.23839962e-01
3.23505789e-01
3.21471274e-01
6.26370609e-01
6.00426912e-01
8.93751204e-01
1.38499057e+00
3.94661486e-01
6.25230074e-01
1.30013394e+00
9.84147370e-01
2.99719900e-01
5.06780684e-01
1.47564065e+00
1.10235131e+00
5.08262575e-01
1.07964003e+00
1.67702138e+00
7.20242560e-01
8.65029395e-01
1.54334271e+00
1.29685020e+00
7.85081267e-01
1.16733432e+00
2.38343048e+00
6.75755382e-01
8.66964698e-01
7.76493788e-01
4.08210069e-01
7.04313815e-01
8.10733795e-01
1.69058549e+00
1.98830760e+00
1.54839087e+00
7.41442323e-01
6.15746975e-01
4.85103488e-01
2.00632334e+00
5.30392230e-01
2.88397908e-01
1.00059509e+00
1.41724169e+00
8.55009317e-01
8.89738441e-01
8.25674772e-01
5.71979702e-01
8.25337350e-01
1.61269784e+00
1.61348212e+00
1.76695740e+00
9.93990362e-01
6.38841748e-01
3.11527342e-01
5.73650837e-01
1.08143723e+00
1.24790800e+00
3.79095256e-01
3.85338038e-01
1.15777743e+00
1.24045634e+00
1.15039253e+00
1.87907183e+00
4.01917309e-01
5.65948009e-01
1.39647639e+00
1.00252414e+00
7.07012475e-01
5.05757153e-01
9.31445897e-01
8.84735942e-01
4.40026999e-01
7.12303221e-01
8.46727371e-01
8.89260054e-01
1.85684264e+00
1.68300021e+00
1.09970772e+00
1.15106642e+00
1.61483693e+00
8.68153155e-01
1.87091947e+00
9.22060132e-01
5.75101733e-01
4.47415859e-01
1.43148196e+00
4.16992009e-01
1.00025046e+00
1.62512720e+00
5.63061297e-01
7.40928710e-01
1.48136616e+00
1.04444563e+00
6.90151334e-01
8.56402338e-01
4.35391486e-01
1.35013795e+00
1.28663182e+00
1.87960196e+00
3.08125645e-01
4.79120195e-01
8.91652286e-01
8.78272355e-01
1.64575315e+00
1.14360082e+00
1.09617245e+00
1.22488725e+00
1.16722918e+00
7.91481912e-01
7.31413007e-01
1.37869656e+00
3.52820277e-01
1.03136909e+00
1.17381120e+00
4.79381859e-01
1.24201572e+00
9.67643917e-01
1.70372808e+00
1.18422067e+00
7.37818182e-01
9.82534766e-01
7.70420194e-01
7.99137712e-01
1.03180003e+00
2.84399509e-01
2.74315536e-01
7.40845799e-01
1.20972419e+00
1.88641441e+00
6.30657196e-01
7.74574578e-01
9.24303949e-01
5.34165323e-01
1.01147604e+00
7.57416308e-01
5.79929948e-01
8.06504011e-01
5.67725480e-01
5.66283643e-01
2.22281814e+00
5.99624217e-01
1.12608469e+00
8.97723615e-01
8.28488410e-01
1.02905464e+00
5.13508797e-01
1.36852419e+00
7.30626285e-01
9.73380327e-01
1.11486340e+00
7.79569447e-01
9.98828828e-01
9.00144517e-01
7.15052783e-01
7.62544096e-01
1.01708817e+00
5.91174960e-01
7.37013519e-01
1.10227871e+00
8.04557204e-01
7.45354474e-01
6.41091287e-01
6.31690383e-01
1.13875401e+00
5.73244810e-01
1.00467706e+00
1.49506450e+00
1.52548277e+00
1.24170566e+00
1.20826876e+00
1.14293623e+00
8.08368027e-01
6.51862442e-01
3.46576780e-01
7.83983886e-01
1.59068155e+00
9.51691091e-01
1.01918948e+00
4.14958388e-01
7.53796101e-01
1.16203785e+00
3.49602699e-01
1.73327816e+00
7.24295914e-01
2.85985798e-01
7.23505557e-01
1.20300591e+00
1.52117598e+00
1.33161747e+00
1.08022082e+00
1.73697913e+00
1.81141472e+00
1.02130079e+00
7.34964848e-01
7.46781528e-01
5.70473492e-01
1.17341030e+00
1.22738612e+00
5.13261139e-01
3.74787539e-01
9.77636755e-01
7.06704319e-01
5.93420804e-01
8.40880275e-01
8.49599004e-01
4.25764382e-01
2.24943590e+00
1.10008931e+00
6.69253170e-01
8.68668675e-01
8.91989291e-01
1.14858139e+00
1.00939250e+00
9.81955826e-01
6.44772589e-01
1.76275536e-01
5.58304846e-01
3.32529366e-01
1.10932910e+00
5.34046113e-01
7.85700917e-01
5.68625391e-01
7.21000373e-01
1.02506411e+00
9.91288543e-01
4.22879994e-01
1.14034522e+00
4.45780188e-01
1.16715682e+00
3.21601063e-01
4.59533602e-01
2.04207182e+00
1.52143705e+00
7.21880436e-01
1.03059494e+00
9.65061843e-01
3.59279692e-01
6.45936608e-01
8.51065934e-01
3.31905037e-01
3.42210114e-01
3.63084912e-01
3.60682011e-01
1.00612998e+00
1.10711133e+00
4.32658821e-01
3.39859575e-01
1.10113263e+00
1.01472878e+00
2.00553560e+00
1.22238147e+00
7.10386753e-01
1.01864731e+00
4.90899742e-01
5.88668227e-01
3.11474085e-01
7.64726698e-01
1.13885903e+00
9.00298417e-01
1.16721284e+00
1.19555366e+00
9.16197896e-01
2.85036057e-01
6.10592723e-01
2.64978677e-01
1.04009414e+00
1.15760779e+00
6.14963889e-01
4.82450455e-01
1.78240800e+00
1.37602353e+00
6.80163860e-01
1.28090227e+00
4.79645759e-01
8.13895226e-01
8.90876412e-01
4.07701224e-01
6.20675623e-01
3.75664055e-01
8.70743573e-01
9.88354683e-01
7.61504650e-01
8.49073589e-01
9.61075008e-01
1.06771469e+00
4.46343213e-01
1.09297860e+00
1.31890953e+00
2.92856485e-01
2.60021925e-01
9.73481715e-01
3.59273851e-01
4.53277588e-01
2.19369367e-01
8.48584294e-01
6.83737814e-01
7.42989182e-01
6.04709864e-01
1.18311846e+00
9.90002811e-01
9.36901450e-01
1.19534647e+00
1.54809856e+00
5.55452406e-01
3.13754320e-01
6.04554057e-01
7.43221402e-01
5.73570728e-01
4.73816514e-01
3.84971559e-01
1.25246072e+00
1.41229582e+00
6.45865738e-01
1.49229324e+00
9.65116680e-01
7.87455320e-01
7.89830565e-01
1.37521696e+00
1.37974441e+00
5.06734490e-01
7.09537387e-01
4.15899098e-01
6.55242145e-01
1.58509493e+00
2.07710338e+00
1.11043251e+00
9.64736998e-01
5.16057611e-01
9.14374530e-01
7.81258404e-01
4.91461635e-01
1.03368950e+00
1.13325024e+00
4.43825155e-01
7.27252245e-01
8.38220894e-01
5.46013117e-01
8.12166154e-01
1.47302973e+00
1.07718623e+00
9.38762784e-01
1.13441658e+00
1.13931763e+00
6.15141630e-01
2.20959529e-01
5.17312646e-01
1.23650897e+00
1.18804383e+00
1.00934970e+00
1.18516433e+00
7.22986817e-01
7.45982409e-01
8.10315132e-01
1.20936918e+00
1.17805839e+00
4.47482973e-01
1.96547794e+00
8.84669363e-01
1.37916803e+00
1.05392790e+00
3.76323998e-01
1.46117377e+00
6.05895281e-01
9.31172729e-01
1.00735307e+00
6.62633598e-01
3.10106784e-01
4.57371771e-01
5.85878313e-01
8.30707312e-01
9.13468957e-01
9.72808301e-01
9.53370154e-01
9.56672132e-01
4.13141787e-01
3.73254448e-01
1.01823676e+00
6.65009260e-01
2.56230175e-01
9.74998474e-01
8.47568750e-01
1.10951710e+00
7.24762022e-01
2.69301623e-01
8.30344081e-01
5.67428589e-01
7.09715068e-01
7.19207823e-01
7.31020570e-01
6.86479926e-01
6.75332665e-01
7.24009633e-01
1.54711401e+00
8.81235301e-01
9.27701831e-01
9.40536618e-01
2.84456730e-01
6.57600284e-01
1.26627731e+00
3.76130491e-01
2.47921616e-01
8.44896436e-01
1.46753478e+00
8.74526799e-01
3.90792459e-01
9.08701658e-01
9.20218408e-01
1.01346898e+00
1.14611781e+00
1.14292514e+00
1.83353949e+00
4.02821124e-01
3.95982921e-01
5.87388635e-01
8.40513527e-01
8.82764041e-01
5.95855951e-01
6.89226627e-01
8.41174006e-01
5.71638763e-01
3.86160463e-01
1.37385523e+00
4.90257978e-01
2.35179663e-01
7.73998320e-01
1.05720079e+00
5.76809824e-01
6.03154659e-01
9.48985875e-01
8.90286446e-01
1.05084634e+00
9.13952053e-01
9.30625737e-01
1.08448935e+00
4.28424180e-01
4.08002824e-01
9.39324915e-01
1.69646609e+00
1.22085702e+00
5.25283456e-01
4.61310923e-01
5.49103439e-01
3.21023315e-01
7.22100675e-01
8.75562668e-01
1.38539732e+00
1.18740964e+00
2.73669273e-01
6.23272359e-01
1.43761349e+00
8.98777366e-01
8.58950019e-01
8.42559278e-01
9.37535882e-01
5.65145075e-01
5.10974765e-01
7.32550740e-01
5.52990854e-01
1.00428843e+00
1.19777834e+00
5.97217679e-01
8.15344572e-01
1.10653734e+00
2.68179446e-01
8.59533072e-01
9.24379587e-01
4.59647894e-01
8.43326747e-01
1.21916056e+00
2.26511344e-01
5.46964884e-01
1.51241040e+00
4.54142332e-01
3.92798334e-01
1.18932426e+00
4.70089972e-01
1.37698126e+00
1.46756005e+00
9.24396813e-01
6.08895123e-01
7.36424625e-01
1.11279035e+00
8.48972797e-01
3.17621619e-01
1.09246457e+00
1.26709390e+00
4.24755037e-01
4.52225327e-01
4.43963230e-01
6.24666989e-01
1.38264501e+00
1.17913401e+00
5.71813822e-01
1.14904916e+00
1.26204944e+00
7.05298007e-01
6.40679002e-01
6.11495674e-01
7.46945143e-01
1.65847671e+00
4.63841587e-01
5.57088792e-01
2.83394396e-01
2.03267261e-01
9.47885573e-01
1.04828572e+00
4.64682698e-01
1.04448950e+00
1.30728447e+00
5.22406697e-01
2.03568339e-01
1.34499836e+00
9.84210253e-01
5.69138706e-01
3.23939741e-01
7.80785561e-01
9.76980686e-01
4.94916230e-01
1.07417953e+00
8.53211641e-01
6.73929989e-01
8.19231093e-01
6.52229667e-01
2.99665868e-01
3.92194033e-01
3.74095678e-01
7.41984010e-01
5.82597792e-01
4.81289774e-01
1.28158903e+00
3.50839794e-01
3.38271469e-01
6.87654734e-01
4.66477334e-01
4.65292007e-01
1.21177006e+00
5.52538633e-01
4.60743487e-01
9.82021570e-01
9.08669293e-01
2.14455605e-01
7.06568718e-01
7.45726943e-01
8.81820381e-01
7.71225035e-01
7.85027504e-01
8.44571948e-01
3.15326452e-01
2.86170155e-01
7.10467935e-01
8.28968585e-01
5.02541244e-01
6.82262957e-01
1.17050421e+00
2.84920543e-01
7.03195333e-01
5.44343948e-01
3.31431240e-01
4.39985782e-01
5.71546078e-01
2.99108803e-01
5.70809901e-01
3.64725202e-01
4.89379644e-01
9.44974840e-01
6.27847433e-01
2.97127753e-01
9.07834828e-01
1.48082507e+00
1.11635113e+00
6.52545035e-01
5.99056005e-01
6.74100757e-01
7.63813257e-01
1.04975510e+00
7.76361883e-01
5.24329245e-01
1.04499614e+00
8.16269577e-01
5.87606549e-01
4.49153841e-01
3.14588010e-01
4.57222104e-01
6.52981937e-01
3.10999542e-01
2.52240241e-01
5.86793125e-01
6.84067070e-01
4.89346504e-01
4.05357689e-01
3.86071652e-01
2.66206264e-01
3.27844501e-01
6.16471469e-01
4.90814656e-01
2.43721455e-01
2.94599801e-01
3.51225346e-01
8.48104060e-01
1.04488540e+00
6.83428466e-01
4.38848585e-01
7.26095796e-01
1.05802023e+00
9.14324343e-01
9.46095645e-01
1.13441670e+00
7.38803387e-01
2.34258026e-01
6.09785914e-01
5.33159733e-01
2.64559090e-01
2.46347100e-01
7.00309336e-01
1.01697552e+00
9.90647078e-01
5.72934330e-01
5.91720223e-01
1.23059189e+00
1.17572761e+00
8.18273485e-01
7.59223819e-01
9.02612984e-01
9.07298148e-01
5.89910626e-01
4.83622640e-01
9.90485251e-01
4.39431012e-01
7.08148360e-01
8.33623767e-01
4.69614923e-01
5.33251047e-01
3.21034342e-01
6.39491975e-01
9.42327857e-01
7.30664372e-01
7.77877927e-01
9.93735671e-01
6.15281522e-01
7.58102894e-01
4.53667760e-01
3.68945956e-01
5.75842142e-01
4.49028879e-01
5.82673013e-01
7.32378781e-01
3.28320771e-01
3.98358941e-01
3.39886367e-01
7.71876752e-01
3.63459229e-01
3.58448684e-01
2.25624889e-01
3.89550805e-01
7.32079744e-01
5.70811749e-01
5.04018188e-01
1.16088414e+00
9.41848576e-01
9.33073759e-01
1.16041470e+00
5.05534112e-01
1.53720069e+00
5.68923831e-01
2.60984927e-01
8.45904708e-01
1.07975066e+00
1.69948041e-01
5.14256656e-01
6.04112864e-01
3.45372796e-01
4.26851511e-01
6.91527605e-01
6.65273607e-01
8.88833821e-01
7.38170385e-01
2.56796867e-01
3.28403801e-01
3.34078699e-01
1.08891904e+00
1.43945611e+00
4.17634636e-01
4.48736489e-01
8.62070799e-01
7.26907849e-01
6.85714841e-01
1.66026700e+00
4.48477358e-01
4.05238777e-01
5.03546178e-01
4.17496055e-01
1.00574875e+00
4.16593611e-01
4.43300188e-01
4.04882640e-01
7.64290392e-01
6.43500626e-01
3.63897473e-01
3.11754704e-01
3.24716479e-01
9.18334424e-01
8.91558051e-01
2.87146181e-01
5.89226484e-01
6.14165545e-01
7.07083583e-01
9.28940475e-01
6.07298315e-01
3.82659078e-01
1.02362275e+00
5.24501324e-01
4.91424233e-01
4.86744761e-01
4.27729249e-01
9.50895727e-01
1.20027554e+00
5.56909382e-01
9.89225686e-01
8.97314847e-01
3.30565423e-01
3.20875764e-01
8.95411551e-01
2.48984277e-01
6.02121174e-01
1.00529659e+00
8.58027279e-01
5.26359081e-01
3.38505566e-01
4.26276267e-01
8.97840083e-01
1.33540463e+00
8.20657074e-01
4.94169533e-01
5.79063714e-01
2.71737099e-01
5.19654572e-01
5.64622819e-01
8.17978084e-01
1.20461297e+00
6.83215082e-01
1.31631851e+00
4.23567683e-01
8.44029427e-01
5.82374573e-01
5.43892503e-01
1.57803261e+00
5.86337030e-01
5.61485946e-01
8.04615796e-01
5.85932553e-01
4.15288806e-01
9.56281424e-01
4.52193707e-01
1.36621416e+00
1.07832766e+00
5.40284097e-01
6.46908700e-01
7.91526198e-01
5.45232415e-01
8.98290157e-01
1.00867820e+00
7.13054001e-01
6.44168377e-01
7.83905149e-01
9.43009555e-01
7.14476109e-01
9.69124377e-01
5.73697388e-01
3.34658027e-01
1.14267182e+00
4.60775256e-01
5.32782137e-01
4.75317001e-01
5.71406782e-01
2.87043869e-01
7.30334222e-01
5.05175114e-01
2.35880002e-01
5.33140481e-01
7.52862573e-01
7.46695936e-01
1.06682158e+00
2.80351549e-01
5.20720243e-01
8.29248428e-01
8.12365830e-01
7.73054242e-01
8.58354151e-01
4.64832902e-01
1.22620094e+00
6.18433177e-01
3.27023715e-01
8.29848945e-01
4.67693537e-01
7.54908681e-01
8.12102795e-01
3.36612284e-01
4.00361508e-01
1.14665902e+00
6.46203041e-01
7.09621251e-01
5.55131793e-01
8.66794109e-01
8.24341297e-01
3.79602492e-01
7.25443661e-01
1.13770688e+00
3.22866112e-01
5.28882980e-01
7.01744497e-01
3.28975707e-01
5.54815471e-01
4.55332547e-01
7.21310019e-01
2.02917814e-01
3.81935745e-01
1.18121898e+00
3.98798227e-01
3.19726586e-01
1.11771166e+00
1.23967111e+00
8.55015516e-01
7.56322384e-01
8.96099985e-01
8.85075152e-01
4.81841832e-01
4.23806310e-01
5.28359592e-01
4.66117710e-01
5.43093741e-01
1.12176645e+00
6.22986972e-01
4.43843544e-01
8.54610085e-01
1.22245860e+00
1.27461922e+00
2.29265422e-01
4.06364739e-01
3.28931242e-01
6.44264340e-01
9.34510291e-01
3.41332614e-01
3.18155944e-01
5.56255102e-01
3.13941658e-01
5.30293345e-01
1.20465946e+00
8.89902532e-01
8.04481566e-01
7.87644744e-01
1.11351049e+00
7.84090877e-01
1.90556407e-01
6.61910772e-01
9.03151393e-01
2.32959464e-01
8.84583175e-01
1.16964543e+00
3.15915734e-01
4.92902100e-01
5.49205661e-01
6.64719760e-01
6.44424200e-01
9.38815653e-01
1.09883380e+00
2.75822878e-01
4.69227433e-01
5.01914740e-01
8.23274314e-01
7.90047288e-01
5.79946995e-01
1.26569974e+00
9.29135323e-01
7.79371381e-01
1.08577788e+00
9.15857911e-01
4.65242654e-01
5.82592487e-01
4.13852483e-01
7.88516164e-01
7.79663622e-01
5.89532852e-01
6.55071378e-01
6.14074290e-01
3.22495162e-01
3.61194432e-01
4.63876903e-01
7.40890682e-01
1.06876612e+00
4.31959659e-01
5.81164360e-01
5.43749809e-01
5.05194783e-01
2.31995299e-01
1.03621435e+00
1.80285439e-01
5.84409118e-01
3.12493354e-01
3.57134223e-01
5.57826757e-01
4.97199416e-01
5.57033479e-01
3.00383478e-01
2.84425378e-01
5.91292083e-01
9.93247807e-01
3.41938287e-01
7.46265054e-01
1.65078211e+00
8.17235947e-01
1.38508546e+00
1.84628141e+00
4.45474565e-01
3.57426316e-01
4.55437720e-01
1.39552593e+00
3.61337066e-01
6.83165550e-01
4.20724809e-01
1.69153476e+00
9.61879432e-01
6.83164835e-01
6.05173051e-01
4.50614452e-01
3.29577208e-01
2.81552374e-01
1.92716205e+00
2.73585439e-01
6.73851013e-01
2.31718749e-01
3.90597731e-01
3.78461778e-01
6.26410604e-01
5.52446485e-01
5.13164222e-01
3.32238734e-01
9.07695174e-01
1.16469514e+00
8.63381922e-01
6.28314972e-01
6.04611933e-01
5.85996628e-01
6.39123321e-01
6.65562630e-01
7.41811752e-01
4.77921546e-01
2.13451937e-01
3.03564399e-01
6.27286196e-01
5.53275287e-01
2.41156995e-01
2.75836527e-01
4.39018428e-01
7.13089883e-01
9.38008010e-01
6.42592013e-01
4.87972647e-01
4.46303368e-01
8.72847259e-01
9.64803338e-01
4.26776767e-01
3.36525112e-01
2.28890747e-01
5.15276611e-01
1.16544569e+00
6.96475148e-01
2.95647830e-01
1.27966392e+00
8.62041593e-01
4.09363270e-01
5.07059515e-01
8.12515676e-01
6.91754580e-01
3.52078587e-01
8.06608319e-01
2.95057267e-01
2.25497499e-01
5.94373941e-01
8.59325886e-01
8.50657463e-01
6.97792947e-01
7.12140322e-01
7.60193348e-01
1.03432047e+00
1.36832821e+00
1.05062795e+00
4.23128426e-01
8.06624353e-01
1.20767295e+00
7.18959570e-01
5.21585286e-01
9.39869881e-01
7.77508199e-01
7.94190764e-01
8.04822624e-01
8.17313552e-01
1.00694335e+00
5.07285535e-01
1.02667677e+00
6.46937966e-01
1.78074345e-01
4.56400186e-01
8.99473727e-01
3.77996504e-01
8.99999559e-01
6.21488571e-01
1.03423035e+00
1.08447301e+00
3.59604359e-01
2.58742750e-01
9.84979570e-01
3.90942395e-01
3.30983728e-01
3.76813382e-01
7.75860250e-01
1.87607849e+00
5.00102758e-01
6.26871526e-01
8.56253266e-01
9.62290883e-01
7.15162456e-01
4.99173582e-01
8.63153458e-01
5.42251468e-01
2.89120436e-01
4.76343334e-01
3.73269945e-01
2.64839530e-01
8.13651562e-01
3.97923082e-01
3.57803464e-01
7.39889860e-01
6.62770212e-01
6.37161016e-01
4.12482142e-01
7.02964127e-01
4.84173775e-01
4.01268989e-01
8.68610024e-01
8.89436066e-01
6.31571114e-01
4.47382629e-01
6.01786137e-01
4.73551780e-01
2.09443286e-01
1.03449261e+00
6.47768736e-01
6.12713933e-01
5.82478642e-01
8.13438654e-01
9.74989653e-01
8.32569480e-01
4.00794923e-01
4.83051121e-01
2.50321895e-01
5.32959223e-01
7.66759872e-01
1.14244759e+00
8.07692707e-01
5.44469893e-01
7.66663671e-01
8.54501486e-01
7.62982786e-01
1.00133932e+00
4.51496243e-01
1.15868855e+00
5.49260378e-01
3.70198518e-01
8.54826450e-01
4.18277383e-01
6.45117939e-01
4.73120868e-01
4.37085360e-01
5.44248402e-01
3.97487193e-01
2.08252519e-01
3.30266893e-01
4.17916149e-01
9.24460113e-01
1.14626729e+00
5.24531603e-01
7.00831532e-01
2.06475425e+00
1.40273142e+00
7.86500275e-01
3.92051756e-01
7.48426557e-01
1.14928865e+00
3.76453042e-01
1.82456210e-01
4.15950209e-01
6.85833335e-01
8.61750603e-01
1.20705688e+00
3.55271548e-01
4.46426660e-01
8.04859579e-01
7.89139032e-01
7.13121176e-01
9.42681730e-01
1.99770004e-01
7.90325880e-01
1.19850397e+00
7.44902134e-01
2.35911071e-01
2.85267144e-01
6.46830440e-01
3.86857510e-01
4.57719743e-01
1.21478283e+00
1.11275542e+00
1.22275150e+00
3.80429298e-01
7.06145644e-01
7.33903885e-01
5.68180203e-01
5.84184885e-01
3.22990954e-01
1.12550771e+00
1.27919638e+00
1.20836139e+00
7.03714490e-01
2.41695479e-01
5.32504618e-01
7.95385063e-01
7.83256531e-01
1.68891311e+00
1.68218279e+00
1.06442070e+00
7.75294781e-01
5.59244096e-01
5.30473530e-01
5.26077271e-01
4.43673372e-01
3.76314789e-01
2.90231794e-01
6.24845564e-01
2.93734401e-01
7.47708619e-01
8.46163690e-01
6.18064940e-01
4.35487747e-01
6.01684928e-01
7.79172242e-01
1.51047373e+00
1.05236554e+00
1.09488678e+00
2.56677842e+00
2.04839110e+00
5.83785057e-01
6.64461076e-01
3.11023265e-01
4.80922163e-01
7.56689131e-01
8.96487415e-01
5.72556794e-01
2.56075472e-01
4.54207659e-01
1.12049091e+00
4.13782716e-01
7.21431375e-01
7.60067463e-01
3.48645538e-01
2.79338241e-01
1.07252944e+00
8.91393781e-01
6.28897607e-01
8.03681552e-01
6.59747899e-01
2.72613376e-01
2.93636769e-01
9.87073064e-01
1.35364115e+00
5.40433764e-01
7.01549351e-01
1.11735570e+00
8.30494046e-01
6.61948442e-01
7.44628072e-01
2.24287346e-01
2.08369672e-01
6.74414933e-01
9.18890476e-01
3.05702180e-01
1.01234210e+00
1.41735947e+00
6.18681192e-01
2.98528403e-01
7.06980646e-01
6.64710760e-01
1.24681425e+00
9.30236578e-01
2.99276114e-01
7.07252324e-01
1.49744821e+00
3.65916997e-01
1.55798888e+00
8.35267007e-01
4.27832931e-01
8.79818857e-01
8.83294225e-01
2.87077308e-01
1.31589508e+00
3.86646658e-01
7.42062032e-01
1.23319995e+00
4.97157425e-01
6.63101733e-01
4.88918275e-01
1.14642525e+00
7.21248865e-01
6.43556774e-01
1.37766182e+00
6.23248935e-01
7.82719135e-01
7.20367134e-01
5.43594658e-01
6.00958288e-01
7.24296808e-01
2.53703922e-01
4.69561160e-01
8.54622006e-01
9.53399599e-01
6.05154932e-01
6.82993233e-01
1.98504373e-01
2.57066160e-01
5.68297625e-01
6.60921633e-01
6.13016009e-01
7.48870611e-01
6.33495867e-01
4.29573089e-01
4.12221819e-01
6.07509375e-01
4.69002575e-01
3.62720072e-01
8.22607279e-01
5.86434841e-01
5.14350832e-01
6.13777936e-01
4.74196702e-01
3.30946892e-01
8.71202886e-01
7.96638370e-01
3.63077790e-01
4.09215838e-01
5.43948114e-01
3.42628717e-01
2.17997387e-01
8.89045477e-01
7.03546107e-01
7.29462862e-01
7.96262085e-01
4.94506538e-01
4.07067150e-01
3.74129385e-01
3.45044553e-01
5.39915502e-01
6.83693945e-01
5.63111186e-01
3.79971504e-01
9.58782077e-01
7.28914499e-01
6.70453250e-01
5.67890823e-01
1.88585594e-01
3.42359722e-01
1.09179080e+00
8.95400524e-01
6.49914145e-01
3.10940742e-01
2.49928713e-01
1.74187973e-01
2.12457538e-01
4.83933240e-01
8.63859773e-01
1.35221934e+00
4.79217291e-01
6.78223848e-01
4.20858115e-01
4.47491735e-01
1.04728448e+00
7.68488109e-01
1.86621094e+00
5.57236671e-01
8.43026459e-01
6.14655554e-01
7.20025897e-01
1.07311511e+00
1.71753907e+00
5.19668519e-01
1.36431050e+00
2.71031380e-01
3.67508084e-01
8.40050697e-01
3.04597437e-01
2.28755623e-01
6.06294274e-01
6.22713864e-01
8.32121849e-01
4.66965616e-01
1.83811560e-01
1.00640810e+00
2.51846433e-01
2.09152043e-01
3.55295777e-01
5.13206065e-01
5.21228552e-01
3.05176109e-01
3.78722072e-01
3.81881452e+00
1.14774203e+00
2.92936921e+00
1.34512436e+00
6.11658394e-01
8.49563122e-01
1.16197574e+00
6.01127207e-01
2.61025846e-01
3.16002190e-01
1.04227424e+00
6.07484579e-01
4.16232944e-01
3.98943871e-01
6.36452794e-01
8.43507528e-01
6.57835543e-01
8.93510103e-01
1.01002479e+00
3.39549273e-01
2.94545323e-01
8.69117618e-01
1.18998778e+00
1.07651448e+00
9.70910251e-01
3.36071402e-01
4.30841565e-01
2.36348584e-01
1.40156102e+00
1.04254305e+00
8.14186752e-01
5.14288604e-01
6.22671306e-01
3.20841134e-01
1.12810397e+00
2.92848289e-01
8.00374866e-01
1.12835598e+00
9.50113893e-01
7.25263000e-01
4.66798782e-01
8.47043931e-01
3.18608850e-01
4.67901021e-01
1.31411660e+00
7.89631546e-01
2.03655505e+00
5.53382754e-01
8.49131644e-01
5.79889953e-01
4.01549935e-01
7.00161576e-01
1.11415887e+00
9.69851255e-01
5.79207063e-01
8.10385108e-01
6.22719049e-01
3.02021205e-01
1.27532804e+00
8.02881360e-01
8.40698183e-01
1.28175998e+00
9.39286411e-01
5.19621789e-01
5.01939774e-01
7.78908312e-01
6.05008304e-01
5.67717373e-01
6.05793476e-01
4.26264971e-01
3.50103110e-01
3.96177053e-01
5.60456097e-01
9.00729179e-01
6.90464377e-01
2.50676364e-01
8.18427086e-01
5.40030360e-01
9.92627144e-01
1.02392995e+00
4.99468744e-01
3.30726177e-01
5.61586440e-01
8.70310962e-01
7.54656196e-01
8.61031294e-01
4.28172499e-01
7.44975209e-01
7.54923582e-01
1.11701155e+00
9.18984354e-01
1.26474690e+00
1.11916173e+00
2.71267146e-01
7.79682636e-01
9.39050734e-01
5.28939188e-01
4.71865743e-01
5.10017872e-01
3.42157453e-01
5.02612770e-01
4.34911191e-01
5.62734604e-01
9.09229636e-01
6.21059299e-01
2.23147273e-01
9.97754812e-01
2.37055451e-01
3.22912514e-01
3.10244381e-01
5.16532063e-01
8.81256342e-01
2.34656394e-01
7.54450440e-01
6.99704885e-01
2.59214669e-01
4.42860872e-01
1.05467618e+00
8.10756266e-01
2.52065092e-01
2.09009871e-01
3.52555215e-01
4.41407531e-01
2.76028007e-01
4.51330304e-01
6.76622570e-01
5.58663905e-01
5.27980626e-01
9.18642998e-01
1.06167746e+00
1.91957250e-01
4.04773206e-01
7.32392728e-01
5.43058455e-01
4.75850403e-01
6.82801008e-01
5.96533895e-01
8.55369449e-01
6.68960571e-01
7.15322316e-01
8.01057458e-01
7.51104176e-01
7.05296159e-01
5.27440786e-01
9.53162730e-01
1.07994390e+00
9.43964660e-01
1.08573461e+00
6.95935965e-01
6.30717635e-01
4.74136293e-01
4.16435868e-01
6.88436627e-01
1.26815963e+00
1.43341279e+00
8.70691299e-01
3.60847652e-01
7.39109397e-01
1.23133552e+00
7.43500173e-01
6.01521194e-01
2.94225007e-01
9.75504875e-01
4.67204571e-01
3.04107159e-01
7.52257705e-01
8.90180051e-01
5.10920048e-01
1.03760695e+00
5.62023520e-01
4.24825281e-01
1.16847801e+00
4.15689558e-01
6.57313168e-01
8.34214270e-01
7.32027292e-01
7.80645728e-01
1.00976145e+00
6.01162314e-01
6.40265346e-01
7.78757870e-01
3.88175756e-01
5.07490098e-01
1.11364496e+00
3.56560618e-01
3.78864139e-01
6.93932295e-01
3.32509547e-01
3.33371907e-01
1.02929544e+00
8.73802662e-01
5.53841591e-01
7.88697481e-01
8.52479458e-01
7.69219756e-01
7.14909256e-01
5.26317239e-01
7.85974026e-01
3.59727442e-01
2.65908688e-01
3.91120076e-01
6.61864519e-01
8.07791829e-01
7.77823687e-01
7.88565516e-01
3.20108443e-01
1.79279417e-01
4.53343928e-01
4.60356116e-01
6.74053550e-01
3.32154453e-01
6.68184876e-01
7.45488584e-01
5.79711318e-01
4.55480933e-01
9.14838672e-01
1.28961825e+00
1.31645203e+00
4.48273480e-01
3.52172673e-01
1.01119649e+00
9.37171280e-01
1.15691066e+00
8.42814267e-01
2.83885628e-01
5.33816993e-01
3.88069242e-01
6.27804101e-01
3.62852067e-01
3.81671041e-01
8.53895247e-01
4.94253457e-01
8.98864806e-01
6.54792786e-01
7.00296819e-01
6.97844744e-01
4.70162213e-01
3.05356413e-01
3.39842916e-01
5.43552756e-01
8.55660021e-01
7.54398942e-01
2.69425064e-01
7.22778440e-01
1.72185564e+00
3.31244135e+00
1.33704126e+00
1.10569370e+00
4.19752836e-01
6.83783948e-01
7.30817914e-01
1.18000448e+00
7.18486428e-01
5.21758616e-01
7.41071701e-01
5.70725858e-01
3.80774587e-01
7.19751894e-01
5.63154995e-01
5.70035279e-01
5.95952332e-01
4.46730793e-01
8.51565361e-01
2.26046413e-01
3.18577141e-01
7.66380191e-01
1.24201536e+00
1.06253672e+00
5.80103457e-01
5.04387081e-01
3.72850627e-01
1.34998930e+00
4.80326265e-01
2.73002887e+00
1.43468261e+00
2.42367744e+00
1.95011914e+00
4.98802602e-01
3.07212472e-01
1.05336154e+00
7.70727992e-01
6.00661099e-01
7.58627355e-01
1.26815975e+00
1.44875050e+00
2.32448786e-01
7.27920592e-01
5.16032279e-01
1.12588286e+00
1.54409337e+00
3.28651857e+00
9.37829018e-01
1.99310708e+00
7.49827325e-01
6.32563055e-01
7.27723241e-01
2.51342833e-01
2.36012682e-01
4.93565142e-01
9.10999656e-01
2.50990868e-01
6.39139950e-01
4.46160465e-01
5.22119045e-01
7.87934601e-01
6.27889991e-01
9.94603217e-01
5.08181632e-01
1.16547561e+00
1.27789438e+00
1.63395274e+00
9.28582668e-01
9.43272412e-01
7.86188662e-01
4.23944503e-01
5.47193050e-01
4.07573044e-01
8.23711932e-01
2.38150492e-01
3.68384898e-01
3.59552115e-01
3.78364563e-01
1.98590562e-01
4.58029658e-01
6.43842220e-01
7.86290109e-01
4.38511848e-01
2.90942758e-01
3.14042717e-01
7.10419774e-01
6.57407939e-01
6.76399350e-01
