2.48511457e+00
2.08632207e+00
1.68270588e+00
1.76944315e+00
2.09858155e+00
1.78770185e+00
2.25391364e+00
1.93573678e+00
2.11333632e+00
1.93077433e+00
1.99569988e+00
1.84703910e+00
2.20127654e+00
1.90946770e+00
2.22983241e+00
1.98740447e+00
1.91944158e+00
2.02158809e+00
2.08115673e+00
2.05168557e+00
2.00511694e+00
1.76609814e+00
1.95041025e+00
2.09277773e+00
1.90081453e+00
1.86993086e+00
1.87901950e+00
1.92329681e+00
2.08928657e+00
1.69517732e+00
2.09651804e+00
2.06443834e+00
1.71327424e+00
1.96932745e+00
2.05035090e+00
2.09738231e+00
1.94099689e+00
1.53310597e+00
1.81690383e+00
1.85484684e+00
1.75182557e+00
1.74193954e+00
1.76487744e+00
2.00918865e+00
2.00582790e+00
1.80379426e+00
1.86571860e+00
2.04513121e+00
2.02445221e+00
2.09748745e+00
1.85543633e+00
1.84971201e+00
2.10753274e+00
1.63398504e+00
1.96544802e+00
1.90358067e+00
1.72454071e+00
1.89175808e+00
1.80045378e+00
1.76040912e+00
1.84548092e+00
1.77514982e+00
1.95648444e+00
1.78196025e+00
1.67244375e+00
1.69632542e+00
1.89675927e+00
2.09895873e+00
2.16533613e+00
2.07717514e+00
2.06482029e+00
2.04161191e+00
1.90422881e+00
2.04234171e+00
1.91416407e+00
1.74668193e+00
1.82851136e+00
1.67283249e+00
1.73672462e+00
1.64921427e+00
1.76119483e+00
1.66837764e+00
1.75984871e+00
1.65390003e+00
1.76110685e+00
1.92170084e+00
1.58792865e+00
1.53335881e+00
1.64808261e+00
1.54536140e+00
1.59997821e+00
1.81296992e+00
1.76873136e+00
1.63094938e+00
1.50688028e+00
1.36736023e+00
1.48891711e+00
1.64362705e+00
1.59723186e+00
1.29248202e+00
1.54982078e+00
1.66697812e+00
1.59369409e+00
1.36001909e+00
1.49176085e+00
1.48931241e+00
1.53488791e+00
1.61356318e+00
1.44199228e+00
1.72258115e+00
1.32382309e+00
1.29280722e+00
1.49664748e+00
1.38585579e+00
1.55887878e+00
1.63375056e+00
1.55872631e+00
1.35171723e+00
1.48822105e+00
1.73104119e+00
1.63792002e+00
1.68122101e+00
1.87468517e+00
1.76565206e+00
1.90772307e+00
2.10909677e+00
1.60551953e+00
1.79720998e+00
1.92951608e+00
1.83994377e+00
1.77284038e+00
1.56402016e+00
1.54595602e+00
1.69524550e+00
1.74059534e+00
1.68158841e+00
1.61533511e+00
1.52326751e+00
1.72534275e+00
1.77018797e+00
1.59850371e+00
1.46501946e+00
1.48626661e+00
1.61602628e+00
1.70887136e+00
1.77992260e+00
1.53163004e+00
1.55722833e+00
1.71180546e+00
1.68578470e+00
1.56596684e+00
1.70016170e+00
1.65418053e+00
1.64105773e+00
1.74977505e+00
1.61066914e+00
1.73817980e+00
1.47283220e+00
1.72843122e+00
1.95664191e+00
1.52484286e+00
1.64405119e+00
1.71723890e+00
1.45319533e+00
1.63485396e+00
1.67721486e+00
1.29727292e+00
1.24531937e+00
1.52416909e+00
1.54565609e+00
1.66280544e+00
1.69935596e+00
1.51212716e+00
1.59571731e+00
1.48356748e+00
1.44016135e+00
1.68747151e+00
1.55924106e+00
1.40310419e+00
1.35827029e+00
1.14646673e+00
1.35410607e+00
1.38646948e+00
1.25968540e+00
1.12673879e+00
1.12202966e+00
1.14156783e+00
1.16633701e+00
1.09637380e+00
1.08335888e+00
1.11367071e+00
1.12538147e+00
1.16571701e+00
9.52792168e-01
1.14630723e+00
1.41799831e+00
1.33315861e+00
1.16016936e+00
1.27447999e+00
1.12778056e+00
1.17342770e+00
1.09932637e+00
1.14263678e+00
2.01040792e+00
1.35906839e+00
1.16245973e+00
1.31649888e+00
1.39236045e+00
1.40803599e+00
1.21946371e+00
1.10624278e+00
1.26542771e+00
1.24071980e+00
1.27748942e+00
1.41225171e+00
1.33572173e+00
1.73987699e+00
1.39522481e+00
1.38085878e+00
1.41618943e+00
1.36313736e+00
1.60572064e+00
1.43000078e+00
1.75217223e+00
1.73863471e+00
1.25926995e+00
1.33285534e+00
2.11346507e+00
1.47368848e+00
1.62648666e+00
1.55759895e+00
1.48335111e+00
1.59546483e+00
1.58467448e+00
1.63537109e+00
1.57067037e+00
1.73352969e+00
1.67785370e+00
1.57094455e+00
1.84013259e+00
1.70993567e+00
1.51323938e+00
1.85167432e+00
1.51349878e+00
1.44504082e+00
2.10092759e+00
1.54006696e+00
1.80868268e+00
1.81291354e+00
1.41566205e+00
1.62582183e+00
2.10649824e+00
1.51749229e+00
1.81063581e+00
1.57192290e+00
1.47096741e+00
1.64345717e+00
1.62241614e+00
1.62334335e+00
1.63558114e+00
1.61843359e+00
1.73125434e+00
1.62694013e+00
1.68650723e+00
1.73180056e+00
1.68413103e+00
1.60158396e+00
1.48560727e+00
1.38732600e+00
1.66715252e+00
1.59402251e+00
1.42283821e+00
1.59766269e+00
1.59953189e+00
1.47574401e+00
1.50943244e+00
1.87644470e+00
1.76499796e+00
1.44190061e+00
1.43013275e+00
2.05018258e+00
1.59022343e+00
1.58259130e+00
1.44980955e+00
1.55761385e+00
1.49928355e+00
1.56637096e+00
1.75889409e+00
1.45807695e+00
1.79609835e+00
1.82149947e+00
1.53040969e+00
1.52946246e+00
1.41506922e+00
1.51191688e+00
1.52286685e+00
1.36799026e+00
1.38528872e+00
1.43875635e+00
1.29444385e+00
1.31768596e+00
1.51185787e+00
1.33982897e+00
1.32878804e+00
1.49512100e+00
1.24568903e+00
1.31161726e+00
1.34257424e+00
1.15761673e+00
1.11585462e+00
1.23896801e+00
1.21169901e+00
1.38424838e+00
1.28532755e+00
1.08788741e+00
1.09513450e+00
1.05248559e+00
1.30929005e+00
1.31263757e+00
1.09899521e+00
1.30499589e+00
1.01634204e+00
1.00001812e+00
1.04592597e+00
1.18727314e+00
1.02210879e+00
8.45120728e-01
8.75792921e-01
1.37391520e+00
8.82784486e-01
9.56601143e-01
8.74343872e-01
1.10495269e+00
1.05646253e+00
7.95369565e-01
1.09372675e+00
8.76453876e-01
9.62321162e-01
8.79375458e-01
8.54555428e-01
1.19825244e+00
9.42699015e-01
8.66293073e-01
8.51854444e-01
1.15043974e+00
1.08261883e+00
9.05273557e-01
9.21950221e-01
1.19923437e+00
1.23591876e+00
1.15622330e+00
1.07225621e+00
1.00027943e+00
1.00385451e+00
1.15809858e+00
1.18936014e+00
1.17307317e+00
1.13943613e+00
9.65512276e-01
1.21413016e+00
1.43234670e+00
1.15172911e+00
1.10175204e+00
1.16115022e+00
1.12787437e+00
1.33082843e+00
1.23962569e+00
1.31259131e+00
1.27808189e+00
1.17614448e+00
1.51289141e+00
1.27557302e+00
1.38375711e+00
1.40942264e+00
1.27593982e+00
1.42666888e+00
1.47579837e+00
1.20653141e+00
1.32991910e+00
1.41658270e+00
1.37371612e+00
1.36949968e+00
1.32055211e+00
1.42873025e+00
1.30580628e+00
1.67271912e+00
1.58543932e+00
1.19459200e+00
1.44687247e+00
1.55594575e+00
1.47333956e+00
1.38741875e+00
1.43081188e+00
1.50526094e+00
1.50428855e+00
1.45944643e+00
1.69871211e+00
1.57788920e+00
1.52145612e+00
1.39571178e+00
1.30209804e+00
1.54264212e+00
1.20037961e+00
1.24487841e+00
1.43712711e+00
1.45604944e+00
1.51877117e+00
1.73238337e+00
1.55921102e+00
1.59229970e+00
1.61347151e+00
1.48073971e+00
1.61802161e+00
1.57727540e+00
1.35558343e+00
1.30025876e+00
1.47051311e+00
1.59914279e+00
1.46933949e+00
1.60093570e+00
1.41521084e+00
1.52924335e+00
1.39143419e+00
1.18797779e+00
1.42308915e+00
1.40309811e+00
1.60594380e+00
1.42165160e+00
1.44324565e+00
1.44949067e+00
1.46864152e+00
1.66034234e+00
1.56790805e+00
1.34096599e+00
1.41210461e+00
1.54529595e+00
1.50837076e+00
1.32464266e+00
1.55603373e+00
1.60658395e+00
1.54821074e+00
1.58930254e+00
1.38882685e+00
1.79356968e+00
1.81402600e+00
1.43687201e+00
1.42677200e+00
1.42535782e+00
1.40119374e+00
1.40882385e+00
1.34632623e+00
1.42573249e+00
1.42533708e+00
1.46128500e+00
1.49388254e+00
1.48342836e+00
1.42149889e+00
1.68917155e+00
1.55629909e+00
1.50586593e+00
1.56446707e+00
1.30095768e+00
1.35714471e+00
1.61958766e+00
1.34109056e+00
1.30499816e+00
1.58982682e+00
1.35037756e+00
1.57046568e+00
1.47376049e+00
1.22745514e+00
1.34888852e+00
1.54802966e+00
1.47942030e+00
1.63834333e+00
1.37155867e+00
1.32563889e+00
1.35381353e+00
1.40330017e+00
1.39989150e+00
1.31336093e+00
1.37010252e+00
1.28930748e+00
1.41604817e+00
1.60259700e+00
1.75537050e+00
1.77377748e+00
1.39031327e+00
1.29286814e+00
1.46280301e+00
1.39494860e+00
1.45335841e+00
1.30693829e+00
1.48120904e+00
1.27313459e+00
1.33893442e+00
1.28302324e+00
1.30189693e+00
1.43053043e+00
1.44403839e+00
1.27211487e+00
1.30125666e+00
1.43930972e+00
1.40186751e+00
1.27369022e+00
1.36719048e+00
1.44096625e+00
1.54265416e+00
1.33098006e+00
1.16207397e+00
1.25615847e+00
1.16164541e+00
1.18710160e+00
1.26657379e+00
1.33361280e+00
1.22929668e+00
1.37738395e+00
1.39268482e+00
1.46366417e+00
1.27464795e+00
1.02116430e+00
1.21450746e+00
1.39766228e+00
1.34599197e+00
1.28577363e+00
1.08378065e+00
1.13848782e+00
1.50893700e+00
1.32869601e+00
1.31059206e+00
1.15479195e+00
1.20851648e+00
1.49755323e+00
1.06377912e+00
1.28774214e+00
1.40645194e+00
1.29927325e+00
1.15433776e+00
1.56692183e+00
1.05319476e+00
1.17191041e+00
1.32412112e+00
1.35159194e+00
1.15436828e+00
1.25339413e+00
9.68054533e-01
9.70780969e-01
1.18676400e+00
1.21669269e+00
1.09665501e+00
1.03867018e+00
1.13584197e+00
8.92104924e-01
1.14466786e+00
1.07635379e+00
9.09008801e-01
8.56995761e-01
1.11169863e+00
9.72466230e-01
9.48939443e-01
8.91136944e-01
1.03974676e+00
7.92751610e-01
8.44847143e-01
8.15174937e-01
8.68551314e-01
9.14514244e-01
1.00770497e+00
7.49942243e-01
7.36037552e-01
7.27905691e-01
6.91325068e-01
7.83566236e-01
8.83247375e-01
7.16607869e-01
6.61270440e-01
7.62944758e-01
7.24916637e-01
7.28089869e-01
6.86152637e-01
6.60117924e-01
6.32119179e-01
6.28023863e-01
6.89212680e-01
7.06358194e-01
7.23474145e-01
7.69277096e-01
8.79017591e-01
9.81319666e-01
7.56576955e-01
8.18444550e-01
8.86985600e-01
6.75076902e-01
7.40321338e-01
7.28604496e-01
6.96890056e-01
8.73372316e-01
1.12664092e+00
8.13308716e-01
1.02253556e+00
8.55191171e-01
8.74011636e-01
1.01596570e+00
8.71022522e-01
8.44598293e-01
8.40135336e-01
9.92668092e-01
9.18884456e-01
1.04237449e+00
9.58724439e-01
8.64250660e-01
1.07379317e+00
9.49989080e-01
9.40839708e-01
1.14719474e+00
1.07235336e+00
9.89878297e-01
1.11955142e+00
9.95634019e-01
1.01415825e+00
9.45104897e-01
9.83221531e-01
1.10674524e+00
9.94754970e-01
1.20562315e+00
9.76127744e-01
1.08433163e+00
1.06800401e+00
8.30272853e-01
1.05499613e+00
1.05896091e+00
9.29650128e-01
9.60489154e-01
1.01562428e+00
1.14739680e+00
1.28621781e+00
1.08560765e+00
1.03734171e+00
1.07078946e+00
1.12287581e+00
1.31938148e+00
1.17971706e+00
1.23269069e+00
1.14387226e+00
1.31645906e+00
1.40814078e+00
1.03414762e+00
1.26271868e+00
1.14721537e+00
1.23603308e+00
1.15714204e+00
9.77932811e-01
1.10523045e+00
1.35290098e+00
1.01659882e+00
1.18062687e+00
1.22157264e+00
1.05479789e+00
1.03906989e+00
1.47032034e+00
1.11153507e+00
1.22812784e+00
1.16858625e+00
1.08200514e+00
9.82203841e-01
1.10533559e+00
1.19381166e+00
9.70665336e-01
1.08636987e+00
1.21932006e+00
1.15414822e+00
1.49719810e+00
1.05600595e+00
1.05468786e+00
1.23485816e+00
1.33058643e+00
1.21085501e+00
1.02000594e+00
1.02009940e+00
1.31619787e+00
1.23183656e+00
1.23387349e+00
1.59177232e+00
1.28718185e+00
1.23316038e+00
1.08863044e+00
1.03486693e+00
1.05748653e+00
1.29319644e+00
1.23429334e+00
1.15095901e+00
1.24408162e+00
1.29179704e+00
1.14065158e+00
1.12358618e+00
1.10196102e+00
1.13816905e+00
1.10012829e+00
1.09098089e+00
1.25303125e+00
1.21219969e+00
1.21945322e+00
1.32006562e+00
1.29922950e+00
1.09918678e+00
1.03391504e+00
1.10012615e+00
1.12549138e+00
1.22174370e+00
1.35935521e+00
1.32107306e+00
1.33721066e+00
1.31488478e+00
1.09362662e+00
1.15880620e+00
1.33816624e+00
1.13277829e+00
9.52826858e-01
1.08759713e+00
1.22886562e+00
1.19346559e+00
1.21260202e+00
1.06725776e+00
9.99393284e-01
1.19854057e+00
1.25333536e+00
1.27787149e+00
1.31763828e+00
1.31956315e+00
1.23683119e+00
1.12087584e+00
1.18485391e+00
1.24409413e+00
1.20731151e+00
1.29486287e+00
1.33854949e+00
1.32013726e+00
1.39600718e+00
1.42804074e+00
1.33696473e+00
1.23962951e+00
1.07042837e+00
1.11888397e+00
1.26771343e+00
1.25674677e+00
1.13747859e+00
1.05160201e+00
9.06406820e-01
9.53155339e-01
1.18634522e+00
1.02082658e+00
1.06517577e+00
1.09355485e+00
1.09469187e+00
1.12057853e+00
1.16071689e+00
1.06510353e+00
1.12906575e+00
1.15154624e+00
1.12345934e+00
1.24667692e+00
1.15457106e+00
1.11042285e+00
1.19001949e+00
1.26166153e+00
1.10008764e+00
1.09485233e+00
1.18631458e+00
1.17574453e+00
1.18528450e+00
1.29847109e+00
1.34322786e+00
1.23461795e+00
1.15357089e+00
1.29858994e+00
9.46875930e-01
9.15054381e-01
1.09785867e+00
1.27727580e+00
1.10015094e+00
1.06182981e+00
1.16649425e+00
1.27012122e+00
1.15922666e+00
1.18747175e+00
1.15899575e+00
1.20805466e+00
1.10866964e+00
1.08703911e+00
1.11886096e+00
1.30807042e+00
1.14381087e+00
9.66408432e-01
1.14489925e+00
1.15933573e+00
1.09784901e+00
1.02018034e+00
9.88432407e-01
9.59463060e-01
9.11153138e-01
1.20564973e+00
1.26587212e+00
1.12343335e+00
1.08118320e+00
1.34869730e+00
1.20237625e+00
1.04365134e+00
1.00773263e+00
1.06650567e+00
1.03777003e+00
1.19745815e+00
1.19537532e+00
1.12677801e+00
1.09274173e+00
9.90230203e-01
9.48116601e-01
1.00094724e+00
9.92786586e-01
1.06159317e+00
1.03578961e+00
1.02472806e+00
1.01881468e+00
1.15413702e+00
1.19005203e+00
1.16117072e+00
1.13222682e+00
1.20198119e+00
1.07557905e+00
9.82659280e-01
1.13586771e+00
1.16969168e+00
9.95293915e-01
9.07068312e-01
1.02791536e+00
1.10770178e+00
9.15975392e-01
1.20179629e+00
1.29674494e+00
9.83579099e-01
9.68200982e-01
9.26393986e-01
1.18136084e+00
1.24653518e+00
9.56427217e-01
1.00554752e+00
1.16383648e+00
1.03869700e+00
1.00054920e+00
1.05856752e+00
1.12866449e+00
1.23899233e+00
1.19824004e+00
9.89218593e-01
8.68461490e-01
9.95350659e-01
1.18218136e+00
9.80289340e-01
1.01247835e+00
8.62698972e-01
1.22889721e+00
1.08591020e+00
9.09344375e-01
1.22756124e+00
9.62774992e-01
1.12829435e+00
1.16564846e+00
1.19477773e+00
1.14610827e+00
1.20335174e+00
9.08074200e-01
9.77957726e-01
9.24868226e-01
1.09937549e+00
1.03351009e+00
8.72266531e-01
1.28323722e+00
1.01440001e+00
1.01152682e+00
1.03359044e+00
1.09036624e+00
1.12563252e+00
1.00188780e+00
1.10848117e+00
9.89136159e-01
8.81169438e-01
1.12145936e+00
1.06442571e+00
1.11335981e+00
1.05524743e+00
9.68480587e-01
1.04265165e+00
1.10781825e+00
1.04703069e+00
1.27279484e+00
1.05306554e+00
1.16518915e+00
1.11521423e+00
1.08060396e+00
9.92642760e-01
1.36432171e+00
8.97944629e-01
8.25448096e-01
9.43252981e-01
1.11264086e+00
1.11572027e+00
9.95994449e-01
8.69774520e-01
9.50861514e-01
9.56619501e-01
1.14132106e+00
1.11052334e+00
9.80963767e-01
1.11693752e+00
1.08733296e+00
9.79373574e-01
9.25120413e-01
9.12133932e-01
9.82749343e-01
8.84370685e-01
1.02302039e+00
9.98797715e-01
9.18060839e-01
1.12923217e+00
9.82651055e-01
1.04577208e+00
9.63787436e-01
9.63908434e-01
1.09307408e+00
1.19686139e+00
9.59921420e-01
9.91720796e-01
8.92431855e-01
8.60840559e-01
9.34002101e-01
7.92213976e-01
8.98118794e-01
9.07227635e-01
8.35663378e-01
9.14060652e-01
1.04132199e+00
9.13807154e-01
1.23320866e+00
1.03230405e+00
8.67317080e-01
8.46181512e-01
8.18300843e-01
1.12272155e+00
1.02755368e+00
8.52223873e-01
9.80324686e-01
1.07718801e+00
9.61822212e-01
7.84348905e-01
8.15551043e-01
9.74627554e-01
9.25601244e-01
8.00810158e-01
8.97998691e-01
1.18841958e+00
7.35399842e-01
9.70905840e-01
9.15801406e-01
8.29436421e-01
7.29115188e-01
7.33904958e-01
9.01296437e-01
1.02128410e+00
8.73437583e-01
9.10994291e-01
9.49570715e-01
7.12872028e-01
1.00523353e+00
1.06100845e+00
9.49851990e-01
9.19427931e-01
9.16026294e-01
8.23987544e-01
1.14122677e+00
1.12861967e+00
7.99265623e-01
8.95485342e-01
9.59210396e-01
9.56845105e-01
9.01082814e-01
9.11427200e-01
9.24552917e-01
8.78397882e-01
8.47974956e-01
8.69229019e-01
7.55129576e-01
1.09963810e+00
8.30574572e-01
8.20491910e-01
9.78270411e-01
7.30017900e-01
1.00337851e+00
1.03689921e+00
9.09142852e-01
9.02831376e-01
8.12735140e-01
7.54205406e-01
8.61951709e-01
8.51018488e-01
1.00002706e+00
9.49123800e-01
7.20184505e-01
9.67869997e-01
7.74605691e-01
7.78846323e-01
7.32340634e-01
7.40900457e-01
7.96849251e-01
7.32424617e-01
6.97276413e-01
7.36888468e-01
6.67571664e-01
7.77183950e-01
9.37205315e-01
7.51861334e-01
8.78815353e-01
8.20793092e-01
6.65005445e-01
6.77604795e-01
6.61512733e-01
9.22068834e-01
9.65170264e-01
7.12230623e-01
7.46792138e-01
6.98981404e-01
7.40687788e-01
8.73577952e-01
8.99118900e-01
7.15879619e-01
9.63289618e-01
9.88693416e-01
6.53078437e-01
7.31873512e-01
6.76638842e-01
7.53709435e-01
7.67532825e-01
6.24127090e-01
7.62935221e-01
6.00611091e-01
5.53146243e-01
5.64731002e-01
7.01507628e-01
6.10601842e-01
4.73256707e-01
5.50645888e-01
7.69678533e-01
6.46451890e-01
7.17572510e-01
5.98114312e-01
5.69080591e-01
5.78962207e-01
5.76485276e-01
5.65669119e-01
4.83292878e-01
5.87656081e-01
4.81532931e-01
4.54915434e-01
8.30125868e-01
4.63866860e-01
5.13391912e-01
5.83552420e-01
4.60476398e-01
5.32207906e-01
4.85377759e-01
5.86129189e-01
4.35761392e-01
4.51880038e-01
4.93056178e-01
4.13433790e-01
5.16417623e-01
4.34531331e-01
4.08434659e-01
4.06069636e-01
3.83600950e-01
6.02173567e-01
4.94286001e-01
7.01050580e-01
4.94495422e-01
3.81642431e-01
4.13240939e-01
4.38873649e-01
4.50177372e-01
4.32729244e-01
4.81218398e-01
5.33808291e-01
5.46182871e-01
7.24847853e-01
6.48332238e-01
7.20754921e-01
6.90144241e-01
6.56483769e-01
6.03218913e-01
6.23298526e-01
6.07282937e-01
4.87181336e-01
6.35181785e-01
6.09846354e-01
5.83803475e-01
8.07170868e-01
6.60978734e-01
6.58222735e-01
5.62117279e-01
5.60710549e-01
7.30851054e-01
6.42761350e-01
6.85719371e-01
6.59973502e-01
5.65509140e-01
5.77252984e-01
5.81910193e-01
7.48572111e-01
6.83611989e-01
6.76564574e-01
5.84808648e-01
7.59688377e-01
8.91712248e-01
7.81793237e-01
9.75909948e-01
7.54878163e-01
6.68652952e-01
7.49349117e-01
7.28907704e-01
8.84296834e-01
8.25792551e-01
6.35172606e-01
7.05317676e-01
8.90829623e-01
9.31755424e-01
6.60850048e-01
8.43546867e-01
8.02295625e-01
7.68387735e-01
7.50837028e-01
7.90001094e-01
7.47597992e-01
7.29057491e-01
6.82790577e-01
9.15014088e-01
7.26150692e-01
6.47293091e-01
8.33075225e-01
5.94663084e-01
7.31382549e-01
7.13745415e-01
5.85565507e-01
6.83108330e-01
7.82783628e-01
8.54329526e-01
7.54847825e-01
8.42716932e-01
9.03277218e-01
7.49560475e-01
7.86316335e-01
9.54779565e-01
8.76121938e-01
8.77310753e-01
9.29410517e-01
9.21275258e-01
7.01568782e-01
7.16353178e-01
7.88500190e-01
8.44046175e-01
7.84173131e-01
8.38041782e-01
8.26479077e-01
1.02378249e+00
8.17401648e-01
7.50042856e-01
7.20431626e-01
8.31513345e-01
7.82038033e-01
7.06825554e-01
6.78631425e-01
8.94287884e-01
9.63721991e-01
7.50221193e-01
7.20899642e-01
8.97254825e-01
7.41350293e-01
7.02120304e-01
7.27683306e-01
6.88640714e-01
8.73720109e-01
7.97375143e-01
8.13938498e-01
7.67883599e-01
8.06532085e-01
8.29119265e-01
8.70763600e-01
6.65046930e-01
6.32664561e-01
7.84970939e-01
7.80471623e-01
7.54012048e-01
7.09288836e-01
6.94189310e-01
6.79062605e-01
6.93331957e-01
8.02228928e-01
1.04856586e+00
8.73776138e-01
6.97078347e-01
6.18111372e-01
7.70917177e-01
9.23089981e-01
8.30001950e-01
9.68647778e-01
9.02881384e-01
7.45401502e-01
8.87612581e-01
1.02501523e+00
7.81728923e-01
6.70355558e-01
8.67112637e-01
5.72512865e-01
7.00385690e-01
8.33300352e-01
9.25761819e-01
7.13531971e-01
7.51713037e-01
1.02812803e+00
7.57438660e-01
6.98140502e-01
7.31404841e-01
8.74836922e-01
1.56846082e+00
1.13322759e+00
7.79475629e-01
7.47231245e-01
8.12821448e-01
8.01045716e-01
6.83877885e-01
6.54731631e-01
8.11718106e-01
7.89543569e-01
6.38355494e-01
8.00907612e-01
8.21249306e-01
7.61693656e-01
7.83182561e-01
7.20932364e-01
5.95256746e-01
6.69656336e-01
8.05242538e-01
6.57606661e-01
6.75322950e-01
7.35711753e-01
8.01593184e-01
7.37419486e-01
8.71353924e-01
8.14764619e-01
7.09024966e-01
7.42733538e-01
6.86473012e-01
6.18052483e-01
7.45994508e-01
7.39228606e-01
7.44899750e-01
8.66988659e-01
8.85517776e-01
9.73991990e-01
6.90212548e-01
7.99884796e-01
8.28073382e-01
7.75686324e-01
7.17965961e-01
6.46026194e-01
6.44462347e-01
6.80540144e-01
7.01765954e-01
7.07561970e-01
6.97141945e-01
7.11366773e-01
6.80741847e-01
9.82983828e-01
7.59035349e-01
7.94613838e-01
9.60345328e-01
7.53348887e-01
6.35903478e-01
7.79522240e-01
8.37079287e-01
8.64788055e-01
7.40569770e-01
7.67557144e-01
7.04430401e-01
7.14011490e-01
6.26187265e-01
6.80290461e-01
8.35230231e-01
6.90630972e-01
9.39183593e-01
7.72698224e-01
6.89489365e-01
7.00511515e-01
6.81140959e-01
7.56859779e-01
7.63110936e-01
7.25878298e-01
7.36908376e-01
7.85936177e-01
6.32557094e-01
7.19264925e-01
6.88080549e-01
7.69525647e-01
8.10269535e-01
6.77697003e-01
7.04698682e-01
7.01071024e-01
7.07580149e-01
7.41760314e-01
8.18089306e-01
7.93806314e-01
7.16291606e-01
1.01444066e+00
6.75837100e-01
8.30976903e-01
8.58639300e-01
6.90360487e-01
7.73383021e-01
8.36566567e-01
7.01698005e-01
7.68634558e-01
7.55639732e-01
7.71815181e-01
8.76067877e-01
7.32464135e-01
6.79075778e-01
7.85122037e-01
7.54167676e-01
7.73832142e-01
7.93099821e-01
6.65972590e-01
7.25845098e-01
6.77040279e-01
8.06888998e-01
7.69117475e-01
5.96330225e-01
7.13049710e-01
8.06577444e-01
8.47012162e-01
8.16964388e-01
7.99364448e-01
7.70186067e-01
7.58461177e-01
8.53857160e-01
7.25608706e-01
6.01565003e-01
6.17872655e-01
6.93373382e-01
5.92746854e-01
6.84160471e-01
6.07868671e-01
6.48960412e-01
7.29252160e-01
9.21908319e-01
7.23435044e-01
8.86418402e-01
7.77760088e-01
7.11316824e-01
7.69072831e-01
7.33025551e-01
5.90985060e-01
5.54999709e-01
5.28715909e-01
6.67850792e-01
8.11689317e-01
7.58489549e-01
6.17538691e-01
6.88219309e-01
7.79666960e-01
6.49122775e-01
6.03576958e-01
9.28134203e-01
9.01740193e-01
5.58336973e-01
7.24868476e-01
8.77633750e-01
6.88976526e-01
6.52236700e-01
7.72704601e-01
6.68848097e-01
7.04187632e-01
7.99858153e-01
6.97060823e-01
6.74019456e-01
8.23399484e-01
6.01189256e-01
6.02167845e-01
7.05232441e-01
7.80212939e-01
7.61741698e-01
7.86387444e-01
7.16670871e-01
8.44294012e-01
8.01065445e-01
6.24772966e-01
7.40119398e-01
7.55489469e-01
5.98238528e-01
8.96130800e-01
7.26580977e-01
5.56752682e-01
7.04878986e-01
8.01446676e-01
5.89425564e-01
6.58693552e-01
5.62115669e-01
6.78565145e-01
8.36577475e-01
6.36104047e-01
7.18051434e-01
6.33998394e-01
5.74843347e-01
5.59208632e-01
7.64875770e-01
8.09012651e-01
5.87423503e-01
6.01077437e-01
6.71022296e-01
6.40339375e-01
5.54650903e-01
7.75025070e-01
7.48317361e-01
7.23685086e-01
6.72793090e-01
6.23985291e-01
6.65449262e-01
7.87273765e-01
6.59954071e-01
6.01405561e-01
6.09984756e-01
6.40675187e-01
4.82925385e-01
5.53763211e-01
6.93520308e-01
8.15650940e-01
7.23208189e-01
7.00049102e-01
7.41791248e-01
5.90300441e-01
5.50668061e-01
8.26722801e-01
6.95183873e-01
5.46252668e-01
6.84219539e-01
5.83536446e-01
5.35452962e-01
6.47907376e-01
7.90228784e-01
7.40447402e-01
6.91301525e-01
5.94300747e-01
6.84320927e-01
5.17187417e-01
5.07563829e-01
5.90520561e-01
7.16008663e-01
7.51478493e-01
6.45172119e-01
5.58396339e-01
5.54177105e-01
6.30608559e-01
5.68500161e-01
6.72308028e-01
5.73599041e-01
7.89222598e-01
6.39201999e-01
4.83716667e-01
7.03267097e-01
6.04500532e-01
5.45554936e-01
5.46341956e-01
7.31395304e-01
7.18979120e-01
5.62773943e-01
8.37080657e-01
5.23850381e-01
7.91234851e-01
7.95808315e-01
6.59270048e-01
7.02898860e-01
6.44920111e-01
5.91635108e-01
6.08436048e-01
6.85730278e-01
7.05335736e-01
6.85632288e-01
6.94894195e-01
6.08791173e-01
5.29825330e-01
6.41360343e-01
7.31591642e-01
5.52474856e-01
8.50092947e-01
7.89917588e-01
6.42487764e-01
5.20516038e-01
6.35570884e-01
7.37325191e-01
7.14506745e-01
8.63486171e-01
6.75876141e-01
5.48362315e-01
5.65921724e-01
7.08275020e-01
5.64931750e-01
6.81040466e-01
6.67291462e-01
4.64947462e-01
5.69409728e-01
8.08919549e-01
5.93667865e-01
5.69576085e-01
7.11914003e-01
7.34567404e-01
6.02885008e-01
5.52887380e-01
6.01049721e-01
7.66515911e-01
6.10475004e-01
6.05236709e-01
5.65096378e-01
5.53328931e-01
7.20107555e-01
7.04482734e-01
5.83382666e-01
5.90290725e-01
5.84528267e-01
7.79016197e-01
6.18482828e-01
5.00568748e-01
7.17380762e-01
6.68151975e-01
5.40729880e-01
6.52174354e-01
5.56277454e-01
6.15828395e-01
5.26765704e-01
5.43420136e-01
5.87839067e-01
5.94576776e-01
5.53940773e-01
6.28061354e-01
6.44217610e-01
5.70555329e-01
6.50857449e-01
7.85951495e-01
5.77785790e-01
5.92098773e-01
7.31270790e-01
6.96438551e-01
5.39351344e-01
6.08071744e-01
5.33326268e-01
5.93994260e-01
6.78718567e-01
6.41207755e-01
5.86862564e-01
5.20954967e-01
7.23874569e-01
5.23677647e-01
5.07647455e-01
5.34076273e-01
5.21816552e-01
5.50119162e-01
7.42563188e-01
6.03907287e-01
6.34766400e-01
5.66891253e-01
5.06217599e-01
5.93862593e-01
6.91647649e-01
6.52810454e-01
5.38758516e-01
5.63935876e-01
5.81633091e-01
5.14192939e-01
4.55355227e-01
5.13741136e-01
5.69747210e-01
5.71904361e-01
5.55720150e-01
5.73982596e-01
5.25373876e-01
5.16767025e-01
6.06994271e-01
6.37942553e-01
5.19008934e-01
5.10138512e-01
5.43392181e-01
5.12092829e-01
5.23466706e-01
4.13970858e-01
5.16466260e-01
7.42507219e-01
6.08933210e-01
5.66887736e-01
6.30136073e-01
5.70627570e-01
6.58546746e-01
7.82643914e-01
5.29419482e-01
6.90480530e-01
7.84050822e-01
7.03650057e-01
5.64057171e-01
5.66701710e-01
6.77930355e-01
4.93960828e-01
6.21423483e-01
6.68874145e-01
5.77371061e-01
6.02825284e-01
4.69651312e-01
6.60079956e-01
5.61357856e-01
5.36335111e-01
5.58081031e-01
4.99522477e-01
7.18137980e-01
6.40984416e-01
6.36577189e-01
5.92380643e-01
5.11763573e-01
4.32116210e-01
4.64407384e-01
6.69481516e-01
4.05684859e-01
4.86636072e-01
6.16376936e-01
5.14071524e-01
5.44516861e-01
6.03454649e-01
5.16333997e-01
6.21613622e-01
6.79914355e-01
4.55172271e-01
6.38376355e-01
4.95255798e-01
6.19302869e-01
7.71176338e-01
6.08182907e-01
5.53443134e-01
5.75519562e-01
5.28962195e-01
5.06621122e-01
5.06020725e-01
5.97017765e-01
5.72623909e-01
6.76043928e-01
5.33758938e-01
4.80537325e-01
5.37939847e-01
5.75961828e-01
5.23456573e-01
5.76118708e-01
6.46339655e-01
7.13301241e-01
6.05837822e-01
5.18414080e-01
5.12257516e-01
1.03262234e+00
2.41489196e+00
1.74561524e+00
3.24934483e+00
3.10986233e+00
2.31630206e+00
1.46814322e+00
5.51826596e-01
4.93841529e-01
4.26409900e-01
5.62681317e-01
7.75028408e-01
5.93436897e-01
4.82871592e-01
5.36231220e-01
4.73171413e-01
4.48733777e-01
7.40518630e-01
5.45493066e-01
5.51059127e-01
5.67375958e-01
5.40410936e-01
5.31865895e-01
5.64839602e-01
7.54558563e-01
6.05599105e-01
4.69487429e-01
4.60282445e-01
5.19197583e-01
5.29340088e-01
6.19203091e-01
4.46152300e-01
4.69247580e-01
5.48893213e-01
5.21466553e-01
5.23126066e-01
5.20211041e-01
6.46445692e-01
5.98662972e-01
5.00584185e-01
4.26491350e-01
5.31277001e-01
4.47260052e-01
6.16592824e-01
5.64491451e-01
5.16835988e-01
4.98812228e-01
5.05232155e-01
4.60373402e-01
7.47598767e-01
5.79713702e-01
5.48160017e-01
6.60189033e-01
4.59759414e-01
5.17767251e-01
5.28343320e-01
4.85823363e-01
4.96688724e-01
6.08258307e-01
5.62129140e-01
4.98094589e-01
5.68450153e-01
5.47625244e-01
4.42613125e-01
4.35959905e-01
5.88269234e-01
6.77168250e-01
4.12334502e-01
5.08565366e-01
5.36763012e-01
4.44622159e-01
5.05475581e-01
3.95612985e-01
4.91338462e-01
4.89123106e-01
5.40814042e-01
5.72645426e-01
5.56080401e-01
4.52286273e-01
4.40938592e-01
5.35464704e-01
6.69411600e-01
5.36395073e-01
3.73329818e-01
4.91072655e-01
4.94977355e-01
4.22808349e-01
4.71108884e-01
6.83919609e-01
6.12077057e-01
6.26529157e-01
4.94156212e-01
4.61977094e-01
4.88387495e-01
4.90775436e-01
6.14453852e-01
6.17438853e-01
4.78935659e-01
4.77048874e-01
4.76788342e-01
4.16612953e-01
5.16892910e-01
5.50865829e-01
4.95777488e-01
4.53621179e-01
4.69085783e-01
4.92826641e-01
5.59446573e-01
4.93817419e-01
6.23444140e-01
5.36494672e-01
5.09854972e-01
5.79011321e-01
4.82137322e-01
4.26739961e-01
4.04954821e-01
4.67633843e-01
4.79975700e-01
4.35716867e-01
4.58495826e-01
3.60917360e-01
4.08098221e-01
4.71421242e-01
3.97253543e-01
4.90603030e-01
5.55057883e-01
6.01369739e-01
3.72629017e-01
4.61071402e-01
5.49490154e-01
4.35132861e-01
5.24260998e-01
4.83135849e-01
4.00737435e-01
6.16851926e-01
5.55706859e-01
4.42112058e-01
5.43366730e-01
5.08111119e-01
4.64295864e-01
4.89044279e-01
5.06698847e-01
5.05083144e-01
6.12560093e-01
3.13800514e-01
4.74408150e-01
6.42827153e-01
5.80610633e-01
4.45685506e-01
3.77918541e-01
7.45637953e-01
4.14052308e-01
3.67250115e-01
4.89870489e-01
4.27117139e-01
4.85426545e-01
5.92840314e-01
6.63819194e-01
6.09400332e-01
6.05441868e-01
5.47711730e-01
6.38323843e-01
5.01039445e-01
5.80330670e-01
5.44915557e-01
3.90765578e-01
5.14773488e-01
5.36389470e-01
3.80052835e-01
4.70289081e-01
5.93890309e-01
6.21085227e-01
4.76649940e-01
4.56629038e-01
4.26925123e-01
4.42812264e-01
4.14912343e-01
4.13858443e-01
3.96815419e-01
4.77698982e-01
5.64315557e-01
4.81659383e-01
4.29069221e-01
5.04128456e-01
5.44523895e-01
5.28068721e-01
5.78970075e-01
5.23417890e-01
4.89460081e-01
6.10691071e-01
5.95451415e-01
5.00846267e-01
5.80397606e-01
5.26956797e-01
4.78142560e-01
4.90456671e-01
3.52902889e-01
4.42231506e-01
5.31137764e-01
4.36698437e-01
4.11956787e-01
4.05780256e-01
4.28191721e-01
4.32547539e-01
4.20935214e-01
4.76298958e-01
4.42441523e-01
5.05959868e-01
6.20020688e-01
3.54510307e-01
5.54394662e-01
3.89479548e-01
4.13498431e-01
5.47303379e-01
5.47446370e-01
5.38154423e-01
4.87193227e-01
4.41102177e-01
5.03858626e-01
5.30943394e-01
5.28141081e-01
6.38748944e-01
3.61243784e-01
4.27038342e-01
3.71146679e-01
4.08646315e-01
4.13599074e-01
4.13860410e-01
4.72188920e-01
4.40363705e-01
4.64611709e-01
3.86672825e-01
3.62009645e-01
4.65837508e-01
6.00041389e-01
6.72369719e-01
5.49331367e-01
6.60292745e-01
5.41753352e-01
5.37381589e-01
7.56367326e-01
5.09604335e-01
7.87792981e-01
5.57297170e-01
4.76080298e-01
6.16451204e-01
4.78979349e-01
4.37432498e-01
4.29015726e-01
4.72832322e-01
4.08166230e-01
5.14915168e-01
4.25018698e-01
4.35885459e-01
5.59568465e-01
5.01591206e-01
5.38623095e-01
5.92000008e-01
5.36837995e-01
3.66885453e-01
4.60479259e-01
4.90931660e-01
3.91529709e-01
4.78177875e-01
4.95779812e-01
5.13838708e-01
4.79512513e-01
3.90419573e-01
4.45121765e-01
8.10962260e-01
5.06134510e-01
4.58926797e-01
4.12967354e-01
4.00746495e-01
4.62614477e-01
4.82387692e-01
5.56969166e-01
4.78276312e-01
4.45865244e-01
4.99453366e-01
5.42072415e-01
5.19458473e-01
4.79584366e-01
4.71224993e-01
4.38757747e-01
4.52554941e-01
4.32017595e-01
3.80633682e-01
3.42601120e-01
4.57830280e-01
4.74507987e-01
4.43230987e-01
4.55648154e-01
5.63992560e-01
4.42752987e-01
4.61856842e-01
6.44120395e-01
5.80610275e-01
3.61210227e-01
4.86500502e-01
5.58839679e-01
5.28999269e-01
4.09605354e-01
5.28194189e-01
6.62606537e-01
3.89035225e-01
5.17264009e-01
3.46810609e-01
3.85802031e-01
4.14934486e-01
4.50663000e-01
3.96487057e-01
3.40581864e-01
4.05708909e-01
5.25207996e-01
4.99192446e-01
2.99293816e-01
3.36382419e-01
3.83026093e-01
4.14915174e-01
5.27807355e-01
4.57516193e-01
3.83674651e-01
4.60188538e-01
5.74620485e-01
4.74571854e-01
4.59942311e-01
3.69793952e-01
3.99315715e-01
4.50797260e-01
3.39831769e-01
4.33358610e-01
4.26095217e-01
3.38189155e-01
3.89340222e-01
3.38392198e-01
3.84672791e-01
5.68726301e-01
4.80588347e-01
3.91946942e-01
4.16128874e-01
5.26694238e-01
4.57704604e-01
4.49181616e-01
3.67958009e-01
3.61798257e-01
5.27601659e-01
6.78408325e-01
5.22922218e-01
4.23681468e-01
4.38838512e-01
3.74075055e-01
4.37114418e-01
6.08124912e-01
5.36424816e-01
4.03478563e-01
4.48366970e-01
3.41424316e-01
3.73031527e-01
3.49667221e-01
2.80089706e-01
5.34283042e-01
5.23941636e-01
3.69479418e-01
3.27975035e-01
6.00823998e-01
3.62545222e-01
4.04488176e-01
4.42120820e-01
4.19064879e-01
4.17511910e-01
4.27312434e-01
3.63691062e-01
3.94415230e-01
4.82129425e-01
3.82039309e-01
4.04715210e-01
4.89636540e-01
3.54065746e-01
6.29225492e-01
4.39581186e-01
4.27026123e-01
4.99522448e-01
4.66854930e-01
3.61581773e-01
3.57795596e-01
4.47544903e-01
4.80553269e-01
4.64634120e-01
3.50833565e-01
4.82740432e-01
3.60171139e-01
2.73669928e-01
3.44557792e-01
4.44108754e-01
3.72225434e-01
4.28625435e-01
4.26219106e-01
4.73794609e-01
6.17777824e-01
5.48083901e-01
4.07286137e-01
3.25232118e-01
4.54173297e-01
4.67859268e-01
4.98675823e-01
4.53714371e-01
3.46984029e-01
6.37235641e-01
3.58079702e-01
2.84975529e-01
3.66606772e-01
4.11859423e-01
3.10992688e-01
3.90670687e-01
3.05297732e-01
3.23336631e-01
4.37399089e-01
3.68231714e-01
3.12044472e-01
3.62173438e-01
2.92686582e-01
4.43979204e-01
4.29448009e-01
3.88808757e-01
4.29687589e-01
3.53663474e-01
3.51842761e-01
3.18934083e-01
2.83471763e-01
3.47023129e-01
3.51829112e-01
3.66426378e-01
2.74593949e-01
0.00000000e+00
2.86373973e-01
4.03986871e-01
2.74941683e-01
4.03414696e-01
4.63229865e-01
4.73211825e-01
6.28476918e-01
5.80624521e-01
3.61491233e-01
4.32492137e-01
3.16740632e-01
5.23259938e-01
4.91995841e-01
2.99248546e-01
6.37531042e-01
3.20717841e-01
5.13588369e-01
3.73613954e-01
2.79875040e-01
3.58577937e-01
2.90331095e-01
3.07177812e-01
3.74916762e-01
3.34327817e-01
3.08983982e-01
3.73437226e-01
3.50099325e-01
3.66698265e-01
3.94764900e-01
3.59857053e-01
3.40128720e-01
5.03485203e-01
5.69181025e-01
2.61112571e-01
3.13419759e-01
3.05208623e-01
2.95300663e-01
3.72641206e-01
3.64056051e-01
4.64124471e-01
3.22023124e-01
3.53538126e-01
4.71924573e-01
4.78489429e-01
3.61072302e-01
3.66310388e-01
3.01664859e-01
2.82722175e-01
3.99632275e-01
3.32919419e-01
3.56367111e-01
2.99378455e-01
3.68241280e-01
3.67305607e-01
4.09349591e-01
3.81437212e-01
4.29324538e-01
6.53544247e-01
3.20594102e-01
3.51883411e-01
4.13206488e-01
3.73211056e-01
3.99691224e-01
3.96696091e-01
3.04228663e-01
3.40637326e-01
3.75729918e-01
4.92445886e-01
4.28031087e-01
3.86794657e-01
3.08861524e-01
3.83793354e-01
3.65063429e-01
3.85771245e-01
3.80330682e-01
3.85199130e-01
3.28020185e-01
3.00861597e-01
3.38357568e-01
3.63058448e-01
3.64812732e-01
3.84780943e-01
4.82701600e-01
4.17088032e-01
3.06122273e-01
3.98853004e-01
4.49420989e-01
4.28894460e-01
3.35908324e-01
3.56001079e-01
4.85610843e-01
3.38362634e-01
4.51878697e-01
4.01214927e-01
3.11233431e-01
5.60354829e-01
8.49095702e-01
7.89132655e-01
8.98498237e-01
7.47245431e-01
4.73705202e-01
3.80557746e-01
4.38657641e-01
6.12857282e-01
4.16124046e-01
3.18774909e-01
2.64899641e-01
3.80042225e-01
5.70699692e-01
5.63540876e-01
2.38718793e-01
4.86310482e-01
3.90162259e-01
3.64177644e-01
5.38238108e-01
4.94651824e-01
3.23935330e-01
3.52489501e-01
3.80995005e-01
3.47091675e-01
2.67740041e-01
4.09860045e-01
3.00441742e-01
2.83233613e-01
2.56470084e-01
3.40802372e-01
3.54060858e-01
3.30815941e-01
3.02000701e-01
4.25621957e-01
4.19415712e-01
3.97850782e-01
3.59725177e-01
3.25794697e-01
4.51201946e-01
2.92125076e-01
3.20581049e-01
3.45325440e-01
4.67718184e-01
6.27091646e-01
4.76784676e-01
7.43800879e-01
5.03260851e-01
3.44465971e-01
4.04357642e-01
4.51634943e-01
3.32611591e-01
4.01088387e-01
4.55333412e-01
3.49035174e-01
3.49643022e-01
4.17929322e-01
3.09711486e-01
3.73752385e-01
2.79056162e-01
2.99474716e-01
4.47187871e-01
3.44980329e-01
2.99117535e-01
3.09877247e-01
2.86107183e-01
3.19354802e-01
4.84098196e-01
4.61661518e-01
3.25454921e-01
3.37690085e-01
3.98721933e-01
4.21582997e-01
2.91913390e-01
3.56129706e-01
4.08079416e-01
5.21730244e-01
3.36832583e-01
3.94336790e-01
4.61889476e-01
3.36123824e-01
2.49168217e-01
3.31875116e-01
4.27198678e-01
3.40041846e-01
3.22796524e-01
3.06736887e-01
3.28607380e-01
4.94765729e-01
4.02989775e-01
5.28586924e-01
3.78551811e-01
2.95192331e-01
3.11642915e-01
2.79369354e-01
6.77524030e-01
5.47417939e-01
3.44021708e-01
4.21178997e-01
3.66404563e-01
4.02881682e-01
4.23262626e-01
3.29526395e-01
2.98295140e-01
2.66436785e-01
4.59191710e-01
4.28959727e-01
3.20859045e-01
2.55312562e-01
2.87815303e-01
3.86823595e-01
3.93490702e-01
3.48432273e-01
3.30642194e-01
3.18274677e-01
3.84997100e-01
3.26653630e-01
2.89380759e-01
3.91467929e-01
3.69628519e-01
3.17544520e-01
2.82438964e-01
3.72665316e-01
2.78171301e-01
3.84131908e-01
4.71176803e-01
4.40765589e-01
3.43803376e-01
3.77059698e-01
4.02413636e-01
3.32411677e-01
3.42642546e-01
2.46564046e-01
2.61042923e-01
3.89121681e-01
2.54786342e-01
3.15314800e-01
4.32352871e-01
3.30140680e-01
3.22668135e-01
2.84485251e-01
3.07233661e-01
2.97479361e-01
3.46500874e-01
2.79727101e-01
2.43194506e-01
3.21741641e-01
4.38427359e-01
2.91489094e-01
3.49367678e-01
3.00495863e-01
3.11735779e-01
2.47411534e-01
2.23731294e-01
2.48931020e-01
3.19567412e-01
3.66604716e-01
3.19941342e-01
3.04334998e-01
3.09523791e-01
3.34196836e-01
2.73410201e-01
3.13366175e-01
4.32785839e-01
3.88580024e-01
3.32829863e-01
4.33398068e-01
3.05405766e-01
2.87266821e-01
2.32188120e-01
3.11074138e-01
3.44159544e-01
2.50046164e-01
3.64762336e-01
3.50059956e-01
2.70573914e-01
3.58454764e-01
3.22908580e-01
4.78310615e-01
1.05134058e+00
7.16169238e-01
5.94707191e-01
1.16948676e+00
4.19659436e-01
3.61301988e-01
3.77778322e-01
4.09561664e-01
3.77117038e-01
3.07356745e-01
2.81695426e-01
2.53507107e-01
3.04002315e-01
3.19291145e-01
4.52504933e-01
4.84054178e-01
4.10975456e-01
4.53651011e-01
4.63280946e-01
2.88133532e-01
2.16676742e-01
3.30637634e-01
3.66479278e-01
3.37958664e-01
3.11609864e-01
2.65415102e-01
2.53261983e-01
3.10357600e-01
4.44182128e-01
2.64689088e-01
2.73897678e-01
3.18873346e-01
3.64282876e-01
2.83542991e-01
2.04030946e-01
3.54893446e-01
3.24795932e-01
2.76886284e-01
4.02809978e-01
3.07163566e-01
2.91739404e-01
2.92592078e-01
3.24509889e-01
3.29292625e-01
2.72665441e-01
3.42071205e-01
2.51028001e-01
4.14928138e-01
3.27174604e-01
4.11311030e-01
4.81267393e-01
2.69321978e-01
2.54361123e-01
2.53548890e-01
2.98675686e-01
3.86038512e-01
3.51127207e-01
2.72680938e-01
2.53319055e-01
4.22876775e-01
3.14793885e-01
3.05187941e-01
3.79442632e-01
3.02519321e-01
2.01302558e-01
2.99463749e-01
2.70435959e-01
3.21822494e-01
3.89127046e-01
2.99609810e-01
2.83442646e-01
2.48675615e-01
3.73460799e-01
4.14025873e-01
2.86106110e-01
2.96821147e-01
2.73144573e-01
2.64864028e-01
2.99748242e-01
3.20687771e-01
2.66025305e-01
2.61533320e-01
2.70401895e-01
3.56413990e-01
3.70930851e-01
3.07534188e-01
2.43234977e-01
2.86249191e-01
3.26203197e-01
3.17249238e-01
2.54612476e-01
2.56178498e-01
2.91767865e-01
3.04701149e-01
2.62424320e-01
2.65866399e-01
2.79578030e-01
2.94986337e-01
2.56331712e-01
2.25930944e-01
3.68595392e-01
4.27060992e-01
3.98631930e-01
3.07137281e-01
2.41201729e-01
2.66841143e-01
2.72564769e-01
2.58835256e-01
3.86252254e-01
2.87608266e-01
3.13760579e-01
3.93158823e-01
2.58440733e-01
3.21495265e-01
2.51880556e-01
2.67941743e-01
2.62659609e-01
2.22225174e-01
4.05138433e-01
3.30797434e-01
2.75893271e-01
2.79240996e-01
2.97743171e-01
2.43012831e-01
2.77085423e-01
3.62546057e-01
2.68852681e-01
2.81095892e-01
3.29243779e-01
2.68836290e-01
2.56097227e-01
2.47754708e-01
3.03584278e-01
3.35002095e-01
2.73360789e-01
2.36088634e-01
4.92912352e-01
2.73098379e-01
2.47873053e-01
2.70439595e-01
2.57604182e-01
2.30513930e-01
3.13856006e-01
2.65424520e-01
2.49490321e-01
2.47404650e-01
3.38074118e-01
3.17934632e-01
2.73112744e-01
2.58209288e-01
2.92473078e-01
3.11267257e-01
2.93256998e-01
2.77716190e-01
2.63653547e-01
2.61498153e-01
2.18142211e-01
2.41047010e-01
3.35397094e-01
3.10197234e-01
3.40359002e-01
3.02723348e-01
3.81301522e-01
3.74619722e-01
3.58363211e-01
2.44030774e-01
3.10203403e-01
3.12566698e-01
2.96379954e-01
3.20384383e-01
3.46436322e-01
3.40724140e-01
3.96438926e-01
3.64960164e-01
3.51855487e-01
3.61379504e-01
4.43645120e-01
3.94790024e-01
2.87514597e-01
2.72010326e-01
2.65801072e-01
2.13091761e-01
2.16868088e-01
2.26596922e-01
2.39707023e-01
3.37337792e-01
4.58151728e-01
3.27438951e-01
2.02490464e-01
2.95737654e-01
3.22544754e-01
3.51699710e-01
2.92742044e-01
3.59633446e-01
4.15079683e-01
3.26058805e-01
4.59942669e-01
3.45014334e-01
4.80500609e-01
4.08278644e-01
3.01868647e-01
3.15101117e-01
2.11342812e-01
2.79703230e-01
4.71581846e-01
5.17467082e-01
4.88941580e-01
4.39239919e-01
3.74242812e-01
3.73779774e-01
3.50389928e-01
3.26690227e-01
3.17250133e-01
3.67136210e-01
3.25873941e-01
2.81002194e-01
2.50520438e-01
2.90204912e-01
3.06563914e-01
3.13397348e-01
4.03391510e-01
2.83558756e-01
3.80145431e-01
2.86205590e-01
2.57865906e-01
2.62276322e-01
2.36658603e-01
3.04867297e-01
3.70041758e-01
3.04378301e-01
2.45323837e-01
3.42616886e-01
3.36755812e-01
3.37851852e-01
2.60999888e-01
2.83783972e-01
3.53735805e-01
2.18655944e-01
3.00052613e-01
2.52031952e-01
3.45926553e-01
3.40805203e-01
2.51252532e-01
2.40497962e-01
3.55240136e-01
4.49502498e-01
3.24260831e-01
2.66675651e-01
2.55736798e-01
2.81704545e-01
3.75787109e-01
3.13795030e-01
3.33990306e-01
4.47651297e-01
3.35535556e-01
2.08227083e-01
4.53437865e-01
2.44436473e-01
2.39277273e-01
3.28066409e-01
3.56994241e-01
3.58783513e-01
2.99503773e-01
3.68742347e-01
2.78652370e-01
3.39559346e-01
3.69505674e-01
2.77923584e-01
2.58617282e-01
2.10725382e-01
2.25407287e-01
1.99204937e-01
2.54006237e-01
2.10495785e-01
2.96712637e-01
2.84033090e-01
2.22103015e-01
1.78353012e-01
2.48558894e-01
2.48684153e-01
2.24502847e-01
1.83286205e-01
2.61706561e-01
3.68279457e-01
2.94645131e-01
2.53297359e-01
2.61572897e-01
4.04021710e-01
2.66358376e-01
2.37548694e-01
1.98901087e-01
2.05483913e-01
2.29161844e-01
2.48713851e-01
3.35126758e-01
3.23256046e-01
1.98185340e-01
2.35138774e-01
2.91689903e-01
2.38171831e-01
2.81367630e-01
2.09301919e-01
2.28460655e-01
3.36864829e-01
2.46133834e-01
2.88928360e-01
2.39816606e-01
2.47891068e-01
3.45885485e-01
3.07745665e-01
2.49350265e-01
2.59471267e-01
1.78837940e-01
1.73329622e-01
2.58140028e-01
2.93639272e-01
2.50370055e-01
2.57391810e-01
3.03458571e-01
3.16995949e-01
2.52151340e-01
2.81679630e-01
2.05816969e-01
3.70408773e-01
2.43778035e-01
2.58562207e-01
2.83366263e-01
2.86758542e-01
3.76800537e-01
2.63257831e-01
2.06035465e-01
1.88274905e-01
1.95589781e-01
2.48028785e-01
2.23435953e-01
4.21751648e-01
2.21992716e-01
2.54408360e-01
3.87929261e-01
2.08106309e-01
2.92608410e-01
2.57841051e-01
2.81709164e-01
2.85092056e-01
2.73938209e-01
2.50231504e-01
2.37032831e-01
3.47149849e-01
3.70357335e-01
2.65645057e-01
2.10116476e-01
3.30810100e-01
1.98235452e-01
2.31827170e-01
3.73169750e-01
2.51438081e-01
2.34078646e-01
2.79827297e-01
2.77318597e-01
2.44614840e-01
2.26953655e-01
3.30630034e-01
3.02261531e-01
2.22690806e-01
2.21455082e-01
2.76709884e-01
3.95964473e-01
2.73931742e-01
2.23839626e-01
2.04485968e-01
2.38404617e-01
1.81598723e-01
2.12172866e-01
1.98853105e-01
2.32260719e-01
3.33422393e-01
2.33657628e-01
3.76274973e-01
2.31189370e-01
2.03944519e-01
2.43462518e-01
2.89280623e-01
2.33089671e-01
2.73353130e-01
2.99180478e-01
2.06397399e-01
2.17094317e-01
2.52815664e-01
2.20934853e-01
3.42827380e-01
1.82022035e-01
2.15246856e-01
2.95050234e-01
2.24883005e-01
3.78225982e-01
2.52741873e-01
2.39105716e-01
2.42472738e-01
1.79012805e-01
2.31787086e-01
3.41756314e-01
2.09861398e-01
2.65458614e-01
2.68054694e-01
1.91740617e-01
2.50249594e-01
3.55397940e-01
2.13799775e-01
2.38000855e-01
2.87542313e-01
2.79096872e-01
2.26598114e-01
2.58573741e-01
2.65543133e-01
2.68755347e-01
2.84762979e-01
2.76187629e-01
3.47631127e-01
3.88779134e-01
2.56814927e-01
2.47004449e-01
2.24569976e-01
2.10461959e-01
2.20085040e-01
2.31485724e-01
2.39615694e-01
4.29547369e-01
3.43450159e-01
3.23479146e-01
3.01623225e-01
3.11196029e-01
3.05281878e-01
3.02002847e-01
2.82001704e-01
1.93868235e-01
2.68693805e-01
2.11308986e-01
2.13150457e-01
2.03635961e-01
1.78935096e-01
2.73981184e-01
2.62445539e-01
1.95528150e-01
2.02555627e-01
2.17083916e-01
2.05963343e-01
1.98722765e-01
2.31337547e-01
6.28615260e-01
4.83574450e-01
4.67414230e-01
4.01834726e-01
3.50074053e-01
2.47543201e-01
3.26691002e-01
2.33042613e-01
2.93205738e-01
2.80849904e-01
2.16549814e-01
3.08678329e-01
4.26403373e-01
2.02840731e-01
2.09195733e-01
2.56078333e-01
2.36236796e-01
2.37465590e-01
2.46718869e-01
2.53111482e-01
1.97325766e-01
2.39250526e-01
2.55317122e-01
2.54443526e-01
4.14122850e-01
3.85129213e-01
3.82733464e-01
2.58629769e-01
1.79153755e-01
2.93109953e-01
1.93229899e-01
3.59973550e-01
2.70908386e-01
2.79326588e-01
2.44555831e-01
2.03131765e-01
1.86494768e-01
2.19117045e-01
3.57680798e-01
3.87433797e-01
6.47753060e-01
3.31433773e-01
3.25222999e-01
3.72530401e-01
2.30065033e-01
2.31221259e-01
2.65520066e-01
2.83407122e-01
2.50149578e-01
3.29132408e-01
2.02005431e-01
2.11764470e-01
3.27163309e-01
2.31632262e-01
1.94002420e-01
3.88275236e-01
4.66061413e-01
3.93213332e-01
3.20168674e-01
2.87302613e-01
2.00612962e-01
1.73852801e-01
2.07973152e-01
2.17931524e-01
2.44817182e-01
2.88817257e-01
2.19150454e-01
3.53251219e-01
2.63436317e-01
2.15702325e-01
3.07304770e-01
2.93553442e-01
1.98468432e-01
1.91885471e-01
2.11472437e-01
3.37824017e-01
3.13684314e-01
2.84064859e-01
2.10784599e-01
2.19733715e-01
2.13055834e-01
2.36607060e-01
2.82085836e-01
2.60162473e-01
1.99510485e-01
2.58783132e-01
1.96205914e-01
2.69585758e-01
3.86602283e-01
2.94845164e-01
2.10189551e-01
3.05671811e-01
2.14804918e-01
2.60638893e-01
3.46735716e-01
2.41848201e-01
2.07329452e-01
1.99035108e-01
2.82632589e-01
1.84304267e-01
2.22705185e-01
2.33101383e-01
2.58633435e-01
1.76599503e-01
2.46603742e-01
2.22392291e-01
2.75578856e-01
2.29814872e-01
2.43532464e-01
2.84678042e-01
2.69818962e-01
3.53967786e-01
2.96173662e-01
2.68444538e-01
3.07883978e-01
2.26360753e-01
2.45882645e-01
2.98680067e-01
2.30364040e-01
2.82260031e-01
2.14063704e-01
2.44814575e-01
2.48379096e-01
2.45902568e-01
3.06290507e-01
2.07214952e-01
1.96906880e-01
1.71440348e-01
2.35241354e-01
1.99098364e-01
2.08057433e-01
2.78884500e-01
1.97622776e-01
2.41956890e-01
2.31899515e-01
1.51199386e-01
2.79839426e-01
1.90606892e-01
1.98503345e-01
2.48693481e-01
2.31295347e-01
1.81160152e-01
2.41412476e-01
3.54918957e-01
2.06077233e-01
3.06554198e-01
3.60845327e-01
3.09811175e-01
2.83672184e-01
3.95479560e-01
3.76549810e-01
3.22562277e-01
2.89994657e-01
1.82580948e-01
1.80076271e-01
3.08798134e-01
2.49050841e-01
2.20427185e-01
2.22332984e-01
1.81813180e-01
1.37884974e-01
2.84476906e-01
1.92105323e-01
2.54768610e-01
1.96359634e-01
2.50866324e-01
2.38710940e-01
2.07171619e-01
2.09736004e-01
1.85142875e-01
1.68506011e-01
1.81751132e-01
2.17033803e-01
2.92869389e-01
2.52238333e-01
2.73795038e-01
2.08184972e-01
2.00760707e-01
2.44675413e-01
3.17427039e-01
2.83360928e-01
2.93546915e-01
1.88047022e-01
1.80849820e-01
1.92602172e-01
1.71477661e-01
1.86032057e-01
2.30584890e-01
4.75524098e-01
6.04635715e-01
5.17443299e-01
5.24879515e-01
7.04026878e-01
4.67822552e-01
4.19494689e-01
5.70870936e-01
5.04212141e-01
4.73248065e-01
4.41424727e-01
2.68343478e-01
2.44393170e-01
2.53068596e-01
2.95411736e-01
2.77043462e-01
3.33328217e-01
3.36482584e-01
3.65179092e-01
3.36440831e-01
2.55522996e-01
5.09141445e-01
3.13046604e-01
2.81826466e-01
2.44088873e-01
3.11506152e-01
3.40244025e-01
2.49754101e-01
2.41927877e-01
2.32086658e-01
2.78502166e-01
3.25179279e-01
3.18960428e-01
2.61941344e-01
3.43469054e-01
2.33484730e-01
2.38481373e-01
2.84164965e-01
3.32665622e-01
2.13221192e-01
3.12225938e-01
1.98510513e-01
2.73519844e-01
3.48268390e-01
2.33812958e-01
3.09874713e-01
2.68562347e-01
2.00858235e-01
1.77067265e-01
1.93144858e-01
2.34702364e-01
2.44781747e-01
1.98941126e-01
2.11375281e-01
1.96717873e-01
1.91399977e-01
2.07909212e-01
1.68146938e-01
1.55509621e-01
1.88859329e-01
2.17069954e-01
1.78737491e-01
2.10786954e-01
2.99362928e-01
2.84127206e-01
3.12888622e-01
3.80334377e-01
3.56831402e-01
3.65004003e-01
4.71794844e-01
3.43660295e-01
2.90503621e-01
2.79963046e-01
2.20032558e-01
1.88763872e-01
2.24844068e-01
2.20291346e-01
1.94441274e-01
2.04173893e-01
1.75623909e-01
1.89399049e-01
1.76645726e-01
2.21597672e-01
2.13970244e-01
2.31313303e-01
2.19939336e-01
4.02598262e-01
5.36592126e-01
5.37903130e-01
3.87004375e-01
2.20302016e-01
3.04248244e-01
2.94753730e-01
2.25624219e-01
2.62489915e-01
1.78116217e-01
1.65598601e-01
2.38165423e-01
2.78273523e-01
2.30858698e-01
2.40774766e-01
1.85834408e-01
1.67622015e-01
2.43797213e-01
3.38607848e-01
2.99322098e-01
2.85811275e-01
1.98868781e-01
2.08536327e-01
2.01802224e-01
2.73861915e-01
4.92736548e-01
5.57979405e-01
3.40233415e-01
2.12270766e-01
1.89921975e-01
3.61035347e-01
2.79611051e-01
2.70569324e-01
3.26999992e-01
2.59821683e-01
2.42639512e-01
2.10114539e-01
1.82357535e-01
2.09494069e-01
4.14650172e-01
5.20178914e-01
4.92841333e-01
4.65718985e-01
3.01711380e-01
2.43828401e-01
1.99475050e-01
1.58910453e-01
1.88957930e-01
2.85931021e-01
2.68650919e-01
2.13309199e-01
2.96180844e-01
2.41295129e-01
2.17152402e-01
2.03981310e-01
2.51220703e-01
2.60580808e-01
3.66252154e-01
4.37070042e-01
4.32867408e-01
4.42012012e-01
3.34399164e-01
3.40499759e-01
3.10460687e-01
2.66986191e-01
2.35597134e-01
2.57701755e-01
2.71363229e-01
3.30181152e-01
2.86377966e-01
1.86483175e-01
2.20367178e-01
3.53883594e-01
3.22371304e-01
2.34968647e-01
1.83710933e-01
2.56142586e-01
2.73962080e-01
2.74156511e-01
4.32141930e-01
2.26407543e-01
2.42058143e-01
2.57913917e-01
2.28566542e-01
2.74127662e-01
2.17632100e-01
2.46390313e-01
2.69834220e-01
1.73865512e-01
2.02979967e-01
3.47523481e-01
5.04191101e-01
6.84608817e-01
4.09160286e-01
3.55435222e-01
2.51055032e-01
3.72225881e-01
2.36515760e-01
3.63359660e-01
1.50300667e-01
2.67215371e-01
3.12717944e-01
2.32818857e-01
2.54593551e-01
2.35459685e-01
1.90382972e-01
2.44941339e-01
2.49168381e-01
1.77554294e-01
2.15028808e-01
2.92923421e-01
2.52818763e-01
2.15000570e-01
2.26966187e-01
1.99811146e-01
2.50705808e-01
1.85451880e-01
2.05018938e-01
3.21552783e-01
3.53942543e-01
5.71271718e-01
4.00615156e-01
2.57168800e-01
1.91812694e-01
1.79306924e-01
1.53974384e-01
2.44903877e-01
2.63692498e-01
2.23340303e-01
2.98603714e-01
2.25950018e-01
2.01241031e-01
2.45557621e-01
2.19820067e-01
4.80611712e-01
5.28232157e-01
5.67669451e-01
3.98710966e-01
2.06523985e-01
2.39336893e-01
2.54137576e-01
2.38959774e-01
2.12623924e-01
1.93286985e-01
3.23676437e-01
9.05585229e-01
1.08719289e+00
4.47282970e-01
2.19236493e-01
3.62210214e-01
2.86682785e-01
4.61153895e-01
6.32088363e-01
6.57305956e-01
6.09428108e-01
3.08035225e-01
2.39109442e-01
2.33379275e-01
2.05014393e-01
1.69874117e-01
2.46651798e-01
1.87344491e-01
2.66079873e-01
2.49824017e-01
1.76150963e-01
1.72195420e-01
2.15818152e-01
2.92604893e-01
3.13399047e-01
2.13289052e-01
2.35876843e-01
2.62089223e-01
2.97510386e-01
2.95175374e-01
2.60969639e-01
1.88020274e-01
2.29579121e-01
1.99004754e-01
2.11707801e-01
2.40774661e-01
1.54905930e-01
2.71216899e-01
2.41037592e-01
2.27099761e-01
1.54010594e-01
1.75475061e-01
1.93490341e-01
2.14351460e-01
2.02673391e-01
2.12058142e-01
2.02199116e-01
2.08875388e-01
1.71786189e-01
2.24738657e-01
2.39427567e-01
2.33599231e-01
2.40646064e-01
1.78380996e-01
1.99982435e-01
2.25590616e-01
1.56969875e-01
2.25960523e-01
2.91976362e-01
2.13794887e-01
2.11552992e-01
2.24892691e-01
2.31947958e-01
2.12445334e-01
1.27856627e-01
1.74992815e-01
1.87147141e-01
1.57748535e-01
1.89797178e-01
1.98496506e-01
1.59083635e-01
1.67226687e-01
2.37114742e-01
2.17969120e-01
1.94688424e-01
1.72394469e-01
1.72486946e-01
1.55322522e-01
2.11350843e-01
2.04199180e-01
1.93388373e-01
1.60100579e-01
1.86166406e-01
1.76492572e-01
1.95592269e-01
2.64479697e-01
2.05513552e-01
1.61389723e-01
1.47556901e-01
2.60166407e-01
1.71268523e-01
1.71745703e-01
1.40924647e-01
2.31925532e-01
2.01623619e-01
1.64713040e-01
2.17967674e-01
1.89043462e-01
1.87354967e-01
2.12891176e-01
2.21296683e-01
2.26513565e-01
2.78997838e-01
2.48135269e-01
2.05128416e-01
2.18235508e-01
1.91408843e-01
1.65792480e-01
1.95964292e-01
1.72932580e-01
2.16109589e-01
2.09129468e-01
1.73128664e-01
1.75661683e-01
1.86712921e-01
1.56162411e-01
2.01130569e-01
1.76361114e-01
1.56102598e-01
1.76416546e-01
1.94258764e-01
2.50153214e-01
1.47611290e-01
1.53391808e-01
2.09599972e-01
2.57455975e-01
2.19024241e-01
2.42179617e-01
2.53699064e-01
1.62819907e-01
1.61613405e-01
2.07477331e-01
2.01233461e-01
2.24594519e-01
2.86107302e-01
1.81903839e-01
1.53555766e-01
1.86248764e-01
1.74437359e-01
1.61016405e-01
1.86212629e-01
1.81685969e-01
2.34756902e-01
2.87236571e-01
4.18927640e-01
3.55407596e-01
2.69264668e-01
3.35400820e-01
4.05955404e-01
3.73000085e-01
3.59237164e-01
2.74996281e-01
3.18446428e-01
3.69813055e-01
5.48059702e-01
4.37867433e-01
3.40005577e-01
2.11529821e-01
1.89182475e-01
1.98189318e-01
2.67844409e-01
2.65733063e-01
1.87851965e-01
1.78682327e-01
1.64690077e-01
1.45408988e-01
1.94811687e-01
2.19045877e-01
1.72829688e-01
2.05736980e-01
1.82589531e-01
1.98708504e-01
1.41687542e-01
1.61811993e-01
1.85102344e-01
2.09315121e-01
3.51229578e-01
8.43744218e-01
9.03397083e-01
7.13108957e-01
5.80108345e-01
4.23610389e-01
5.44220328e-01
4.35677379e-01
2.64993429e-01
1.92817762e-01
1.81340158e-01
3.00538599e-01
3.57770920e-01
2.64137268e-01
2.34529927e-01
3.16197574e-01
1.46496356e-01
1.54424995e-01
1.60606951e-01
1.72508523e-01
2.33166784e-01
2.93566436e-01
2.86946028e-01
2.90200561e-01
2.70785987e-01
1.87661558e-01
1.94113582e-01
2.07446232e-01
2.84114659e-01
5.50090492e-01
8.54277492e-01
6.52469873e-01
6.15736544e-01
2.94807047e-01
1.79551423e-01
1.50734082e-01
1.44569606e-01
2.03202635e-01
3.56102556e-01
3.32201213e-01
3.55939209e-01
2.55169243e-01
2.93742239e-01
1.98063806e-01
2.26089269e-01
4.66218114e-01
7.09203064e-01
7.05698371e-01
6.26614809e-01
2.56957114e-01
1.91642269e-01
1.90024242e-01
3.08656067e-01
2.76867628e-01
2.04040661e-01
2.72274524e-01
2.37249136e-01
2.84365326e-01
3.78616482e-01
2.31347173e-01
1.96347862e-01
1.36801779e-01
1.90955713e-01
4.27354157e-01
5.82909465e-01
6.30825520e-01
5.28359950e-01
2.66821921e-01
1.54207185e-01
2.02775866e-01
2.55984247e-01
2.13463530e-01
1.80289283e-01
2.09582597e-01
1.62012279e-01
1.85104266e-01
2.67431349e-01
2.33279735e-01
2.16839045e-01
2.80754209e-01
2.19256341e-01
1.87033504e-01
1.68786511e-01
2.44498894e-01
4.14843678e-01
4.35897559e-01
3.14692974e-01
2.46245816e-01
1.42610684e-01
1.61015123e-01
1.74544737e-01
1.85739607e-01
2.04906002e-01
1.67338043e-01
1.75965637e-01
1.87152416e-01
1.70140892e-01
1.71264261e-01
1.64467603e-01
1.58517301e-01
2.09599167e-01
2.49991134e-01
2.03828499e-01
2.00784788e-01
2.14811400e-01
2.47677058e-01
3.57690483e-01
2.38862857e-01
2.47802138e-01
2.06333652e-01
1.38124049e-01
1.65754557e-01
1.98952764e-01
1.51252180e-01
1.74233645e-01
1.61296204e-01
1.50541067e-01
1.85995787e-01
1.96893707e-01
1.89832851e-01
1.52898580e-01
1.51151180e-01
1.59190625e-01
1.77994639e-01
1.67971522e-01
1.79055199e-01
2.17193156e-01
1.63207695e-01
1.90291435e-01
1.98708892e-01
2.27436274e-01
1.91340402e-01
1.59128338e-01
2.17866048e-01
1.54664457e-01
1.72866940e-01
2.53311008e-01
2.15758905e-01
2.86304265e-01
2.16112450e-01
1.37258932e-01
1.45419106e-01
1.99897036e-01
2.16738954e-01
2.73560762e-01
3.12073559e-01
2.72472620e-01
3.00816208e-01
2.62015373e-01
3.67135197e-01
2.31004521e-01
2.56851166e-01
2.23049715e-01
2.18858406e-01
2.23675221e-01
1.77517250e-01
2.10855454e-01
2.49154106e-01
2.80069947e-01
2.96739519e-01
2.95804352e-01
3.04736763e-01
3.08288366e-01
3.06571633e-01
2.61746287e-01
2.60469228e-01
4.15134281e-01
3.25204521e-01
3.21492076e-01
2.59223193e-01
2.69279182e-01
2.23154962e-01
2.03981832e-01
2.10528359e-01
1.69489861e-01
1.91155314e-01
2.50729591e-01
2.87892997e-01
2.07682624e-01
1.62909940e-01
1.99875847e-01
1.40431061e-01
2.13295549e-01
2.83511609e-01
1.89728618e-01
1.98810726e-01
1.36347264e-01
1.46942526e-01
1.61835253e-01
1.63529381e-01
1.59467071e-01
1.91097364e-01
1.43961608e-01
1.68487459e-01
1.70879886e-01
1.49972126e-01
1.54404268e-01
2.17842937e-01
1.46846712e-01
1.33956373e-01
1.83630213e-01
1.83735535e-01
1.65183708e-01
1.58079922e-01
1.96349934e-01
1.76285610e-01
1.70661941e-01
1.77371204e-01
1.68054387e-01
1.93165407e-01
1.82344615e-01
2.06267640e-01
3.33909243e-01
5.35032034e-01
5.62600553e-01
5.19534111e-01
5.28460860e-01
4.55355048e-01
6.05472624e-01
4.51479226e-01
3.24740469e-01
6.98537648e-01
5.89569330e-01
5.81857204e-01
3.86844248e-01
2.48295993e-01
1.60273537e-01
2.43619144e-01
2.99616426e-01
2.54605174e-01
2.27148041e-01
1.70686543e-01
1.42694876e-01
1.62633419e-01
1.49419233e-01
1.48278162e-01
2.31515884e-01
2.75714219e-01
1.88075423e-01
1.86624900e-01
1.82094753e-01
1.90612987e-01
2.32953906e-01
1.84944823e-01
2.76093662e-01
9.41144824e-01
1.53201270e+00
1.03899479e+00
1.00333381e+00
5.02950191e-01
4.71095115e-01
5.14884472e-01
4.21305925e-01
3.33524227e-01
1.79470062e-01
1.86786339e-01
2.42482439e-01
2.76256323e-01
2.75864631e-01
2.10589513e-01
1.89919710e-01
2.07400158e-01
2.17692703e-01
1.57365277e-01
2.22824335e-01
2.75048882e-01
4.29750621e-01
3.76164138e-01
3.56945902e-01
2.17363134e-01
1.43981814e-01
1.34040445e-01
1.70576051e-01
2.98201919e-01
6.57753766e-01
1.20878661e+00
6.87257767e-01
6.31022334e-01
2.53235430e-01
1.55260742e-01
1.99066922e-01
1.96911871e-01
3.25710893e-01
5.24050474e-01
4.37901765e-01
3.76714200e-01
2.40614951e-01
1.57770649e-01
1.67952299e-01
2.28142157e-01
5.42792261e-01
1.00799072e+00
1.05938232e+00
1.04314911e+00
3.94087017e-01
2.60659069e-01
1.84259653e-01
2.13414028e-01
1.92796275e-01
1.79412603e-01
1.70412675e-01
2.36576751e-01
3.89228731e-01
4.06321347e-01
3.89480025e-01
2.52655536e-01
2.05533683e-01
1.75878048e-01
2.43291408e-01
7.16914475e-01
9.71208215e-01
9.48268294e-01
6.81748152e-01
2.98690468e-01
2.15994313e-01
1.28100857e-01
1.37812153e-01
2.25796849e-01
1.55507997e-01
1.86959624e-01
2.18279257e-01
1.64499283e-01
1.83315903e-01
1.82643071e-01
3.56915534e-01
4.52004045e-01
3.25949728e-01
3.16086054e-01
2.20537424e-01
2.91290313e-01
5.33163428e-01
5.62052488e-01
5.03755271e-01
