2.56526089e+00
2.44698167e+00
2.51661706e+00
2.54662776e+00
2.49137521e+00
2.59584665e+00
2.47154212e+00
2.69140100e+00
2.57534385e+00
2.74222803e+00
2.70194054e+00
2.59732890e+00
2.80432701e+00
2.74576855e+00
2.83296418e+00
2.73094249e+00
2.68439054e+00
2.77875185e+00
2.71573472e+00
2.77157521e+00
2.73644853e+00
2.64283061e+00
2.73987150e+00
2.89378715e+00
2.70538044e+00
2.78401756e+00
2.74193192e+00
2.62163639e+00
2.74880695e+00
2.65427017e+00
2.67139125e+00
2.57910943e+00
2.55330729e+00
2.67208219e+00
2.55846405e+00
2.57933164e+00
2.60307050e+00
2.44966841e+00
2.59523058e+00
2.55610490e+00
2.42674494e+00
2.44803953e+00
2.31767035e+00
2.32421088e+00
2.43653417e+00
2.37971926e+00
2.33659649e+00
2.50812078e+00
2.39392185e+00
2.51114964e+00
2.50946164e+00
2.43501949e+00
2.53964782e+00
2.53445292e+00
2.57233334e+00
2.66650558e+00
2.58577776e+00
2.57185698e+00
2.67813754e+00
2.72709274e+00
2.69870138e+00
2.75541925e+00
2.81600523e+00
2.69913912e+00
2.74712276e+00
2.75055647e+00
2.82010698e+00
2.71715331e+00
2.69908428e+00
2.72924376e+00
2.74866891e+00
2.77376413e+00
2.64897919e+00
2.72383952e+00
2.79537129e+00
2.65683317e+00
2.66836953e+00
2.68228602e+00
2.71021152e+00
2.70435143e+00
2.63202667e+00
2.59818864e+00
2.66175246e+00
2.60417914e+00
2.64923811e+00
2.64340043e+00
2.49970055e+00
2.49936867e+00
2.53752923e+00
2.47432399e+00
2.40601039e+00
2.40031958e+00
2.41426611e+00
2.38081098e+00
2.21464586e+00
2.17046380e+00
2.27996230e+00
2.15916204e+00
2.19452691e+00
2.11821127e+00
2.04242945e+00
2.06503916e+00
2.06329536e+00
1.96278536e+00
1.91264033e+00
1.94763935e+00
2.08984399e+00
2.15306163e+00
2.13229823e+00
2.07433724e+00
2.06337214e+00
2.16246080e+00
2.16718793e+00
2.25428367e+00
2.25660849e+00
2.27072906e+00
2.38628626e+00
2.46794891e+00
2.52509713e+00
2.45977139e+00
2.61818647e+00
2.51742172e+00
2.51795888e+00
2.58949661e+00
2.58178067e+00
2.57647514e+00
2.62469482e+00
2.74609542e+00
2.73646331e+00
2.68656254e+00
2.67848969e+00
2.71843100e+00
2.76330733e+00
2.73915672e+00
2.77198219e+00
2.71923280e+00
2.69719744e+00
2.79726791e+00
2.85224295e+00
2.88985062e+00
2.84265661e+00
2.83618927e+00
2.82893825e+00
2.79064178e+00
2.84998107e+00
2.77999187e+00
2.72167039e+00
2.81570673e+00
2.89534068e+00
2.85518074e+00
2.83351874e+00
2.90081978e+00
2.78306770e+00
2.78589988e+00
2.85682392e+00
2.79236960e+00
2.74030352e+00
2.79386878e+00
2.81033373e+00
2.84267950e+00
2.74652386e+00
2.76601791e+00
2.76601028e+00
2.61283422e+00
2.64325690e+00
2.64376473e+00
2.63636041e+00
2.53867102e+00
2.61665320e+00
2.59534955e+00
2.51200247e+00
2.45516300e+00
2.36123776e+00
2.41413593e+00
2.39069700e+00
2.35192156e+00
2.38105845e+00
2.35390306e+00
2.32026696e+00
2.15730929e+00
2.16952705e+00
2.15053439e+00
2.13182950e+00
2.11776495e+00
2.05106068e+00
2.02450299e+00
1.92232299e+00
1.91184711e+00
1.83859468e+00
1.77828419e+00
1.79295444e+00
1.68763816e+00
1.55958688e+00
1.55989587e+00
1.57282698e+00
1.56912041e+00
1.65885150e+00
1.74110186e+00
1.75275016e+00
1.88387549e+00
1.92913795e+00
1.92200828e+00
1.96462345e+00
1.92517030e+00
2.07629204e+00
2.07996202e+00
2.13325596e+00
2.23686981e+00
2.17314005e+00
2.13486910e+00
2.26726079e+00
2.32724285e+00
2.26383328e+00
2.30070114e+00
2.45872235e+00
2.54270649e+00
2.43803716e+00
2.56633162e+00
2.54978967e+00
2.53055358e+00
2.57479811e+00
2.62662363e+00
2.68915224e+00
2.61714816e+00
2.65488362e+00
2.61927056e+00
2.70766068e+00
2.74543238e+00
2.68912458e+00
2.72327971e+00
2.78576994e+00
2.81599689e+00
2.87640095e+00
2.88903975e+00
2.87019563e+00
2.79202342e+00
2.89781857e+00
2.91485357e+00
2.88806844e+00
2.96176720e+00
2.95751786e+00
2.91459775e+00
2.91457009e+00
2.87167621e+00
2.89867473e+00
2.86680865e+00
2.88505912e+00
2.85336423e+00
2.90707731e+00
2.93485260e+00
3.07336712e+00
3.09315109e+00
3.04191899e+00
3.05060530e+00
3.01239204e+00
3.02961540e+00
3.04108977e+00
3.03019667e+00
3.07538915e+00
3.05467582e+00
3.13286781e+00
3.09145474e+00
3.04128075e+00
3.06471777e+00
2.99535680e+00
3.03385615e+00
3.05434060e+00
3.03172946e+00
3.00204039e+00
2.93399405e+00
2.96608377e+00
3.07029819e+00
3.09734058e+00
3.00371456e+00
2.99508595e+00
3.00121331e+00
2.99551773e+00
2.97930050e+00
2.98827243e+00
2.93036461e+00
2.87938237e+00
2.94171953e+00
2.80433440e+00
2.96148515e+00
3.01327634e+00
2.98203969e+00
2.85806966e+00
2.80690527e+00
2.84191084e+00
2.80682349e+00
2.80628490e+00
2.74183536e+00
2.75555706e+00
2.74047637e+00
2.77561855e+00
2.80308890e+00
2.72121978e+00
2.66664314e+00
2.61867476e+00
2.63735652e+00
2.67475080e+00
2.57726312e+00
2.62457395e+00
2.64100838e+00
2.49541187e+00
2.55794501e+00
2.50393987e+00
2.36293268e+00
2.42155862e+00
2.41466165e+00
2.32849121e+00
2.32609081e+00
2.30643988e+00
2.24994874e+00
2.24206185e+00
2.21904182e+00
2.09122109e+00
2.16685820e+00
2.15157270e+00
2.03730798e+00
1.98610127e+00
1.95028329e+00
1.95367956e+00
1.89189541e+00
1.86932909e+00
1.77290535e+00
1.72799146e+00
1.66205311e+00
1.64426088e+00
1.60228264e+00
1.51661766e+00
1.52940309e+00
1.40385246e+00
1.39710605e+00
1.32120204e+00
1.21042061e+00
1.32485783e+00
1.34954095e+00
1.39479864e+00
1.46208537e+00
1.45027852e+00
1.60973573e+00
1.62321627e+00
1.67001510e+00
1.67404068e+00
1.68510497e+00
1.82043266e+00
1.88078785e+00
1.91269755e+00
1.97153151e+00
1.94047046e+00
1.97529471e+00
2.03483176e+00
2.07938266e+00
2.15430522e+00
2.12544489e+00
2.08624601e+00
2.20538735e+00
2.22584200e+00
2.24599552e+00
2.23472524e+00
2.25265574e+00
2.32043815e+00
2.36588335e+00
2.42479372e+00
2.46031809e+00
2.41666722e+00
2.46142149e+00
2.53624845e+00
2.51421690e+00
2.44320583e+00
2.52813601e+00
2.58046937e+00
2.59618473e+00
2.63155222e+00
2.62748599e+00
2.56930280e+00
2.67023587e+00
2.66379833e+00
2.72009277e+00
2.71365809e+00
2.69783378e+00
2.70601654e+00
2.71188116e+00
2.79490542e+00
2.79836631e+00
2.80623603e+00
2.79946446e+00
2.77524257e+00
2.78797746e+00
2.77397060e+00
2.82496595e+00
2.87727451e+00
2.87065196e+00
2.83440804e+00
2.93560481e+00
2.92136502e+00
2.89804339e+00
2.83895326e+00
2.84611154e+00
2.92850685e+00
2.91314459e+00
2.90498924e+00
2.88638043e+00
2.94890809e+00
2.96115661e+00
2.91765046e+00
2.92792964e+00
3.01197314e+00
2.97575569e+00
2.97344589e+00
2.96899271e+00
2.97307467e+00
3.00171208e+00
3.02146292e+00
2.99698639e+00
2.99550152e+00
3.01467681e+00
3.00950551e+00
3.01953793e+00
3.00031781e+00
2.98365378e+00
3.02446342e+00
2.97806478e+00
3.00259709e+00
2.97680950e+00
3.02092123e+00
3.07471776e+00
3.04134035e+00
3.01764011e+00
3.02369118e+00
3.01304770e+00
3.01080918e+00
3.02333283e+00
3.02370071e+00
3.02753305e+00
2.95448589e+00
3.04102850e+00
3.04598522e+00
2.98149729e+00
2.99509072e+00
3.08284879e+00
2.97948170e+00
2.95630431e+00
3.06937504e+00
2.97847509e+00
3.03344059e+00
3.03495550e+00
2.97999382e+00
3.06786823e+00
3.02373743e+00
2.99113131e+00
2.98938966e+00
3.05436015e+00
3.05619717e+00
3.02195144e+00
3.00150228e+00
3.01910353e+00
2.92734551e+00
2.99753094e+00
2.99150991e+00
2.97580719e+00
3.02275634e+00
2.95535207e+00
2.95082211e+00
3.02476025e+00
3.01239252e+00
3.05184126e+00
3.03229761e+00
2.96118021e+00
2.98766732e+00
3.01591229e+00
2.99234295e+00
3.01807928e+00
2.99853086e+00
3.01132512e+00
2.99728060e+00
2.95083356e+00
3.04612446e+00
2.95482302e+00
2.95316505e+00
2.97222352e+00
2.93790817e+00
2.91781092e+00
2.90915704e+00
2.88761115e+00
2.92238951e+00
2.97867680e+00
2.85165882e+00
2.86719179e+00
2.91034627e+00
2.81934571e+00
2.90663958e+00
2.95778656e+00
2.83425498e+00
2.88697195e+00
2.90477872e+00
2.86912918e+00
2.83994603e+00
2.86920094e+00
2.82798553e+00
2.82239103e+00
2.81155777e+00
2.83311057e+00
2.84275627e+00
2.83458686e+00
2.81290340e+00
2.82606626e+00
2.79924798e+00
2.76580691e+00
2.71681094e+00
2.73362255e+00
2.72176886e+00
2.71661520e+00
2.76405811e+00
2.72899342e+00
2.71269917e+00
2.70949745e+00
2.71947908e+00
2.65796065e+00
2.59338236e+00
2.66277719e+00
2.57883835e+00
2.56219196e+00
2.59197688e+00
2.60688758e+00
2.62892985e+00
2.56672859e+00
2.60098505e+00
2.59490132e+00
2.55274248e+00
2.53099704e+00
2.49712968e+00
2.52392149e+00
2.47526789e+00
2.45313931e+00
2.56193924e+00
2.50443959e+00
2.35343647e+00
2.45722842e+00
2.42107511e+00
2.41619158e+00
2.42448711e+00
2.34162116e+00
2.29698300e+00
2.32096124e+00
2.27702236e+00
2.26872563e+00
2.29302216e+00
2.26209378e+00
2.25525451e+00
2.16846943e+00
2.15273571e+00
2.09801793e+00
2.07844925e+00
2.09148240e+00
2.06906247e+00
1.99651206e+00
1.98551440e+00
1.99611366e+00
1.88594151e+00
1.88983047e+00
1.92015386e+00
1.80041862e+00
1.83208895e+00
1.85485923e+00
1.75172353e+00
1.73662281e+00
1.70678473e+00
1.66259706e+00
1.56118345e+00
1.51630092e+00
1.50973499e+00
1.49498785e+00
1.43454874e+00
1.40746510e+00
1.36831629e+00
1.30462432e+00
1.25704527e+00
1.17654157e+00
1.10533369e+00
1.03361213e+00
1.06328595e+00
1.16880918e+00
1.20306563e+00
1.31419408e+00
1.39417303e+00
1.31766164e+00
1.39468288e+00
1.49492431e+00
1.49995506e+00
1.52014506e+00
1.63031220e+00
1.69519508e+00
1.70879638e+00
1.71778142e+00
1.75409245e+00
1.78827190e+00
1.82325077e+00
1.76266110e+00
1.89264417e+00
1.88523841e+00
1.88593185e+00
1.93760645e+00
1.90393126e+00
1.96148622e+00
2.04046249e+00
2.02718139e+00
2.11796498e+00
2.13691115e+00
2.07758999e+00
2.11720800e+00
2.13733339e+00
2.20453548e+00
2.20594621e+00
2.14235210e+00
2.24923491e+00
2.18520045e+00
2.24236155e+00
2.30498290e+00
2.28813791e+00
2.27676821e+00
2.28207850e+00
2.32450747e+00
2.27854824e+00
2.36432648e+00
2.40765691e+00
2.30446339e+00
2.34626317e+00
2.43165016e+00
2.41248536e+00
2.38529754e+00
2.44188738e+00
2.44307113e+00
2.47288275e+00
2.38745332e+00
2.44228268e+00
2.44470429e+00
2.47146893e+00
2.46179390e+00
2.43909097e+00
2.49127054e+00
2.53259730e+00
2.49253774e+00
2.48226452e+00
2.54199696e+00
2.50325990e+00
2.47424412e+00
2.52178741e+00
2.52464199e+00
2.52075076e+00
2.53064275e+00
2.58773947e+00
2.55467486e+00
2.58155870e+00
2.60098648e+00
2.57325149e+00
2.61354566e+00
2.63215566e+00
2.55804610e+00
2.56860638e+00
2.62767410e+00
2.54854584e+00
2.57151532e+00
2.60112214e+00
2.62676907e+00
2.61933136e+00
2.55873513e+00
2.61503363e+00
2.63255906e+00
2.58948302e+00
2.64106941e+00
2.63552308e+00
2.63187528e+00
2.61103964e+00
2.60560536e+00
2.66169167e+00
2.64921737e+00
2.65188360e+00
2.62421322e+00
2.59926772e+00
2.67187238e+00
2.59628916e+00
2.63831592e+00
2.61417723e+00
2.55104661e+00
2.59752560e+00
2.60781670e+00
2.59717417e+00
2.58729506e+00
2.62485123e+00
2.58505106e+00
2.62602758e+00
2.64392042e+00
2.62260652e+00
2.60029817e+00
2.63027072e+00
2.67695880e+00
2.65299606e+00
2.64789367e+00
2.62652421e+00
2.65170217e+00
2.64970756e+00
2.65153956e+00
2.68343377e+00
2.65385652e+00
2.66273141e+00
2.65192628e+00
2.71246696e+00
2.62623191e+00
2.56325221e+00
2.66527295e+00
2.61009049e+00
2.63541460e+00
2.60126615e+00
2.58399558e+00
2.67687535e+00
2.65186524e+00
2.61995792e+00
2.64886427e+00
2.69296050e+00
2.67909002e+00
2.69546056e+00
2.66828060e+00
2.63733649e+00
2.62764788e+00
2.61717010e+00
2.61459875e+00
2.60977817e+00
2.63416314e+00
2.65786481e+00
2.63661027e+00
2.59274197e+00
2.65724301e+00
2.66686749e+00
2.57976961e+00
2.65464163e+00
2.62273216e+00
2.56769919e+00
2.57029939e+00
2.66432238e+00
2.66007829e+00
2.55536890e+00
2.59815741e+00
2.57098579e+00
2.59730816e+00
2.63860345e+00
2.56744862e+00
2.58317089e+00
2.68215990e+00
2.56812906e+00
2.62195945e+00
2.65999913e+00
2.62521148e+00
2.64191461e+00
2.62948394e+00
2.57946515e+00
2.61634445e+00
2.65795350e+00
2.60989547e+00
2.58431625e+00
2.63191342e+00
2.60536575e+00
2.64181662e+00
2.65473080e+00
2.63014483e+00
2.64286327e+00
2.60570240e+00
2.61591554e+00
2.61662436e+00
2.62504840e+00
2.61034942e+00
2.57730556e+00
2.60126519e+00
2.58946562e+00
2.58755612e+00
2.62134552e+00
2.57376289e+00
2.55200958e+00
2.54685307e+00
2.58094358e+00
2.61623144e+00
2.60254455e+00
2.55274034e+00
2.59059358e+00
2.54137468e+00
2.60300112e+00
2.57497215e+00
2.61194515e+00
2.58647466e+00
2.57357907e+00
2.57744932e+00
2.55541825e+00
2.57118988e+00
2.56768966e+00
2.53827047e+00
2.53756452e+00
2.52600217e+00
2.59086561e+00
2.52312469e+00
2.49116898e+00
2.53847456e+00
2.51718330e+00
2.51812148e+00
2.52739239e+00
2.53597879e+00
2.54839706e+00
2.54816556e+00
2.60569167e+00
2.57170868e+00
2.55263472e+00
2.51629353e+00
2.48738837e+00
2.54420567e+00
2.56147289e+00
2.50883341e+00
2.55149746e+00
2.53078103e+00
2.50471330e+00
2.49020576e+00
2.57398772e+00
2.55785060e+00
2.49592471e+00
2.53367376e+00
2.51266932e+00
2.47949219e+00
2.48107576e+00
2.46958399e+00
2.50740361e+00
2.49514699e+00
2.44562101e+00
2.48980927e+00
2.51376629e+00
2.52159810e+00
2.51878858e+00
2.50320673e+00
2.49856973e+00
2.47321987e+00
2.50840020e+00
2.49182463e+00
2.48656607e+00
2.45903611e+00
2.42404127e+00
2.46149945e+00
2.44333172e+00
2.46496058e+00
2.49234176e+00
2.45143986e+00
2.41389990e+00
2.44492245e+00
2.45726562e+00
2.41623044e+00
2.44594479e+00
2.48172140e+00
2.44569516e+00
2.43296552e+00
2.44944167e+00
2.45045328e+00
2.41774821e+00
2.38885188e+00
2.38881683e+00
2.43776011e+00
2.40391779e+00
2.45311141e+00
2.44306636e+00
2.41772842e+00
2.44319081e+00
2.44718337e+00
2.41790056e+00
2.44735503e+00
2.41465569e+00
2.42324996e+00
2.44476056e+00
2.42450833e+00
2.39632368e+00
2.43664765e+00
2.39463067e+00
2.38847923e+00
2.43771029e+00
2.47352958e+00
2.43466234e+00
2.46634007e+00
2.41505122e+00
2.43820810e+00
2.40296578e+00
2.40286422e+00
2.43054724e+00
2.40963268e+00
2.41026020e+00
2.41789222e+00
2.39867115e+00
2.36383581e+00
2.42322779e+00
2.42168784e+00
2.42077971e+00
2.44733191e+00
2.39013457e+00
2.38311243e+00
2.44348788e+00
2.43701863e+00
2.40361714e+00
2.40868282e+00
2.39933920e+00
2.39037347e+00
2.41553497e+00
2.35394263e+00
2.40111208e+00
2.38032007e+00
2.36708426e+00
2.35380292e+00
2.32004738e+00
2.36505723e+00
2.37288785e+00
2.39088082e+00
2.37513256e+00
2.36948299e+00
2.33997655e+00
2.37651587e+00
2.40230203e+00
2.34056067e+00
2.34683967e+00
2.40380192e+00
2.37788343e+00
2.37446189e+00
2.39036942e+00
2.38118696e+00
2.41272545e+00
2.33915377e+00
2.31356120e+00
2.34608722e+00
2.35998964e+00
2.36064100e+00
2.34352422e+00
2.34799910e+00
2.30019307e+00
2.31912708e+00
2.34701204e+00
2.34559727e+00
2.34257770e+00
2.31367612e+00
2.27287722e+00
2.25973988e+00
2.30391073e+00
2.29775524e+00
2.27574205e+00
2.26814342e+00
2.27322698e+00
2.23362565e+00
2.26246905e+00
2.26236057e+00
2.24715400e+00
2.29327464e+00
2.27684045e+00
2.28688645e+00
2.33292389e+00
2.26515412e+00
2.23396277e+00
2.21819711e+00
2.22142839e+00
2.25289178e+00
2.25082231e+00
2.25680017e+00
2.26961946e+00
2.24592972e+00
2.23146152e+00
2.20874596e+00
2.19963670e+00
2.24819589e+00
2.20541382e+00
2.21398354e+00
2.23685598e+00
2.19172478e+00
2.21331310e+00
2.22546196e+00
2.23467469e+00
2.22313356e+00
2.17893338e+00
2.16629148e+00
2.20354748e+00
2.19212770e+00
2.19994140e+00
2.21578121e+00
2.18935156e+00
2.17392373e+00
2.14751744e+00
2.18129182e+00
2.16630983e+00
2.13532114e+00
2.17346549e+00
2.18431044e+00
2.13471007e+00
2.13070631e+00
2.13264990e+00
2.12195015e+00
2.15337420e+00
2.12806726e+00
2.09742713e+00
2.06906843e+00
2.10000825e+00
2.06775236e+00
2.10513330e+00
2.04204440e+00
2.05446315e+00
2.07021427e+00
2.06215477e+00
2.05953312e+00
2.00598669e+00
2.03437710e+00
2.00922298e+00
2.02403498e+00
2.04706573e+00
2.06248569e+00
2.02354097e+00
2.01266551e+00
2.01023316e+00
2.00863791e+00
2.00297165e+00
1.93016374e+00
1.94371259e+00
1.94419312e+00
1.98523641e+00
1.93925548e+00
1.91369081e+00
1.91383982e+00
1.87504971e+00
1.87107491e+00
1.87611401e+00
1.90823805e+00
1.87394381e+00
1.84353697e+00
1.83015501e+00
1.80390000e+00
1.80728006e+00
1.77125812e+00
1.77324927e+00
1.80594242e+00
1.77731490e+00
1.75135171e+00
1.75405872e+00
1.76671481e+00
1.70052230e+00
1.67147470e+00
1.67798638e+00
1.64321578e+00
1.61797595e+00
1.63528824e+00
1.61726308e+00
1.58102334e+00
1.59614253e+00
1.62509835e+00
1.56346679e+00
1.53630483e+00
1.49140179e+00
1.53007793e+00
1.49478877e+00
1.47331214e+00
1.46101964e+00
1.43993425e+00
1.42834294e+00
1.35823369e+00
1.35856020e+00
1.28542721e+00
1.29772556e+00
1.26145959e+00
1.24301696e+00
1.23330748e+00
1.14460862e+00
1.13558424e+00
1.09175122e+00
1.04784644e+00
1.03400671e+00
9.62810934e-01
8.48008573e-01
8.19007337e-01
8.71948898e-01
9.07008231e-01
9.82769370e-01
1.03931892e+00
1.07095957e+00
1.12813675e+00
1.10190439e+00
1.16477835e+00
1.21897089e+00
1.23891175e+00
1.29555380e+00
1.31036460e+00
1.33257139e+00
1.35478318e+00
1.38376331e+00
1.40101898e+00
1.41443563e+00
1.42852175e+00
1.42981398e+00
1.46574366e+00
1.48572230e+00
1.48257899e+00
1.55111313e+00
1.54367590e+00
1.54169548e+00
1.54223096e+00
1.57982194e+00
1.63486230e+00
1.62954438e+00
1.62610340e+00
1.62451613e+00
1.65737629e+00
1.67068100e+00
1.64975560e+00
1.68963945e+00
1.68948734e+00
1.69935215e+00
1.70992172e+00
1.76072276e+00
1.74853456e+00
1.71117651e+00
1.73071802e+00
1.80314004e+00
1.77272129e+00
1.76027226e+00
1.74892640e+00
1.80035031e+00
1.78791022e+00
1.80074012e+00
1.79041505e+00
1.79648221e+00
1.80879331e+00
1.84425676e+00
1.83164704e+00
1.86449802e+00
1.82471478e+00
1.80259252e+00
1.87645507e+00
1.88709176e+00
1.82928383e+00
1.90093851e+00
1.91431677e+00
1.91757798e+00
1.94250357e+00
1.91564870e+00
1.90395224e+00
1.90486348e+00
1.89713943e+00
1.90278769e+00
1.91359043e+00
1.89413285e+00
1.91337621e+00
1.92974377e+00
1.92545938e+00
1.92542005e+00
1.91613817e+00
1.88967144e+00
1.92165470e+00
1.92155802e+00
1.89543438e+00
1.93364573e+00
1.91784966e+00
1.94309616e+00
1.94644821e+00
1.92250443e+00
1.94306648e+00
1.91801524e+00
1.89754963e+00
1.93407011e+00
1.94508827e+00
1.91701281e+00
1.94412875e+00
1.93768227e+00
1.97783220e+00
1.94594240e+00
1.91503489e+00
1.97019863e+00
1.97853959e+00
1.94143665e+00
1.96685600e+00
1.96231604e+00
1.96338475e+00
1.93873763e+00
1.94454062e+00
1.91678643e+00
1.92195630e+00
2.01051760e+00
1.94424987e+00
1.92265821e+00
1.95336878e+00
1.97126305e+00
1.98385453e+00
1.94901502e+00
1.95545387e+00
1.92070162e+00
1.94680619e+00
1.97294259e+00
1.99098718e+00
1.96365643e+00
1.95142186e+00
1.93873501e+00
1.95839202e+00
1.94106400e+00
1.95753598e+00
1.95187056e+00
1.93475807e+00
1.97152054e+00
1.96129954e+00
1.93386698e+00
1.94602787e+00
1.92336178e+00
1.95424843e+00
1.97319686e+00
1.95344460e+00
1.95659435e+00
1.96506035e+00
1.97569847e+00
1.96105731e+00
1.96333313e+00
1.97817540e+00
1.96320152e+00
1.94052351e+00
1.95826161e+00
1.95164347e+00
1.94836211e+00
1.97509670e+00
1.95812273e+00
1.97654641e+00
1.97634935e+00
1.97974741e+00
1.90666759e+00
1.91353905e+00
1.97884667e+00
1.97068036e+00
1.97630775e+00
1.92765903e+00
1.90008855e+00
1.92811692e+00
1.95555902e+00
1.93991137e+00
1.97461617e+00
1.96295679e+00
1.95765817e+00
1.95422292e+00
1.96147990e+00
1.97930968e+00
1.95796824e+00
1.95751405e+00
1.93691576e+00
1.91772950e+00
1.94398224e+00
1.96284163e+00
1.95460355e+00
1.92309046e+00
1.95199215e+00
1.94017637e+00
1.91862822e+00
1.98971939e+00
1.95854688e+00
1.90268254e+00
1.92147303e+00
1.94836819e+00
1.94306958e+00
1.95226049e+00
1.96506846e+00
1.93097258e+00
1.96528387e+00
1.94041097e+00
1.90205383e+00
1.93984485e+00
1.92454731e+00
1.93906152e+00
1.92322206e+00
1.94092643e+00
1.90662694e+00
1.88534868e+00
1.94862771e+00
1.92913377e+00
1.93968952e+00
1.93720233e+00
1.93014884e+00
1.90455782e+00
1.93441975e+00
1.92191482e+00
1.90543592e+00
1.87764168e+00
1.88074052e+00
1.88261533e+00
1.89122188e+00
1.89055932e+00
1.91380048e+00
1.86863732e+00
1.90409553e+00
1.93925822e+00
1.89097953e+00
1.92859900e+00
1.92092431e+00
1.88119364e+00
1.88019967e+00
1.89873683e+00
1.93988788e+00
1.87603641e+00
1.88241684e+00
1.91022182e+00
1.89870930e+00
1.89165223e+00
1.87422359e+00
1.85243154e+00
1.91106367e+00
1.89328778e+00
1.87828469e+00
1.88759744e+00
1.88835549e+00
1.90891171e+00
1.87009752e+00
1.86478174e+00
1.87453485e+00
1.89841962e+00
1.90237164e+00
1.87714303e+00
1.86935341e+00
1.88955986e+00
1.88957536e+00
1.86599624e+00
1.90596867e+00
1.91123593e+00
1.87039268e+00
1.85796583e+00
1.84733081e+00
1.85545492e+00
1.83611524e+00
1.86362934e+00
1.85478115e+00
1.85628176e+00
1.87084246e+00
1.86403382e+00
1.86561966e+00
1.85100150e+00
1.87544525e+00
1.86294425e+00
1.85423827e+00
1.85580516e+00
1.86701977e+00
1.84656405e+00
1.85903549e+00
1.87356913e+00
1.85802412e+00
1.82814825e+00
1.82752216e+00
1.86114025e+00
1.84115505e+00
1.82885444e+00
1.83644044e+00
1.81148255e+00
1.84584832e+00
1.82787693e+00
1.79607260e+00
1.83790016e+00
1.84327650e+00
1.81977892e+00
1.81887496e+00
1.80958509e+00
1.82677507e+00
1.85010731e+00
1.80748391e+00
1.78940427e+00
1.82081461e+00
1.82265723e+00
1.80652583e+00
1.81919336e+00
1.84049916e+00
1.83077466e+00
1.79219687e+00
1.85186481e+00
1.82468283e+00
1.82682812e+00
1.83484328e+00
1.77209973e+00
1.82616949e+00
1.81942570e+00
1.81035149e+00
1.81232095e+00
1.79640436e+00
1.83510184e+00
1.79262304e+00
1.78749454e+00
1.79404974e+00
1.79349399e+00
1.81990516e+00
1.81087828e+00
1.78545010e+00
1.81459785e+00
1.81406558e+00
1.79855561e+00
1.77164924e+00
1.78582370e+00
1.81583774e+00
1.82338166e+00
1.80284333e+00
1.80177307e+00
1.79688990e+00
1.74777329e+00
1.77468312e+00
1.76241541e+00
1.79066133e+00
1.78511786e+00
1.77391398e+00
1.77643561e+00
1.77278638e+00
1.74738598e+00
1.75446200e+00
1.74890161e+00
1.76323521e+00
1.76444042e+00
1.73282588e+00
1.76173604e+00
1.75288260e+00
1.72311080e+00
1.77936280e+00
1.76443624e+00
1.76993167e+00
1.80070770e+00
1.76151431e+00
1.75391650e+00
1.76540124e+00
1.74904275e+00
1.75936449e+00
1.77883947e+00
1.71189463e+00
1.74350703e+00
1.78946841e+00
1.76499975e+00
1.77282834e+00
1.73756063e+00
1.76406491e+00
1.76542437e+00
1.74721205e+00
1.73513007e+00
1.72697985e+00
1.78300405e+00
1.75985372e+00
1.73995364e+00
1.74671233e+00
1.73383617e+00
1.75288892e+00
1.74973559e+00
1.69986737e+00
1.69416153e+00
1.72579110e+00
1.72580063e+00
1.71215332e+00
1.73148155e+00
1.70847869e+00
1.71735835e+00
1.72938502e+00
1.71299636e+00
1.71664739e+00
1.73469186e+00
1.72365034e+00
1.71532607e+00
1.72106254e+00
1.68145430e+00
1.70859945e+00
1.72950029e+00
1.72004724e+00
1.70242703e+00
1.69694543e+00
1.72315586e+00
1.68954790e+00
1.71399963e+00
1.72941947e+00
1.70589578e+00
1.68573701e+00
1.70017934e+00
1.71201050e+00
1.71453106e+00
1.71525490e+00
1.71013153e+00
1.66955805e+00
1.66490304e+00
1.69719970e+00
1.67488480e+00
1.68867278e+00
1.67629576e+00
1.66199517e+00
1.66983092e+00
1.66856813e+00
1.68201530e+00
1.64442146e+00
1.65369844e+00
1.66627562e+00
1.66518331e+00
1.69253230e+00
1.67570233e+00
1.68008101e+00
1.67356491e+00
1.63366508e+00
1.68109059e+00
1.67386830e+00
1.68660259e+00
1.67789650e+00
1.66325545e+00
1.64864993e+00
1.67131555e+00
1.63606822e+00
1.63392639e+00
1.69280279e+00
1.66254997e+00
1.65655327e+00
1.65444553e+00
1.61682248e+00
1.65788794e+00
1.67995608e+00
1.69377720e+00
1.67152166e+00
1.65018916e+00
1.68221605e+00
1.65988028e+00
1.67291820e+00
1.64740455e+00
1.64515853e+00
1.62575424e+00
1.61878836e+00
1.67553616e+00
1.64816678e+00
1.64223170e+00
1.64087820e+00
1.66042590e+00
1.67543757e+00
1.65928423e+00
1.64587581e+00
1.63535953e+00
1.62014639e+00
1.60570812e+00
1.61162925e+00
1.63208067e+00
1.64065754e+00
1.64664400e+00
1.62276804e+00
1.63117039e+00
1.61117268e+00
1.63319099e+00
1.63007939e+00
1.60593367e+00
1.64362085e+00
1.67851353e+00
1.65286624e+00
1.60810018e+00
1.62041807e+00
1.60787237e+00
1.60452390e+00
1.64621174e+00
1.63484859e+00
1.61770773e+00
1.62537146e+00
1.61709177e+00
1.62873185e+00
1.63519096e+00
1.62909091e+00
1.63022840e+00
1.59074807e+00
1.58496606e+00
1.59576821e+00
1.62838566e+00
1.63061428e+00
1.59410012e+00
1.59279776e+00
1.58437502e+00
1.60887110e+00
1.60299861e+00
1.60871577e+00
1.61711347e+00
1.61297178e+00
1.61001086e+00
1.58204424e+00
1.61008382e+00
1.57576120e+00
1.60246611e+00
1.57642150e+00
1.59179914e+00
1.61934781e+00
1.60918450e+00
1.54696882e+00
1.55977964e+00
1.56783497e+00
1.59322536e+00
1.58903098e+00
1.57415020e+00
1.56257415e+00
1.60727513e+00
1.59876919e+00
1.58235407e+00
1.58806193e+00
1.58453906e+00
1.57395732e+00
1.56132770e+00
1.57472527e+00
1.60623491e+00
1.59202707e+00
1.58082449e+00
1.59886134e+00
1.57642078e+00
1.57038713e+00
1.56573176e+00
1.56233716e+00
1.57066202e+00
1.53790128e+00
1.56857717e+00
1.52049673e+00
1.53024280e+00
1.57367015e+00
1.51223433e+00
1.55053508e+00
1.56602705e+00
1.55879831e+00
1.53657997e+00
1.56287611e+00
1.54699099e+00
1.54740489e+00
1.57828069e+00
1.55039811e+00
1.55296564e+00
1.55388868e+00
1.56266570e+00
1.54820240e+00
1.56228173e+00
1.53206217e+00
1.53084934e+00
1.52968752e+00
1.50228870e+00
1.49619579e+00
1.51658738e+00
1.50796390e+00
1.54126441e+00
1.54901552e+00
1.52808118e+00
1.53090775e+00
1.52882099e+00
1.53392422e+00
1.53179264e+00
1.52893305e+00
1.51975453e+00
1.54866004e+00
1.54186094e+00
1.56142497e+00
1.53372312e+00
1.46841121e+00
1.51321673e+00
1.53848445e+00
1.52905452e+00
1.51497865e+00
1.52089441e+00
1.50673914e+00
1.51039994e+00
1.53140187e+00
1.51598811e+00
1.49873006e+00
1.49076796e+00
1.52969587e+00
1.52978182e+00
1.47786427e+00
1.50240767e+00
1.51164997e+00
1.50216722e+00
1.51197648e+00
1.51473796e+00
1.47862840e+00
1.48683524e+00
1.50718057e+00
1.49338269e+00
1.50660539e+00
1.51682627e+00
1.48249876e+00
1.37385261e+00
1.40615106e+00
1.47647369e+00
1.47087622e+00
1.50118947e+00
1.59123516e+00
1.48235214e+00
1.49556983e+00
1.48554730e+00
1.47339332e+00
1.49112916e+00
1.50132275e+00
1.49388063e+00
1.50469518e+00
1.48087275e+00
1.46955907e+00
1.50223625e+00
1.48366058e+00
1.49021554e+00
1.45701408e+00
1.44983840e+00
1.47518539e+00
1.45407581e+00
1.43649101e+00
1.46514463e+00
1.47605050e+00
1.49379706e+00
1.49662304e+00
1.47341609e+00
1.46917319e+00
1.47706902e+00
1.46724999e+00
1.48592794e+00
1.45909536e+00
1.44742310e+00
1.48765278e+00
1.41569674e+00
1.44788539e+00
1.47013628e+00
1.42107081e+00
1.45455658e+00
1.46503854e+00
1.44254720e+00
1.44602752e+00
1.44178665e+00
1.46698892e+00
1.47110319e+00
1.47145140e+00
1.46530843e+00
1.42775953e+00
1.43090415e+00
1.45547283e+00
1.44201303e+00
1.42183053e+00
1.46024609e+00
1.46409893e+00
1.41625416e+00
1.41544783e+00
1.45166373e+00
1.45321703e+00
1.46352267e+00
1.44868243e+00
1.43620300e+00
1.44603980e+00
1.41685021e+00
1.41491771e+00
1.44737422e+00
1.41058195e+00
1.39707041e+00
1.42124033e+00
1.42812216e+00
1.42899942e+00
1.41823864e+00
1.43397236e+00
1.45314550e+00
1.44893587e+00
1.42608798e+00
1.42278266e+00
1.42057288e+00
1.41689551e+00
1.43684661e+00
1.42022610e+00
1.40677321e+00
1.40081203e+00
1.44417238e+00
1.43807900e+00
1.41803873e+00
1.44428182e+00
1.41192544e+00
1.39357150e+00
1.42889953e+00
1.41160345e+00
1.40698385e+00
1.40612185e+00
1.39961326e+00
1.38750279e+00
1.42187178e+00
1.42506230e+00
1.39512217e+00
1.39940953e+00
1.42604303e+00
1.40705287e+00
1.37581110e+00
1.40189004e+00
1.39277744e+00
1.39626086e+00
1.43357968e+00
1.39885414e+00
1.40440321e+00
1.41400754e+00
1.40806746e+00
1.40536392e+00
1.39749253e+00
1.37192833e+00
1.40540040e+00
1.37642217e+00
1.37350678e+00
1.39336669e+00
1.38029635e+00
1.38375783e+00
1.38756621e+00
1.40719748e+00
1.37185693e+00
1.40422797e+00
1.39048684e+00
1.37730277e+00
1.37119818e+00
1.36490834e+00
1.39006150e+00
1.37924993e+00
1.35386443e+00
1.33731949e+00
1.36519480e+00
1.33770847e+00
1.35678029e+00
1.40597868e+00
1.34902596e+00
1.35093963e+00
1.38261998e+00
1.38035786e+00
1.35290349e+00
1.34393036e+00
1.37327051e+00
1.32606053e+00
1.35747385e+00
1.35718453e+00
1.36880612e+00
1.36923456e+00
1.34467971e+00
1.37534893e+00
1.35596967e+00
1.33443367e+00
1.36948764e+00
1.35087681e+00
1.35081065e+00
1.36142945e+00
1.37720215e+00
1.35887623e+00
1.35412800e+00
1.34650862e+00
1.34131074e+00
1.34703183e+00
1.36489773e+00
1.34912407e+00
1.35111964e+00
1.37049520e+00
1.31378675e+00
1.32842088e+00
1.33075321e+00
1.32088029e+00
1.31067312e+00
1.31016648e+00
1.32998419e+00
1.33692276e+00
1.33719718e+00
1.33717465e+00
1.33490264e+00
1.31988204e+00
1.36897981e+00
1.33655477e+00
1.32254040e+00
1.32895339e+00
1.33595538e+00
1.33032668e+00
1.35273194e+00
1.32264054e+00
1.29263341e+00
1.30340374e+00
1.28441834e+00
1.30734622e+00
1.35526979e+00
1.29837811e+00
1.28282058e+00
1.31455624e+00
1.34613788e+00
1.33133948e+00
1.31267619e+00
1.29058444e+00
1.29185402e+00
1.32543957e+00
1.30157626e+00
1.28064430e+00
1.28918397e+00
1.31320560e+00
1.31302404e+00
1.31807411e+00
1.29382420e+00
1.31123161e+00
1.31458962e+00
1.28330004e+00
1.29652667e+00
1.28056526e+00
1.29198980e+00
1.30305123e+00
1.29342699e+00
1.28010094e+00
1.29514694e+00
1.28484666e+00
1.27625573e+00
1.26920903e+00
1.26183426e+00
1.25331342e+00
1.26469505e+00
1.27496743e+00
1.28154528e+00
1.31108630e+00
1.27467513e+00
1.26999569e+00
1.27401757e+00
1.31552899e+00
1.28737283e+00
1.27412415e+00
1.27707732e+00
1.24552858e+00
1.22878599e+00
1.26478589e+00
1.31752360e+00
1.24165845e+00
1.25945354e+00
1.20493078e+00
1.16244578e+00
1.24700511e+00
1.28751612e+00
1.21939731e+00
1.23658156e+00
1.27197814e+00
1.24127245e+00
1.25318134e+00
1.28181267e+00
1.28962171e+00
1.30768919e+00
1.25234914e+00
1.24560273e+00
1.25580478e+00
1.22721064e+00
1.26957083e+00
1.27687466e+00
1.26770043e+00
1.28296793e+00
1.26484942e+00
1.26205778e+00
1.24967420e+00
1.24349093e+00
1.19551623e+00
1.21747243e+00
1.23513341e+00
1.25712287e+00
1.26619768e+00
1.22151351e+00
1.24373579e+00
1.23107469e+00
1.27600276e+00
1.23978698e+00
1.21108067e+00
1.27302527e+00
1.27024198e+00
1.25447857e+00
1.22450423e+00
1.22732198e+00
1.25346255e+00
1.22561634e+00
1.24316704e+00
1.22096384e+00
1.24604475e+00
1.25132573e+00
1.22239971e+00
1.23423350e+00
1.23982215e+00
1.24034166e+00
1.25319445e+00
1.26356626e+00
1.22946608e+00
1.24740255e+00
1.22630608e+00
1.24818218e+00
1.23010254e+00
1.19729948e+00
1.22398138e+00
1.23715317e+00
1.22060537e+00
1.20374823e+00
1.23145866e+00
1.22701025e+00
1.22205973e+00
1.24525583e+00
1.21506655e+00
1.20265388e+00
1.20593274e+00
1.22055447e+00
1.21681941e+00
1.23264909e+00
1.20218909e+00
1.20288897e+00
1.21073508e+00
1.20761478e+00
1.18126190e+00
1.19521940e+00
1.21887016e+00
1.20806348e+00
1.19974422e+00
1.19329607e+00
1.16478062e+00
1.20151985e+00
1.20194292e+00
1.19286478e+00
1.22782516e+00
1.19077051e+00
1.15488267e+00
1.18262982e+00
1.20713627e+00
1.20474803e+00
1.23113739e+00
1.22919202e+00
1.21585190e+00
1.20893133e+00
1.17897618e+00
1.20658875e+00
1.20216143e+00
1.19205403e+00
1.18329263e+00
1.17982209e+00
1.18736780e+00
1.18858278e+00
1.18031955e+00
1.19317567e+00
1.22406161e+00
1.19885957e+00
1.20228946e+00
1.16558659e+00
1.19550228e+00
1.19747221e+00
1.20787942e+00
1.15669453e+00
1.16836047e+00
1.18825400e+00
1.18294358e+00
1.16617870e+00
1.17522466e+00
1.16317189e+00
1.16768873e+00
1.18879366e+00
1.19550276e+00
1.19243240e+00
1.18905234e+00
1.19573927e+00
1.16517234e+00
1.17814612e+00
1.17926538e+00
1.15938365e+00
1.15737987e+00
1.16950452e+00
1.16358197e+00
1.15652335e+00
1.15885353e+00
1.15721214e+00
1.15639246e+00
1.16535723e+00
1.16665339e+00
1.14030409e+00
1.14526045e+00
1.16458607e+00
1.14037764e+00
1.14620793e+00
1.17441833e+00
1.17877710e+00
1.14104450e+00
1.12857473e+00
1.17435026e+00
1.15668571e+00
1.14355314e+00
1.15128744e+00
1.13334775e+00
1.14695692e+00
1.18141639e+00
1.16740561e+00
1.12155330e+00
1.12111807e+00
1.12615919e+00
1.11742580e+00
1.12446523e+00
1.15027297e+00
1.12234604e+00
1.17276919e+00
1.13845348e+00
1.11268985e+00
1.11882401e+00
1.14057851e+00
1.10338521e+00
1.11062229e+00
1.11288929e+00
1.12594330e+00
1.13517559e+00
1.12350678e+00
1.13715410e+00
1.13991153e+00
1.13536584e+00
1.12939131e+00
1.14638042e+00
1.13104272e+00
1.15393436e+00
1.11568272e+00
1.12118411e+00
1.13537788e+00
1.13105118e+00
1.12283969e+00
1.12452221e+00
1.13567710e+00
1.13485169e+00
1.12993920e+00
1.12955773e+00
1.10951400e+00
1.11973691e+00
1.10108733e+00
1.00000000e+00
1.09349513e+00
1.13507700e+00
1.09201419e+00
1.09311235e+00
1.08766329e+00
1.09143388e+00
1.09975958e+00
1.08463943e+00
1.11671102e+00
1.11785185e+00
1.11702001e+00
1.07403731e+00
1.09976578e+00
1.11575961e+00
1.08050609e+00
1.11445153e+00
1.08714187e+00
1.08435547e+00
1.10778415e+00
1.11165881e+00
1.11211193e+00
1.11890757e+00
1.10608959e+00
1.08259857e+00
1.07545376e+00
1.09322524e+00
1.10860777e+00
1.13690221e+00
1.11877251e+00
1.09337270e+00
1.11837304e+00
1.09413385e+00
1.05922520e+00
1.08945048e+00
1.07771111e+00
1.09297967e+00
1.08717132e+00
1.07090056e+00
1.08917618e+00
1.10741377e+00
1.10039926e+00
1.08281243e+00
1.09475255e+00
1.08272254e+00
1.07053316e+00
1.07595491e+00
1.09589517e+00
1.07545602e+00
1.04646707e+00
1.09452713e+00
1.06806266e+00
1.08058703e+00
1.07535362e+00
1.07966721e+00
1.09449768e+00
1.10821688e+00
1.10464478e+00
1.05230629e+00
1.08385277e+00
1.08884978e+00
1.05555642e+00
1.07348001e+00
1.06279624e+00
1.07514226e+00
1.08347964e+00
1.06010199e+00
1.04644728e+00
1.03499615e+00
1.03374898e+00
1.03118992e+00
1.06690753e+00
1.02623999e+00
1.02795804e+00
1.08857095e+00
1.08204591e+00
1.05184007e+00
1.03616118e+00
1.05724120e+00
1.05866516e+00
1.06233323e+00
1.09324062e+00
1.06234169e+00
1.04806817e+00
1.03357756e+00
1.04742908e+00
1.05274999e+00
1.05517054e+00
1.09142911e+00
1.09448016e+00
1.07044494e+00
1.05972874e+00
1.06863213e+00
1.07990444e+00
1.08239198e+00
1.04992223e+00
9.95937407e-01
9.28689122e-01
1.06410813e+00
1.26489484e+00
1.07158768e+00
8.39678943e-01
9.88509953e-01
1.14388919e+00
1.14536047e+00
1.04260361e+00
9.74759936e-01
9.76829529e-01
9.77873027e-01
9.97681260e-01
1.01805162e+00
1.02225280e+00
1.03403437e+00
1.02918375e+00
1.02767336e+00
1.02558994e+00
1.01586628e+00
1.02731287e+00
1.02629638e+00
1.05668759e+00
1.04764450e+00
1.02413797e+00
1.03071702e+00
1.01717603e+00
1.01009548e+00
1.02907097e+00
1.03367805e+00
1.02762055e+00
1.01238394e+00
1.01124072e+00
1.02286601e+00
1.02845168e+00
1.01060724e+00
1.00365269e+00
1.01155138e+00
9.89026010e-01
1.03161418e+00
1.02975106e+00
1.02097750e+00
1.00820279e+00
9.72993135e-01
9.93210196e-01
1.00087583e+00
1.00789952e+00
9.87385571e-01
9.86200690e-01
1.01480639e+00
1.00246704e+00
1.01267862e+00
1.00797963e+00
1.00829494e+00
9.92356241e-01
9.77862239e-01
1.00422704e+00
1.00038254e+00
1.00603509e+00
9.75864828e-01
9.72478628e-01
1.00705981e+00
1.01836658e+00
9.92637992e-01
9.75266635e-01
9.69719052e-01
9.86577570e-01
9.72449660e-01
9.85356808e-01
1.01991844e+00
9.84092653e-01
9.74701762e-01
9.69547629e-01
9.82965946e-01
9.59212065e-01
9.69731450e-01
9.72191155e-01
9.40450191e-01
9.65911031e-01
9.83814478e-01
9.79383469e-01
9.84463215e-01
9.56463456e-01
9.58883762e-01
9.77960587e-01
9.85541642e-01
9.53573108e-01
9.44749057e-01
9.58013475e-01
9.34012890e-01
9.49700296e-01
9.93804395e-01
9.58878577e-01
9.59696651e-01
9.38969672e-01
9.41925108e-01
9.68686283e-01
9.40846622e-01
9.32639003e-01
9.44115460e-01
9.55745876e-01
9.54949319e-01
9.52660322e-01
9.31994975e-01
9.32502806e-01
9.26835001e-01
9.24966633e-01
9.40153658e-01
9.15083706e-01
9.06633317e-01
9.47082222e-01
9.05055344e-01
9.09688950e-01
9.03760791e-01
9.03136373e-01
9.15100873e-01
9.10606563e-01
9.09983039e-01
8.90577614e-01
8.92549098e-01
8.89607251e-01
8.84962261e-01
9.05025542e-01
8.75864387e-01
8.81071985e-01
8.91947865e-01
8.93536687e-01
8.56178045e-01
8.73146832e-01
8.87317121e-01
8.78321230e-01
8.95707130e-01
8.98943961e-01
8.50633740e-01
8.64273071e-01
8.78555357e-01
8.78902078e-01
8.53229105e-01
8.37257504e-01
8.52469802e-01
8.50381017e-01
8.28106701e-01
8.29028249e-01
8.34885776e-01
8.35809648e-01
8.36301029e-01
8.00234497e-01
8.05546343e-01
7.97212005e-01
7.99143314e-01
8.34712088e-01
8.10552120e-01
7.92213798e-01
7.87473977e-01
7.65852034e-01
7.64464438e-01
7.69258142e-01
7.53661633e-01
7.41672873e-01
7.41796315e-01
7.40502894e-01
7.55200446e-01
7.27762043e-01
6.99679077e-01
6.92180753e-01
6.49837255e-01
6.70170665e-01
6.91906571e-01
6.73479557e-01
6.62118435e-01
6.69728696e-01
6.36246324e-01
5.94758034e-01
6.13854527e-01
6.04583621e-01
5.59789419e-01
5.69603980e-01
4.95857716e-01
4.44255710e-01
4.63687330e-01
4.20441777e-01
4.07025278e-01
5.04066169e-01
5.48500299e-01
5.47682166e-01
5.66056669e-01
5.98498940e-01
6.05294287e-01
6.38804734e-01
6.49677932e-01
6.42703235e-01
6.53655231e-01
6.52255177e-01
6.42329693e-01
6.70755446e-01
6.54369950e-01
6.72204375e-01
6.96660459e-01
7.16990352e-01
7.39826381e-01
7.40272224e-01
7.43661642e-01
7.61040390e-01
7.48412311e-01
7.47891665e-01
7.66017497e-01
7.46409893e-01
7.66583145e-01
7.57590592e-01
7.64861465e-01
7.77266145e-01
7.76879549e-01
7.90666342e-01
7.79052794e-01
8.05048227e-01
7.92338908e-01
7.85242200e-01
8.22560847e-01
8.10339570e-01
8.31065595e-01
8.04356337e-01
8.03930640e-01
8.12030911e-01
7.88560867e-01
8.14396918e-01
7.96376109e-01
8.07430506e-01
7.91841626e-01
8.18687320e-01
8.20177078e-01
7.92854488e-01
8.25083137e-01
8.46156895e-01
8.20526242e-01
8.21230054e-01
8.35922897e-01
8.27158928e-01
8.30828011e-01
8.46008360e-01
8.39895010e-01
8.29725802e-01
8.51633430e-01
8.50265682e-01
8.46313179e-01
8.39723945e-01
8.21179867e-01
8.17814767e-01
8.32602859e-01
8.49133074e-01
8.65026951e-01
8.26333165e-01
8.27525735e-01
8.29237342e-01
8.42975080e-01
8.48563075e-01
8.45950842e-01
8.48085880e-01
8.50220799e-01
8.70710015e-01
8.64021063e-01
8.52066815e-01
8.57186735e-01
8.59113336e-01
8.58558953e-01
8.36716771e-01
8.66859376e-01
8.41488063e-01
8.37821782e-01
8.56040120e-01
8.49201798e-01
8.44972908e-01
8.41353357e-01
8.39919746e-01
8.76915455e-01
8.47753167e-01
8.49621058e-01
8.67562950e-01
8.36494148e-01
8.40290606e-01
8.27360749e-01
8.23398709e-01
8.41563106e-01
8.48488927e-01
8.49359632e-01
8.42003822e-01
8.26159120e-01
8.35901439e-01
8.36772621e-01
8.18963051e-01
8.10528636e-01
8.31392109e-01
8.30642700e-01
8.29395533e-01
8.42747927e-01
8.43767226e-01
8.36766541e-01
8.48106980e-01
8.66119146e-01
8.72111142e-01
8.54274452e-01
8.45964134e-01
8.31812918e-01
8.47423851e-01
8.51997674e-01
8.31664979e-01
8.46877277e-01
8.46744597e-01
8.53342950e-01
8.43784392e-01
8.33067954e-01
8.33072901e-01
8.38339448e-01
8.54948640e-01
8.37050378e-01
8.19053471e-01
8.45440507e-01
8.34576666e-01
8.27294827e-01
8.47694874e-01
8.55287075e-01
8.53788674e-01
8.38295341e-01
8.49655092e-01
8.52662683e-01
8.27624083e-01
8.21133316e-01
8.28503907e-01
8.31149995e-01
8.35133076e-01
8.09198558e-01
8.13374639e-01
8.29808116e-01
8.26894045e-01
8.37656677e-01
8.24855745e-01
8.26861680e-01
8.17459762e-01
8.27031076e-01
8.21585298e-01
8.17415893e-01
8.39020252e-01
8.13359916e-01
7.92953789e-01
8.21505904e-01
8.36599529e-01
8.23662937e-01
8.05797875e-01
8.05306911e-01
8.05930436e-01
8.04617345e-01
8.55594754e-01
8.32842827e-01
8.46496403e-01
7.94173419e-01
7.66851008e-01
8.37928414e-01
8.19444180e-01
8.22271943e-01
8.21481466e-01
8.29656005e-01
8.27166557e-01
8.23567748e-01
8.11959088e-01
7.82158315e-01
7.91154802e-01
8.04560661e-01
8.07274699e-01
8.17552269e-01
8.12811852e-01
7.83133388e-01
7.92056561e-01
7.78037071e-01
7.84039915e-01
8.08599293e-01
7.90542305e-01
8.24896574e-01
7.75414586e-01
8.04473996e-01
8.14607561e-01
7.78404951e-01
7.89713740e-01
8.04906607e-01
8.03042591e-01
7.95768499e-01
8.29436600e-01
8.16781163e-01
8.10802102e-01
7.84455359e-01
8.07131767e-01
8.29970896e-01
8.16566467e-01
7.96169758e-01
7.78431356e-01
7.93802977e-01
7.99510360e-01
8.01976264e-01
8.09798658e-01
8.15498173e-01
7.79868066e-01
7.79552698e-01
7.87447214e-01
8.14662874e-01
8.12764108e-01
8.03014338e-01
7.99287796e-01
7.91168630e-01
7.95837760e-01
7.81902552e-01
7.74270058e-01
7.91746497e-01
7.76417136e-01
7.71843135e-01
7.87488222e-01
7.94395983e-01
7.96476483e-01
8.02784145e-01
8.00728381e-01
7.86264122e-01
7.83488870e-01
7.94557273e-01
7.97326505e-01
7.90795386e-01
7.68056273e-01
7.61391282e-01
7.69861639e-01
7.54771113e-01
7.65467703e-01
7.71817267e-01
7.50248730e-01
7.87946165e-01
7.76557207e-01
7.57248640e-01
7.44924545e-01
7.74458230e-01
7.77552307e-01
7.85220981e-01
7.94040143e-01
7.87433922e-01
7.76557684e-01
7.68777370e-01
7.78061330e-01
7.55516171e-01
7.55842447e-01
7.63006032e-01
7.60850430e-01
7.89139748e-01
7.81695664e-01
7.64984429e-01
7.66122460e-01
7.56783485e-01
7.80929923e-01
7.81449437e-01
8.00754964e-01
7.71369398e-01
7.66925991e-01
7.71242380e-01
7.48509765e-01
7.68050194e-01
7.56038189e-01
7.65253425e-01
7.68253267e-01
7.54504442e-01
7.67187476e-01
7.74250090e-01
7.76837766e-01
7.55861104e-01
7.48528361e-01
7.67346203e-01
7.70664632e-01
7.56791055e-01
7.52359152e-01
7.59536564e-01
7.43425786e-01
7.54622281e-01
7.68294990e-01
7.55577445e-01
7.40208864e-01
7.41676569e-01
7.49796271e-01
7.56835878e-01
7.74765253e-01
7.51978040e-01
7.66018689e-01
7.68077731e-01
7.52612591e-01
7.48758197e-01
7.38458753e-01
7.39014447e-01
7.56543040e-01
7.39199102e-01
7.39397764e-01
7.41681457e-01
7.44693816e-01
7.56166935e-01
7.44494200e-01
7.62107074e-01
7.62503684e-01
7.42395818e-01
7.27691650e-01
7.35110164e-01
7.40481019e-01
7.28237748e-01
7.38608599e-01
7.50768840e-01
7.35598207e-01
7.43895471e-01
7.26670086e-01
7.42449284e-01
7.39951015e-01
7.44465649e-01
7.60965049e-01
7.40378320e-01
7.39755571e-01
7.14025617e-01
7.19933212e-01
7.19254553e-01
7.19803810e-01
7.22895205e-01
7.33752549e-01
7.23365605e-01
7.48098433e-01
7.43191838e-01
7.07496583e-01
7.31306195e-01
7.38746822e-01
7.20758796e-01
7.29579210e-01
7.49901235e-01
7.37076044e-01
7.18683660e-01
7.21804321e-01
7.28454292e-01
7.20761120e-01
7.25154757e-01
7.41443217e-01
7.30960965e-01
7.16671824e-01
7.21429408e-01
7.32076168e-01
7.10209429e-01
7.07802117e-01
7.44532168e-01
7.36700833e-01
7.23290026e-01
6.91096067e-01
7.20125794e-01
7.38053560e-01
7.08289146e-01
7.16550231e-01
7.26533473e-01
7.23498166e-01
7.12647796e-01
7.23602235e-01
7.18768656e-01
7.21129596e-01
7.05564439e-01
7.05859184e-01
7.18383074e-01
7.04372704e-01
7.01869249e-01
7.20904827e-01
7.00463831e-01
6.98119223e-01
7.27192461e-01
7.14568973e-01
7.07661390e-01
7.20588505e-01
6.93198025e-01
7.00536251e-01
7.03661740e-01
7.01627791e-01
7.08118796e-01
6.90129519e-01
6.92038715e-01
6.86775982e-01
6.97139978e-01
6.98843360e-01
7.06657588e-01
6.86214149e-01
6.93275869e-01
6.94611311e-01
7.11495519e-01
6.92710638e-01
7.20073819e-01
7.45222151e-01
7.03718364e-01
7.09323227e-01
7.01943040e-01
7.04109788e-01
7.21319616e-01
7.06358492e-01
6.99734986e-01
6.86731517e-01
6.88710153e-01
6.92015171e-01
6.93288326e-01
6.82467580e-01
7.08112836e-01
7.06717312e-01
6.81474924e-01
6.92272544e-01
6.86359465e-01
6.83819771e-01
6.90187633e-01
6.73579693e-01
6.90806448e-01
6.94463372e-01
6.87453151e-01
6.72207296e-01
6.75066292e-01
6.99063361e-01
6.92261040e-01
6.86181545e-01
6.77023530e-01
7.03081548e-01
6.86365128e-01
6.76849186e-01
6.88071668e-01
6.91049576e-01
6.53363705e-01
6.72507882e-01
6.84745312e-01
6.78452730e-01
6.88128352e-01
6.87208354e-01
6.74286067e-01
6.87211156e-01
6.76080406e-01
6.73016727e-01
6.57475233e-01
6.70009494e-01
6.78210199e-01
6.74979091e-01
6.59024239e-01
6.73726261e-01
6.77840352e-01
6.69068575e-01
6.47793472e-01
6.69272304e-01
6.83096468e-01
6.74690485e-01
6.66744947e-01
6.64237380e-01
6.68640673e-01
6.78296566e-01
7.08879888e-01
6.79625809e-01
6.60647094e-01
6.77227139e-01
6.73722625e-01
6.61842346e-01
6.79447651e-01
6.62845194e-01
6.52498662e-01
6.73590958e-01
6.60003722e-01
6.76349819e-01
6.54859543e-01
6.60150468e-01
6.68643892e-01
6.63539350e-01
6.61732614e-01
6.73815608e-01
6.78301215e-01
6.45490050e-01
6.82822704e-01
7.06198871e-01
6.45201147e-01
6.33227706e-01
6.35540962e-01
6.66832149e-01
6.80081904e-01
6.44872367e-01
6.44146442e-01
6.63391948e-01
6.49702132e-01
6.53917372e-01
6.61430180e-01
6.48454547e-01
6.67038679e-01
6.57666087e-01
6.73500657e-01
7.04742134e-01
6.80386305e-01
6.25384927e-01
6.27877831e-01
6.67461872e-01
6.64544106e-01
6.53157055e-01
6.60414994e-01
6.60508037e-01
6.53435588e-01
6.66863024e-01
6.39520586e-01
6.45546734e-01
6.60670280e-01
6.61153972e-01
6.43370807e-01
6.45922124e-01
6.43777788e-01
6.56912029e-01
6.60116434e-01
6.44364893e-01
6.75012767e-01
6.44906461e-01
6.53134108e-01
6.50164962e-01
6.63829744e-01
6.67182267e-01
6.35503054e-01
6.62809432e-01
6.63943946e-01
6.45422220e-01
6.23252571e-01
6.21066332e-01
6.41557455e-01
6.40030146e-01
6.22937739e-01
6.46426558e-01
6.45986855e-01
6.39563084e-01
6.54306293e-01
6.10395849e-01
6.31727636e-01
6.37564540e-01
6.44036174e-01
6.33881032e-01
6.48740232e-01
6.47218525e-01
6.47240996e-01
6.46542549e-01
6.25150442e-01
6.30293131e-01
6.44252598e-01
6.42046809e-01
6.16467476e-01
6.28354132e-01
6.46875858e-01
6.09794736e-01
6.25643432e-01
6.24900699e-01
6.29012764e-01
6.32779300e-01
6.15831256e-01
6.17955148e-01
6.32639229e-01
5.97326338e-01
6.33648574e-01
6.45439923e-01
6.39652133e-01
6.14560902e-01
6.21246457e-01
6.21767640e-01
6.23288453e-01
6.45457387e-01
6.30168438e-01
6.11526191e-01
5.99441886e-01
6.22144401e-01
6.13869071e-01
6.21456444e-01
6.16428494e-01
6.22945011e-01
6.17211521e-01
6.36409402e-01
6.23441458e-01
6.22602582e-01
6.29079640e-01
6.15480721e-01
5.99322200e-01
6.22173727e-01
6.05781257e-01
6.08802557e-01
6.40509963e-01
6.00170553e-01
5.98635852e-01
6.17482781e-01
5.97633123e-01
5.98734677e-01
6.10013902e-01
6.16319895e-01
6.24960124e-01
5.96019983e-01
6.29328787e-01
6.29037499e-01
6.04608893e-01
6.03665054e-01
5.92679679e-01
6.07501745e-01
6.23141110e-01
6.18395507e-01
5.97026527e-01
5.91326654e-01
5.98041773e-01
6.22916758e-01
6.16520405e-01
6.16138816e-01
6.14529729e-01
6.11916363e-01
6.00469172e-01
6.05963051e-01
5.91875672e-01
5.83762527e-01
6.00562036e-01
5.96930027e-01
5.97634196e-01
6.01264417e-01
5.96747041e-01
6.15243614e-01
6.09403908e-01
6.08755410e-01
6.14027858e-01
6.10929847e-01
6.06895685e-01
5.61161458e-01
5.45190513e-01
5.92432261e-01
5.41624963e-01
4.79783088e-01
5.49206197e-01
5.47431588e-01
5.33076167e-01
5.76950252e-01
5.80743551e-01
5.82503378e-01
5.92167735e-01
5.94492495e-01
6.09661698e-01
5.84008694e-01
5.89291036e-01
5.67964494e-01
6.02663219e-01
6.02239072e-01
5.77291131e-01
5.83622277e-01
5.47075272e-01
5.51622987e-01
5.71283221e-01
5.90821207e-01
5.62513888e-01
5.64583659e-01
6.12966776e-01
5.78615010e-01
5.79461515e-01
5.57875574e-01
5.65444469e-01
6.04187548e-01
5.96620679e-01
5.58622360e-01
5.84084690e-01
5.82025945e-01
5.81893921e-01
5.94563544e-01
6.09714448e-01
5.72400987e-01
5.84560812e-01
5.80849111e-01
5.71528435e-01
5.87696254e-01
5.72697580e-01
5.67020297e-01
5.99766850e-01
5.74192464e-01
5.73610067e-01
6.03167832e-01
5.87085664e-01
5.84518850e-01
5.81940413e-01
5.77547371e-01
5.86719573e-01
5.74422598e-01
5.79276204e-01
5.86292088e-01
5.87881863e-01
5.80246389e-01
5.85615933e-01
5.88146925e-01
5.84098279e-01
5.51429212e-01
5.60697377e-01
5.79140604e-01
5.62411249e-01
5.72884321e-01
5.56470871e-01
5.44393718e-01
5.69452584e-01
5.59206843e-01
5.76603889e-01
5.82520723e-01
5.85001528e-01
5.93324661e-01
5.87957382e-01
5.68246722e-01
5.66406667e-01
5.72618425e-01
5.61096549e-01
5.49114466e-01
5.70597053e-01
5.77639639e-01
5.56274176e-01
5.78189909e-01
5.41633546e-01
5.99130750e-01
5.93243003e-01
5.41595876e-01
5.59076071e-01
5.62710822e-01
5.59590638e-01
5.70584655e-01
5.60625136e-01
5.56419730e-01
5.49485922e-01
5.44479430e-01
5.55703759e-01
5.63728094e-01
5.61038613e-01
5.61549246e-01
5.43488264e-01
5.34420073e-01
5.75410604e-01
5.84426761e-01
5.57996511e-01
5.71730077e-01
5.62105656e-01
5.44804633e-01
5.39106905e-01
5.11853397e-01
5.73011458e-01
5.60809255e-01
5.48907459e-01
5.73003531e-01
5.40664911e-01
5.32699585e-01
5.53321898e-01
5.38300455e-01
5.43049514e-01
5.41641593e-01
5.37501574e-01
5.47798276e-01
5.37243724e-01
5.40462852e-01
5.53803384e-01
5.52190781e-01
5.30348063e-01
5.39314032e-01
5.49415290e-01
5.58783770e-01
5.44561327e-01
5.30710042e-01
5.35946429e-01
5.37213504e-01
5.27135968e-01
5.55025041e-01
5.42405903e-01
5.20324230e-01
5.36304712e-01
5.52956820e-01
5.47168374e-01
5.60897350e-01
5.43019772e-01
5.26441991e-01
5.30928433e-01
5.53907096e-01
5.44698596e-01
5.27445436e-01
5.37958860e-01
5.44439077e-01
5.27165592e-01
5.54990232e-01
5.60779095e-01
5.48945606e-01
5.47507942e-01
5.33698380e-01
5.17190933e-01
5.33803582e-01
5.33048749e-01
5.13902724e-01
5.36302984e-01
5.27095735e-01
5.05054593e-01
5.04546642e-01
5.24563730e-01
5.45627475e-01
5.34825206e-01
5.43263078e-01
5.47729313e-01
5.28872728e-01
5.35712183e-01
5.38172483e-01
5.30730844e-01
5.01889229e-01
5.02661407e-01
5.86605549e-01
5.13280332e-01
5.02443075e-01
5.39571345e-01
5.26528418e-01
5.28928459e-01
4.94102657e-01
5.15294731e-01
5.32363236e-01
5.25171638e-01
5.29258370e-01
5.18842638e-01
5.18137395e-01
5.29611826e-01
5.17606080e-01
5.28639913e-01
5.28810322e-01
5.18639922e-01
5.10188937e-01
4.90244925e-01
5.32202184e-01
5.38229883e-01
5.20152986e-01
5.46451688e-01
5.33824801e-01
5.09016991e-01
5.17621636e-01
4.93526101e-01
5.47367990e-01
5.15774429e-01
5.03184080e-01
5.17952740e-01
5.33697546e-01
5.28119981e-01
5.04827559e-01
5.22969902e-01
5.24706066e-01
5.19264460e-01
5.05692303e-01
5.03004849e-01
5.16375244e-01
5.04660547e-01
4.89316732e-01
5.51051199e-01
5.65768719e-01
5.28015554e-01
5.02127409e-01
5.28105974e-01
5.06229460e-01
5.09126842e-01
5.09433568e-01
5.15130162e-01
5.37994921e-01
4.59822446e-01
4.01685745e-01
4.93287921e-01
4.91652459e-01
4.99908775e-01
5.03559232e-01
5.37469149e-01
5.21155536e-01
4.86199915e-01
5.10332704e-01
5.05810916e-01
5.07618070e-01
4.87717330e-01
5.12472570e-01
5.02914727e-01
5.03849685e-01
5.03192782e-01
4.95944530e-01
4.90441710e-01
5.14702916e-01
5.23104131e-01
5.14661789e-01
5.24491966e-01
5.09528875e-01
5.11594474e-01
5.08364141e-01
5.15280068e-01
5.22821665e-01
5.08796215e-01
4.99835640e-01
5.19676626e-01
5.14755845e-01
5.13057232e-01
5.18408775e-01
5.23669243e-01
5.02029538e-01
5.20439863e-01
5.08583605e-01
5.07251620e-01
4.95701104e-01
4.99507159e-01
5.04709125e-01
4.98662472e-01
5.18459678e-01
5.13283789e-01
4.92772341e-01
4.90430593e-01
4.91707265e-01
4.88185197e-01
5.11925817e-01
4.76181477e-01
4.83722955e-01
4.93728042e-01
4.99289721e-01
5.01821816e-01
4.84250158e-01
5.06090581e-01
5.15442371e-01
4.97052431e-01
5.00948370e-01
4.79149282e-01
4.78081256e-01
4.82536554e-01
4.89039421e-01
4.86266315e-01
4.99019593e-01
5.04122019e-01
4.80570287e-01
4.82995212e-01
4.86954510e-01
4.87197071e-01
4.82299060e-01
4.84418601e-01
5.06750882e-01
4.81655240e-01
5.09376645e-01
4.90670681e-01
4.76946414e-01
5.17189443e-01
5.03658593e-01
5.09655714e-01
4.90222812e-01
4.87354308e-01
4.92283612e-01
4.81292486e-01
4.89110500e-01
5.01049876e-01
4.93820071e-01
4.65194672e-01
4.68210787e-01
4.69807595e-01
4.80854690e-01
4.82799143e-01
4.94413853e-01
4.92573917e-01
4.81874764e-01
4.73436505e-01
4.92538542e-01
4.90649372e-01
4.75469619e-01
4.85043049e-01
4.88189548e-01
5.02231956e-01
4.66033220e-01
4.71346289e-01
4.92714971e-01
4.93039936e-01
4.86996174e-01
4.95762706e-01
4.79858279e-01
4.81160700e-01
4.78710681e-01
4.73127216e-01
4.74251866e-01
4.85756069e-01
4.78181005e-01
4.74598438e-01
4.68250066e-01
4.63843793e-01
4.82539654e-01
4.72488552e-01
4.75330800e-01
4.89462405e-01
4.67459232e-01
4.63558763e-01
4.75326777e-01
4.70584899e-01
4.78865147e-01
4.68047589e-01
4.72074986e-01
4.78968471e-01
4.69242930e-01
4.56907392e-01
4.49488789e-01
4.83684003e-01
4.82021511e-01
4.69725430e-01
4.74268496e-01
4.79590595e-01
4.84231472e-01
4.74576712e-01
4.57402825e-01
4.62579340e-01
4.70219910e-01
4.66730773e-01
4.50568259e-01
4.85534459e-01
5.06609142e-01
4.48297232e-01
4.30155069e-01
4.45147127e-01
4.51562583e-01
4.68238622e-01
4.65441763e-01
4.54678118e-01
4.57344413e-01
4.68131185e-01
4.61793244e-01
4.74468261e-01
4.71271932e-01
4.71356124e-01
4.73122895e-01
4.78730410e-01
4.64089662e-01
4.63498533e-01
4.72351879e-01
4.83241767e-01
4.75897729e-01
4.76975679e-01
4.68145877e-01
4.52571362e-01
4.51138109e-01
4.71577257e-01
4.78873521e-01
4.71240789e-01
4.40453619e-01
4.20016259e-01
4.71315771e-01
5.06157875e-01
4.35291022e-01
4.41093445e-01
4.36280727e-01
4.49297518e-01
4.60996658e-01
4.59307849e-01
4.54421163e-01
4.43495989e-01
4.56720740e-01
4.43820238e-01
4.49438423e-01
4.62508440e-01
4.54273075e-01
4.53352928e-01
4.47621137e-01
4.60626394e-01
4.72886145e-01
4.56793934e-01
4.39993262e-01
4.59396243e-01
4.41895276e-01
4.42840129e-01
4.57817316e-01
4.47610795e-01
4.60129231e-01
4.92303133e-01
4.65346754e-01
3.94805074e-01
3.96055281e-01
4.26051497e-01
4.51180369e-01
4.53278422e-01
4.44672585e-01
4.68484819e-01
4.64601249e-01
4.23040450e-01
4.28868294e-01
4.47962224e-01
4.39699203e-01
4.42044586e-01
4.46666479e-01
4.83651847e-01
4.76145089e-01
4.17012244e-01
3.70445400e-01
4.11478847e-01
4.47101921e-01
4.53756720e-01
4.65355814e-01
4.57285583e-01
4.49889034e-01
4.58125323e-01
4.56747502e-01
4.47292149e-01
4.54980493e-01
4.15839165e-01
4.19078499e-01
4.32458639e-01
4.40348417e-01
4.77059364e-01
5.15712380e-01
4.77025509e-01
3.94264638e-01
4.12144452e-01
4.51464713e-01
4.52275455e-01
4.41403538e-01
4.50065225e-01
4.33651626e-01
4.34735149e-01
4.32331979e-01
4.37016368e-01
4.34106082e-01
4.33105975e-01
4.39361900e-01
4.63323981e-01
4.49936301e-01
4.23782676e-01
4.33222264e-01
4.43597853e-01
4.50143933e-01
4.68675047e-01
4.40460563e-01
4.11991209e-01
4.19783145e-01
4.28562820e-01
4.42561924e-01
4.36076194e-01
4.36464846e-01
4.39575136e-01
4.17708665e-01
4.33446974e-01
4.33083922e-01
4.39989448e-01
4.33383912e-01
4.22596544e-01
4.28221017e-01
4.50979561e-01
4.31109309e-01
4.37496603e-01
4.43403602e-01
4.31137264e-01
4.48968947e-01
4.28112805e-01
4.24836129e-01
4.32385534e-01
4.32098418e-01
4.25118893e-01
4.20686156e-01
4.30533618e-01
4.36611652e-01
4.39135998e-01
4.39888358e-01
4.30891067e-01
4.35656816e-01
4.34957266e-01
4.34901506e-01
4.34428662e-01
4.22542572e-01
4.18360770e-01
4.27762598e-01
4.32596356e-01
4.05133933e-01
4.08168674e-01
4.41390902e-01
4.31271434e-01
4.18956995e-01
4.29246634e-01
4.08901870e-01
4.26851600e-01
4.25492227e-01
4.18247789e-01
4.19928551e-01
4.12436336e-01
4.30339545e-01
4.17625993e-01
4.18876380e-01
4.19208020e-01
4.22513843e-01
4.18192863e-01
4.05344307e-01
4.05104756e-01
4.09619451e-01
4.30968195e-01
4.40519750e-01
4.00750548e-01
3.97234648e-01
3.98606122e-01
3.84575337e-01
4.19459283e-01
4.14057702e-01
4.04645801e-01
4.28504944e-01
4.15812641e-01
4.11524355e-01
4.29828644e-01
4.08427179e-01
3.95248443e-01
3.91638339e-01
4.14029539e-01
4.20414001e-01
3.87403637e-01
3.72078687e-01
3.70977223e-01
4.32883620e-01
3.98501188e-01
3.89771521e-01
4.14394081e-01
4.24928635e-01
4.12468642e-01
4.07788962e-01
4.10154432e-01
4.02159184e-01
3.94826353e-01
3.82236063e-01
4.09611583e-01
4.08224344e-01
4.13784832e-01
4.11741883e-01
4.06600535e-01
3.97002727e-01
3.98258537e-01
4.10637230e-01
3.99800479e-01
3.99219364e-01
4.18696970e-01
3.99954081e-01
4.00301576e-01
4.08968806e-01
4.13652629e-01
4.16113913e-01
4.12042290e-01
3.94679725e-01
3.98534179e-01
4.02176291e-01
4.04931903e-01
4.01426971e-01
4.09549624e-01
4.14667249e-01
4.10804212e-01
3.99189085e-01
4.10839945e-01
4.06092227e-01
3.98191869e-01
4.02431041e-01
4.01813298e-01
3.91444445e-01
3.91835809e-01
3.98158371e-01
3.69645953e-01
4.09770489e-01
3.67147148e-01
4.06318069e-01
3.96449536e-01
3.53986353e-01
3.67656142e-01
4.05618012e-01
4.44732457e-01
3.94254833e-01
3.65763336e-01
3.64567190e-01
3.63108456e-01
4.11127120e-01
3.70922804e-01
3.88618916e-01
4.05619889e-01
4.01516140e-01
3.80610913e-01
3.89991432e-01
3.95704061e-01
3.91538143e-01
3.95376116e-01
3.93822998e-01
3.78447026e-01
3.75513971e-01
3.99515420e-01
4.03122663e-01
4.02381003e-01
3.94273520e-01
4.01940495e-01
4.11597937e-01
4.37117219e-01
5.18325806e-01
3.13672125e-01
2.42572695e-01
3.33491176e-01
3.88393342e-01
3.87052357e-01
3.24170679e-01
3.47940326e-01
3.81654441e-01
3.73469174e-01
3.90274823e-01
3.92866552e-01
3.98011357e-01
3.83340001e-01
3.70704353e-01
3.88410211e-01
3.78462315e-01
3.90391380e-01
3.63098323e-01
3.89528960e-01
4.15602446e-01
3.88365358e-01
3.47638637e-01
3.79199892e-01
3.67136627e-01
3.70120466e-01
3.79807621e-01
3.60501319e-01
3.73998821e-01
5.43012023e-01
3.37667972e-01
2.86031634e-01
3.81026089e-01
3.76453251e-01
3.92265320e-01
3.76323551e-01
3.32001299e-01
4.10442412e-01
4.17228132e-01
3.67208183e-01
3.72166067e-01
3.82558674e-01
3.73802096e-01
3.72888207e-01
3.75853091e-01
4.58567113e-01
4.51507747e-01
3.07811260e-01
3.54174346e-01
3.69649410e-01
3.80490243e-01
3.85540575e-01
3.72219622e-01
3.86502385e-01
3.71063828e-01
3.71686816e-01
3.86670232e-01
3.48694146e-01
3.41445088e-01
3.61432642e-01
3.89617980e-01
3.74219805e-01
3.49342495e-01
4.07895237e-01
3.62623662e-01
2.42063969e-01
3.10922772e-01
3.40357721e-01
3.51087034e-01
3.57418358e-01
3.63675296e-01
3.65630776e-01
3.67546976e-01
3.57115656e-01
3.59549373e-01
3.62250328e-01
3.65350187e-01
3.64426434e-01
3.88571650e-01
3.52322042e-01
3.16714972e-01
3.23031455e-01
3.86646867e-01
4.00564402e-01
3.63105029e-01
3.04409295e-01
3.39566171e-01
