2.83651662e+00
2.74724770e+00
2.75453568e+00
2.77100205e+00
2.99375653e+00
2.87092400e+00
2.79714489e+00
2.93758965e+00
2.83497453e+00
2.97899938e+00
2.81238937e+00
2.89202547e+00
2.89028764e+00
2.90446138e+00
3.00080228e+00
2.89749885e+00
2.87793374e+00
2.94492364e+00
2.88799644e+00
2.93372178e+00
2.91134906e+00
2.76795268e+00
2.87273669e+00
2.90210462e+00
2.90865421e+00
3.00197577e+00
2.87445354e+00
2.86891603e+00
2.93904305e+00
2.85161185e+00
2.85016012e+00
2.82882905e+00
2.67567968e+00
2.91648006e+00
2.78952551e+00
2.73418307e+00
2.73016548e+00
2.67967081e+00
2.75896001e+00
2.76809669e+00
2.69993377e+00
2.66893888e+00
2.62469435e+00
2.63357282e+00
2.71095800e+00
2.55396485e+00
2.60659432e+00
2.71562290e+00
2.67641807e+00
2.72592950e+00
2.72487211e+00
2.66176605e+00
2.73796535e+00
2.80492330e+00
2.81186891e+00
2.87000275e+00
2.87767220e+00
2.91087484e+00
2.90457511e+00
2.78369665e+00
2.82732034e+00
2.88037610e+00
2.92052627e+00
2.81925035e+00
2.81693172e+00
2.93749714e+00
3.00543666e+00
2.84560752e+00
2.79949713e+00
2.90542984e+00
2.89853907e+00
2.87588477e+00
2.79043961e+00
2.86461711e+00
2.84265327e+00
2.72321653e+00
2.81043506e+00
2.87731028e+00
2.93009758e+00
2.87853408e+00
2.84808016e+00
2.82866430e+00
2.72350240e+00
2.69688034e+00
2.74961495e+00
2.74612713e+00
2.72051144e+00
2.75069094e+00
2.63847661e+00
2.73696899e+00
2.74701810e+00
2.58444214e+00
2.61807966e+00
2.57607293e+00
2.51188135e+00
2.45341325e+00
2.45850253e+00
2.46935201e+00
2.41533923e+00
2.43354392e+00
2.35806251e+00
2.34008694e+00
2.32589936e+00
2.25109410e+00
2.28174472e+00
2.24626541e+00
2.37446046e+00
2.39237905e+00
2.34140110e+00
2.31123519e+00
2.37113070e+00
2.46074462e+00
2.50710630e+00
2.52930188e+00
2.47549653e+00
2.46060276e+00
2.61562228e+00
2.62482595e+00
2.65036798e+00
2.63738656e+00
2.72577620e+00
2.65108132e+00
2.66792774e+00
2.75942159e+00
2.66471314e+00
2.89689159e+00
2.86051035e+00
2.85120320e+00
2.85370517e+00
2.86318207e+00
2.84757376e+00
2.82279801e+00
2.89996529e+00
2.88723922e+00
2.82551217e+00
2.81385708e+00
2.84874868e+00
2.91249418e+00
2.97172475e+00
3.00224853e+00
2.97650075e+00
2.91195297e+00
2.81564736e+00
2.91729712e+00
2.93753123e+00
2.94329166e+00
2.88778853e+00
2.84221435e+00
2.86234713e+00
2.95553803e+00
2.86143422e+00
2.80507541e+00
2.84859014e+00
2.80909944e+00
2.83679295e+00
2.89103842e+00
2.90794444e+00
2.89486170e+00
2.96745849e+00
2.91792703e+00
2.80132508e+00
2.78456879e+00
2.75265765e+00
2.68120933e+00
2.78258467e+00
2.69214821e+00
2.71926522e+00
2.70007873e+00
2.64763236e+00
2.65631747e+00
2.66025567e+00
2.63276219e+00
2.61045051e+00
2.61291289e+00
2.58725190e+00
2.55364799e+00
2.49100876e+00
2.52376103e+00
2.56624794e+00
2.38761711e+00
2.32556009e+00
2.29593873e+00
2.15542626e+00
2.30827641e+00
2.25317812e+00
2.20641732e+00
2.15485644e+00
2.05899501e+00
2.05530500e+00
2.07501984e+00
1.97091699e+00
1.88326168e+00
1.85565591e+00
1.86711645e+00
1.85034335e+00
1.90766978e+00
1.87618959e+00
1.99443591e+00
2.05708742e+00
2.04961395e+00
2.06057620e+00
2.12856412e+00
2.21742415e+00
2.14485240e+00
2.20757556e+00
2.28792906e+00
2.37042689e+00
2.36953044e+00
2.36499357e+00
2.30299377e+00
2.42168951e+00
2.52147841e+00
2.51459289e+00
2.44053125e+00
2.52357554e+00
2.60147238e+00
2.61962605e+00
2.65785575e+00
2.63283157e+00
2.58041430e+00
2.69603586e+00
2.71114111e+00
2.75998187e+00
2.83687258e+00
2.82740784e+00
2.74278545e+00
2.79161882e+00
2.99996161e+00
2.94989347e+00
2.83109426e+00
2.81946015e+00
2.85295534e+00
2.87435246e+00
2.95009112e+00
2.94909334e+00
2.91967392e+00
2.96157169e+00
2.93634748e+00
2.95008802e+00
3.02904153e+00
2.97938228e+00
2.92639995e+00
2.91772532e+00
2.86505008e+00
3.00318289e+00
2.91681910e+00
2.96609068e+00
3.09526420e+00
2.98226404e+00
2.99042225e+00
3.00887799e+00
3.00386000e+00
3.08834004e+00
3.03282714e+00
2.98449373e+00
2.95584774e+00
2.94931722e+00
3.08296013e+00
3.09744239e+00
3.03338599e+00
3.05525613e+00
3.03890634e+00
3.11779928e+00
3.07449818e+00
3.04447246e+00
3.05593014e+00
3.01203156e+00
3.06372142e+00
2.97938895e+00
2.97302866e+00
3.05576181e+00
3.07865572e+00
2.98797464e+00
2.99813676e+00
2.97350121e+00
2.99299073e+00
3.04041028e+00
3.01540399e+00
2.99019980e+00
2.92863297e+00
2.91644764e+00
2.94184160e+00
2.93682671e+00
2.99492693e+00
2.92730021e+00
2.85279536e+00
2.96137452e+00
2.94803047e+00
2.88712549e+00
2.84301901e+00
2.83520174e+00
2.81743193e+00
2.82528591e+00
2.79688573e+00
2.82098007e+00
2.85124660e+00
2.76029372e+00
2.69807696e+00
2.80540395e+00
2.62836552e+00
2.64554739e+00
2.70724201e+00
2.65786433e+00
2.61589503e+00
2.54383874e+00
2.56947494e+00
2.56535649e+00
2.53973651e+00
2.53220940e+00
2.52746296e+00
2.43925786e+00
2.45198250e+00
2.35347271e+00
2.32125688e+00
2.37185359e+00
2.34940219e+00
2.28081679e+00
2.23220062e+00
2.14462137e+00
2.15968275e+00
2.26693964e+00
2.11589932e+00
2.18044758e+00
2.13606906e+00
2.09784651e+00
2.02991915e+00
1.94717181e+00
1.92925334e+00
1.85775375e+00
1.83838308e+00
1.81473494e+00
1.74120355e+00
1.68876910e+00
1.60900939e+00
1.51978862e+00
1.47173488e+00
1.49338770e+00
1.59764051e+00
1.69574821e+00
1.69700098e+00
1.71318960e+00
1.85391796e+00
1.90436149e+00
1.83454692e+00
1.87732708e+00
1.88992250e+00
2.06908607e+00
2.01546001e+00
2.08258176e+00
2.09453011e+00
2.09360623e+00
2.24476337e+00
2.19011879e+00
2.20067596e+00
2.31131577e+00
2.29804850e+00
2.25940633e+00
2.33861995e+00
2.26086736e+00
2.30833530e+00
2.33916116e+00
2.31745219e+00
2.40860772e+00
2.43071294e+00
2.49353981e+00
2.52311492e+00
2.45854330e+00
2.53560781e+00
2.61930442e+00
2.58116150e+00
2.58303404e+00
2.62342453e+00
2.61474490e+00
2.63253951e+00
2.67692351e+00
2.65284371e+00
2.61945343e+00
2.75453925e+00
2.74819827e+00
2.74649358e+00
2.77113390e+00
2.68058515e+00
2.74301553e+00
2.78020668e+00
2.78942990e+00
2.74807882e+00
2.80164099e+00
2.81290507e+00
2.81625605e+00
2.82606268e+00
2.88396883e+00
2.92030334e+00
2.83745027e+00
2.87277222e+00
2.92374325e+00
3.00895286e+00
2.91111064e+00
2.88992715e+00
2.87432265e+00
2.88236165e+00
2.87317324e+00
2.88352180e+00
2.95878267e+00
2.99545622e+00
2.91109729e+00
2.92465949e+00
2.93795586e+00
2.96105862e+00
2.97217393e+00
2.92104769e+00
2.99330974e+00
2.99607992e+00
3.03843236e+00
2.97426629e+00
2.97054577e+00
2.95642114e+00
2.91704512e+00
3.00057769e+00
2.98580837e+00
2.99535227e+00
2.99057651e+00
2.98011303e+00
3.02813363e+00
2.91638422e+00
2.96259332e+00
2.94066525e+00
2.98247218e+00
3.00576997e+00
2.96743989e+00
3.03784823e+00
2.98761368e+00
2.93480587e+00
2.90833569e+00
2.93695450e+00
3.03294444e+00
2.97588873e+00
3.01250958e+00
3.00328231e+00
3.00320339e+00
3.03335428e+00
3.02197170e+00
3.02267718e+00
3.00232434e+00
2.99726820e+00
3.01723480e+00
3.01279974e+00
3.02376270e+00
2.93092990e+00
2.93258929e+00
3.02585697e+00
2.99842834e+00
2.93203878e+00
2.99000835e+00
2.97256207e+00
3.03008008e+00
3.01171994e+00
2.96817446e+00
2.95335698e+00
2.89653134e+00
2.91121173e+00
2.90061593e+00
2.97224069e+00
3.03023243e+00
2.98467302e+00
2.92462230e+00
2.99830961e+00
2.94984174e+00
2.91024256e+00
2.89345670e+00
2.87805486e+00
2.89159322e+00
2.92158365e+00
2.96879578e+00
2.97749758e+00
2.98126936e+00
2.96259570e+00
2.88260937e+00
2.89555097e+00
2.97685456e+00
2.88246703e+00
2.85901189e+00
2.93625832e+00
2.83395433e+00
2.85764217e+00
2.89011717e+00
2.82745433e+00
2.88626909e+00
2.95003700e+00
2.87962818e+00
2.86741996e+00
2.81246686e+00
2.85156059e+00
2.84031987e+00
2.84598207e+00
2.81924319e+00
2.90505648e+00
2.82413626e+00
2.80943155e+00
2.86364055e+00
2.84844565e+00
2.75653672e+00
2.84914494e+00
2.81443095e+00
2.78329706e+00
2.79547596e+00
2.77407932e+00
2.83288074e+00
2.77389431e+00
2.78794646e+00
2.77511406e+00
2.75135636e+00
2.75083709e+00
2.74524951e+00
2.69820905e+00
2.70839691e+00
2.66195774e+00
2.71456313e+00
2.72115397e+00
2.65703559e+00
2.61880469e+00
2.65891361e+00
2.64163256e+00
2.59234262e+00
2.62450576e+00
2.62482142e+00
2.62109590e+00
2.54348969e+00
2.57601666e+00
2.58974051e+00
2.63163018e+00
2.64477730e+00
2.52233839e+00
2.48769164e+00
2.46575475e+00
2.49291658e+00
2.51675916e+00
2.53752494e+00
2.53484082e+00
2.46083498e+00
2.47518778e+00
2.45395613e+00
2.39530492e+00
2.41515994e+00
2.35873246e+00
2.35624099e+00
2.38056660e+00
2.37543011e+00
2.34176064e+00
2.37906146e+00
2.30591178e+00
2.27529168e+00
2.30960059e+00
2.25505424e+00
2.20301461e+00
2.20151997e+00
2.21799231e+00
2.13973403e+00
2.09164000e+00
2.09619308e+00
2.10883570e+00
2.06216407e+00
1.95198393e+00
1.99549019e+00
1.93916321e+00
1.93386173e+00
1.93956697e+00
1.93022799e+00
1.90449131e+00
1.89424765e+00
1.76062310e+00
1.67635882e+00
1.67866588e+00
1.68107152e+00
1.65240002e+00
1.56376147e+00
1.55222833e+00
1.51511359e+00
1.50004661e+00
1.41924465e+00
1.31538892e+00
1.24598384e+00
1.21479499e+00
1.26881862e+00
1.29683840e+00
1.33359158e+00
1.51694345e+00
1.56701279e+00
1.54185116e+00
1.55166233e+00
1.60155976e+00
1.66309440e+00
1.63044155e+00
1.74173713e+00
1.85403430e+00
1.82697463e+00
1.83109701e+00
1.88649797e+00
1.86886430e+00
1.89913332e+00
1.87766659e+00
1.93918800e+00
1.94148767e+00
1.99662888e+00
2.02430248e+00
1.99653971e+00
2.00888944e+00
2.08348370e+00
2.11587524e+00
2.13577271e+00
2.20247793e+00
2.16591263e+00
2.18649435e+00
2.17413664e+00
2.19122553e+00
2.21158004e+00
2.24201179e+00
2.34485626e+00
2.31040406e+00
2.27656937e+00
2.32364440e+00
2.30891418e+00
2.30121970e+00
2.30850077e+00
2.33922267e+00
2.36236095e+00
2.37958717e+00
2.37530065e+00
2.35832405e+00
2.35682487e+00
2.42890716e+00
2.46646380e+00
2.39842415e+00
2.36630464e+00
2.43977547e+00
2.48113370e+00
2.39473939e+00
2.46927714e+00
2.48615932e+00
2.45038533e+00
2.47895408e+00
2.48640203e+00
2.48096919e+00
2.49317074e+00
2.43368936e+00
2.45388007e+00
2.47934985e+00
2.48545742e+00
2.42406464e+00
2.51453853e+00
2.53281856e+00
2.45011663e+00
2.54251814e+00
2.50549340e+00
2.55093408e+00
2.54480362e+00
2.49888754e+00
2.51832533e+00
2.51070023e+00
2.55703998e+00
2.59944320e+00
2.55484581e+00
2.52334809e+00
2.53684378e+00
2.56787348e+00
2.63584208e+00
2.55547309e+00
2.53315783e+00
2.56904936e+00
2.61316657e+00
2.54965448e+00
2.57352972e+00
2.49628448e+00
2.51130629e+00
2.59339190e+00
2.57970691e+00
2.59296727e+00
2.58424020e+00
2.59677577e+00
2.56279755e+00
2.56207299e+00
2.53640103e+00
2.58263445e+00
2.55009127e+00
2.54416895e+00
2.52712178e+00
2.54031324e+00
2.59434295e+00
2.56138682e+00
2.59308147e+00
2.48669577e+00
2.53652406e+00
2.57391214e+00
2.55338454e+00
2.56856489e+00
2.59855461e+00
2.58735871e+00
2.60181499e+00
2.57901096e+00
2.57171941e+00
2.61815500e+00
2.59619904e+00
2.60847497e+00
2.62232471e+00
2.64381099e+00
2.60505176e+00
2.60779142e+00
2.62276793e+00
2.56173706e+00
2.55274224e+00
2.56050134e+00
2.51311517e+00
2.58990502e+00
2.59619117e+00
2.55887365e+00
2.56186056e+00
2.52762723e+00
2.56253695e+00
2.57055211e+00
2.55901551e+00
2.59638047e+00
2.60923839e+00
2.62567925e+00
2.59955025e+00
2.55556417e+00
2.54235363e+00
2.50103211e+00
2.57577682e+00
2.53834558e+00
2.52536392e+00
2.56378198e+00
2.61399937e+00
2.60431385e+00
2.58180475e+00
2.57581925e+00
2.56818295e+00
2.57479906e+00
2.60360932e+00
2.54965615e+00
2.50324726e+00
2.53476191e+00
2.58862305e+00
2.62838054e+00
2.51826668e+00
2.49757838e+00
2.48611927e+00
2.50753164e+00
2.53766537e+00
2.53616261e+00
2.52754331e+00
2.53452563e+00
2.52272463e+00
2.52687335e+00
2.52055550e+00
2.53921247e+00
2.57549453e+00
2.55289650e+00
2.51947737e+00
2.51588416e+00
2.55942035e+00
2.56061339e+00
2.53286004e+00
2.61179566e+00
2.56653905e+00
2.50090504e+00
2.55494475e+00
2.49133492e+00
2.55043244e+00
2.54144001e+00
2.58676624e+00
2.52441597e+00
2.52280188e+00
2.54422307e+00
2.50441504e+00
2.56056070e+00
2.46398425e+00
2.44493937e+00
2.53841543e+00
2.50355554e+00
2.53810477e+00
2.49237776e+00
2.51843977e+00
2.52594376e+00
2.52041650e+00
2.49980021e+00
2.54671502e+00
2.51665807e+00
2.52095103e+00
2.51406169e+00
2.49280953e+00
2.43797898e+00
2.51580691e+00
2.53166032e+00
2.45998836e+00
2.45200467e+00
2.51516151e+00
2.51513290e+00
2.45290160e+00
2.50164175e+00
2.46760416e+00
2.44689846e+00
2.53441739e+00
2.48294759e+00
2.44533896e+00
2.47498155e+00
2.45570612e+00
2.41181803e+00
2.51546097e+00
2.45539856e+00
2.47555399e+00
2.52459550e+00
2.42175007e+00
2.45137215e+00
2.51451468e+00
2.45961928e+00
2.43972373e+00
2.45190763e+00
2.48644614e+00
2.49226379e+00
2.49310112e+00
2.44386768e+00
2.46360540e+00
2.48116183e+00
2.45697737e+00
2.46024132e+00
2.48789191e+00
2.43567157e+00
2.43139243e+00
2.42004633e+00
2.46805263e+00
2.45446110e+00
2.44102430e+00
2.47256684e+00
2.43267846e+00
2.44461322e+00
2.42032027e+00
2.42014599e+00
2.43334055e+00
2.42377448e+00
2.37969613e+00
2.41148233e+00
2.38808513e+00
2.41713595e+00
2.44029379e+00
2.38381267e+00
2.41646123e+00
2.43738508e+00
2.43266106e+00
2.39302111e+00
2.39310050e+00
2.41428733e+00
2.36400414e+00
2.36750078e+00
2.37759376e+00
2.41457248e+00
2.39545584e+00
2.31308603e+00
2.41964889e+00
2.39224243e+00
2.39316821e+00
2.41932368e+00
2.36778045e+00
2.37280297e+00
2.30464911e+00
2.30332661e+00
2.37439060e+00
2.34783792e+00
2.35170245e+00
2.35739136e+00
2.35103226e+00
2.40474272e+00
2.38784337e+00
2.41696692e+00
2.39155531e+00
2.31126714e+00
2.30719137e+00
2.39539099e+00
2.34647751e+00
2.30465531e+00
2.35183191e+00
2.36102533e+00
2.33909059e+00
2.38618135e+00
2.35441899e+00
2.35105491e+00
2.37534451e+00
2.35816240e+00
2.35209107e+00
2.34443688e+00
2.32253361e+00
2.32200694e+00
2.34078693e+00
2.33622527e+00
2.33541632e+00
2.34088588e+00
2.33237886e+00
2.36104608e+00
2.36186504e+00
2.28722930e+00
2.30304337e+00
2.32541561e+00
2.38616657e+00
2.34223199e+00
2.30061388e+00
2.36286950e+00
2.29099846e+00
2.33522058e+00
2.35663795e+00
2.27967882e+00
2.27931023e+00
2.29434681e+00
2.28086114e+00
2.21344137e+00
2.26389647e+00
2.35393357e+00
2.32577181e+00
2.27101922e+00
2.24407148e+00
2.25345778e+00
2.31824708e+00
2.32812309e+00
2.27756357e+00
2.35396457e+00
2.32382298e+00
2.31796002e+00
2.31896162e+00
2.29699016e+00
2.26776886e+00
2.24448419e+00
2.29876685e+00
2.26692009e+00
2.28063631e+00
2.28947425e+00
2.24241447e+00
2.21630216e+00
2.25316167e+00
2.22499156e+00
2.19863486e+00
2.24820137e+00
2.27909994e+00
2.20829701e+00
2.25063348e+00
2.18547678e+00
2.19231629e+00
2.24273586e+00
2.23034477e+00
2.24339652e+00
2.25103140e+00
2.23418021e+00
2.19434786e+00
2.17300677e+00
2.19227600e+00
2.21564746e+00
2.21976995e+00
2.17135477e+00
2.24003434e+00
2.26394820e+00
2.23720741e+00
2.19688249e+00
2.17618346e+00
2.18482137e+00
2.13344383e+00
2.14754677e+00
2.21206331e+00
2.15646648e+00
2.13895631e+00
2.15160060e+00
2.12316298e+00
2.17084122e+00
2.19503617e+00
2.10995078e+00
2.16615248e+00
2.14210892e+00
2.16048193e+00
2.17791033e+00
2.16646075e+00
2.13492250e+00
2.24191141e+00
2.17787004e+00
2.12757897e+00
2.17140603e+00
2.16627216e+00
2.14502907e+00
2.13369393e+00
2.13565755e+00
2.11159015e+00
2.10998845e+00
2.09363723e+00
2.10596037e+00
2.12657571e+00
2.17583060e+00
2.08849907e+00
2.06080174e+00
2.07805419e+00
2.04467106e+00
2.11277413e+00
2.09151530e+00
2.01802254e+00
2.04421997e+00
2.12223339e+00
2.03969026e+00
2.10074115e+00
1.98710895e+00
1.99614894e+00
2.06896377e+00
2.02635837e+00
2.01018500e+00
1.97749114e+00
2.05226445e+00
2.01687098e+00
1.98001194e+00
1.98286223e+00
1.99666464e+00
1.97456074e+00
1.98331821e+00
1.97277892e+00
1.95233929e+00
1.92092335e+00
1.94687128e+00
1.90676033e+00
1.95012689e+00
1.92977703e+00
1.87454879e+00
1.93537629e+00
1.90840018e+00
1.87481940e+00
1.87753117e+00
1.86263871e+00
1.90856874e+00
1.88666439e+00
1.86690009e+00
1.84151685e+00
1.83471632e+00
1.81554806e+00
1.80422378e+00
1.82411385e+00
1.76699638e+00
1.75706148e+00
1.78071129e+00
1.74423969e+00
1.72973180e+00
1.77158046e+00
1.75328410e+00
1.65807533e+00
1.64887893e+00
1.65962851e+00
1.67628205e+00
1.62319922e+00
1.61958075e+00
1.66258991e+00
1.62971580e+00
1.61270702e+00
1.55575001e+00
1.50754213e+00
1.52898288e+00
1.50603676e+00
1.55466104e+00
1.59418440e+00
1.49210083e+00
1.42723298e+00
1.42098105e+00
1.42726696e+00
1.38436723e+00
1.34118533e+00
1.34395814e+00
1.32756996e+00
1.29962718e+00
1.23555827e+00
1.18034387e+00
1.17094743e+00
1.17782521e+00
1.11120498e+00
1.08737946e+00
1.03574800e+00
9.80878711e-01
1.03399587e+00
1.04821968e+00
1.05738473e+00
1.16916084e+00
1.19898224e+00
1.19892728e+00
1.25307524e+00
1.30308282e+00
1.33030963e+00
1.37500155e+00
1.34297597e+00
1.38405359e+00
1.40454996e+00
1.38812768e+00
1.41013074e+00
1.48140657e+00
1.45818245e+00
1.50381196e+00
1.52408433e+00
1.51017296e+00
1.54130840e+00
1.50019622e+00
1.54681957e+00
1.55440927e+00
1.57324183e+00
1.58444202e+00
1.57918990e+00
1.65144348e+00
1.57465065e+00
1.61307192e+00
1.64439106e+00
1.66828597e+00
1.68902063e+00
1.68406057e+00
1.64853656e+00
1.66051519e+00
1.71637213e+00
1.73688233e+00
1.73088956e+00
1.73495281e+00
1.70479691e+00
1.73699379e+00
1.79994714e+00
1.74384165e+00
1.72761059e+00
1.74198616e+00
1.77766669e+00
1.75139546e+00
1.80161953e+00
1.82172394e+00
1.77899313e+00
1.78891242e+00
1.84349501e+00
1.86409402e+00
1.85879648e+00
1.84568572e+00
1.86562300e+00
1.83238912e+00
1.85006881e+00
1.88434196e+00
1.90176487e+00
1.86313117e+00
1.85929501e+00
1.84541357e+00
1.83404648e+00
1.88370109e+00
1.90671170e+00
1.87086976e+00
1.85602689e+00
1.90857160e+00
1.85329139e+00
1.85570884e+00
1.90163803e+00
1.88321614e+00
1.90004420e+00
1.88245010e+00
1.81675792e+00
1.87525511e+00
1.90674913e+00
1.87101042e+00
1.85287356e+00
1.85794234e+00
1.92357874e+00
1.90168285e+00
1.87896585e+00
1.89709949e+00
1.86711502e+00
1.85046268e+00
1.88763988e+00
1.88626373e+00
1.85318804e+00
1.87165344e+00
1.88623250e+00
1.90881050e+00
1.91260982e+00
1.90166700e+00
1.90702319e+00
1.89998221e+00
1.87086725e+00
1.87902939e+00
1.90053940e+00
1.90127659e+00
1.88019836e+00
1.90669882e+00
1.92027044e+00
1.87288344e+00
1.94210231e+00
1.88350964e+00
1.87519860e+00
1.89271390e+00
1.88630807e+00
1.94873035e+00
1.92394114e+00
1.91399384e+00
1.89117944e+00
1.89274502e+00
1.87324500e+00
1.92184532e+00
1.92744291e+00
1.89042592e+00
1.87422585e+00
1.89221239e+00
1.90244174e+00
1.86440897e+00
1.88623559e+00
1.87752116e+00
1.91164625e+00
1.89361167e+00
1.87430727e+00
1.93734419e+00
1.93439233e+00
1.89698505e+00
1.86617494e+00
1.86827838e+00
1.87923551e+00
1.90566409e+00
1.91831601e+00
1.89006352e+00
1.84797657e+00
1.87061572e+00
1.91467857e+00
1.86310542e+00
1.88047481e+00
1.92668998e+00
1.91716433e+00
1.90930593e+00
1.91482270e+00
1.92222190e+00
1.91499400e+00
1.88681877e+00
1.89858997e+00
1.90305078e+00
1.91162181e+00
1.94980192e+00
1.90180182e+00
1.90022385e+00
1.89059508e+00
1.88698304e+00
1.86462438e+00
1.87545800e+00
1.85224056e+00
1.88990247e+00
1.86896265e+00
1.88772142e+00
1.92780805e+00
1.88136017e+00
1.89585304e+00
1.92077029e+00
1.88088250e+00
1.85740554e+00
1.88747048e+00
1.91874361e+00
1.88512909e+00
1.86393273e+00
1.86844456e+00
1.86457705e+00
1.86783576e+00
1.85642040e+00
1.85688186e+00
1.83639705e+00
1.85408103e+00
1.88550627e+00
1.86411297e+00
1.88723481e+00
1.87496197e+00
1.89457715e+00
1.88513851e+00
1.81486094e+00
1.83709824e+00
1.82061779e+00
1.82915890e+00
1.83704591e+00
1.83104312e+00
1.87571299e+00
1.86029243e+00
1.80944777e+00
1.89533758e+00
1.82585466e+00
1.85340190e+00
1.88094115e+00
1.83431768e+00
1.85619485e+00
1.85221493e+00
1.85076630e+00
1.84776485e+00
1.83618116e+00
1.83399963e+00
1.85095024e+00
1.85090089e+00
1.84523916e+00
1.84208465e+00
1.83576155e+00
1.85726082e+00
1.86860216e+00
1.81601286e+00
1.82993066e+00
1.85181332e+00
1.84132791e+00
1.81177557e+00
1.85648286e+00
1.85140443e+00
1.85278440e+00
1.86593509e+00
1.83180273e+00
1.81931353e+00
1.82707608e+00
1.80496407e+00
1.80679607e+00
1.82718801e+00
1.79867041e+00
1.79834259e+00
1.84119976e+00
1.85439992e+00
1.83005011e+00
1.80250478e+00
1.82775617e+00
1.85134757e+00
1.78886425e+00
1.83720946e+00
1.81577253e+00
1.80696654e+00
1.81963122e+00
1.80599213e+00
1.80545855e+00
1.79812741e+00
1.78895497e+00
1.79653704e+00
1.82254672e+00
1.80132711e+00
1.78253639e+00
1.82026780e+00
1.77283621e+00
1.79198730e+00
1.81411040e+00
1.78494072e+00
1.79752231e+00
1.82188332e+00
1.78684580e+00
1.78149199e+00
1.79513216e+00
1.78411138e+00
1.80160463e+00
1.76967037e+00
1.80833697e+00
1.80775332e+00
1.76841176e+00
1.74941695e+00
1.74282515e+00
1.80755413e+00
1.79283679e+00
1.76793540e+00
1.77402914e+00
1.70690608e+00
1.75175548e+00
1.74103189e+00
1.75832307e+00
1.74842310e+00
1.72985327e+00
1.76203525e+00
1.73220706e+00
1.74547291e+00
1.76722062e+00
1.74215603e+00
1.75113118e+00
1.79202855e+00
1.74082232e+00
1.75860524e+00
1.78221309e+00
1.76039219e+00
1.73520589e+00
1.74390948e+00
1.73260272e+00
1.79578364e+00
1.77142262e+00
1.76083922e+00
1.80068636e+00
1.75241911e+00
1.74096382e+00
1.74253917e+00
1.77197385e+00
1.78947556e+00
1.75507390e+00
1.75434279e+00
1.74665868e+00
1.75240958e+00
1.76969600e+00
1.74007893e+00
1.71272564e+00
1.72916555e+00
1.77110732e+00
1.77408874e+00
1.71377659e+00
1.73382223e+00
1.75094986e+00
1.71871805e+00
1.73626339e+00
1.71787715e+00
1.74454165e+00
1.72543979e+00
1.72963154e+00
1.73205614e+00
1.69115496e+00
1.72969818e+00
1.71626890e+00
1.73394406e+00
1.73574209e+00
1.71332371e+00
1.76333702e+00
1.69283700e+00
1.73672771e+00
1.77347410e+00
1.71891689e+00
1.67193460e+00
1.73814404e+00
1.70882952e+00
1.74932301e+00
1.70990098e+00
1.66077030e+00
1.70140040e+00
1.69636607e+00
1.70119321e+00
1.67875457e+00
1.65485358e+00
1.67258716e+00
1.67417860e+00
1.66797614e+00
1.67146909e+00
1.69622600e+00
1.66735697e+00
1.68067098e+00
1.70599365e+00
1.67727947e+00
1.67827022e+00
1.63441753e+00
1.69912696e+00
1.70063400e+00
1.62385869e+00
1.64416873e+00
1.64692879e+00
1.67794323e+00
1.68850541e+00
1.70119178e+00
1.67169774e+00
1.67442918e+00
1.68081689e+00
1.67857885e+00
1.64704633e+00
1.65640581e+00
1.65932453e+00
1.68134868e+00
1.66931558e+00
1.65304685e+00
1.64264739e+00
1.63970876e+00
1.65398788e+00
1.66577673e+00
1.68587255e+00
1.65993667e+00
1.61020339e+00
1.63371587e+00
1.67200315e+00
1.60859513e+00
1.65663636e+00
1.66647398e+00
1.64099324e+00
1.66522098e+00
1.68120575e+00
1.65398228e+00
1.66440117e+00
1.64242733e+00
1.65927422e+00
1.65260625e+00
1.63486803e+00
1.66603589e+00
1.66189754e+00
1.63591027e+00
1.62801015e+00
1.61742651e+00
1.62979257e+00
1.65185905e+00
1.64975750e+00
1.62118149e+00
1.62256813e+00
1.62914205e+00
1.61267614e+00
1.57103074e+00
1.62538278e+00
1.62894380e+00
1.58348513e+00
1.58569455e+00
1.60643172e+00
1.61199069e+00
1.58628070e+00
1.60460019e+00
1.61710310e+00
1.60915637e+00
1.62947488e+00
1.62903214e+00
1.63422370e+00
1.63923931e+00
1.63401616e+00
1.60047495e+00
1.57988262e+00
1.56771708e+00
1.58718026e+00
1.60950220e+00
1.62089443e+00
1.61993980e+00
1.63071656e+00
1.61719584e+00
1.56662917e+00
1.61559236e+00
1.62329924e+00
1.59072185e+00
1.60176837e+00
1.63327742e+00
1.59928906e+00
1.58638203e+00
1.61142087e+00
1.61820614e+00
1.61673224e+00
1.57706296e+00
1.58295703e+00
1.65939569e+00
1.59727025e+00
1.54695129e+00
1.62064242e+00
1.62051117e+00
1.58153868e+00
1.54636860e+00
1.56275892e+00
1.59058762e+00
1.58585191e+00
1.58168232e+00
1.55287802e+00
1.56427670e+00
1.58499265e+00
1.57599759e+00
1.58123636e+00
1.58803868e+00
1.57010996e+00
1.55178428e+00
1.54479563e+00
1.55072701e+00
1.57725489e+00
1.61066854e+00
1.59483886e+00
1.60536587e+00
1.58770275e+00
1.54834557e+00
1.56018734e+00
1.58558130e+00
1.60454118e+00
1.58527291e+00
1.56051433e+00
1.55621552e+00
1.58520103e+00
1.56966865e+00
1.52779043e+00
1.54229438e+00
1.55985045e+00
1.56685317e+00
1.50959027e+00
1.53261304e+00
1.57005548e+00
1.52208471e+00
1.50501323e+00
1.55149221e+00
1.56205928e+00
1.53032565e+00
1.60465908e+00
1.54510379e+00
1.50855005e+00
1.51934695e+00
1.50375819e+00
1.53759694e+00
1.54308510e+00
1.56467962e+00
1.54147720e+00
1.53791332e+00
1.54451144e+00
1.51638496e+00
1.50701010e+00
1.55613005e+00
1.52595317e+00
1.50453854e+00
1.51387811e+00
1.51774299e+00
1.50773513e+00
1.58351588e+00
1.57966352e+00
1.52539539e+00
1.48713827e+00
1.49698281e+00
1.55457807e+00
1.51463366e+00
1.50329208e+00
1.52805901e+00
1.53991663e+00
1.52455544e+00
1.52980089e+00
1.47553396e+00
1.49940121e+00
1.54620612e+00
1.51052260e+00
1.50461316e+00
1.44766378e+00
1.47045076e+00
1.51182926e+00
1.51600933e+00
1.48390436e+00
1.48353469e+00
1.45600629e+00
1.51403379e+00
1.50109673e+00
1.47984397e+00
1.53096116e+00
1.48080325e+00
1.45621836e+00
1.49660408e+00
1.50960720e+00
1.50079763e+00
1.53442085e+00
1.52478790e+00
1.49514008e+00
1.51217639e+00
1.46132624e+00
1.45754707e+00
1.49624538e+00
1.47240949e+00
1.45088387e+00
1.47255147e+00
1.49914205e+00
1.47408700e+00
1.44220579e+00
1.45994580e+00
1.45699310e+00
1.42658889e+00
1.47025847e+00
1.47357976e+00
1.43654132e+00
1.50600421e+00
1.48584723e+00
1.46918488e+00
1.45888269e+00
1.44098377e+00
1.43021166e+00
1.47354054e+00
1.50140834e+00
1.46918130e+00
1.45763600e+00
1.45040905e+00
1.44542968e+00
1.45916820e+00
1.44146347e+00
1.49024546e+00
1.45301700e+00
1.39373875e+00
1.46765351e+00
1.46140695e+00
1.45968640e+00
1.43912184e+00
1.43898892e+00
1.46691120e+00
1.40594912e+00
1.40816367e+00
1.44437027e+00
1.42612708e+00
1.42000997e+00
1.45535839e+00
1.45008898e+00
1.45030749e+00
1.45786214e+00
1.47011352e+00
1.53420150e+00
1.35394406e+00
1.14799845e+00
1.46770144e+00
1.50739086e+00
1.41275883e+00
1.44897783e+00
1.45365381e+00
1.42864871e+00
1.41676688e+00
1.44940019e+00
1.41861498e+00
1.41830993e+00
1.43903005e+00
1.44926524e+00
1.44683743e+00
1.44214225e+00
1.43350136e+00
1.41476679e+00
1.38310897e+00
1.39060998e+00
1.41796875e+00
1.37191153e+00
1.41631877e+00
1.42158163e+00
1.43197048e+00
1.43725836e+00
1.40202796e+00
1.39985347e+00
1.41326714e+00
1.41491902e+00
1.41619599e+00
1.40250599e+00
1.36206746e+00
1.40105247e+00
1.41001821e+00
1.42854083e+00
1.43741250e+00
1.39919150e+00
1.37906229e+00
1.45610464e+00
1.39088953e+00
1.36753440e+00
1.42299199e+00
1.42333841e+00
1.39877856e+00
1.40014482e+00
1.37773716e+00
1.41762829e+00
1.42851150e+00
1.38794410e+00
1.42071748e+00
1.38966990e+00
1.40476739e+00
1.42568624e+00
1.38012385e+00
1.34312153e+00
1.40262163e+00
1.42476594e+00
1.42759359e+00
1.39484823e+00
1.34580159e+00
1.35868800e+00
1.37561488e+00
1.40680695e+00
1.39791393e+00
1.34495282e+00
1.34766197e+00
1.37556016e+00
1.39097977e+00
1.39266169e+00
1.43426406e+00
1.41401350e+00
1.37860572e+00
1.38930583e+00
1.38118553e+00
1.33937061e+00
1.35905945e+00
1.35755038e+00
1.32888591e+00
1.35069060e+00
1.35807180e+00
1.34728432e+00
1.37185550e+00
1.37116408e+00
1.35162675e+00
1.37759125e+00
1.39971244e+00
1.33821785e+00
1.37945783e+00
1.37303710e+00
1.37375200e+00
1.37747777e+00
1.32092667e+00
1.34590364e+00
1.35612988e+00
1.37527525e+00
1.37264514e+00
1.36748028e+00
1.36442673e+00
1.38037145e+00
1.30029392e+00
1.31832170e+00
1.37416840e+00
1.36159587e+00
1.35674679e+00
1.33885562e+00
1.32346928e+00
1.34524190e+00
1.35978198e+00
1.34810317e+00
1.36667681e+00
1.32827044e+00
1.31712306e+00
1.32899809e+00
1.34257829e+00
1.30508935e+00
1.32922041e+00
1.31986916e+00
1.32578266e+00
1.32928574e+00
1.30502748e+00
1.33920491e+00
1.36572945e+00
1.33439291e+00
1.31284416e+00
1.28910041e+00
1.30898380e+00
1.31692696e+00
1.29350746e+00
1.31149042e+00
1.30313623e+00
1.28259480e+00
1.27752364e+00
1.28354418e+00
1.32511330e+00
1.31301856e+00
1.32039547e+00
1.33305955e+00
1.32885337e+00
1.29315126e+00
1.33999145e+00
1.32509613e+00
1.32308900e+00
1.29282224e+00
1.29779792e+00
1.33847785e+00
1.26445246e+00
1.32364559e+00
1.33182406e+00
1.29557145e+00
1.29414940e+00
1.30678463e+00
1.32142854e+00
1.32383323e+00
1.31817627e+00
1.30559516e+00
1.30519617e+00
1.31007230e+00
1.27361941e+00
1.30279350e+00
1.28421652e+00
1.29589891e+00
1.31958163e+00
1.30892444e+00
1.23999405e+00
1.26617014e+00
1.26021159e+00
1.24930370e+00
1.26393592e+00
1.25384688e+00
1.28404009e+00
1.23910010e+00
1.28860331e+00
1.30049694e+00
1.27836144e+00
1.27815926e+00
1.30492377e+00
1.27410269e+00
1.29829133e+00
1.28921413e+00
1.26529181e+00
1.29033339e+00
1.26336730e+00
1.28012323e+00
1.22235799e+00
1.18601286e+00
1.24491131e+00
1.27740252e+00
1.24140310e+00
1.26453614e+00
1.23369384e+00
1.24650502e+00
1.27259350e+00
1.21878707e+00
1.30958402e+00
1.23372793e+00
1.26404274e+00
1.29262495e+00
1.25401044e+00
1.24666905e+00
1.21712673e+00
1.28962088e+00
1.26793313e+00
1.23273492e+00
1.21440041e+00
1.24557531e+00
1.18993652e+00
1.24008965e+00
1.25166786e+00
1.25317156e+00
1.26933646e+00
1.24312067e+00
1.28765285e+00
1.22089946e+00
1.23059952e+00
1.22244215e+00
1.21486878e+00
1.23136568e+00
1.23178864e+00
1.22956634e+00
1.25228143e+00
1.25513232e+00
1.24206996e+00
1.26646423e+00
1.27345157e+00
1.28847051e+00
1.21144974e+00
1.21364343e+00
1.25140476e+00
1.24667490e+00
1.22166133e+00
1.19173193e+00
1.19122171e+00
1.22655714e+00
1.23128021e+00
1.21128535e+00
1.19776714e+00
1.08953452e+00
1.12589121e+00
1.22793055e+00
1.22243845e+00
1.16976976e+00
1.16884899e+00
1.19537926e+00
1.16682351e+00
1.21423721e+00
1.27693605e+00
1.23083043e+00
1.27559984e+00
1.20843649e+00
1.23453701e+00
1.21264040e+00
1.17534637e+00
1.24241400e+00
1.23532879e+00
1.21815836e+00
1.24784732e+00
1.23705971e+00
1.22983980e+00
1.24194944e+00
1.15193725e+00
1.16741467e+00
1.21716225e+00
1.20836091e+00
1.22229779e+00
1.24147642e+00
1.19038618e+00
1.16640496e+00
1.17549372e+00
1.20307112e+00
1.20902598e+00
1.24726164e+00
1.21941876e+00
1.20908594e+00
1.19825983e+00
1.20568621e+00
1.19134080e+00
1.18182647e+00
1.21467793e+00
1.19327009e+00
1.21585929e+00
1.21208286e+00
1.18987918e+00
1.20906687e+00
1.24468768e+00
1.18456757e+00
1.16427803e+00
1.19170594e+00
1.19788945e+00
1.18299162e+00
1.20848322e+00
1.18715596e+00
1.22953951e+00
1.24042022e+00
1.19870257e+00
1.17353642e+00
1.15740252e+00
1.18780923e+00
1.19172990e+00
1.18917346e+00
1.16205382e+00
1.17994463e+00
1.19280899e+00
1.17144334e+00
1.18476427e+00
1.18450928e+00
1.17676210e+00
1.17946196e+00
1.19714868e+00
1.13139415e+00
1.16910315e+00
1.18343866e+00
1.14663160e+00
1.20694256e+00
1.20855296e+00
1.19335437e+00
1.20609927e+00
1.15450382e+00
1.12823164e+00
1.15518224e+00
1.15119827e+00
1.22665238e+00
1.19288719e+00
1.21717250e+00
1.24643683e+00
1.18326104e+00
1.17380023e+00
1.17436528e+00
1.20059848e+00
1.16886306e+00
1.15976357e+00
1.18534207e+00
1.15000558e+00
1.13606024e+00
1.18864906e+00
1.16972291e+00
1.11697590e+00
1.15475667e+00
1.13786972e+00
1.16295958e+00
1.17030632e+00
1.13827205e+00
1.10893095e+00
1.13749123e+00
1.17125785e+00
1.12563193e+00
1.10435915e+00
1.15353251e+00
1.16851628e+00
1.14890683e+00
1.07671332e+00
1.16354322e+00
1.12960887e+00
1.10304677e+00
1.14854443e+00
1.17041075e+00
1.15312958e+00
1.10915017e+00
1.14474428e+00
1.13991094e+00
1.11990058e+00
1.13682926e+00
1.11090064e+00
1.18176448e+00
1.13575697e+00
1.12195992e+00
1.14646780e+00
1.11475348e+00
1.11400807e+00
1.14601636e+00
1.16728127e+00
1.15818250e+00
1.11782515e+00
1.06711304e+00
1.14978576e+00
1.12164354e+00
1.11771643e+00
1.17453408e+00
1.16173470e+00
1.09048295e+00
1.12054276e+00
1.09057605e+00
1.11319196e+00
1.14902842e+00
1.13702381e+00
1.09515440e+00
1.14785540e+00
1.15015435e+00
1.14547133e+00
1.09265435e+00
1.08313119e+00
1.17417204e+00
1.15421247e+00
1.11036110e+00
1.08199179e+00
1.08578062e+00
1.11135399e+00
1.14939737e+00
1.10972869e+00
1.11222625e+00
1.11708045e+00
1.10729039e+00
1.11741209e+00
1.07873785e+00
1.10027075e+00
1.11012781e+00
1.11108041e+00
1.09447396e+00
1.10144997e+00
1.12604403e+00
1.10381520e+00
1.09253585e+00
1.11967671e+00
1.11715078e+00
1.08357704e+00
1.08556068e+00
1.11165500e+00
1.13724339e+00
1.11283767e+00
1.08161271e+00
1.07499790e+00
1.11776876e+00
1.11309004e+00
1.07137072e+00
1.07450581e+00
1.09577870e+00
1.09117734e+00
1.08089340e+00
1.10640764e+00
1.11498380e+00
1.04281688e+00
1.00000000e+00
1.06021988e+00
1.03509426e+00
1.07588625e+00
1.04587245e+00
1.06792331e+00
1.09804821e+00
1.08534980e+00
1.06392705e+00
1.03703642e+00
1.03847933e+00
1.05005908e+00
1.03537452e+00
1.06134415e+00
1.10312366e+00
1.02655029e+00
1.05128419e+00
1.06963658e+00
1.06626737e+00
1.03314900e+00
1.04791296e+00
1.08436608e+00
1.07634521e+00
1.05094957e+00
1.07347310e+00
1.08051550e+00
1.04995656e+00
1.06524491e+00
1.08758724e+00
1.07349825e+00
1.05928934e+00
1.06800520e+00
1.09598339e+00
9.96459782e-01
1.04383922e+00
1.03710711e+00
1.02696908e+00
1.02755141e+00
1.03780997e+00
1.09899962e+00
1.10177839e+00
1.08423376e+00
1.03557789e+00
1.01062334e+00
1.01125646e+00
1.08360207e+00
1.03840065e+00
1.00755835e+00
1.03213561e+00
1.06755245e+00
1.05080616e+00
1.03935194e+00
1.04662991e+00
1.02140868e+00
1.02489185e+00
1.07239258e+00
1.07698715e+00
1.07769084e+00
1.03289354e+00
1.03305352e+00
1.00388455e+00
9.95558977e-01
1.04190958e+00
1.04731357e+00
9.99066293e-01
1.01391697e+00
1.03787816e+00
1.03847873e+00
1.02324677e+00
1.04686141e+00
9.81493115e-01
1.01366735e+00
1.03918052e+00
1.02283335e+00
1.03946841e+00
1.00576198e+00
1.01814139e+00
1.01042151e+00
9.97303545e-01
1.00974274e+00
1.00799823e+00
1.02746034e+00
1.06681979e+00
1.04420483e+00
1.02022803e+00
1.02616847e+00
1.05425191e+00
1.03108430e+00
1.07777643e+00
1.03892207e+00
9.71068621e-01
9.96196806e-01
1.04061687e+00
9.98537779e-01
1.02716112e+00
1.04127443e+00
9.82219279e-01
9.17743921e-01
1.00310385e+00
1.12484467e+00
1.02144599e+00
7.46718109e-01
9.04831231e-01
1.16478503e+00
1.15088737e+00
1.05193579e+00
9.30206001e-01
9.27645624e-01
9.57840145e-01
9.97177780e-01
1.02900147e+00
9.93577182e-01
9.86614287e-01
1.00302243e+00
1.01768756e+00
9.85930920e-01
9.79608178e-01
1.00322723e+00
9.63537693e-01
9.99050081e-01
1.01774800e+00
9.79313433e-01
9.73735332e-01
9.84331667e-01
1.02103174e+00
1.00935650e+00
9.89022017e-01
9.99128640e-01
9.76757646e-01
9.87784684e-01
1.00781977e+00
9.64203060e-01
9.47177947e-01
9.74979818e-01
9.92919743e-01
1.00585485e+00
9.63853359e-01
9.74436641e-01
9.92068768e-01
9.50116813e-01
9.77674186e-01
9.62248921e-01
9.30140138e-01
9.61483955e-01
9.60886657e-01
9.56450343e-01
1.01822698e+00
9.48064625e-01
9.92121339e-01
9.77237225e-01
9.74385083e-01
9.72885489e-01
9.25980210e-01
9.89885449e-01
9.58098829e-01
9.63971198e-01
9.52185035e-01
9.50602412e-01
9.64759409e-01
9.73678529e-01
9.54514563e-01
9.43508863e-01
9.55487669e-01
9.48937356e-01
9.22231495e-01
9.66598451e-01
9.56855178e-01
9.51437056e-01
9.49394464e-01
9.37652230e-01
9.51135457e-01
9.23377454e-01
9.57869828e-01
9.83877122e-01
9.46962714e-01
9.48692858e-01
9.85628605e-01
9.57903922e-01
9.50733840e-01
9.31345642e-01
9.09157276e-01
9.49869275e-01
9.64579046e-01
9.28489685e-01
9.33722079e-01
9.06895399e-01
9.19137776e-01
9.27562654e-01
9.06738222e-01
9.62509513e-01
9.28374112e-01
8.93383503e-01
9.15388227e-01
9.40490246e-01
9.47097957e-01
9.42716360e-01
9.19265270e-01
9.57492888e-01
9.63937163e-01
9.20789421e-01
9.10346687e-01
9.07596946e-01
8.97541285e-01
9.17546391e-01
9.19038117e-01
8.92145693e-01
8.77554893e-01
9.14756298e-01
8.98626387e-01
8.97207201e-01
9.06567633e-01
8.90762031e-01
8.76844108e-01
9.52180803e-01
9.05623794e-01
8.81972969e-01
9.02305245e-01
8.93426538e-01
8.97965610e-01
8.84772182e-01
8.76613438e-01
8.58007610e-01
8.33751202e-01
8.63633871e-01
8.46205235e-01
8.63791466e-01
8.55519891e-01
8.61692846e-01
8.63122761e-01
8.69436443e-01
8.70344698e-01
8.74803841e-01
8.54453146e-01
7.76437581e-01
8.11250031e-01
8.70142043e-01
8.10426056e-01
8.27080667e-01
8.77554774e-01
8.60077083e-01
8.30776036e-01
8.48162472e-01
8.50638568e-01
7.97488928e-01
8.12895000e-01
8.06988060e-01
7.85616934e-01
7.80379355e-01
7.96380162e-01
7.86094904e-01
8.12075973e-01
8.02726269e-01
7.76997089e-01
7.67271042e-01
7.84270704e-01
7.79442430e-01
8.09339404e-01
7.71404862e-01
7.54899263e-01
7.54092276e-01
7.20932305e-01
7.16932178e-01
6.96422815e-01
7.15134859e-01
7.30668068e-01
7.09284604e-01
6.90958560e-01
7.04374433e-01
6.81204557e-01
6.33801103e-01
6.11645639e-01
6.17386818e-01
6.36791289e-01
6.29196882e-01
5.16799569e-01
5.05609572e-01
5.68543673e-01
5.29894114e-01
5.15204728e-01
5.98324418e-01
5.90210795e-01
6.02189481e-01
6.34359241e-01
6.28061175e-01
6.38161063e-01
6.23658836e-01
6.69752240e-01
6.74241543e-01
7.00376689e-01
6.89460456e-01
6.82696462e-01
7.16952384e-01
6.85506225e-01
7.13431239e-01
7.52981901e-01
7.18402028e-01
7.06472278e-01
7.61831880e-01
7.41201103e-01
7.05836892e-01
7.26543903e-01
7.51990080e-01
7.62607157e-01
7.16198027e-01
7.61578500e-01
7.82758474e-01
7.77088821e-01
7.95278370e-01
8.06357443e-01
8.18387806e-01
7.77492225e-01
7.70554721e-01
7.86115289e-01
7.85735786e-01
7.96007156e-01
7.80565262e-01
7.61508346e-01
8.27223480e-01
8.18067849e-01
7.97439218e-01
8.16713452e-01
8.17871034e-01
8.15352440e-01
7.98959315e-01
8.37781668e-01
8.47533643e-01
7.94748962e-01
8.03971350e-01
7.98246980e-01
8.12858820e-01
8.35683763e-01
8.71049464e-01
8.34826887e-01
8.20904076e-01
8.00440609e-01
8.23523700e-01
8.09136271e-01
8.01383317e-01
8.41465533e-01
8.35773766e-01
8.11448336e-01
8.15957844e-01
8.12343836e-01
8.03730726e-01
8.27815950e-01
8.55034649e-01
8.33169520e-01
8.20944428e-01
8.32494140e-01
8.35157394e-01
8.21041226e-01
7.89001286e-01
8.05015385e-01
8.43141139e-01
8.37627888e-01
8.44693959e-01
8.56422305e-01
8.29234004e-01
8.26385438e-01
8.28417599e-01
8.45948637e-01
8.33421528e-01
8.13225389e-01
8.68925154e-01
8.19318175e-01
8.47636700e-01
8.27819109e-01
8.04041445e-01
8.45029294e-01
8.06147039e-01
8.39334607e-01
8.25787842e-01
8.17109764e-01
8.02226365e-01
7.83894002e-01
8.09770286e-01
8.13505054e-01
8.10841024e-01
8.29549253e-01
8.40445459e-01
8.44565272e-01
8.01309347e-01
7.98812270e-01
8.22204292e-01
8.17698777e-01
7.83040404e-01
8.08825731e-01
8.11575353e-01
8.23541582e-01
8.11740279e-01
7.84782171e-01
8.14895511e-01
8.09930980e-01
8.19568038e-01
8.19102466e-01
8.19587409e-01
8.09613526e-01
8.19714189e-01
8.05518568e-01
8.32472563e-01
8.25440288e-01
8.12629461e-01
8.21116745e-01
7.97460735e-01
8.14306200e-01
8.40335190e-01
7.86787510e-01
7.62955427e-01
8.05979371e-01
8.40400875e-01
8.04968059e-01
7.81781554e-01
8.09854865e-01
8.08819890e-01
8.16739917e-01
8.18076015e-01
8.27393413e-01
8.51854026e-01
8.07559967e-01
8.69204342e-01
8.52234840e-01
8.14816654e-01
8.07801902e-01
7.96020269e-01
7.93593168e-01
7.98358560e-01
7.93682992e-01
7.81721294e-01
8.28286111e-01
7.87547767e-01
7.66944051e-01
7.93102384e-01
8.06511045e-01
7.88978815e-01
7.93322384e-01
8.04887116e-01
8.01065326e-01
8.25659096e-01
8.05283546e-01
7.91693211e-01
8.13209713e-01
7.84320891e-01
7.80569136e-01
7.94149756e-01
8.29872608e-01
8.11489046e-01
7.47494996e-01
7.92586923e-01
7.80551493e-01
7.68745184e-01
7.87442029e-01
7.74992824e-01
7.16093123e-01
8.04945707e-01
7.64906645e-01
7.91171432e-01
8.13497424e-01
7.88060844e-01
7.97120750e-01
7.89171696e-01
7.79070258e-01
7.66072273e-01
7.79110432e-01
7.80451357e-01
7.76673973e-01
8.04957926e-01
7.86391079e-01
7.65637815e-01
7.77796507e-01
7.73897409e-01
7.37524509e-01
7.70929158e-01
7.80932069e-01
7.60881424e-01
7.85259545e-01
8.04384053e-01
7.37091362e-01
7.58717120e-01
8.01238418e-01
7.65969098e-01
7.68311918e-01
7.98144162e-01
7.64740765e-01
8.16032827e-01
8.00333440e-01
7.83344567e-01
7.76440024e-01
7.79399872e-01
7.83764482e-01
7.69832075e-01
7.53027797e-01
7.72648573e-01
7.94763625e-01
7.60324597e-01
7.67471671e-01
7.66975045e-01
7.64422238e-01
7.78129101e-01
7.85707116e-01
7.73560047e-01
7.74522007e-01
7.78296113e-01
7.62810171e-01
7.61014163e-01
7.52578914e-01
7.58775830e-01
7.98815548e-01
7.33902156e-01
7.53608644e-01
7.50815630e-01
7.38950789e-01
7.74323821e-01
7.74111688e-01
7.46274590e-01
7.84923792e-01
7.83330858e-01
7.52169371e-01
7.29695618e-01
7.76930571e-01
7.61264920e-01
7.40584075e-01
7.33128309e-01
7.60728836e-01
7.70474732e-01
7.23591685e-01
7.50865161e-01
7.56496072e-01
7.51876473e-01
7.55793571e-01
7.38024414e-01
7.28097200e-01
7.41438985e-01
7.26648808e-01
7.54709303e-01
7.52788365e-01
7.37760603e-01
7.70812929e-01
7.37504065e-01
7.06522107e-01
7.39205420e-01
7.34918535e-01
7.20290720e-01
7.71499753e-01
7.42845535e-01
7.35083938e-01
7.62110949e-01
7.48792589e-01
7.21184134e-01
7.49052882e-01
7.53651738e-01
7.48571575e-01
7.42082417e-01
7.37161756e-01
7.39229858e-01
7.23045886e-01
7.12916017e-01
7.43427694e-01
7.50542104e-01
7.25719571e-01
7.44516015e-01
7.71599829e-01
7.22379565e-01
7.36932576e-01
7.30093420e-01
7.17645645e-01
7.38971412e-01
7.41330147e-01
7.18163669e-01
7.29862273e-01
7.05167353e-01
7.23853290e-01
7.51942337e-01
7.29103863e-01
7.02457309e-01
7.34639168e-01
7.55891025e-01
7.47943640e-01
7.30290174e-01
7.20615804e-01
7.36581683e-01
7.29097068e-01
7.40807474e-01
7.30084717e-01
7.13119626e-01
7.40271866e-01
7.34167635e-01
7.19740450e-01
7.16302335e-01
7.04568923e-01
7.16250777e-01
7.26052403e-01
6.89638078e-01
7.01807082e-01
7.26117015e-01
7.15193808e-01
7.03547597e-01
7.02242911e-01
7.01641202e-01
6.94910526e-01
6.98286593e-01
7.14566529e-01
7.03555346e-01
6.92101121e-01
6.89085364e-01
7.00203717e-01
7.09275901e-01
7.30276465e-01
7.22927332e-01
7.00137675e-01
7.14055300e-01
7.15165436e-01
7.09106922e-01
7.20785201e-01
7.26701200e-01
6.97690785e-01
6.84412837e-01
7.05126286e-01
7.13176012e-01
6.99251890e-01
6.84258103e-01
7.09077656e-01
7.27289498e-01
7.17514217e-01
7.01108217e-01
7.13344693e-01
7.35306501e-01
7.17801273e-01
7.09240675e-01
7.14963734e-01
7.13891804e-01
7.16312230e-01
7.04918921e-01
6.93089962e-01
7.12288260e-01
6.83493853e-01
7.03086913e-01
7.08360791e-01
6.87652349e-01
6.98817849e-01
6.70128524e-01
6.92297876e-01
6.96134031e-01
6.99332952e-01
7.05994964e-01
7.04576790e-01
6.96639419e-01
7.08537757e-01
6.84256613e-01
6.78522706e-01
6.98061407e-01
6.83931828e-01
6.81220889e-01
6.87307060e-01
6.76852763e-01
6.60607457e-01
6.69300854e-01
6.90063417e-01
6.72547877e-01
6.73508048e-01
6.61433518e-01
6.78609192e-01
6.90020204e-01
6.80002809e-01
6.91512346e-01
7.11700797e-01
6.90887690e-01
6.92761302e-01
7.08033442e-01
6.76183283e-01
7.14827836e-01
6.81787789e-01
6.52665198e-01
6.85996473e-01
6.90437496e-01
6.58510387e-01
6.72417521e-01
6.82037950e-01
6.61016822e-01
6.69255674e-01
6.80495620e-01
6.82448149e-01
6.98719263e-01
6.76128149e-01
6.63995564e-01
6.46293283e-01
6.65737927e-01
6.99368238e-01
7.12080538e-01
6.69449508e-01
6.63474143e-01
6.77836537e-01
6.78411186e-01
6.75137043e-01
7.10158587e-01
6.66248739e-01
6.58140302e-01
6.57759964e-01
6.61965311e-01
6.82024121e-01
6.54717922e-01
6.51395798e-01
6.53026819e-01
6.75122917e-01
6.64578378e-01
6.52732074e-01
6.50463641e-01
6.41876161e-01
6.85069323e-01
6.81405604e-01
6.43650115e-01
6.60704315e-01
6.72027111e-01
6.67121530e-01
6.71650231e-01
6.70177996e-01
6.57488525e-01
6.66997850e-01
6.52270555e-01
6.56110764e-01
6.51679099e-01
6.54297948e-01
6.74779356e-01
6.84152782e-01
6.54059708e-01
6.74568951e-01
6.67382121e-01
6.28033876e-01
6.45297885e-01
6.68202996e-01
6.24816895e-01
6.38990939e-01
6.59266889e-01
6.61403656e-01
6.54310703e-01
6.30815625e-01
6.19670331e-01
6.65942013e-01
6.81500733e-01
6.58709347e-01
6.48432732e-01
6.58865631e-01
6.33190274e-01
6.54778302e-01
6.62852705e-01
6.55038774e-01
6.75926089e-01
6.56711161e-01
5.91156304e-01
6.12881184e-01
6.38315201e-01
6.51455402e-01
6.51304305e-01
6.83814108e-01
6.55273080e-01
6.45393550e-01
6.63437545e-01
6.39387250e-01
6.31857634e-01
6.64103270e-01
6.41661048e-01
6.76421106e-01
6.65980577e-01
6.42449737e-01
6.35472000e-01
6.35929883e-01
6.40035808e-01
6.46579146e-01
6.71291173e-01
6.61011755e-01
6.37301207e-01
6.40392244e-01
6.57202363e-01
6.47860408e-01
6.41317666e-01
6.41557813e-01
6.19430661e-01
6.62132323e-01
6.23390257e-01
6.03496015e-01
6.49455369e-01
6.36685789e-01
6.10107481e-01
6.39974713e-01
6.40452683e-01
6.25349820e-01
6.30096495e-01
6.40334904e-01
6.43570960e-01
6.63087189e-01
6.22805655e-01
6.18292391e-01
6.46266758e-01
6.53245449e-01
6.47437394e-01
6.34573698e-01
6.23275876e-01
6.63745582e-01
6.33291602e-01
6.10132277e-01
6.24564826e-01
6.29652977e-01
6.34343565e-01
6.44826472e-01
6.22757792e-01
6.26448870e-01
6.53900921e-01
6.22100353e-01
6.38512969e-01
6.28087401e-01
6.35672092e-01
6.29378974e-01
6.04744077e-01
6.28961980e-01
6.33854508e-01
6.05691016e-01
6.23548210e-01
6.21265233e-01
6.05306864e-01
6.25036418e-01
6.05843902e-01
6.16129100e-01
6.01583064e-01
6.12847030e-01
6.42490447e-01
6.19070172e-01
6.09572291e-01
6.44616902e-01
6.48839116e-01
6.32443488e-01
6.18272126e-01
6.29686534e-01
6.30688310e-01
5.98104417e-01
5.98215818e-01
6.12684011e-01
6.03439987e-01
6.12855256e-01
6.23578191e-01
6.20163321e-01
6.09219313e-01
6.01749659e-01
6.28091335e-01
6.44721746e-01
5.79729438e-01
5.82646251e-01
5.98144472e-01
6.11484706e-01
6.05050147e-01
5.98543465e-01
6.01767957e-01
6.11694157e-01
6.04489625e-01
6.06473327e-01
6.35966778e-01
6.19425774e-01
6.11750126e-01
6.08121097e-01
6.28103197e-01
6.10157073e-01
5.86724043e-01
6.07409716e-01
6.22701764e-01
5.94089985e-01
6.24481261e-01
6.34568989e-01
5.87269247e-01
5.88661373e-01
5.98639786e-01
5.89925826e-01
5.94758451e-01
6.20659530e-01
6.10673785e-01
5.87743938e-01
5.97584248e-01
5.81434786e-01
5.96612990e-01
5.99110305e-01
5.90619564e-01
6.34343803e-01
6.06186569e-01
6.07902467e-01
6.20804012e-01
6.10281169e-01
5.95726550e-01
5.84968567e-01
5.89823067e-01
6.16029203e-01
6.04054332e-01
5.94012618e-01
5.88735521e-01
5.90924323e-01
5.70011854e-01
5.88052273e-01
5.91594636e-01
6.02919221e-01
6.22447491e-01
5.74799418e-01
5.81430197e-01
5.96686244e-01
5.56931019e-01
5.75778842e-01
6.03887320e-01
5.70150554e-01
5.91042221e-01
5.78401864e-01
5.89204013e-01
5.88598132e-01
5.80308735e-01
5.81675887e-01
5.79872668e-01
5.68630636e-01
5.62781632e-01
5.91889858e-01
5.75090706e-01
5.30106425e-01
6.08445942e-01
6.14150286e-01
6.16288900e-01
6.16734803e-01
5.85829139e-01
5.50496459e-01
5.65424323e-01
5.18798947e-01
5.65515041e-01
5.95724463e-01
5.42181134e-01
6.15981102e-01
5.28270483e-01
5.84961116e-01
5.82315505e-01
5.63439429e-01
5.66553712e-01
5.28045535e-01
6.11843407e-01
5.46115220e-01
5.30801773e-01
5.41093409e-01
5.56251526e-01
5.79292536e-01
5.36197960e-01
5.76608539e-01
5.58357596e-01
5.60920179e-01
5.95625401e-01
5.96885324e-01
5.78393340e-01
5.79907835e-01
5.74430585e-01
5.72490931e-01
5.68819463e-01
5.75116813e-01
5.75346768e-01
5.61322093e-01
5.47014117e-01
5.56825638e-01
5.76564312e-01
5.61497867e-01
5.40817916e-01
5.59501410e-01
5.53466439e-01
5.73806167e-01
5.86963952e-01
5.67974269e-01
5.60179710e-01
5.59985101e-01
5.83960831e-01
5.85105658e-01
5.63555658e-01
5.58487892e-01
5.42315185e-01
5.70457399e-01
5.83959281e-01
5.66100717e-01
5.48786819e-01
5.96052229e-01
5.65259814e-01
5.18304467e-01
5.55236995e-01
5.65650702e-01
5.68402648e-01
5.20258427e-01
5.56214750e-01
5.48080385e-01
5.33925116e-01
5.55709898e-01
5.69727957e-01
5.74653268e-01
5.72354794e-01
5.73244750e-01
5.57830632e-01
5.73750913e-01
5.95877528e-01
5.76655149e-01
5.38909554e-01
5.64295530e-01
5.81248701e-01
5.59360921e-01
5.37784636e-01
5.74963391e-01
5.76841414e-01
5.91583073e-01
5.70479691e-01
5.59134901e-01
5.77362776e-01
5.44840276e-01
5.77989817e-01
5.46432078e-01
5.33358932e-01
5.44326544e-01
5.60527384e-01
5.48367023e-01
5.60357392e-01
5.57501197e-01
5.71878970e-01
5.50225616e-01
5.18198371e-01
5.33265889e-01
5.71405292e-01
5.42135656e-01
5.39119422e-01
5.39643168e-01
5.50134003e-01
5.78279734e-01
5.07146418e-01
5.58450222e-01
5.69880784e-01
5.64155102e-01
5.49848080e-01
4.91525859e-01
5.48257649e-01
5.45125127e-01
5.28468072e-01
5.35371363e-01
5.38206637e-01
5.26335180e-01
5.54115951e-01
5.09277523e-01
5.04694521e-01
5.41101694e-01
5.52339554e-01
5.49371541e-01
5.33303201e-01
5.44678450e-01
5.39841950e-01
5.35987496e-01
5.42973459e-01
5.38861752e-01
5.38388073e-01
5.11589587e-01
5.31997800e-01
5.41618228e-01
5.09884119e-01
5.55633247e-01
5.49628913e-01
5.47977328e-01
5.42205811e-01
5.47928751e-01
5.41741073e-01
5.39761484e-01
5.22011340e-01
5.05498350e-01
5.14056802e-01
5.24523914e-01
5.49856544e-01
5.46653986e-01
5.35085976e-01
5.41936338e-01
5.44093013e-01
5.44675291e-01
5.21114588e-01
5.30120671e-01
5.17559767e-01
5.45358717e-01
5.23239791e-01
5.29836774e-01
5.42593598e-01
4.76461917e-01
5.16998231e-01
5.19585729e-01
5.22027791e-01
5.23563027e-01
5.18601596e-01
5.09667695e-01
5.08112669e-01
5.14416873e-01
5.44855058e-01
5.45636654e-01
4.93555188e-01
4.79355097e-01
5.87439060e-01
5.55343270e-01
5.42757154e-01
5.00298917e-01
4.74283427e-01
5.48364818e-01
5.04711151e-01
5.01258075e-01
5.21698296e-01
5.32117248e-01
5.34139812e-01
5.31549215e-01
5.08926332e-01
5.18650711e-01
5.18508732e-01
5.24770021e-01
5.22955656e-01
5.22629619e-01
4.93831545e-01
5.08669913e-01
5.42277873e-01
5.34523010e-01
4.99497861e-01
4.94338423e-01
5.29507160e-01
4.96006519e-01
4.88273978e-01
5.11544645e-01
5.52869320e-01
5.53815067e-01
5.12733698e-01
5.19025981e-01
5.26659608e-01
5.18246293e-01
5.00008702e-01
5.02925158e-01
5.44800103e-01
5.33037663e-01
5.31464756e-01
5.15030801e-01
4.89441156e-01
5.07160246e-01
4.76762265e-01
5.14760494e-01
5.55294216e-01
5.49065828e-01
5.39892435e-01
5.14869571e-01
5.10542452e-01
5.09859204e-01
5.04453063e-01
5.06912887e-01
5.10488987e-01
4.72220510e-01
4.23751712e-01
4.66426313e-01
4.96602207e-01
5.12399316e-01
4.99561936e-01
4.71996635e-01
4.59980220e-01
4.97024834e-01
5.50420105e-01
5.16665697e-01
5.19215286e-01
5.71698129e-01
3.91369700e-01
4.57859427e-01
5.11647582e-01
4.91605073e-01
4.98603851e-01
5.00032246e-01
5.15171468e-01
5.07505238e-01
4.81627136e-01
4.93850410e-01
5.11360347e-01
4.97785389e-01
5.12208760e-01
5.07238269e-01
4.75798428e-01
4.60764408e-01
5.09383142e-01
5.26849747e-01
5.03794551e-01
5.15747368e-01
5.04739702e-01
4.88517821e-01
4.87729967e-01
5.21805167e-01
5.20509303e-01
4.94826645e-01
4.92989957e-01
5.12425423e-01
5.10579526e-01
4.98738080e-01
5.04752934e-01
4.83200222e-01
4.70471233e-01
4.98830646e-01
5.07739246e-01
4.63387489e-01
5.13694882e-01
5.18791974e-01
4.90688264e-01
4.82739478e-01
4.96616453e-01
4.94600326e-01
5.06801605e-01
5.05666912e-01
4.83378083e-01
4.93698925e-01
5.21253109e-01
4.75535125e-01
5.18989205e-01
4.92730737e-01
4.81102973e-01
4.99410152e-01
5.03354073e-01
4.81097013e-01
5.10438144e-01
4.74028975e-01
4.93431419e-01
5.07649004e-01
4.77169871e-01
4.82295752e-01
4.87162292e-01
5.00445724e-01
4.90073204e-01
4.85196233e-01
5.12187183e-01
4.90412027e-01
5.03395021e-01
4.97296572e-01
4.79681253e-01
4.87385064e-01
4.89097744e-01
4.64483231e-01
4.51431125e-01
4.96443093e-01
4.94942427e-01
4.77740318e-01
4.80762661e-01
4.57209229e-01
4.58190531e-01
4.79065597e-01
4.79928613e-01
4.79352087e-01
4.92996335e-01
4.80262816e-01
4.69196022e-01
4.74431723e-01
4.83472377e-01
4.80452448e-01
4.71289247e-01
4.91512746e-01
4.72534537e-01
4.75945473e-01
4.78834450e-01
4.73511696e-01
4.65920001e-01
4.89707142e-01
4.83979791e-01
4.67064589e-01
4.72325802e-01
4.73544687e-01
4.61911350e-01
4.56520289e-01
4.85795021e-01
4.78872687e-01
4.63346988e-01
4.72588867e-01
4.69677389e-01
4.58853692e-01
4.56290007e-01
4.64054495e-01
4.59151268e-01
4.68586802e-01
4.71604824e-01
4.65152591e-01
4.87586409e-01
4.71550286e-01
4.71309721e-01
4.71392870e-01
4.40918922e-01
4.48134959e-01
4.84283477e-01
4.94240433e-01
4.85113919e-01
4.60575461e-01
4.45348412e-01
4.47048873e-01
4.54210490e-01
4.58431661e-01
4.01705086e-01
3.99396420e-01
4.64436799e-01
4.47311103e-01
4.53722447e-01
4.51074600e-01
4.29730833e-01
4.64199245e-01
5.08503616e-01
4.69788551e-01
4.82132435e-01
4.47739214e-01
4.25663531e-01
4.66201246e-01
5.01822650e-01
4.56990421e-01
4.76358771e-01
4.53301311e-01
4.45200831e-01
4.61344004e-01
4.58793670e-01
4.42749292e-01
4.51779842e-01
4.63891983e-01
4.76776898e-01
4.61122274e-01
4.37021285e-01
4.83071506e-01
4.42019582e-01
4.38424885e-01
4.50875282e-01
4.58892435e-01
4.57444459e-01
4.53729510e-01
4.43301320e-01
3.16106468e-01
4.12313223e-01
5.87093353e-01
5.03079295e-01
4.33521777e-01
4.64857399e-01
4.77178752e-01
4.64841902e-01
4.33651090e-01
4.42813963e-01
4.68705386e-01
4.53806013e-01
4.37445581e-01
4.45349753e-01
4.62378055e-01
4.63809103e-01
4.47729021e-01
4.63808656e-01
4.74275231e-01
4.39775378e-01
4.18907106e-01
4.62801665e-01
4.83511776e-01
4.66691494e-01
4.56858754e-01
4.39243525e-01
4.05331463e-01
4.35040772e-01
4.81729358e-01
4.44676191e-01
4.15386975e-01
4.59731102e-01
4.61598158e-01
4.41909105e-01
4.75045860e-01
4.28878129e-01
4.45013314e-01
4.58481699e-01
4.53162134e-01
4.43326801e-01
4.48383033e-01
4.51547056e-01
4.32283551e-01
4.40272957e-01
4.21156019e-01
3.71698976e-01
3.57231468e-01
4.60300803e-01
4.58133906e-01
4.38320756e-01
4.37170029e-01
4.61562246e-01
4.66405094e-01
4.54689652e-01
4.42006707e-01
4.52323884e-01
4.25998151e-01
4.02469337e-01
4.71386224e-01
4.46941942e-01
4.49548215e-01
4.66436446e-01
4.54125971e-01
3.84132415e-01
4.13853675e-01
4.50071394e-01
4.24416482e-01
4.35247958e-01
4.36504275e-01
4.22535717e-01
4.25722033e-01
4.21934843e-01
4.29234177e-01
4.44482446e-01
4.41257566e-01
4.17703360e-01
4.47471321e-01
4.23729837e-01
4.45379496e-01
4.54241276e-01
4.22985733e-01
4.18279231e-01
4.43348765e-01
3.56686711e-01
4.19600010e-01
4.58854228e-01
4.25392061e-01
4.38467443e-01
4.30886984e-01
4.47844416e-01
4.49479282e-01
4.64200824e-01
4.51931566e-01
4.12061691e-01
4.46076721e-01
4.44818050e-01
4.25154448e-01
4.23317820e-01
4.17568237e-01
4.15259063e-01
4.29826528e-01
4.09971148e-01
4.12538022e-01
4.42551553e-01
4.29400742e-01
4.02690381e-01
4.24996823e-01
4.03135002e-01
4.20116454e-01
4.15304869e-01
4.20099288e-01
4.40304190e-01
4.00075048e-01
4.34332401e-01
4.36422795e-01
4.16608453e-01
4.18262571e-01
4.45455223e-01
4.32306707e-01
4.12588149e-01
4.07994628e-01
4.06113595e-01
4.16145653e-01
4.08876091e-01
4.23517764e-01
4.20663595e-01
4.07910228e-01
4.21244025e-01
4.34028864e-01
4.31293219e-01
3.97831023e-01
4.01189655e-01
4.26527321e-01
4.17332739e-01
4.14425105e-01
4.25074756e-01
4.14114922e-01
4.22974110e-01
4.23003584e-01
4.26121682e-01
4.30080563e-01
4.37725663e-01
4.24130350e-01
4.06383514e-01
4.35900152e-01
4.41945493e-01
4.37307030e-01
4.33039635e-01
4.29048151e-01
3.94189656e-01
4.05527860e-01
4.06271517e-01
4.12462682e-01
4.54174906e-01
4.51939881e-01
4.30157155e-01
4.03665870e-01
4.08798069e-01
4.40334111e-01
4.27711129e-01
4.09653008e-01
4.05138165e-01
4.14699078e-01
4.06287253e-01
3.79388303e-01
4.07048672e-01
4.24831033e-01
4.11953390e-01
4.31661278e-01
4.00282741e-01
3.81740034e-01
4.41566646e-01
4.11333263e-01
4.04411167e-01
4.28248584e-01
4.20908600e-01
4.12156940e-01
4.10085976e-01
4.11048383e-01
4.13039029e-01
4.18860137e-01
4.01493788e-01
4.07318085e-01
4.22511071e-01
3.92775029e-01
4.00335193e-01
4.04634655e-01
3.98119509e-01
4.00540769e-01
4.13564533e-01
4.15976197e-01
3.99031132e-01
4.07852352e-01
4.18372095e-01
4.12799686e-01
4.09512341e-01
4.06830519e-01
4.12593365e-01
3.97208303e-01
3.85171741e-01
3.96890521e-01
4.05234724e-01
4.14721459e-01
4.14325118e-01
4.07149106e-01
3.89210403e-01
3.78392756e-01
3.93292010e-01
3.95316601e-01
3.99813920e-01
3.81307065e-01
3.49800020e-01
3.27774405e-01
4.11233515e-01
3.94673795e-01
3.72677892e-01
4.03823346e-01
4.34167981e-01
4.20118034e-01
3.77340615e-01
3.60102832e-01
3.44569534e-01
4.40161020e-01
4.22013730e-01
3.69560301e-01
3.93929094e-01
3.85139316e-01
3.84161264e-01
3.65989864e-01
4.08089876e-01
4.08611298e-01
3.83809447e-01
4.13299054e-01
3.99658948e-01
4.03701127e-01
3.94404083e-01
3.78147662e-01
3.80573541e-01
3.87642801e-01
3.97894710e-01
4.05434489e-01
3.96187156e-01
3.80790949e-01
3.66382182e-01
2.81681538e-01
2.36714631e-01
4.06656027e-01
4.36283201e-01
3.76712143e-01
3.17901552e-01
3.65586460e-01
4.04929370e-01
3.87810826e-01
3.83484364e-01
3.95397902e-01
3.93310696e-01
3.70066166e-01
4.04156923e-01
3.95763934e-01
3.84407848e-01
3.85393709e-01
3.85105401e-01
4.00467455e-01
3.55961889e-01
3.55786324e-01
3.84358853e-01
4.04711604e-01
4.04116422e-01
3.90779793e-01
3.79756570e-01
3.68313819e-01
4.05875027e-01
3.80586416e-01
2.58346528e-01
3.65100801e-01
4.70782697e-01
4.34959471e-01
3.88202250e-01
3.73287380e-01
4.03453737e-01
3.95031363e-01
3.64872754e-01
3.65243614e-01
4.32479739e-01
4.24895972e-01
3.56048673e-01
3.82067323e-01
3.75833720e-01
4.06418890e-01
3.17092210e-01
2.32350588e-01
3.48023325e-01
4.61258858e-01
4.00829494e-01
3.82112294e-01
3.94526035e-01
3.71484369e-01
3.54290694e-01
3.73157680e-01
3.88819486e-01
3.69513452e-01
3.49000067e-01
3.25141340e-01
3.66044372e-01
4.01234061e-01
3.84701461e-01
4.00276810e-01
3.75548035e-01
3.15041810e-01
2.77147770e-01
3.59352261e-01
4.02651638e-01
3.88955116e-01
3.75418097e-01
3.56620073e-01
3.70212644e-01
3.69927049e-01
3.82340133e-01
3.47089499e-01
3.48602444e-01
3.61186504e-01
3.60001773e-01
3.50877434e-01
3.37793559e-01
3.30254555e-01
3.54414314e-01
3.49946648e-01
3.79814446e-01
4.05127972e-01
3.44558239e-01
2.58105129e-01
3.55913699e-01
