3.22567606e+00
2.97691560e+00
2.06992841e+00
2.90961909e+00
5.20687008e+00
3.85677505e+00
2.71387172e+00
2.29227829e+00
3.20961928e+00
3.42226791e+00
2.54829097e+00
2.36616921e+00
2.41421723e+00
2.49363422e+00
2.57836533e+00
2.16251850e+00
2.45786238e+00
2.21151567e+00
2.15711474e+00
2.26129508e+00
2.07541823e+00
2.16998625e+00
2.46306515e+00
2.05114722e+00
2.95589542e+00
3.56800175e+00
2.04626536e+00
2.19665718e+00
2.73355389e+00
2.08257675e+00
2.49012113e+00
2.51193357e+00
1.99533868e+00
3.12048769e+00
2.54865217e+00
2.11758137e+00
1.86079466e+00
1.75869441e+00
2.22084141e+00
2.64338112e+00
2.10086107e+00
2.27972388e+00
1.95582211e+00
2.09039545e+00
2.98518848e+00
1.79431903e+00
2.13207030e+00
2.21830082e+00
2.31145120e+00
2.09269166e+00
2.21616316e+00
2.03533912e+00
2.63662720e+00
2.61067653e+00
2.25070477e+00
2.10319948e+00
2.89740229e+00
2.53450775e+00
2.50086713e+00
1.80837893e+00
2.09655643e+00
2.36891031e+00
2.07876086e+00
1.90992177e+00
1.75806928e+00
2.18727946e+00
3.76998758e+00
2.84848094e+00
2.26809978e+00
2.97885299e+00
2.25292897e+00
1.80331945e+00
2.06463265e+00
2.44823933e+00
2.19378519e+00
2.11259866e+00
2.14727879e+00
3.11146140e+00
2.97795391e+00
2.44083214e+00
2.16708636e+00
2.21358895e+00
2.04595971e+00
1.61142206e+00
2.31816196e+00
2.41983604e+00
1.90835559e+00
3.31629276e+00
1.82142329e+00
3.17514157e+00
3.19798374e+00
1.78376138e+00
1.99710524e+00
2.72428179e+00
2.58614874e+00
2.02186775e+00
1.70977104e+00
1.99212384e+00
2.01492524e+00
2.45098948e+00
1.90089440e+00
2.09060168e+00
1.75021243e+00
1.59261417e+00
2.28371096e+00
1.95466232e+00
2.77484560e+00
1.98597777e+00
1.87864530e+00
1.65853584e+00
1.88461101e+00
2.07981515e+00
2.95637703e+00
2.13424087e+00
1.73575759e+00
1.62454927e+00
2.22480249e+00
1.83978307e+00
1.81217098e+00
1.81483603e+00
1.92505014e+00
1.61615503e+00
1.72728431e+00
2.46721745e+00
2.43001604e+00
4.32078218e+00
3.26134348e+00
1.98320913e+00
3.76349068e+00
1.95913541e+00
1.90275908e+00
1.73219132e+00
1.93168712e+00
2.34184670e+00
1.84738469e+00
1.87414062e+00
2.23530412e+00
2.57939219e+00
2.47064471e+00
2.77234364e+00
2.83529687e+00
2.24426055e+00
1.93635345e+00
2.11684394e+00
2.30306125e+00
1.97193468e+00
2.29519153e+00
1.90694654e+00
1.72993934e+00
2.35458422e+00
1.56060565e+00
2.00090742e+00
2.10288095e+00
2.38370824e+00
1.98642206e+00
2.50526714e+00
2.43644118e+00
2.27423334e+00
3.43933296e+00
2.38940454e+00
1.57965219e+00
1.75087786e+00
1.95959902e+00
1.70213640e+00
1.98305929e+00
1.64649093e+00
1.78741145e+00
1.62901592e+00
1.54029191e+00
2.05924249e+00
2.19158125e+00
2.15935111e+00
2.40816760e+00
2.08126783e+00
2.17667747e+00
2.05902338e+00
1.66434419e+00
2.53566957e+00
3.27205086e+00
1.45851266e+00
1.39693117e+00
1.65678442e+00
2.85920548e+00
1.89660406e+00
1.34512210e+00
1.46907878e+00
1.56839812e+00
1.28304946e+00
1.80671692e+00
2.50302935e+00
1.35987115e+00
1.34245038e+00
1.35069907e+00
1.47692358e+00
1.57665610e+00
1.94898629e+00
1.32065380e+00
1.80078685e+00
1.64134181e+00
1.21879554e+00
1.24320960e+00
1.25071263e+00
2.25632668e+00
1.80852604e+00
1.51085460e+00
1.89764762e+00
2.18655968e+00
1.93641472e+00
1.51968718e+00
1.67748952e+00
1.77840662e+00
1.85438013e+00
2.49519014e+00
2.03542781e+00
1.48902524e+00
1.86686099e+00
2.18029141e+00
2.16186833e+00
1.73770428e+00
2.38700223e+00
1.93372416e+00
2.00681281e+00
2.30273008e+00
2.86098289e+00
2.33259654e+00
1.48469400e+00
1.89927006e+00
4.47195148e+00
3.32266164e+00
1.96998882e+00
1.86213291e+00
1.76870954e+00
1.82798553e+00
2.54000139e+00
2.44158816e+00
2.11545110e+00
2.41899133e+00
1.84937525e+00
2.83577752e+00
3.67702985e+00
2.07310510e+00
1.77490723e+00
1.99117386e+00
1.99852431e+00
3.01274347e+00
2.07185864e+00
2.12614489e+00
3.55409503e+00
2.12700129e+00
1.83210623e+00
1.80420864e+00
1.94300473e+00
2.10725546e+00
1.77962291e+00
2.22901535e+00
1.80997598e+00
1.73548281e+00
2.68445778e+00
2.96433139e+00
2.16676021e+00
1.62099481e+00
1.86738932e+00
3.19044447e+00
2.10667419e+00
2.07489109e+00
1.85920882e+00
1.67811036e+00
2.69975305e+00
1.82101560e+00
1.90899801e+00
2.98868346e+00
2.84093690e+00
2.20330453e+00
1.62155604e+00
1.67192209e+00
2.06925631e+00
2.73150826e+00
2.46550655e+00
1.70269585e+00
1.64436662e+00
1.83499491e+00
1.96052504e+00
2.27932930e+00
2.92293096e+00
1.68980896e+00
1.70605624e+00
3.11434007e+00
2.34496331e+00
1.67285073e+00
1.67329872e+00
2.07029533e+00
1.77771389e+00
1.77353930e+00
1.74268615e+00
2.23946309e+00
2.68111062e+00
1.98126817e+00
1.83833957e+00
3.11441422e+00
1.41849732e+00
1.66034377e+00
2.63339949e+00
1.55240440e+00
2.00220275e+00
1.90714896e+00
1.37181306e+00
1.60205781e+00
1.89508474e+00
1.91919839e+00
2.10885906e+00
1.45677519e+00
1.42400205e+00
1.37435472e+00
1.38945222e+00
1.96262395e+00
1.85332525e+00
1.31278479e+00
1.30063999e+00
2.80589652e+00
1.20592403e+00
4.25757599e+00
1.50812745e+00
2.35097742e+00
1.94100368e+00
2.43476224e+00
2.62681460e+00
1.35385931e+00
1.74088979e+00
1.67629778e+00
1.96581149e+00
1.62057006e+00
1.20622230e+00
1.63664293e+00
1.43519521e+00
9.01962757e-01
1.14020419e+00
1.06327868e+00
1.35707879e+00
1.36848402e+00
9.80834484e-01
1.29472005e+00
2.18026233e+00
2.24631977e+00
1.31880951e+00
1.52488852e+00
1.29026699e+00
2.00865579e+00
1.25235653e+00
1.46389151e+00
1.56672025e+00
1.19182646e+00
2.46093893e+00
1.54719722e+00
1.38280988e+00
2.47358179e+00
2.52564096e+00
1.55982053e+00
2.13194013e+00
1.17942381e+00
1.14650309e+00
1.36145580e+00
1.28090537e+00
1.27413034e+00
1.56149948e+00
1.98777413e+00
1.86494839e+00
1.24776196e+00
1.74471354e+00
2.52720761e+00
2.10053897e+00
2.14039373e+00
2.06006193e+00
1.94878662e+00
1.52194726e+00
1.76760805e+00
2.22950172e+00
1.87457418e+00
2.81332707e+00
2.21268249e+00
2.18729019e+00
2.67079782e+00
1.47583115e+00
1.73994923e+00
2.24932003e+00
1.80271363e+00
1.52792418e+00
1.74542212e+00
1.72808635e+00
2.27271390e+00
1.76144040e+00
2.96450663e+00
3.53476119e+00
1.62621450e+00
2.00615740e+00
2.43689132e+00
3.41589022e+00
2.94261360e+00
1.92927158e+00
1.91026700e+00
2.81220150e+00
1.60512102e+00
1.91486955e+00
3.14534402e+00
3.67196727e+00
2.25197625e+00
2.13118339e+00
2.30311275e+00
2.61206412e+00
2.11843324e+00
1.55217636e+00
2.04071712e+00
2.19875121e+00
2.99565387e+00
2.21805072e+00
2.05583954e+00
1.96500492e+00
1.71043241e+00
2.34746146e+00
2.17863011e+00
2.38643289e+00
2.22354460e+00
2.40257716e+00
2.47783804e+00
1.86251545e+00
2.11955452e+00
2.61453152e+00
2.81455493e+00
2.34226418e+00
1.97660887e+00
3.16956019e+00
2.16650248e+00
1.88904798e+00
1.44935477e+00
1.56641972e+00
3.29676199e+00
2.22921705e+00
3.44399571e+00
2.81897855e+00
2.76914334e+00
3.24962950e+00
2.86170626e+00
2.59682250e+00
2.77950430e+00
2.38258815e+00
2.42581272e+00
2.69092894e+00
2.43791246e+00
1.40343547e+00
1.57181406e+00
2.88172865e+00
2.34761500e+00
2.43068147e+00
3.84101081e+00
2.29073071e+00
2.75096321e+00
2.54539227e+00
2.54615402e+00
2.30472207e+00
1.60103619e+00
1.56751323e+00
1.55188191e+00
2.45739460e+00
3.80209374e+00
3.23714161e+00
2.08970761e+00
2.80160713e+00
2.21217775e+00
2.09943938e+00
1.72957444e+00
1.72127068e+00
2.39608431e+00
2.07131314e+00
2.29083490e+00
2.24340916e+00
2.87928772e+00
2.61856961e+00
1.64066529e+00
2.10925031e+00
2.56221342e+00
1.68109143e+00
1.82016790e+00
2.38478327e+00
1.51421750e+00
1.86957121e+00
2.30572796e+00
2.00294638e+00
2.48129964e+00
2.62070942e+00
2.51268363e+00
2.26832414e+00
1.54778302e+00
2.90374613e+00
2.47163725e+00
1.68530190e+00
1.91191137e+00
3.07714558e+00
1.74453044e+00
1.78718793e+00
3.24233985e+00
2.62761402e+00
1.34017277e+00
2.74741197e+00
2.40127206e+00
2.23593259e+00
1.95649171e+00
1.82881236e+00
3.02016091e+00
1.77187991e+00
2.87835789e+00
3.12238526e+00
2.08025813e+00
1.91881061e+00
2.44308066e+00
2.05527234e+00
1.78235579e+00
1.25801384e+00
1.87016118e+00
2.48029208e+00
2.13722777e+00
1.40962887e+00
1.89928746e+00
1.58360696e+00
1.43265224e+00
2.06114316e+00
2.37954354e+00
2.03817177e+00
1.37867951e+00
1.59107149e+00
1.87188196e+00
2.56788731e+00
3.60623288e+00
1.23593712e+00
1.57155228e+00
1.48869717e+00
1.55387378e+00
2.06513977e+00
1.60682929e+00
2.48866153e+00
2.18693233e+00
1.79531240e+00
1.67236102e+00
1.35251713e+00
1.58354723e+00
1.58223426e+00
1.53623962e+00
2.38166118e+00
2.04765630e+00
1.84054768e+00
2.99553037e+00
1.80035520e+00
1.84686625e+00
2.56379724e+00
1.93699861e+00
1.84820962e+00
2.41759014e+00
2.50552535e+00
1.37972939e+00
1.30398238e+00
1.33058393e+00
1.58807552e+00
2.14633107e+00
1.29472256e+00
1.81557643e+00
1.37572205e+00
1.27260852e+00
1.33499730e+00
1.74367559e+00
2.24564838e+00
2.12022090e+00
9.46286559e-01
9.12321210e-01
9.22015429e-01
9.81079042e-01
1.05588973e+00
8.20869684e-01
9.00224805e-01
9.35416281e-01
1.16995120e+00
1.00080955e+00
8.51088941e-01
1.04120255e+00
7.93239176e-01
9.28926528e-01
1.07681143e+00
1.46432078e+00
1.87755871e+00
1.76842070e+00
1.40437305e+00
9.88080323e-01
1.07146239e+00
9.39936936e-01
1.22280836e+00
1.10989404e+00
2.43435621e+00
1.45364404e+00
1.18625104e+00
1.58287132e+00
1.07464719e+00
1.25003231e+00
1.92951977e+00
1.15611100e+00
9.13588047e-01
1.37429774e+00
1.33972085e+00
9.90301609e-01
1.08523786e+00
1.38425696e+00
1.51825821e+00
1.19492602e+00
1.94654608e+00
1.79747105e+00
2.53177214e+00
1.66903663e+00
1.50848615e+00
1.66022635e+00
2.29070878e+00
3.40868235e+00
2.52685595e+00
1.87184310e+00
1.77035451e+00
1.23279023e+00
1.13972509e+00
1.34847486e+00
1.61056340e+00
2.03536439e+00
1.99230182e+00
1.56887591e+00
1.55363905e+00
1.77458179e+00
2.24916816e+00
2.76116085e+00
1.85798776e+00
1.37532616e+00
1.58244145e+00
2.64466381e+00
1.72328150e+00
1.91737986e+00
2.60072470e+00
1.76336217e+00
1.84626722e+00
2.76890111e+00
2.38022017e+00
1.56153464e+00
1.20956469e+00
1.57315886e+00
1.54216611e+00
1.60815799e+00
1.49971414e+00
2.03778911e+00
2.33763146e+00
1.16494405e+00
2.46635485e+00
1.32260907e+00
2.70450377e+00
2.46231842e+00
1.42373204e+00
1.58287919e+00
1.37246382e+00
2.04710245e+00
2.97159576e+00
2.60706091e+00
1.38221800e+00
1.35821426e+00
2.37433505e+00
3.66647792e+00
1.65106285e+00
1.89292276e+00
1.99095333e+00
2.51057243e+00
1.60514843e+00
2.13643932e+00
1.40198302e+00
1.09096539e+00
2.07470083e+00
2.05062675e+00
2.51302528e+00
2.23240900e+00
2.22938800e+00
2.55887675e+00
2.34350204e+00
1.36620510e+00
2.04917836e+00
1.86887789e+00
1.67782354e+00
1.71031713e+00
2.21229458e+00
3.02637100e+00
2.01308250e+00
2.73424768e+00
1.29287910e+00
1.65710151e+00
2.78737402e+00
1.97170699e+00
1.74101937e+00
3.25233531e+00
2.60320473e+00
2.19739676e+00
1.82952416e+00
2.15554023e+00
2.86008406e+00
2.21889925e+00
2.25531793e+00
3.13250661e+00
3.02673340e+00
1.96102357e+00
2.69868422e+00
2.97900486e+00
1.94721568e+00
1.35717642e+00
1.77693999e+00
1.49605560e+00
2.02599001e+00
2.92625046e+00
2.74801660e+00
2.06275010e+00
1.72544277e+00
1.67782915e+00
1.55225003e+00
2.21188521e+00
2.73613429e+00
2.74303579e+00
2.68446469e+00
2.17376447e+00
1.59168696e+00
1.78733456e+00
1.75523412e+00
2.05316663e+00
1.83173704e+00
1.47195292e+00
1.62472618e+00
2.77967620e+00
2.69299650e+00
2.47590423e+00
2.21660614e+00
2.09766006e+00
2.52938437e+00
2.98232746e+00
2.36512733e+00
1.91177154e+00
2.23629189e+00
2.34585524e+00
3.34821773e+00
1.89008832e+00
1.31374586e+00
1.20362091e+00
1.46214283e+00
2.73217821e+00
2.64950371e+00
1.79660940e+00
1.54339266e+00
1.92359245e+00
1.63957572e+00
1.68327689e+00
2.41335177e+00
2.48785067e+00
2.42126060e+00
1.75678611e+00
1.61551297e+00
1.92697120e+00
2.29110312e+00
1.87584651e+00
2.77316880e+00
2.11988807e+00
1.44698822e+00
2.29493690e+00
1.64948070e+00
2.27319002e+00
2.02828741e+00
2.70068836e+00
2.59765100e+00
1.66623878e+00
2.03994036e+00
2.10284114e+00
2.72350287e+00
1.33240569e+00
1.19302821e+00
2.17354012e+00
1.76695716e+00
2.63252234e+00
2.29894137e+00
2.13168216e+00
2.41413021e+00
2.28381205e+00
1.79073441e+00
2.61895871e+00
2.38548374e+00
1.79067492e+00
1.84853542e+00
1.68951976e+00
1.26791728e+00
2.11498594e+00
2.36451459e+00
1.56937742e+00
1.39880621e+00
2.06085825e+00
2.56582236e+00
1.28496861e+00
3.22935128e+00
1.92100155e+00
1.26948392e+00
3.48712087e+00
2.45260358e+00
1.75913990e+00
2.00196815e+00
1.93941092e+00
1.83431864e+00
2.71640301e+00
1.86441684e+00
2.21849179e+00
2.72241783e+00
1.61862993e+00
1.77664518e+00
3.18429279e+00
2.29958296e+00
1.86550868e+00
2.46389794e+00
2.76000237e+00
2.93272924e+00
3.29112625e+00
2.30380130e+00
2.10048246e+00
2.33376384e+00
2.29090524e+00
2.06872845e+00
2.62728810e+00
1.73150313e+00
1.93204808e+00
2.09233475e+00
2.34639049e+00
2.15031362e+00
2.11208105e+00
2.81921601e+00
1.81571627e+00
1.97253025e+00
1.92883646e+00
2.00750661e+00
2.66902232e+00
2.64284968e+00
1.24770141e+00
1.91428852e+00
1.51057971e+00
2.00190639e+00
2.94145370e+00
1.82177770e+00
2.40244269e+00
2.79830742e+00
2.34040189e+00
2.03903913e+00
2.45253086e+00
2.42052341e+00
1.67670226e+00
1.69953620e+00
1.80184138e+00
2.51355910e+00
2.11672926e+00
1.23046350e+00
2.38137794e+00
2.03729367e+00
2.31610918e+00
3.05683041e+00
2.23934913e+00
1.88413095e+00
1.19967580e+00
9.53112662e-01
1.75992250e+00
1.53120899e+00
1.28312862e+00
2.03752542e+00
1.66631079e+00
2.41913176e+00
2.31931376e+00
2.15580773e+00
2.16937232e+00
1.35686123e+00
1.12815297e+00
2.47769618e+00
2.28854823e+00
1.26247013e+00
1.67472506e+00
1.85949171e+00
1.81275988e+00
2.12972188e+00
2.07530951e+00
1.97127962e+00
2.47433996e+00
2.56139135e+00
2.20988655e+00
1.86453974e+00
1.41522074e+00
1.58069658e+00
2.20881796e+00
1.95785224e+00
1.63808656e+00
2.07608414e+00
1.42943370e+00
1.71452022e+00
2.62298059e+00
1.21139753e+00
1.45221436e+00
1.82261813e+00
2.66828322e+00
2.13843441e+00
1.54528153e+00
2.93597722e+00
1.45940137e+00
2.36276746e+00
2.61658883e+00
1.47034478e+00
1.33685744e+00
2.04472113e+00
1.91897702e+00
1.33703053e+00
1.32169390e+00
3.35605693e+00
2.41988349e+00
1.33786511e+00
1.09758496e+00
1.07758141e+00
2.22509861e+00
3.14445758e+00
2.12181926e+00
2.70037317e+00
1.91857493e+00
2.68925810e+00
2.69243360e+00
1.79279089e+00
1.39000511e+00
1.37254441e+00
2.67342019e+00
1.62860239e+00
1.65315855e+00
2.32912731e+00
1.38166714e+00
9.77102578e-01
2.10466313e+00
1.37188447e+00
1.07289588e+00
1.78503597e+00
2.13428521e+00
1.38315070e+00
1.94556117e+00
1.27483451e+00
1.33212423e+00
1.93290162e+00
1.72137463e+00
2.72398925e+00
2.79801130e+00
2.63966584e+00
1.82566345e+00
1.14336169e+00
1.33564103e+00
1.60302889e+00
2.27711940e+00
1.29253018e+00
1.75471187e+00
2.62318492e+00
2.39154005e+00
1.84188557e+00
1.67485499e+00
1.63679659e+00
9.84533429e-01
1.06799591e+00
2.13142037e+00
1.30582941e+00
1.09361827e+00
1.56675351e+00
1.09824061e+00
1.77731156e+00
2.80566216e+00
1.08369648e+00
1.96627963e+00
1.75895262e+00
1.70845389e+00
2.39536858e+00
2.01035810e+00
1.22332120e+00
3.96884656e+00
2.25041628e+00
1.75686693e+00
2.76014590e+00
2.27590442e+00
2.03117752e+00
1.90540326e+00
2.12843037e+00
2.03010058e+00
1.51486444e+00
1.50738609e+00
1.93071198e+00
1.78938401e+00
2.55722022e+00
1.69496799e+00
1.12401497e+00
1.71008790e+00
1.04626632e+00
2.06834412e+00
2.19270015e+00
1.19848263e+00
1.51047337e+00
3.10046911e+00
1.60888267e+00
2.98467064e+00
1.15642059e+00
1.01376390e+00
2.11048579e+00
1.48512018e+00
1.65213990e+00
1.26532412e+00
2.43531299e+00
2.25341821e+00
1.23755920e+00
1.11131322e+00
1.35663867e+00
1.54394543e+00
1.48325074e+00
1.40789866e+00
1.28081369e+00
9.75239754e-01
1.78555131e+00
8.76143813e-01
2.17508078e+00
1.48159254e+00
7.83772111e-01
1.98194849e+00
1.60211062e+00
1.12249565e+00
1.34716225e+00
1.24550986e+00
2.00457788e+00
2.51573586e+00
1.73616612e+00
1.46533036e+00
1.79027808e+00
1.47636378e+00
1.54025710e+00
1.90591216e+00
7.82913625e-01
9.40641940e-01
1.45913970e+00
1.11575949e+00
9.12205577e-01
2.08918595e+00
2.21302009e+00
7.98293352e-01
8.18272710e-01
8.90879095e-01
1.23674572e+00
8.49947393e-01
1.00631738e+00
1.50131261e+00
1.25886941e+00
1.17613494e+00
6.84343696e-01
7.90405512e-01
7.38352656e-01
6.41995668e-01
1.70030487e+00
2.38010120e+00
1.37465250e+00
6.26295626e-01
1.30801773e+00
1.15101564e+00
9.38953519e-01
6.29067540e-01
8.32609177e-01
8.98740411e-01
6.81646109e-01
6.16193533e-01
1.46374083e+00
6.63611948e-01
1.14203751e+00
7.59926021e-01
1.61147785e+00
1.55683839e+00
1.09390879e+00
1.41682231e+00
1.11820138e+00
4.98853743e-01
1.41683149e+00
1.14610064e+00
6.54086411e-01
1.56229842e+00
2.01743031e+00
1.41477478e+00
2.24459982e+00
1.10876775e+00
1.33606350e+00
1.46335840e+00
8.05991471e-01
6.49711728e-01
1.66635764e+00
1.01546979e+00
1.53418207e+00
1.50031757e+00
1.13856649e+00
1.34251976e+00
6.70145094e-01
7.30123520e-01
6.80417299e-01
9.30686593e-01
9.34321404e-01
1.20823765e+00
1.70897830e+00
8.59768689e-01
7.34626174e-01
1.03500473e+00
1.13970172e+00
1.77515686e+00
1.71711874e+00
8.40944111e-01
8.07828069e-01
1.58212185e+00
1.69285131e+00
1.32089329e+00
1.46034920e+00
1.02669287e+00
1.67121518e+00
1.86838520e+00
9.23501790e-01
8.89259338e-01
9.79445994e-01
1.15440643e+00
9.67982888e-01
1.50140142e+00
2.07490301e+00
1.08414769e+00
1.10938668e+00
2.33605862e+00
3.28952408e+00
2.28430843e+00
1.83378375e+00
2.75320244e+00
1.40614378e+00
1.08307993e+00
2.42674923e+00
2.14684534e+00
1.25338483e+00
1.49274313e+00
1.15599108e+00
8.80326092e-01
1.73229527e+00
2.11531353e+00
1.48045886e+00
1.21177733e+00
2.24191070e+00
1.46040976e+00
1.25847876e+00
1.52887118e+00
1.71071935e+00
1.99704623e+00
1.68174541e+00
1.10334706e+00
1.53995883e+00
1.91086733e+00
1.54735160e+00
1.04759181e+00
1.20581400e+00
2.41318822e+00
1.65222490e+00
1.45683861e+00
1.82943833e+00
1.41927564e+00
1.42578828e+00
1.79042876e+00
1.28483355e+00
1.08797801e+00
1.39876807e+00
1.38869095e+00
1.42785025e+00
2.14782715e+00
1.80786061e+00
1.57788336e+00
1.56724846e+00
1.28619361e+00
1.19015396e+00
1.65877426e+00
1.73901534e+00
1.31761634e+00
1.53691113e+00
2.12983656e+00
1.16548276e+00
1.59002376e+00
1.21390820e+00
1.43933582e+00
1.44356596e+00
1.16864026e+00
2.61671329e+00
1.75602794e+00
1.67739975e+00
1.56900561e+00
1.26443386e+00
1.05794692e+00
2.02895665e+00
2.55639720e+00
1.44956040e+00
1.21345723e+00
1.88453794e+00
2.19955325e+00
9.09859598e-01
1.38915706e+00
1.63479578e+00
2.11539841e+00
1.92595148e+00
1.30594409e+00
2.72722077e+00
2.45550442e+00
1.43077493e+00
9.76805210e-01
1.24836051e+00
1.58106935e+00
1.79459226e+00
2.40497923e+00
1.96851361e+00
9.33692157e-01
1.10270107e+00
2.21150088e+00
1.36329556e+00
1.15267289e+00
2.47982430e+00
2.17451811e+00
1.53469634e+00
2.17450070e+00
2.41805625e+00
1.80500472e+00
1.53968883e+00
2.14806128e+00
2.29319286e+00
2.08280873e+00
2.76185036e+00
2.29837704e+00
2.46780968e+00
2.20481944e+00
1.64006412e+00
1.34400451e+00
1.61040425e+00
1.15989769e+00
1.87767875e+00
1.91316974e+00
1.73997962e+00
3.13680124e+00
1.69244742e+00
1.79025710e+00
2.09993386e+00
1.73535907e+00
1.39386058e+00
1.71730614e+00
2.52847600e+00
1.82354844e+00
1.54206049e+00
1.46773541e+00
1.79158425e+00
2.19537902e+00
1.37436688e+00
1.50494087e+00
1.39969766e+00
1.59714746e+00
1.97023070e+00
1.81741071e+00
2.08294964e+00
1.46481693e+00
2.42161012e+00
1.64746964e+00
8.44466090e-01
1.40859735e+00
9.82421994e-01
1.04716086e+00
1.03959453e+00
1.34699488e+00
1.92182434e+00
1.69866061e+00
1.15058708e+00
2.40006137e+00
1.06542063e+00
1.36548448e+00
2.27926731e+00
1.21783900e+00
2.26230192e+00
1.82309783e+00
1.76119840e+00
1.64277804e+00
1.53942692e+00
1.83833563e+00
2.01601481e+00
1.73705709e+00
1.73256540e+00
1.74400759e+00
1.79550302e+00
2.08261299e+00
1.94703960e+00
1.19534910e+00
1.30272186e+00
2.08160663e+00
1.97821152e+00
1.17045045e+00
2.37375236e+00
2.10942459e+00
2.34124994e+00
2.24972034e+00
1.89556754e+00
1.76662588e+00
1.80869186e+00
1.43605602e+00
1.58226168e+00
1.68858933e+00
1.34744060e+00
1.37418640e+00
2.21712685e+00
2.57103467e+00
1.83861172e+00
1.45439374e+00
2.08755445e+00
2.23835635e+00
1.01530182e+00
2.09824038e+00
1.69325805e+00
1.58342803e+00
1.84167778e+00
1.37670624e+00
1.39276016e+00
1.46784425e+00
1.29781008e+00
1.87179124e+00
2.17226434e+00
1.53631210e+00
1.45522082e+00
2.04979324e+00
1.19706225e+00
1.51403463e+00
2.10273576e+00
1.65316641e+00
2.07754946e+00
2.41516662e+00
1.54182041e+00
1.63545156e+00
1.91650069e+00
1.36169779e+00
1.81156874e+00
1.24103260e+00
2.42493129e+00
2.30471087e+00
1.38760233e+00
1.27181447e+00
1.36821711e+00
2.66200900e+00
1.80804467e+00
1.77895820e+00
1.80869853e+00
8.08722496e-01
1.70320547e+00
1.30067682e+00
1.81012630e+00
1.72402251e+00
1.45270073e+00
2.01388001e+00
1.28628755e+00
1.61511517e+00
1.99068701e+00
1.37812316e+00
1.57456636e+00
3.01754880e+00
1.85976410e+00
2.01703143e+00
2.59630466e+00
1.88997865e+00
1.21822560e+00
1.34280217e+00
1.11491573e+00
2.43337584e+00
1.60844064e+00
1.81496429e+00
2.47074056e+00
1.62336969e+00
2.26751089e+00
1.57491541e+00
2.43688440e+00
2.51283216e+00
1.80965066e+00
2.09223580e+00
1.35346079e+00
1.98377144e+00
2.32156229e+00
1.70559943e+00
1.14812195e+00
1.46155322e+00
2.73411131e+00
2.41565967e+00
1.21478665e+00
1.58642435e+00
2.10547590e+00
1.62485719e+00
1.78040826e+00
1.45367873e+00
1.45378518e+00
1.58102608e+00
1.73145938e+00
1.76375163e+00
1.26733863e+00
1.65694690e+00
1.62966073e+00
2.15560150e+00
2.26553130e+00
1.56075740e+00
3.00314355e+00
1.52778673e+00
2.29026842e+00
3.12969518e+00
1.97825873e+00
8.88190329e-01
2.30211782e+00
1.98843753e+00
2.38922715e+00
1.75671816e+00
1.09086585e+00
1.50368309e+00
1.55258465e+00
1.59959650e+00
1.21018910e+00
9.73683655e-01
1.12390006e+00
1.12449419e+00
1.31441355e+00
1.14361560e+00
1.31835103e+00
1.53642213e+00
1.58934832e+00
1.49074662e+00
9.94132936e-01
1.44826841e+00
9.85051394e-01
1.45136404e+00
1.71176016e+00
6.37273252e-01
1.09681797e+00
9.46402371e-01
1.26022959e+00
1.93067420e+00
2.15525198e+00
1.71590865e+00
1.62334466e+00
1.78089833e+00
1.57875371e+00
1.44670093e+00
1.66727734e+00
1.59022343e+00
1.64546287e+00
1.86324298e+00
1.48801613e+00
1.43557954e+00
1.47395968e+00
1.41051364e+00
1.61335826e+00
2.00745821e+00
1.50922263e+00
8.05707395e-01
1.14188457e+00
1.97793722e+00
9.14136291e-01
1.66871238e+00
1.59253275e+00
1.32743561e+00
2.07339168e+00
2.59683800e+00
1.59154296e+00
2.09377122e+00
1.81424940e+00
1.63425612e+00
1.56102216e+00
1.53422713e+00
2.06468630e+00
1.86690998e+00
1.33103549e+00
1.15433168e+00
1.13134849e+00
1.88265872e+00
2.23639870e+00
2.07321525e+00
1.66588175e+00
1.49322867e+00
1.70333600e+00
1.52084029e+00
5.99705458e-01
1.84377205e+00
2.02889013e+00
1.44149363e+00
1.09115362e+00
1.47251725e+00
1.79813313e+00
8.43188167e-01
1.31011415e+00
1.41918159e+00
1.48279452e+00
2.47239375e+00
1.48490620e+00
1.77626312e+00
1.91040611e+00
1.76900232e+00
1.47592127e+00
1.14016271e+00
7.19767630e-01
1.31856418e+00
1.60665154e+00
1.58447230e+00
1.63318908e+00
2.11746788e+00
2.00634265e+00
9.97762382e-01
1.91204035e+00
1.92507017e+00
1.03563190e+00
1.51620221e+00
2.59107900e+00
1.60081017e+00
1.27506769e+00
1.78334546e+00
2.21904969e+00
1.90070760e+00
1.49493241e+00
1.57384491e+00
2.73016381e+00
1.70599711e+00
9.26007628e-01
2.52687001e+00
1.86776006e+00
1.00316441e+00
8.18398178e-01
1.25333834e+00
1.84171069e+00
1.86479616e+00
1.84815145e+00
1.14815366e+00
1.44859219e+00
1.73348618e+00
1.54366672e+00
1.89198709e+00
1.77951777e+00
1.43691778e+00
1.00123763e+00
1.11167121e+00
1.49043536e+00
1.71054423e+00
1.84873509e+00
2.15484142e+00
2.50088954e+00
1.97761929e+00
1.26939785e+00
1.27339220e+00
2.01725411e+00
2.51832938e+00
2.29442906e+00
1.48800826e+00
1.21209729e+00
2.08630419e+00
1.63481808e+00
8.73796105e-01
8.25493336e-01
1.89318979e+00
2.25382662e+00
8.58474970e-01
1.27788067e+00
1.95219553e+00
9.52469766e-01
8.36454451e-01
1.65591037e+00
1.70983231e+00
1.08580565e+00
2.61337900e+00
1.77569532e+00
8.27353954e-01
7.05659449e-01
8.20973396e-01
1.49280119e+00
2.27837086e+00
2.11699986e+00
1.53009927e+00
1.56558597e+00
1.89293754e+00
1.13663089e+00
1.54426670e+00
2.31440020e+00
2.17946339e+00
1.47936332e+00
1.15982890e+00
1.28988492e+00
1.37672710e+00
2.86731172e+00
2.60430241e+00
1.21018016e+00
8.36515009e-01
1.01049411e+00
2.00628877e+00
1.68667412e+00
1.12352681e+00
1.24483430e+00
1.82254994e+00
1.75911582e+00
1.91045022e+00
5.69106162e-01
9.04042244e-01
2.46690011e+00
1.81462610e+00
1.67705965e+00
7.21012950e-01
1.05622482e+00
2.23292160e+00
2.23144579e+00
1.14639997e+00
1.32464421e+00
7.58181393e-01
1.66426015e+00
1.58478677e+00
1.20106173e+00
2.04579568e+00
1.29607260e+00
9.02617753e-01
1.76204515e+00
1.92358530e+00
1.61161149e+00
1.99217284e+00
2.06204009e+00
2.14199138e+00
1.82969272e+00
1.13166463e+00
1.23112524e+00
2.00567222e+00
1.69491661e+00
1.35071707e+00
1.68670809e+00
1.80764699e+00
1.16574228e+00
6.28718674e-01
1.04261637e+00
9.48874176e-01
6.24158382e-01
1.24790430e+00
1.38819683e+00
7.31020510e-01
2.60642457e+00
1.72221804e+00
1.48631716e+00
1.33210981e+00
9.79375482e-01
1.27882290e+00
2.14531398e+00
2.02591825e+00
1.87617111e+00
1.68005204e+00
1.26005626e+00
1.20733988e+00
1.77289712e+00
1.05879843e+00
2.09144139e+00
1.43309462e+00
5.00467539e-01
1.54303205e+00
1.29662395e+00
2.36489296e+00
1.49458861e+00
1.47299397e+00
1.60629988e+00
7.86209226e-01
8.68465185e-01
1.59206188e+00
9.57766473e-01
8.79625261e-01
1.43289578e+00
1.47045016e+00
1.87289488e+00
2.19932389e+00
3.10794282e+00
2.16057992e+00
3.38481736e+00
2.82743239e+00
2.24435663e+00
1.33808482e+00
1.30070686e+00
1.88638270e+00
1.61597872e+00
1.54057026e+00
1.28953493e+00
1.58665061e+00
1.30531335e+00
1.07120025e+00
1.52243030e+00
2.02205348e+00
1.64830446e+00
1.36350942e+00
1.36439502e+00
1.26786971e+00
9.68323171e-01
1.16106927e+00
1.56958663e+00
1.01918828e+00
1.28483546e+00
1.65745497e+00
1.88188243e+00
2.08316970e+00
1.16896534e+00
1.31187236e+00
1.48711908e+00
1.33216643e+00
1.26583087e+00
1.27608800e+00
7.74166048e-01
1.56256580e+00
1.90365911e+00
1.90401483e+00
1.92287993e+00
1.52301168e+00
8.40551257e-01
2.68427706e+00
1.56439769e+00
1.04712415e+00
2.09649730e+00
2.11320162e+00
1.31654370e+00
1.50635099e+00
1.21417642e+00
1.92917371e+00
2.27253985e+00
1.04983187e+00
1.98399282e+00
1.85227621e+00
1.62960410e+00
1.85088265e+00
1.68311357e+00
1.17165363e+00
2.18931007e+00
1.80088007e+00
2.03133535e+00
1.53317893e+00
6.84030175e-01
9.15611565e-01
1.29557836e+00
2.40288091e+00
1.87276769e+00
1.10082853e+00
1.04159570e+00
1.21883583e+00
1.71918488e+00
1.76709819e+00
2.48376989e+00
2.02254224e+00
1.26598060e+00
1.91686296e+00
1.54416811e+00
8.93100798e-01
1.71141076e+00
1.40170765e+00
6.83759630e-01
9.53762710e-01
1.08799160e+00
1.17787993e+00
1.69003737e+00
1.83003616e+00
1.42345810e+00
1.43913853e+00
1.96799207e+00
1.21998179e+00
1.73881400e+00
1.74969149e+00
1.54981995e+00
1.83562827e+00
8.30509365e-01
1.18607628e+00
1.47553027e+00
1.70084429e+00
1.90654707e+00
1.60817170e+00
1.40959454e+00
1.75992024e+00
4.88962531e-01
7.75897503e-01
2.52239347e+00
1.99184394e+00
1.32296455e+00
1.18261659e+00
9.31162655e-01
1.23787594e+00
1.60792613e+00
1.43400061e+00
2.33327389e+00
1.32750046e+00
6.52868509e-01
1.54263246e+00
1.97284615e+00
6.05740190e-01
1.38970268e+00
1.21777570e+00
1.07319999e+00
1.20504618e+00
1.25623000e+00
1.26190639e+00
1.90337634e+00
1.60470188e+00
9.60961461e-01
7.07028687e-01
9.71114874e-01
1.02216840e+00
1.00965011e+00
1.62145388e+00
1.22189391e+00
7.84720898e-01
6.32587194e-01
9.07984853e-01
2.02944899e+00
1.40833807e+00
1.36487257e+00
2.00209999e+00
1.96858668e+00
1.42823279e+00
2.32879758e+00
1.80314803e+00
1.68451941e+00
1.23848331e+00
1.16397226e+00
2.11048865e+00
1.09689772e+00
1.89357913e+00
1.83559132e+00
1.13379395e+00
9.37008619e-01
1.30055547e+00
1.71567082e+00
1.77816117e+00
1.57058406e+00
1.30568159e+00
1.40839696e+00
1.59036672e+00
9.96356249e-01
1.33457243e+00
6.68715060e-01
1.02307498e+00
2.23500872e+00
1.51810110e+00
1.23443401e+00
8.80048037e-01
8.67350817e-01
7.92125106e-01
1.31933463e+00
8.15742493e-01
1.20287454e+00
4.33606386e-01
1.26945376e+00
1.64356041e+00
1.34483910e+00
1.23370349e+00
1.47218001e+00
1.51482546e+00
1.92840719e+00
1.60772824e+00
1.13381851e+00
1.46518123e+00
1.19034803e+00
1.90572774e+00
4.79707420e-01
4.77620959e-01
1.31043196e+00
1.56745934e+00
6.32770896e-01
1.38611686e+00
9.01898563e-01
9.68056321e-01
1.59359860e+00
3.87069613e-01
1.78644216e+00
7.42921472e-01
1.27123535e+00
1.53283083e+00
1.16009724e+00
1.24343061e+00
8.06004941e-01
2.16325045e+00
1.73995602e+00
5.22360623e-01
5.85457325e-01
1.23384655e+00
7.51056671e-01
1.08154035e+00
1.14159286e+00
1.52195930e+00
1.70396209e+00
7.08273709e-01
1.62618816e+00
8.42006028e-01
8.24351728e-01
8.31729054e-01
8.51996303e-01
9.87254620e-01
1.32134414e+00
1.52577853e+00
1.72186160e+00
1.78029978e+00
1.69166660e+00
1.68236995e+00
2.39194560e+00
2.24402094e+00
1.34843922e+00
1.08844662e+00
1.45067549e+00
1.80238497e+00
1.28385758e+00
7.63608873e-01
9.54270661e-01
1.11221862e+00
9.88898933e-01
1.30326402e+00
7.08381772e-01
1.38385034e+00
7.74618685e-01
1.62298119e+00
1.43775785e+00
1.23315370e+00
1.08771729e+00
1.18274283e+00
5.28132856e-01
1.64784050e+00
3.10637665e+00
1.60959494e+00
2.16174006e+00
1.01226020e+00
1.66301560e+00
1.35509026e+00
7.48318076e-01
2.04863262e+00
1.72084391e+00
1.40669549e+00
1.58389890e+00
1.61041594e+00
1.75119913e+00
1.82930088e+00
5.46640933e-01
9.20379043e-01
1.62719631e+00
1.64041293e+00
1.90932870e+00
2.32473898e+00
9.58731472e-01
4.39979553e-01
9.51447308e-01
1.11154902e+00
1.42449582e+00
2.64068413e+00
1.41122663e+00
1.27931356e+00
1.15464151e+00
1.22368884e+00
1.21893287e+00
1.06249511e+00
1.69498158e+00
1.14315319e+00
1.93461168e+00
1.67370462e+00
7.60103464e-01
1.77305472e+00
3.04557657e+00
1.12674463e+00
5.51038921e-01
1.06066620e+00
1.45561075e+00
1.43500197e+00
1.60271883e+00
1.24618137e+00
2.04057097e+00
2.30397153e+00
1.47544563e+00
9.15651917e-01
6.55854285e-01
1.11641133e+00
1.86742485e+00
1.34962726e+00
7.42194355e-01
1.14800107e+00
1.52225959e+00
1.67959237e+00
1.98978448e+00
1.68683147e+00
1.02905285e+00
1.06457269e+00
1.68591464e+00
5.37303686e-01
1.35921180e+00
1.22302938e+00
6.57080173e-01
2.39173579e+00
2.07556534e+00
1.39646983e+00
1.82149637e+00
1.13147402e+00
5.93845785e-01
1.66157436e+00
6.18756652e-01
2.68159533e+00
1.61376297e+00
1.79658759e+00
2.60947394e+00
1.64405549e+00
1.52865076e+00
1.25236380e+00
1.89471781e+00
9.17418420e-01
8.39829147e-01
1.57414913e+00
1.09752154e+00
9.81302321e-01
2.12870693e+00
1.63233113e+00
5.03183126e-01
1.22769630e+00
7.40194976e-01
1.48817766e+00
1.66855824e+00
1.00542867e+00
5.52043021e-01
9.08770144e-01
1.76729655e+00
5.25341392e-01
5.86115599e-01
1.27468228e+00
1.47786236e+00
1.19340646e+00
8.29439640e-01
1.92505217e+00
8.72969270e-01
7.84181595e-01
1.12264132e+00
1.58066177e+00
1.40931594e+00
7.17801988e-01
1.37378919e+00
1.06956720e+00
6.11630082e-01
1.12295198e+00
6.81123197e-01
2.09949422e+00
1.06068516e+00
7.49872863e-01
1.61360776e+00
7.28998184e-01
7.59077787e-01
1.73705792e+00
2.21451187e+00
1.76015615e+00
7.85756528e-01
3.73774141e-01
1.67002642e+00
7.93421686e-01
1.56844461e+00
2.61792088e+00
1.94574320e+00
7.58304715e-01
9.98434782e-01
5.67303360e-01
9.16016757e-01
1.99871838e+00
1.79623997e+00
5.99699795e-01
1.97081041e+00
1.84011149e+00
1.55818713e+00
6.39053047e-01
5.39510369e-01
2.49162364e+00
1.80167758e+00
1.10874331e+00
5.55977762e-01
6.18634641e-01
1.55880010e+00
2.40157008e+00
8.62621427e-01
1.11474919e+00
8.99870217e-01
1.41839194e+00
1.91693079e+00
5.79347730e-01
8.67395997e-01
1.48770308e+00
1.49593198e+00
1.32911348e+00
1.57199025e+00
2.04597640e+00
1.57295203e+00
8.42842340e-01
1.69004047e+00
1.98345065e+00
9.74596620e-01
6.95846021e-01
1.31473100e+00
1.90990722e+00
1.65974963e+00
9.30075824e-01
7.60990143e-01
1.53346622e+00
1.42764986e+00
1.13182604e+00
7.40087926e-01
1.06976509e+00
1.20696163e+00
9.11708176e-01
2.04576564e+00
1.86676061e+00
3.66949439e-01
0.00000000e+00
7.22028315e-01
5.07773578e-01
1.05505478e+00
6.80666149e-01
1.21414900e+00
1.66429412e+00
1.31033778e+00
9.20318961e-01
3.99207741e-01
4.17266428e-01
6.81256592e-01
6.90279722e-01
9.70972955e-01
1.44594502e+00
5.48659623e-01
6.81525588e-01
1.38133681e+00
1.04234946e+00
3.49840343e-01
5.76919913e-01
1.53956389e+00
1.15492308e+00
5.78982174e-01
1.15153623e+00
1.75250578e+00
7.75921464e-01
9.17189062e-01
1.61275220e+00
1.36289275e+00
8.65217865e-01
1.22438788e+00
2.48707032e+00
7.80858040e-01
9.12906885e-01
8.59653771e-01
4.77816075e-01
7.48512506e-01
8.81513000e-01
1.77364790e+00
2.07666731e+00
1.61735272e+00
7.94247329e-01
6.94017708e-01
5.72355688e-01
2.09131646e+00
6.06029391e-01
3.47320884e-01
1.04860389e+00
1.48896265e+00
9.05703247e-01
9.42499220e-01
8.74372542e-01
6.48070335e-01
8.96687448e-01
1.69506323e+00
1.69671988e+00
1.85753012e+00
1.10190952e+00
6.88919723e-01
4.11580175e-01
6.39326692e-01
1.14719820e+00
1.33221161e+00
4.93893176e-01
4.74111587e-01
1.23017359e+00
1.30959880e+00
1.22287607e+00
1.96289444e+00
5.17079175e-01
6.13705575e-01
1.47223246e+00
1.06757891e+00
7.91377485e-01
5.71803927e-01
9.91735995e-01
9.42808747e-01
5.09146392e-01
7.61638165e-01
9.02094901e-01
9.46715653e-01
1.93583322e+00
1.77365232e+00
1.16291845e+00
1.20752490e+00
1.69351137e+00
9.37511742e-01
1.95361233e+00
9.83020008e-01
6.39459670e-01
5.45615733e-01
1.49885631e+00
5.07749677e-01
1.06161737e+00
1.70107150e+00
6.94710016e-01
8.98202300e-01
1.60319984e+00
1.19375157e+00
8.23603272e-01
9.23467577e-01
5.02770722e-01
1.43535376e+00
1.37669897e+00
1.96193278e+00
4.13250268e-01
5.30919731e-01
9.60814953e-01
9.65224504e-01
1.73494065e+00
1.19751406e+00
1.17120421e+00
1.28802645e+00
1.24146903e+00
8.81746888e-01
8.22858870e-01
1.45033336e+00
4.32126760e-01
1.10146499e+00
1.23584497e+00
5.69908500e-01
1.32403696e+00
1.01926100e+00
1.77236807e+00
1.23825824e+00
7.93793857e-01
1.06214082e+00
8.46987069e-01
8.50913525e-01
1.10541332e+00
5.20928264e-01
4.24706936e-01
7.93604016e-01
1.27114213e+00
1.97925127e+00
6.83664262e-01
8.31067860e-01
1.01091456e+00
6.14905000e-01
1.10414553e+00
8.29727292e-01
7.34348834e-01
8.85398805e-01
6.19472504e-01
6.29963756e-01
2.31785154e+00
6.48621678e-01
1.18797719e+00
9.75241899e-01
8.92452896e-01
1.09485400e+00
5.86422443e-01
1.42830896e+00
7.89610028e-01
1.03309512e+00
1.17813432e+00
8.45600486e-01
1.05315280e+00
9.53553975e-01
7.75973678e-01
8.22255850e-01
1.07365084e+00
7.00981557e-01
8.22578907e-01
1.15614951e+00
8.55242550e-01
8.22376847e-01
7.24721551e-01
6.73592925e-01
1.20030332e+00
6.51759446e-01
1.08217263e+00
1.56400442e+00
1.59587395e+00
1.31232214e+00
1.26956689e+00
1.19753945e+00
8.59090686e-01
7.17322469e-01
4.08189565e-01
8.45729053e-01
1.65729475e+00
1.00274789e+00
1.09765577e+00
4.85751450e-01
8.39715540e-01
1.22422874e+00
4.04045463e-01
1.81316853e+00
7.95689523e-01
4.81965125e-01
8.22128117e-01
1.26545596e+00
1.59325790e+00
1.39449918e+00
1.14244056e+00
1.81699514e+00
1.89400959e+00
1.07130790e+00
7.83281565e-01
8.27758789e-01
6.39255822e-01
1.23648584e+00
1.28413236e+00
5.57660580e-01
4.43779767e-01
1.04101944e+00
7.80083418e-01
6.53052688e-01
9.11070406e-01
9.05865669e-01
4.86367702e-01
2.34202290e+00
1.16358471e+00
7.28297114e-01
9.24117386e-01
9.45372760e-01
1.22419918e+00
1.06981707e+00
1.03926969e+00
7.17369318e-01
3.07265192e-01
6.15756631e-01
4.23570454e-01
1.17567968e+00
5.85960269e-01
8.37573886e-01
6.11374199e-01
7.66741335e-01
1.12304199e+00
1.09460020e+00
4.91598696e-01
1.20805061e+00
5.90692520e-01
1.23976576e+00
3.68008941e-01
5.04407406e-01
2.12499309e+00
1.58884418e+00
7.83367276e-01
1.07994199e+00
1.03881466e+00
4.99610543e-01
6.90394878e-01
9.06572461e-01
3.79484922e-01
4.07202691e-01
4.24116999e-01
4.20389682e-01
1.05999005e+00
1.16203117e+00
4.93103564e-01
3.98740649e-01
1.15303361e+00
1.06390369e+00
2.08596683e+00
1.27496183e+00
7.70284295e-01
1.08230400e+00
5.57314873e-01
6.48751676e-01
4.20347095e-01
8.40983689e-01
1.19211221e+00
9.39689338e-01
1.22210264e+00
1.25342596e+00
9.58060503e-01
3.53625208e-01
6.68017507e-01
3.17082554e-01
1.10604620e+00
1.21958625e+00
6.90824687e-01
7.77555406e-01
1.88980043e+00
1.46487796e+00
9.64931071e-01
1.34750450e+00
5.43104887e-01
8.69962096e-01
9.51515675e-01
4.75227684e-01
6.67614400e-01
4.22297001e-01
9.13131654e-01
1.03707075e+00
8.17282259e-01
9.15512145e-01
1.03287244e+00
1.13250375e+00
5.35045028e-01
1.16852105e+00
1.37553978e+00
3.23450834e-01
3.39095622e-01
1.03084087e+00
4.16156739e-01
5.04831910e-01
3.44641745e-01
8.95937502e-01
7.34198391e-01
8.19579422e-01
6.49540067e-01
1.23666167e+00
1.04179800e+00
1.00903380e+00
1.25518191e+00
1.61076391e+00
6.23398125e-01
3.73464525e-01
6.61827683e-01
8.19789588e-01
6.27046764e-01
5.17402411e-01
4.34340090e-01
1.31445456e+00
1.47767150e+00
7.25914955e-01
1.56205916e+00
1.01295102e+00
8.74724567e-01
8.42746258e-01
1.44710898e+00
1.45967960e+00
5.48259676e-01
7.51760125e-01
4.80239242e-01
7.06502855e-01
1.65793395e+00
2.16299534e+00
1.16590869e+00
1.01714933e+00
5.93939483e-01
9.63809073e-01
8.26533437e-01
5.54917991e-01
1.08601117e+00
1.18348956e+00
4.96553749e-01
7.70691574e-01
9.03131306e-01
6.22828186e-01
8.65279019e-01
1.53750110e+00
1.12685728e+00
1.00155866e+00
1.20409882e+00
1.19520414e+00
6.65210366e-01
2.97019660e-01
5.61146319e-01
1.29164088e+00
1.24517083e+00
1.06233001e+00
1.23584366e+00
7.63451636e-01
8.01345050e-01
8.66350651e-01
1.27293575e+00
1.23070800e+00
4.97464716e-01
2.04492950e+00
9.33731079e-01
1.43659961e+00
1.11044300e+00
4.43075061e-01
1.52560699e+00
6.49755955e-01
9.80974138e-01
1.05566669e+00
7.05340981e-01
3.55940610e-01
5.05919397e-01
6.47489309e-01
8.93758297e-01
9.80108440e-01
1.04119790e+00
1.01214969e+00
1.00398767e+00
4.64553803e-01
4.38385636e-01
1.07651317e+00
7.26992190e-01
3.33850861e-01
1.03867650e+00
8.97508323e-01
1.16653991e+00
7.69885480e-01
3.16995412e-01
8.78717899e-01
6.14580154e-01
7.74341583e-01
7.77285814e-01
7.92948842e-01
7.30136096e-01
7.32215166e-01
7.67320454e-01
1.61124063e+00
9.41494644e-01
9.75678563e-01
9.89442229e-01
4.47118640e-01
7.36236930e-01
1.32555914e+00
4.23424482e-01
3.09587955e-01
8.99350822e-01
1.53287339e+00
9.24823523e-01
4.94129330e-01
9.53586161e-01
9.66358662e-01
1.06978571e+00
1.19607687e+00
1.20231366e+00
1.90809608e+00
7.15566158e-01
2.51848125e+00
1.42785549e+00
8.94731164e-01
9.39769745e-01
6.36291087e-01
7.28427887e-01
8.93214643e-01
6.56162322e-01
4.48415518e-01
1.43417513e+00
5.35099924e-01
2.86090106e-01
8.10832679e-01
1.10492086e+00
6.31752193e-01
6.59453154e-01
1.00871873e+00
9.43680882e-01
1.11880100e+00
9.73282933e-01
9.85099733e-01
1.13192415e+00
4.77901429e-01
4.58915114e-01
9.91440237e-01
1.76885092e+00
1.27936649e+00
5.92752397e-01
5.58160841e-01
6.12517238e-01
4.27615166e-01
7.82601058e-01
9.44344461e-01
1.45690155e+00
1.24120772e+00
3.24524730e-01
6.68735504e-01
1.49619019e+00
9.41584289e-01
9.02578354e-01
8.90021026e-01
9.96928871e-01
6.46752000e-01
5.71923971e-01
7.73120344e-01
6.12827361e-01
1.05856884e+00
1.25648797e+00
6.46023154e-01
8.74861956e-01
1.16928136e+00
3.34313005e-01
9.25343692e-01
9.76689517e-01
5.64345062e-01
9.07996058e-01
1.28807831e+00
3.17534924e-01
5.79007030e-01
1.57676065e+00
5.50667286e-01
5.09391248e-01
1.26297414e+00
5.61163008e-01
1.45084083e+00
1.53590655e+00
9.78263497e-01
6.64839864e-01
7.84574866e-01
1.17291272e+00
9.05998349e-01
3.77228171e-01
1.14124489e+00
1.32800126e+00
4.81309533e-01
5.17393410e-01
5.29991746e-01
6.67162538e-01
1.44840324e+00
1.23585856e+00
6.12972438e-01
1.20149362e+00
1.31593430e+00
7.49902308e-01
6.94635570e-01
6.56809211e-01
8.05928469e-01
1.72894728e+00
5.15879631e-01
6.43834472e-01
4.43429470e-01
2.80194402e-01
1.00507903e+00
1.09334552e+00
5.12324870e-01
1.09932351e+00
1.36972380e+00
5.79145789e-01
2.69003302e-01
1.40025353e+00
1.03887630e+00
6.44312978e-01
3.80874634e-01
8.23614657e-01
1.02248073e+00
5.40143847e-01
1.13315570e+00
9.01333570e-01
7.34335363e-01
8.91525149e-01
7.02090502e-01
3.32334459e-01
4.82875794e-01
4.18794781e-01
7.81156898e-01
6.35990977e-01
5.38623035e-01
1.34750032e+00
4.16336417e-01
4.06598419e-01
7.33683884e-01
5.27786434e-01
5.38090110e-01
1.26651108e+00
5.91951072e-01
5.07098496e-01
1.03259087e+00
9.51639533e-01
2.76039004e-01
7.46788740e-01
7.97726512e-01
9.34211016e-01
8.14306796e-01
8.19885135e-01
8.85793507e-01
3.62135977e-01
3.45983595e-01
7.43874490e-01
8.76845062e-01
5.99191964e-01
7.32798636e-01
1.22466135e+00
3.41378957e-01
7.62839496e-01
5.96726656e-01
3.67217660e-01
4.75250274e-01
6.20927393e-01
3.61588478e-01
6.19877398e-01
4.31210488e-01
5.38262248e-01
9.91090894e-01
6.76945806e-01
3.63900542e-01
9.62018549e-01
1.54803455e+00
1.16392291e+00
6.89610720e-01
6.50045216e-01
7.12996662e-01
8.08353364e-01
1.09537435e+00
8.28997433e-01
5.91151893e-01
1.09963059e+00
8.59643877e-01
6.30915284e-01
4.95241344e-01
3.41783911e-01
4.99973178e-01
6.96106255e-01
3.53159964e-01
3.28238487e-01
6.34724081e-01
7.29784310e-01
5.29101670e-01
4.51683640e-01
4.16376561e-01
3.48775804e-01
3.66773248e-01
6.68305457e-01
5.68824410e-01
3.17655951e-01
3.71145010e-01
3.94410640e-01
8.87085080e-01
1.10436392e+00
7.23670661e-01
4.84768987e-01
7.66986489e-01
1.12090755e+00
9.57115889e-01
9.93517816e-01
1.19748616e+00
7.77147830e-01
2.93418556e-01
6.46869302e-01
5.75265288e-01
3.24576259e-01
3.04470867e-01
7.40843415e-01
1.06667459e+00
1.05496788e+00
6.36438310e-01
6.48596168e-01
1.28635061e+00
1.23191524e+00
8.56130183e-01
8.23473215e-01
9.74106133e-01
9.54680383e-01
6.27915382e-01
5.55581450e-01
1.05250871e+00
4.76800799e-01
7.54448950e-01
8.85524809e-01
5.18617272e-01
5.74778616e-01
3.77826780e-01
7.02649355e-01
1.03062415e+00
7.77998567e-01
8.15092683e-01
1.03576970e+00
6.60014927e-01
8.05920899e-01
4.92519975e-01
4.14405227e-01
6.29119277e-01
5.14239311e-01
6.19631410e-01
7.93206394e-01
4.38608557e-01
4.65203941e-01
3.87557775e-01
8.22341979e-01
4.16660547e-01
4.08632725e-01
2.99974501e-01
4.25435483e-01
7.68877268e-01
6.13661230e-01
5.57365179e-01
1.22604609e+00
9.81276810e-01
9.76268232e-01
1.22780192e+00
5.63452959e-01
1.60932600e+00
6.08570218e-01
3.03395301e-01
8.91628504e-01
1.12301838e+00
2.40367308e-01
5.82082331e-01
6.36547029e-01
3.91184151e-01
4.69780594e-01
7.28790224e-01
7.12506175e-01
9.42777097e-01
7.73282826e-01
3.45466852e-01
3.87319684e-01
3.79580021e-01
1.13573694e+00
1.49944067e+00
4.62295860e-01
4.96750206e-01
9.06815529e-01
7.69379020e-01
7.44535506e-01
1.73811996e+00
4.93033648e-01
4.52932179e-01
5.50361156e-01
4.52737778e-01
1.04866529e+00
4.49617237e-01
4.82124388e-01
4.82232064e-01
8.13374043e-01
6.89185739e-01
4.10971403e-01
3.65603715e-01
3.73483896e-01
9.64897156e-01
9.39892054e-01
3.24056506e-01
6.37849450e-01
6.50096118e-01
7.41129458e-01
9.73998249e-01
6.44678354e-01
4.31201994e-01
1.07052076e+00
5.57291627e-01
5.39800823e-01
5.20552814e-01
4.62489277e-01
9.93329465e-01
1.25299704e+00
6.75298691e-01
1.05762219e+00
9.74591374e-01
4.07285333e-01
3.82424831e-01
9.41352129e-01
3.42534840e-01
6.38448060e-01
1.05416119e+00
9.04584587e-01
5.60382843e-01
4.00061220e-01
5.10000229e-01
9.36740398e-01
1.39148998e+00
8.68532479e-01
5.27985573e-01
6.27035975e-01
3.36807162e-01
5.55989027e-01
6.16414487e-01
8.58554542e-01
1.26809657e+00
7.32651472e-01
1.38319910e+00
4.85732555e-01
8.99967074e-01
6.34559333e-01
5.82233906e-01
1.64400864e+00
6.20351970e-01
6.22536480e-01
8.49720657e-01
6.38131380e-01
4.53884512e-01
9.97523546e-01
4.84427720e-01
1.42150414e+00
1.13465214e+00
6.03227735e-01
7.64049172e-01
8.40961277e-01
5.97162426e-01
9.57775116e-01
1.05285418e+00
7.57368267e-01
7.15607882e-01
8.36374521e-01
9.88119066e-01
7.71500707e-01
1.01122367e+00
6.14844620e-01
3.90355110e-01
1.19071960e+00
4.93283421e-01
5.93735278e-01
5.57328165e-01
6.28647149e-01
3.42606932e-01
7.72362769e-01
5.39922357e-01
2.79787719e-01
5.65439343e-01
7.88198709e-01
7.87833214e-01
1.11955583e+00
3.18480700e-01
5.79213858e-01
8.78062487e-01
8.50140274e-01
8.25171113e-01
9.05346930e-01
4.92753267e-01
1.27987349e+00
6.62603498e-01
3.88554454e-01
8.80006492e-01
5.09689271e-01
7.89939404e-01
8.55231225e-01
3.79409522e-01
4.45818514e-01
1.19966161e+00
6.84162974e-01
7.43164241e-01
5.97041488e-01
9.08827007e-01
8.76522183e-01
4.64354396e-01
7.73285568e-01
1.18604898e+00
3.79406124e-01
5.61075151e-01
7.41947293e-01
3.91329587e-01
5.91553152e-01
4.87747103e-01
7.54821122e-01
2.76950419e-01
4.32933033e-01
1.23100960e+00
4.38746423e-01
3.73052269e-01
1.16210091e+00
1.29464018e+00
8.99254382e-01
7.98126876e-01
9.41100180e-01
9.38944399e-01
5.22150218e-01
4.69462335e-01
5.89236736e-01
5.18116951e-01
5.84003687e-01
1.17621946e+00
6.64170027e-01
4.80242193e-01
9.09800887e-01
1.27487326e+00
1.33136094e+00
2.69493967e-01
4.40479666e-01
3.69813144e-01
7.11418092e-01
9.86704171e-01
3.73284370e-01
3.56411397e-01
5.87588966e-01
3.64866138e-01
5.59317946e-01
1.25361145e+00
9.39922690e-01
8.43818545e-01
8.26260626e-01
1.16154301e+00
8.19771171e-01
2.60981262e-01
6.94846153e-01
9.42388535e-01
2.81454742e-01
9.27823126e-01
1.21599233e+00
3.58273596e-01
5.46774149e-01
5.78940511e-01
7.09370434e-01
7.03557312e-01
9.88165617e-01
1.15049803e+00
3.71278375e-01
5.35046518e-01
5.52096367e-01
8.71706367e-01
8.27390730e-01
6.07681453e-01
1.32242525e+00
9.78050292e-01
8.19017649e-01
1.13111198e+00
9.58094299e-01
4.99466419e-01
6.25383973e-01
4.43091720e-01
8.35595131e-01
8.16407442e-01
6.26334369e-01
6.90142989e-01
6.49794102e-01
3.73026878e-01
3.91673297e-01
4.91016537e-01
7.78301597e-01
1.11381245e+00
4.75027323e-01
6.17797434e-01
5.84161639e-01
5.42199016e-01
2.64358759e-01
1.08456147e+00
2.81538010e-01
6.31060064e-01
3.64013702e-01
3.92889053e-01
5.92804909e-01
5.25956333e-01
5.84750891e-01
3.36099207e-01
3.30884337e-01
6.64959311e-01
1.08148468e+00
4.55440700e-01
8.51819575e-01
1.78284204e+00
9.10463691e-01
1.45350587e+00
1.93963027e+00
5.66911578e-01
4.54673797e-01
5.32526612e-01
1.48581362e+00
3.95612270e-01
7.24488437e-01
4.72811103e-01
1.75950944e+00
1.01675558e+00
7.48781383e-01
6.57803714e-01
5.06341636e-01
3.73229444e-01
4.05466944e-01
2.00696349e+00
3.96222144e-01
7.12244511e-01
2.95877665e-01
4.44786817e-01
4.18901652e-01
6.69138610e-01
5.85045278e-01
5.53015351e-01
4.08374578e-01
9.60753024e-01
1.21879554e+00
9.37799156e-01
6.91008985e-01
6.39531255e-01
6.29817188e-01
6.90171719e-01
7.04277575e-01
7.94587672e-01
5.08976936e-01
2.71572232e-01
3.82523626e-01
6.67621672e-01
5.97776413e-01
2.88467973e-01
3.13495934e-01
4.68133748e-01
7.49352157e-01
9.86860275e-01
6.79962873e-01
5.15368998e-01
4.77455080e-01
9.14935410e-01
1.00501525e+00
4.61500913e-01
3.70255113e-01
2.58152008e-01
5.46650529e-01
1.21574342e+00
7.27606535e-01
3.27803820e-01
1.34044242e+00
9.09694791e-01
4.53790873e-01
5.74131727e-01
8.62184107e-01
7.48232722e-01
4.62037414e-01
8.61541808e-01
3.66503924e-01
2.83960938e-01
6.35053694e-01
9.02544260e-01
8.90222311e-01
7.37219870e-01
7.72686720e-01
7.98075676e-01
1.07755184e+00
1.42259085e+00
1.09219861e+00
4.54219490e-01
8.49016547e-01
1.25721514e+00
7.55761981e-01
5.80645740e-01
1.01637471e+00
8.56328607e-01
8.47868264e-01
8.47604156e-01
8.62184703e-01
1.05619478e+00
5.55847466e-01
1.08052266e+00
6.80319667e-01
2.23752007e-01
5.03192067e-01
9.48513627e-01
4.31457579e-01
9.50610399e-01
6.51424229e-01
1.07716191e+00
1.13187683e+00
4.15151954e-01
3.19783270e-01
1.03805888e+00
4.20585871e-01
3.72736871e-01
4.08934355e-01
8.16050708e-01
1.96275508e+00
6.05463326e-01
6.85012937e-01
9.12125885e-01
1.00946522e+00
7.66919911e-01
5.39130092e-01
9.08518434e-01
5.91502190e-01
3.40238601e-01
5.22635758e-01
4.18670624e-01
2.95079052e-01
8.50369573e-01
4.75055397e-01
4.67203587e-01
8.16036403e-01
7.35129178e-01
6.81990266e-01
4.46125418e-01
7.35072970e-01
5.25294960e-01
4.28120911e-01
9.15346622e-01
9.35901761e-01
6.65125906e-01
4.92349774e-01
6.35771930e-01
5.04025996e-01
2.41779730e-01
1.08326638e+00
6.85360789e-01
6.62258148e-01
6.61208451e-01
8.77224088e-01
1.04125762e+00
8.85704935e-01
4.59760696e-01
5.30790091e-01
3.11157107e-01
5.65899670e-01
8.07455301e-01
1.19314837e+00
8.57033491e-01
5.94066679e-01
7.99238980e-01
8.92467856e-01
8.13667834e-01
1.05563891e+00
4.95389730e-01
1.20483947e+00
5.93081594e-01
4.23271805e-01
9.02995706e-01
4.98618156e-01
6.82750642e-01
5.16926527e-01
4.77417678e-01
5.82238734e-01
4.40489143e-01
2.45320573e-01
3.68040174e-01
4.57429081e-01
9.61706221e-01
1.19248033e+00
5.78523457e-01
7.75704026e-01
2.17161274e+00
1.46898234e+00
8.40977788e-01
4.43993449e-01
8.01373005e-01
1.19720280e+00
4.51023966e-01
2.12327808e-01
4.61727291e-01
7.29523063e-01
9.07255471e-01
1.25832915e+00
3.89765948e-01
4.75480050e-01
8.43732536e-01
8.31611276e-01
7.51840055e-01
9.86243904e-01
2.62305468e-01
8.30448329e-01
1.25163817e+00
7.86395431e-01
2.75992423e-01
3.36233228e-01
6.81288183e-01
4.17822808e-01
5.02642155e-01
1.27309632e+00
1.19409478e+00
1.28472257e+00
4.18056130e-01
7.41408825e-01
7.66314089e-01
5.92766523e-01
6.21443808e-01
3.68751109e-01
1.17128038e+00
1.33472192e+00
1.25848949e+00
7.38518059e-01
2.89775908e-01
5.74070692e-01
8.69762123e-01
8.59684646e-01
1.77930903e+00
1.75806642e+00
1.11004341e+00
8.15346360e-01
5.98438561e-01
5.70614457e-01
5.56250870e-01
4.81888831e-01
4.33262110e-01
5.93054414e-01
8.91727984e-01
3.88490140e-01
7.87656248e-01
9.05167043e-01
6.60049796e-01
5.17425954e-01
7.11816788e-01
8.82065773e-01
1.60047793e+00
1.10316348e+00
1.14136136e+00
2.66403198e+00
2.12736583e+00
6.10717773e-01
7.11391032e-01
3.36065143e-01
5.17306328e-01
7.98563898e-01
9.37096536e-01
5.99243045e-01
3.05861890e-01
5.01709580e-01
1.17316937e+00
4.48343247e-01
7.64696240e-01
7.98842669e-01
3.97827566e-01
3.33568573e-01
1.12428391e+00
9.35910881e-01
6.69712901e-01
8.41325760e-01
6.93411589e-01
3.11598271e-01
3.13061029e-01
1.03477323e+00
1.41164696e+00
5.75035036e-01
7.30705082e-01
1.16371262e+00
8.72327805e-01
6.98702753e-01
7.83546090e-01
2.89447516e-01
2.39134744e-01
7.09863901e-01
9.57803965e-01
3.43062103e-01
1.05931270e+00
1.47494197e+00
6.52803063e-01
3.43300223e-01
7.39605546e-01
6.98467314e-01
1.29566729e+00
9.70952630e-01
3.58128369e-01
7.43402004e-01
1.55609405e+00
4.01557446e-01
1.62103689e+00
8.74969482e-01
4.61012065e-01
9.17825282e-01
9.21995223e-01
3.09834182e-01
1.36767387e+00
4.18893814e-01
7.72185564e-01
1.28125834e+00
5.31303823e-01
6.99339271e-01
5.20905435e-01
1.19080579e+00
7.52150536e-01
6.70381904e-01
1.43262279e+00
6.55723214e-01
8.19382846e-01
7.63071299e-01
5.74703336e-01
6.28713727e-01
7.56671965e-01
3.10957223e-01
5.14142752e-01
8.91557038e-01
9.96777296e-01
6.41758323e-01
7.15065002e-01
2.52886504e-01
2.98909783e-01
6.05671048e-01
6.92149341e-01
6.50232553e-01
7.88390815e-01
6.68671548e-01
4.80034858e-01
4.62946713e-01
6.42253041e-01
4.99970794e-01
4.08506870e-01
8.62806678e-01
6.16331160e-01
5.49410582e-01
6.43722296e-01
4.98565555e-01
3.63292485e-01
9.07705724e-01
8.32720578e-01
3.91133547e-01
4.33490187e-01
5.69861710e-01
3.77259195e-01
2.55646855e-01
9.28049862e-01
7.35762954e-01
7.59171128e-01
8.30938876e-01
5.26382506e-01
4.47762340e-01
4.03313398e-01
3.79522830e-01
5.73824883e-01
7.24292517e-01
6.05108678e-01
4.16506112e-01
1.00230110e+00
7.64827371e-01
7.00918257e-01
6.04380727e-01
2.24672794e-01
3.72736067e-01
1.14184988e+00
9.32605803e-01
6.78352237e-01
3.43122810e-01
2.72196144e-01
1.95746392e-01
2.48945430e-01
5.10530412e-01
9.04644549e-01
1.41348755e+00
5.45295537e-01
7.27053344e-01
4.64528143e-01
4.95751083e-01
1.10832894e+00
8.22452009e-01
1.94334400e+00
5.93769789e-01
8.93023431e-01
6.66235924e-01
8.01888287e-01
1.13767052e+00
1.78931034e+00
5.49734235e-01
1.41811669e+00
2.96385348e-01
4.04878646e-01
8.89532626e-01
3.41125399e-01
2.65525997e-01
6.38439596e-01
6.49186194e-01
8.70900452e-01
5.02105772e-01
2.28516683e-01
1.04960561e+00
2.76402324e-01
2.45889843e-01
3.79453957e-01
5.41763127e-01
5.49661398e-01
3.34646106e-01
4.36830729e-01
3.98550463e+00
1.28365755e+00
3.06027555e+00
1.42891932e+00
6.72206581e-01
9.29592192e-01
1.22840571e+00
6.38076484e-01
2.87863672e-01
3.67819071e-01
1.10046530e+00
6.60736620e-01
4.58218932e-01
4.33451593e-01
6.84703350e-01
8.81099880e-01
6.86998963e-01
9.29032683e-01
1.05504405e+00
4.09328640e-01
3.41989607e-01
9.15523529e-01
1.24747777e+00
1.12580299e+00
1.01066208e+00
3.61262858e-01
4.60635930e-01
2.98750609e-01
1.48302639e+00
1.17413592e+00
9.11109090e-01
6.40227914e-01
6.71353638e-01
3.42658699e-01
1.17447519e+00
3.37919563e-01
8.37323308e-01
1.18651903e+00
1.00272214e+00
7.82488704e-01
5.10402739e-01
8.92842770e-01
3.45822543e-01
4.98719573e-01
1.38552451e+00
9.02415931e-01
2.14525414e+00
6.64766908e-01
8.88999283e-01
6.10320210e-01
4.29260790e-01
7.44686961e-01
1.16371787e+00
1.01003385e+00
6.18107319e-01
8.48129570e-01
6.65208042e-01
3.72585863e-01
1.32660139e+00
8.39425862e-01
8.74443889e-01
1.33494782e+00
9.98692214e-01
6.29789591e-01
6.21615350e-01
8.54391098e-01
6.43250525e-01
5.95642209e-01
6.40668333e-01
4.62347567e-01
3.79496723e-01
4.23050433e-01
5.90065360e-01
9.36259270e-01
7.22663403e-01
2.97497183e-01
8.56312215e-01
5.69652736e-01
1.03964853e+00
1.06637132e+00
5.28150320e-01
3.58446300e-01
5.95374525e-01
9.29451287e-01
8.16558719e-01
9.07489359e-01
4.62476373e-01
7.75552273e-01
7.86394775e-01
1.16077435e+00
9.57320690e-01
1.31488013e+00
1.16260111e+00
2.99030244e-01
8.20840955e-01
9.79860723e-01
5.54672599e-01
4.95837629e-01
5.33500612e-01
3.70263189e-01
5.38334310e-01
4.66086924e-01
5.92168808e-01
9.54573870e-01
6.56269610e-01
3.01162332e-01
1.04097605e+00
2.76634544e-01
3.50752980e-01
3.36772650e-01
5.43581784e-01
9.21661019e-01
2.58357584e-01
7.89892435e-01
7.52402365e-01
2.81966925e-01
4.75976795e-01
1.09850740e+00
8.46567631e-01
2.85571277e-01
2.42421478e-01
3.73654425e-01
4.66289282e-01
3.13724339e-01
4.82951462e-01
7.10619152e-01
5.85230470e-01
5.54811597e-01
9.57737505e-01
1.10941064e+00
2.25085855e-01
4.25396949e-01
7.68211305e-01
5.68239927e-01
5.00046253e-01
7.21957743e-01
6.29495561e-01
8.99529159e-01
7.02290773e-01
7.43244827e-01
8.32598329e-01
7.84199774e-01
7.39143848e-01
5.65415204e-01
1.00273132e+00
1.12729657e+00
9.90475476e-01
1.13545537e+00
7.47666359e-01
6.63433492e-01
5.10741830e-01
4.50168222e-01
7.22040296e-01
1.32318640e+00
1.49188232e+00
9.08953071e-01
3.96133870e-01
7.80271053e-01
1.28546262e+00
7.85072029e-01
6.42620802e-01
3.43762249e-01
1.02716255e+00
5.11946678e-01
3.61528993e-01
8.14570189e-01
9.38642263e-01
5.59625626e-01
1.09830558e+00
5.99033535e-01
4.54800159e-01
1.21594679e+00
4.44972694e-01
6.89373076e-01
8.80054295e-01
7.78341055e-01
8.36546004e-01
1.05641377e+00
6.30284250e-01
6.72710121e-01
8.09181392e-01
4.16546673e-01
5.46620607e-01
1.15788066e+00
3.83384466e-01
3.97164226e-01
7.23222673e-01
3.68170530e-01
3.56788814e-01
1.07274473e+00
9.14159358e-01
5.78088999e-01
8.23055863e-01
8.90487134e-01
7.99680829e-01
7.45609224e-01
5.59448123e-01
8.18587482e-01
3.87197435e-01
2.90244460e-01
4.18105692e-01
6.92254066e-01
8.41166794e-01
8.11989427e-01
8.22543561e-01
3.42857778e-01
2.10989222e-01
4.78004277e-01
4.89437461e-01
7.06528962e-01
3.58725488e-01
7.14444339e-01
8.22772384e-01
6.80371761e-01
5.59540272e-01
9.89693463e-01
1.35558105e+00
1.40362322e+00
5.23863018e-01
4.01716769e-01
1.11430967e+00
1.01708174e+00
1.23860216e+00
8.97624373e-01
3.27541262e-01
5.57885289e-01
4.20150399e-01
6.71020806e-01
4.01121467e-01
4.17704850e-01
8.90661716e-01
5.17318785e-01
9.35905218e-01
6.84940636e-01
7.29046822e-01
7.33190656e-01
5.08537114e-01
3.29759270e-01
3.66880298e-01
5.70729136e-01
8.91502857e-01
7.91202307e-01
3.04837108e-01
7.62703419e-01
1.85622311e+00
3.53514361e+00
1.49456751e+00
1.27267575e+00
5.12329876e-01
7.53417790e-01
8.05452168e-01
1.24400461e+00
7.65664995e-01
5.48455179e-01
7.73686290e-01
6.08491480e-01
4.30132091e-01
7.61977434e-01
5.94377995e-01
5.98240137e-01
6.26459897e-01
4.77416307e-01
8.86186063e-01
2.60286450e-01
3.59796196e-01
8.34343851e-01
1.30566359e+00
1.11872101e+00
6.11903071e-01
5.27744114e-01
3.90519232e-01
1.40241885e+00
5.23364127e-01
2.85073304e+00
1.62886441e+00
2.54012394e+00
2.05064368e+00
5.32538950e-01
3.33658069e-01
1.09607530e+00
8.04162145e-01
6.53569400e-01
8.47099662e-01
1.33387327e+00
1.51481616e+00
2.72700876e-01
7.58030951e-01
5.41360617e-01
1.17497969e+00
1.62381983e+00
3.45277643e+00
1.12556291e+00
2.14396143e+00
8.04683924e-01
6.76100135e-01
7.66611874e-01
2.91628718e-01
2.64534831e-01
5.18658936e-01
9.47372496e-01
2.88392514e-01
6.94236696e-01
5.10018468e-01
5.80102146e-01
8.27839434e-01
6.60453975e-01
1.03556442e+00
5.41563570e-01
1.26805782e+00
1.42501211e+00
1.77075469e+00
1.03556299e+00
9.90311146e-01
8.24033558e-01
4.46926713e-01
5.70885479e-01
4.42190766e-01
8.61405790e-01
2.65854329e-01
4.00082231e-01
3.81115198e-01
4.03819680e-01
2.28663966e-01
5.21541655e-01
7.09641039e-01
8.33480656e-01
4.85785931e-01
3.21763992e-01
3.58987331e-01
7.90787041e-01
7.43402302e-01
7.54574418e-01
