2.17254186e+00
2.17812514e+00
2.17021513e+00
2.18257499e+00
2.19856381e+00
2.23816109e+00
2.22646236e+00
2.25004697e+00
2.24520469e+00
2.24769378e+00
2.27498603e+00
2.27849340e+00
2.27101088e+00
2.27355194e+00
2.26437426e+00
2.27351809e+00
2.29647398e+00
2.28117442e+00
2.28283668e+00
2.28317809e+00
2.28020287e+00
2.28136349e+00
2.29741764e+00
2.29015827e+00
2.28474212e+00
2.27080679e+00
2.27888441e+00
2.25943589e+00
2.24141240e+00
2.25035548e+00
2.23522210e+00
2.21291852e+00
2.20659804e+00
2.18620658e+00
2.17638683e+00
2.15673447e+00
2.13949203e+00
2.16098428e+00
2.11635590e+00
2.09109783e+00
2.07845116e+00
2.05334210e+00
2.02333856e+00
2.01669073e+00
2.02135301e+00
2.00526190e+00
2.01835179e+00
2.05708933e+00
2.10530114e+00
2.12116766e+00
2.13523650e+00
2.15362716e+00
2.17906523e+00
2.18049288e+00
2.18704057e+00
2.21667767e+00
2.24926710e+00
2.25204086e+00
2.25370669e+00
2.26835632e+00
2.26404595e+00
2.27771640e+00
2.31364536e+00
2.28940582e+00
2.30967140e+00
2.29885626e+00
2.29368877e+00
2.31784153e+00
2.28702736e+00
2.29106641e+00
2.29566073e+00
2.28181458e+00
2.28429103e+00
2.27652121e+00
2.29367185e+00
2.27867055e+00
2.26038623e+00
2.27428341e+00
2.25878167e+00
2.26043153e+00
2.25123405e+00
2.21481967e+00
2.21517992e+00
2.19919276e+00
2.18755317e+00
2.17061067e+00
2.16171861e+00
2.14494038e+00
2.12364388e+00
2.08390927e+00
2.08155990e+00
2.08416700e+00
2.02940702e+00
2.00056982e+00
1.97805309e+00
1.95640099e+00
1.93380344e+00
1.90687823e+00
1.87046611e+00
1.85120285e+00
1.80385053e+00
1.77168989e+00
1.72925806e+00
1.69887376e+00
1.67737746e+00
1.68426716e+00
1.72607565e+00
1.76741493e+00
1.80998850e+00
1.81876850e+00
1.87385702e+00
1.89434874e+00
1.92687237e+00
1.96242440e+00
2.01760578e+00
2.01311970e+00
2.04195499e+00
2.06603074e+00
2.08131838e+00
2.10067129e+00
2.11512184e+00
2.15463758e+00
2.14532375e+00
2.19454932e+00
2.21217036e+00
2.21743345e+00
2.27645183e+00
2.28224683e+00
2.28111982e+00
2.30842662e+00
2.30686116e+00
2.32042933e+00
2.32376981e+00
2.32630944e+00
2.32414484e+00
2.33695960e+00
2.36577201e+00
2.36999440e+00
2.35388041e+00
2.35326648e+00
2.35968995e+00
2.36959291e+00
2.38723922e+00
2.36603260e+00
2.37814188e+00
2.36344910e+00
2.38118696e+00
2.39504600e+00
2.37234259e+00
2.36750412e+00
2.36280298e+00
2.34426093e+00
2.32738543e+00
2.30852103e+00
2.29026771e+00
2.30918598e+00
2.31665754e+00
2.31523585e+00
2.33154464e+00
2.30755329e+00
2.29978156e+00
2.29694414e+00
2.28524590e+00
2.26891279e+00
2.24012017e+00
2.24569178e+00
2.23886156e+00
2.20572281e+00
2.17779517e+00
2.16611767e+00
2.15207458e+00
2.11520386e+00
2.10941529e+00
2.07896566e+00
2.05033565e+00
2.04278636e+00
2.00075507e+00
1.96870434e+00
1.95092022e+00
1.93137538e+00
1.90606415e+00
1.88700891e+00
1.84808719e+00
1.79942763e+00
1.78313267e+00
1.75318372e+00
1.69961488e+00
1.66265321e+00
1.61396253e+00
1.55271709e+00
1.51136017e+00
1.46017587e+00
1.39879048e+00
1.36750317e+00
1.36604857e+00
1.42662132e+00
1.45905757e+00
1.50430322e+00
1.55770361e+00
1.61200225e+00
1.67417645e+00
1.69992721e+00
1.71885145e+00
1.75659096e+00
1.79107237e+00
1.82735002e+00
1.84924591e+00
1.86858070e+00
1.90612423e+00
1.93614900e+00
1.94621837e+00
1.99281442e+00
2.02728319e+00
2.02754688e+00
2.07292438e+00
2.10681152e+00
2.11448503e+00
2.14356995e+00
2.17969608e+00
2.19159722e+00
2.20516014e+00
2.21492410e+00
2.22423649e+00
2.24872828e+00
2.26706791e+00
2.29424882e+00
2.29988241e+00
2.31098843e+00
2.33270001e+00
2.33776498e+00
2.37162638e+00
2.37693477e+00
2.38804817e+00
2.39438605e+00
2.39807630e+00
2.41266489e+00
2.44351482e+00
2.43900371e+00
2.44405055e+00
2.45071507e+00
2.45199704e+00
2.45708752e+00
2.46184564e+00
2.47235084e+00
2.49758172e+00
2.46541858e+00
2.47615051e+00
2.48974442e+00
2.48328900e+00
2.48296714e+00
2.49834704e+00
2.51195407e+00
2.48698854e+00
2.49841142e+00
2.50800061e+00
2.50504112e+00
2.51482272e+00
2.53729081e+00
2.52733421e+00
2.50852680e+00
2.54315329e+00
2.52239323e+00
2.52756310e+00
2.54667282e+00
2.53168821e+00
2.53992629e+00
2.54078913e+00
2.51946187e+00
2.52969861e+00
2.51582766e+00
2.50956440e+00
2.50835633e+00
2.51485586e+00
2.50905180e+00
2.49150205e+00
2.48513436e+00
2.48294258e+00
2.45753694e+00
2.46718502e+00
2.47964573e+00
2.46576095e+00
2.45912337e+00
2.45505834e+00
2.46842146e+00
2.45511723e+00
2.44805193e+00
2.42210817e+00
2.41375422e+00
2.41472793e+00
2.39195585e+00
2.38415933e+00
2.37560773e+00
2.36563468e+00
2.34724212e+00
2.34838295e+00
2.30202508e+00
2.28797793e+00
2.29831147e+00
2.26680779e+00
2.24654436e+00
2.23816085e+00
2.23251390e+00
2.21476316e+00
2.20018387e+00
2.17632151e+00
2.15363717e+00
2.12419367e+00
2.11329818e+00
2.09611273e+00
2.07569551e+00
2.04938698e+00
2.02388859e+00
2.00839305e+00
1.98604012e+00
1.95577753e+00
1.91769469e+00
1.89061964e+00
1.86043072e+00
1.84776282e+00
1.82293916e+00
1.79022694e+00
1.76434124e+00
1.73869586e+00
1.69116449e+00
1.64976382e+00
1.61972523e+00
1.58642304e+00
1.56086862e+00
1.51727927e+00
1.46352839e+00
1.42658544e+00
1.37378824e+00
1.31561518e+00
1.26329863e+00
1.18689764e+00
1.15429664e+00
1.16961515e+00
1.20382988e+00
1.26469278e+00
1.32278597e+00
1.38272285e+00
1.44257641e+00
1.47001719e+00
1.50704932e+00
1.55498624e+00
1.59101617e+00
1.61717916e+00
1.64108503e+00
1.68064451e+00
1.71717000e+00
1.74415565e+00
1.76173723e+00
1.78558433e+00
1.83125961e+00
1.85683870e+00
1.87913585e+00
1.90263104e+00
1.91417468e+00
1.95838070e+00
1.97686791e+00
1.96497238e+00
2.00959778e+00
2.03773904e+00
2.04193544e+00
2.07474613e+00
2.08222842e+00
2.08363223e+00
2.11640143e+00
2.12512493e+00
2.13331580e+00
2.15466809e+00
2.16533589e+00
2.17266679e+00
2.19965720e+00
2.21839976e+00
2.22914982e+00
2.24406767e+00
2.24898219e+00
2.25181365e+00
2.27378869e+00
2.29466510e+00
2.29613209e+00
2.31253982e+00
2.31110573e+00
2.32588792e+00
2.34856772e+00
2.34488678e+00
2.34902263e+00
2.37370658e+00
2.37377048e+00
2.39734316e+00
2.39231157e+00
2.39681983e+00
2.39778233e+00
2.40941858e+00
2.43276715e+00
2.41884875e+00
2.42646456e+00
2.43663144e+00
2.42033792e+00
2.44823313e+00
2.45651627e+00
2.46000648e+00
2.45558500e+00
2.45445800e+00
2.46530271e+00
2.46992588e+00
2.48106861e+00
2.49372435e+00
2.49301171e+00
2.50181532e+00
2.49603796e+00
2.50036025e+00
2.51498270e+00
2.51024389e+00
2.51152611e+00
2.52798009e+00
2.52350235e+00
2.51384854e+00
2.52017856e+00
2.52790618e+00
2.51942420e+00
2.50540161e+00
2.52052045e+00
2.50475883e+00
2.51213098e+00
2.52676105e+00
2.51447392e+00
2.53422642e+00
2.53238821e+00
2.53194141e+00
2.52427506e+00
2.51142979e+00
2.53787637e+00
2.52769327e+00
2.52744389e+00
2.52508926e+00
2.52323389e+00
2.53760099e+00
2.53082967e+00
2.53180265e+00
2.54633212e+00
2.55588508e+00
2.54957581e+00
2.53404975e+00
2.54243994e+00
2.54711294e+00
2.53447700e+00
2.53635144e+00
2.53133464e+00
2.52560735e+00
2.53128791e+00
2.52816248e+00
2.54534721e+00
2.53923583e+00
2.53666234e+00
2.52674103e+00
2.52487016e+00
2.53205729e+00
2.52222896e+00
2.51636124e+00
2.50756598e+00
2.51665354e+00
2.51861429e+00
2.48885727e+00
2.49238801e+00
2.50417447e+00
2.49554229e+00
2.50226665e+00
2.50655961e+00
2.50575638e+00
2.49829459e+00
2.50442815e+00
2.51281095e+00
2.50369167e+00
2.48785853e+00
2.49085784e+00
2.47740078e+00
2.47856760e+00
2.48595142e+00
2.49348140e+00
2.49362612e+00
2.49271917e+00
2.47632098e+00
2.47887444e+00
2.47899389e+00
2.46559739e+00
2.46457505e+00
2.44343781e+00
2.45124030e+00
2.46088290e+00
2.44312644e+00
2.42301369e+00
2.43765974e+00
2.43823552e+00
2.42777228e+00
2.42009115e+00
2.42778802e+00
2.41762996e+00
2.40452170e+00
2.40300941e+00
2.40331697e+00
2.39741802e+00
2.39762545e+00
2.38971496e+00
2.37362528e+00
2.36995149e+00
2.37601137e+00
2.36973858e+00
2.34941530e+00
2.34910560e+00
2.33647513e+00
2.32440972e+00
2.32832432e+00
2.32252336e+00
2.32300878e+00
2.31172872e+00
2.30708361e+00
2.29596591e+00
2.29583025e+00
2.28453541e+00
2.28054643e+00
2.27395988e+00
2.25688672e+00
2.24504542e+00
2.24745131e+00
2.23152637e+00
2.22307158e+00
2.22326612e+00
2.20551181e+00
2.18931365e+00
2.20108414e+00
2.19142532e+00
2.17200780e+00
2.16200066e+00
2.14703798e+00
2.13929129e+00
2.12433076e+00
2.11195040e+00
2.10217404e+00
2.08218884e+00
2.06885910e+00
2.05158544e+00
2.04528332e+00
2.03112698e+00
2.01110220e+00
2.00511074e+00
1.99263656e+00
1.97137821e+00
1.94907916e+00
1.94226944e+00
1.91424251e+00
1.89432037e+00
1.89853394e+00
1.87672102e+00
1.84748006e+00
1.82919466e+00
1.81901205e+00
1.80050349e+00
1.76420999e+00
1.74917603e+00
1.73339140e+00
1.70764863e+00
1.67880428e+00
1.63995790e+00
1.62978113e+00
1.60121715e+00
1.57276678e+00
1.54013479e+00
1.52299488e+00
1.48824346e+00
1.44455695e+00
1.41866922e+00
1.39705133e+00
1.34265566e+00
1.29957688e+00
1.27506673e+00
1.22469330e+00
1.15310979e+00
1.08498847e+00
1.00634277e+00
9.82007623e-01
1.00342798e+00
1.07854068e+00
1.14351189e+00
1.19343626e+00
1.24547970e+00
1.29098880e+00
1.32426488e+00
1.36613607e+00
1.39735556e+00
1.43079329e+00
1.47352958e+00
1.49661314e+00
1.50947189e+00
1.54509342e+00
1.56187534e+00
1.59630525e+00
1.61028409e+00
1.64419854e+00
1.66013443e+00
1.66983509e+00
1.70340002e+00
1.72588086e+00
1.73604190e+00
1.75412691e+00
1.77345049e+00
1.79382861e+00
1.81147933e+00
1.82282031e+00
1.84479642e+00
1.84771669e+00
1.86906683e+00
1.89627945e+00
1.91164494e+00
1.92237473e+00
1.92495549e+00
1.94854736e+00
1.96464646e+00
1.97178423e+00
1.97123063e+00
1.98876023e+00
1.98692882e+00
1.99202049e+00
2.01748252e+00
2.02388000e+00
2.02955675e+00
2.04008126e+00
2.04646540e+00
2.05498838e+00
2.06680989e+00
2.06963563e+00
2.08235621e+00
2.08845067e+00
2.08394289e+00
2.09424567e+00
2.11628604e+00
2.11560106e+00
2.12362671e+00
2.11959195e+00
2.12427282e+00
2.13131857e+00
2.12868762e+00
2.13829136e+00
2.14631414e+00
2.15452576e+00
2.14460874e+00
2.15029502e+00
2.15122700e+00
2.15324688e+00
2.16852021e+00
2.16880131e+00
2.16682482e+00
2.17415643e+00
2.18648863e+00
2.19048476e+00
2.18257570e+00
2.19421363e+00
2.20056868e+00
2.18869781e+00
2.19942141e+00
2.20901775e+00
2.21478987e+00
2.21305180e+00
2.21015835e+00
2.20363927e+00
2.20895028e+00
2.21811247e+00
2.22857022e+00
2.22464418e+00
2.21673584e+00
2.22051692e+00
2.22685266e+00
2.21884322e+00
2.21510792e+00
2.22066164e+00
2.22717071e+00
2.22172880e+00
2.21843004e+00
2.22403240e+00
2.22626257e+00
2.23267341e+00
2.22688556e+00
2.22868562e+00
2.22713280e+00
2.22641945e+00
2.23075533e+00
2.23094416e+00
2.22773600e+00
2.21971416e+00
2.22090101e+00
2.23072171e+00
2.22993326e+00
2.22412944e+00
2.22464657e+00
2.24459338e+00
2.23877358e+00
2.23818374e+00
2.23636103e+00
2.24537396e+00
2.25273132e+00
2.23748159e+00
2.23294878e+00
2.23922348e+00
2.24747658e+00
2.24103165e+00
2.24522614e+00
2.22965527e+00
2.23589587e+00
2.24047089e+00
2.24204659e+00
2.24076343e+00
2.23717809e+00
2.24238491e+00
2.24805880e+00
2.25778365e+00
2.24611712e+00
2.23210621e+00
2.23207736e+00
2.24958348e+00
2.24531865e+00
2.23855424e+00
2.25293756e+00
2.24429274e+00
2.24022794e+00
2.24797034e+00
2.24648404e+00
2.24658298e+00
2.23733187e+00
2.23539710e+00
2.23731422e+00
2.23898578e+00
2.24328923e+00
2.23305988e+00
2.23332334e+00
2.23622298e+00
2.23095083e+00
2.22637653e+00
2.22585607e+00
2.22433090e+00
2.22987151e+00
2.22584534e+00
2.22915673e+00
2.22399282e+00
2.20973015e+00
2.22118187e+00
2.22390771e+00
2.22079110e+00
2.22043443e+00
2.22093439e+00
2.21446180e+00
2.21417689e+00
2.21386051e+00
2.21866393e+00
2.21908045e+00
2.22381282e+00
2.22390246e+00
2.20392084e+00
2.21136189e+00
2.21270609e+00
2.21655464e+00
2.21665096e+00
2.21256351e+00
2.21620512e+00
2.22218204e+00
2.20980763e+00
2.21262312e+00
2.21468711e+00
2.21456718e+00
2.21899629e+00
2.20042491e+00
2.19250202e+00
2.19832778e+00
2.20859838e+00
2.20587873e+00
2.18860412e+00
2.18869066e+00
2.19036245e+00
2.19545317e+00
2.19655991e+00
2.19237018e+00
2.19594908e+00
2.19782782e+00
2.20081758e+00
2.19364262e+00
2.18926477e+00
2.19950056e+00
2.18925619e+00
2.19963479e+00
2.19155884e+00
2.19893575e+00
2.19256878e+00
2.19824171e+00
2.18840098e+00
2.18439341e+00
2.17969012e+00
2.17428374e+00
2.17734361e+00
2.17060399e+00
2.17316914e+00
2.17171359e+00
2.17584562e+00
2.16433883e+00
2.16620159e+00
2.16121364e+00
2.15711451e+00
2.16047049e+00
2.14577174e+00
2.16229105e+00
2.15203929e+00
2.14121699e+00
2.14416528e+00
2.15155244e+00
2.15253711e+00
2.13822818e+00
2.13747144e+00
2.14348364e+00
2.15523958e+00
2.14358687e+00
2.13945913e+00
2.14500594e+00
2.14128447e+00
2.13764095e+00
2.13472080e+00
2.13144970e+00
2.13062072e+00
2.13240814e+00
2.12924266e+00
2.12276125e+00
2.13452196e+00
2.13001680e+00
2.13311601e+00
2.12573695e+00
2.11603260e+00
2.12681246e+00
2.13325834e+00
2.12206244e+00
2.11710763e+00
2.11990356e+00
2.11242890e+00
2.10406756e+00
2.10560036e+00
2.11633730e+00
2.10897660e+00
2.10609293e+00
2.10719872e+00
2.10244131e+00
2.10102320e+00
2.10441303e+00
2.10449052e+00
2.09809756e+00
2.10587049e+00
2.09873533e+00
2.09311533e+00
2.08655477e+00
2.09273243e+00
2.09552383e+00
2.09462309e+00
2.08878064e+00
2.08560920e+00
2.08594823e+00
2.07107472e+00
2.08743906e+00
2.08897376e+00
2.07329440e+00
2.08243084e+00
2.08691621e+00
2.07607365e+00
2.07688999e+00
2.07652068e+00
2.07838511e+00
2.08517075e+00
2.07932329e+00
2.07500696e+00
2.07842278e+00
2.06949949e+00
2.06718802e+00
2.06355858e+00
2.07111335e+00
2.07294750e+00
2.06213570e+00
2.06566310e+00
2.07099175e+00
2.06833768e+00
2.06167936e+00
2.05845499e+00
2.05682111e+00
2.05825186e+00
2.05661988e+00
2.05617714e+00
2.05978107e+00
2.05865073e+00
2.05948162e+00
2.05982637e+00
2.05606222e+00
2.04758191e+00
2.04394484e+00
2.05414581e+00
2.05163407e+00
2.04541802e+00
2.05239725e+00
2.05038738e+00
2.04051447e+00
2.04167366e+00
2.04024816e+00
2.03821802e+00
2.03530884e+00
2.02849364e+00
2.02618790e+00
2.02733994e+00
2.03196645e+00
2.02387619e+00
2.02854872e+00
2.01846695e+00
2.01265121e+00
2.01192307e+00
2.01246452e+00
2.00860167e+00
1.99847806e+00
2.01327801e+00
2.01669002e+00
2.01122808e+00
2.00421238e+00
2.00364113e+00
2.00762272e+00
2.01249123e+00
2.01094675e+00
2.00886416e+00
1.99964261e+00
2.00133157e+00
2.00482583e+00
1.99812484e+00
1.99048972e+00
1.99256873e+00
1.99530244e+00
1.99198472e+00
1.98691642e+00
1.98154902e+00
1.97581053e+00
1.96164548e+00
1.96686363e+00
1.97361767e+00
1.97121596e+00
1.96083570e+00
1.96285045e+00
1.97370601e+00
1.96237326e+00
1.95351923e+00
1.95261467e+00
1.95098913e+00
1.94692028e+00
1.95369613e+00
1.94929826e+00
1.94774735e+00
1.93525982e+00
1.94243419e+00
1.93688476e+00
1.93921137e+00
1.94480193e+00
1.93801701e+00
1.93561721e+00
1.92977631e+00
1.92424262e+00
1.92295361e+00
1.91580224e+00
1.91611981e+00
1.92301142e+00
1.90851927e+00
1.90419269e+00
1.89777946e+00
1.89606249e+00
1.90528107e+00
1.89876866e+00
1.89701593e+00
1.89766061e+00
1.89442730e+00
1.88803554e+00
1.88856649e+00
1.88418245e+00
1.88651145e+00
1.87876642e+00
1.87098861e+00
1.86771691e+00
1.86871004e+00
1.85802460e+00
1.86209524e+00
1.86922228e+00
1.85313582e+00
1.85183108e+00
1.84976733e+00
1.84697032e+00
1.84302413e+00
1.84066296e+00
1.83818102e+00
1.83537400e+00
1.83100629e+00
1.82203722e+00
1.81776416e+00
1.80325413e+00
1.79504085e+00
1.80251706e+00
1.79495847e+00
1.80067432e+00
1.78966796e+00
1.78418028e+00
1.78544176e+00
1.77442455e+00
1.77109861e+00
1.76410007e+00
1.76191282e+00
1.75167000e+00
1.74401379e+00
1.74641860e+00
1.74599409e+00
1.73592210e+00
1.73232973e+00
1.72534156e+00
1.71418715e+00
1.70935965e+00
1.70074582e+00
1.70841420e+00
1.69976747e+00
1.68706846e+00
1.67884326e+00
1.67952645e+00
1.66920269e+00
1.66170967e+00
1.64848077e+00
1.64043224e+00
1.64256895e+00
1.62626398e+00
1.62045836e+00
1.61798346e+00
1.59672797e+00
1.58782279e+00
1.58703113e+00
1.57289541e+00
1.56951070e+00
1.55676055e+00
1.54051983e+00
1.53243935e+00
1.52773035e+00
1.50926816e+00
1.50152087e+00
1.48438644e+00
1.47813213e+00
1.46884930e+00
1.45375967e+00
1.44689143e+00
1.42442048e+00
1.41383839e+00
1.39762187e+00
1.37982368e+00
1.36537659e+00
1.35518050e+00
1.34495151e+00
1.31774187e+00
1.30361950e+00
1.29072404e+00
1.26480019e+00
1.24437523e+00
1.22765672e+00
1.20406675e+00
1.18515599e+00
1.16147482e+00
1.13997662e+00
1.11176682e+00
1.07682729e+00
1.04319835e+00
1.00906801e+00
9.62380469e-01
9.00055945e-01
8.31032932e-01
7.89552629e-01
7.99978614e-01
8.56010318e-01
9.27430868e-01
9.81192112e-01
1.01902747e+00
1.05509806e+00
1.09126174e+00
1.11138666e+00
1.13151979e+00
1.16048443e+00
1.18919456e+00
1.20161438e+00
1.21535861e+00
1.24316072e+00
1.25997269e+00
1.27825058e+00
1.29772866e+00
1.29899681e+00
1.32176518e+00
1.34659302e+00
1.35078299e+00
1.36331260e+00
1.38329422e+00
1.39811337e+00
1.40106595e+00
1.41069686e+00
1.42381811e+00
1.43904388e+00
1.44761944e+00
1.45318007e+00
1.46100926e+00
1.47652948e+00
1.48104525e+00
1.49182606e+00
1.49862587e+00
1.50641024e+00
1.51316726e+00
1.52181101e+00
1.52749240e+00
1.53358006e+00
1.53348780e+00
1.54201734e+00
1.54920411e+00
1.56009221e+00
1.56738710e+00
1.56711209e+00
1.58167720e+00
1.58134770e+00
1.58490264e+00
1.58863223e+00
1.59436727e+00
1.60396504e+00
1.59896004e+00
1.60582316e+00
1.61276495e+00
1.62095225e+00
1.62364328e+00
1.63045704e+00
1.63170230e+00
1.64288139e+00
1.63707983e+00
1.63802576e+00
1.64765608e+00
1.64739394e+00
1.64830518e+00
1.65387273e+00
1.65607226e+00
1.65566289e+00
1.65965009e+00
1.66288292e+00
1.66075027e+00
1.66640687e+00
1.67138100e+00
1.66633105e+00
1.66942453e+00
1.67398608e+00
1.66652262e+00
1.66564035e+00
1.67588484e+00
1.67319775e+00
1.67333651e+00
1.67003846e+00
1.67517245e+00
1.67869067e+00
1.67601836e+00
1.67817521e+00
1.67097211e+00
1.68349671e+00
1.68797350e+00
1.68837380e+00
1.68762457e+00
1.68438935e+00
1.67979419e+00
1.68019450e+00
1.68301022e+00
1.68338919e+00
1.68587315e+00
1.68782067e+00
1.68931866e+00
1.68772840e+00
1.69688582e+00
1.69911337e+00
1.69345629e+00
1.69424617e+00
1.69311583e+00
1.68987215e+00
1.69118357e+00
1.69228816e+00
1.69803512e+00
1.69925523e+00
1.69878399e+00
1.70098150e+00
1.69604218e+00
1.69796121e+00
1.69584918e+00
1.69804823e+00
1.70056963e+00
1.69210935e+00
1.69946766e+00
1.69725049e+00
1.68939722e+00
1.68251050e+00
1.68750930e+00
1.68832636e+00
1.69178939e+00
1.69363999e+00
1.69006348e+00
1.68595600e+00
1.68697751e+00
1.69077384e+00
1.68960094e+00
1.67884266e+00
1.68862319e+00
1.68640590e+00
1.69184613e+00
1.68725371e+00
1.68646610e+00
1.69517708e+00
1.68918324e+00
1.69254446e+00
1.69336176e+00
1.69123340e+00
1.68831694e+00
1.68738103e+00
1.68522990e+00
1.68713355e+00
1.68584383e+00
1.68385577e+00
1.68828106e+00
1.69169211e+00
1.68568683e+00
1.67534912e+00
1.67659128e+00
1.68386090e+00
1.68446720e+00
1.67781353e+00
1.67482042e+00
1.67340362e+00
1.68032932e+00
1.68058455e+00
1.67818010e+00
1.68552291e+00
1.68107855e+00
1.68320131e+00
1.67666233e+00
1.67323685e+00
1.67704451e+00
1.67464364e+00
1.67423093e+00
1.67111385e+00
1.67037821e+00
1.66927040e+00
1.67432821e+00
1.67386162e+00
1.66984701e+00
1.67360055e+00
1.67081785e+00
1.66825855e+00
1.66643357e+00
1.65965080e+00
1.66327107e+00
1.66828930e+00
1.66626823e+00
1.66102254e+00
1.66585279e+00
1.65440738e+00
1.65566146e+00
1.67377985e+00
1.66553497e+00
1.65484762e+00
1.66943395e+00
1.65963149e+00
1.66620839e+00
1.65745199e+00
1.65296745e+00
1.65786886e+00
1.65486491e+00
1.65484262e+00
1.64930630e+00
1.64759302e+00
1.64933646e+00
1.65120149e+00
1.65543139e+00
1.64162958e+00
1.64703655e+00
1.65202653e+00
1.64535189e+00
1.64297438e+00
1.65045381e+00
1.63756132e+00
1.63603449e+00
1.64500999e+00
1.65036368e+00
1.64092708e+00
1.64279830e+00
1.63489139e+00
1.63452852e+00
1.63742495e+00
1.63567853e+00
1.62748075e+00
1.63564658e+00
1.64174545e+00
1.63227260e+00
1.63159943e+00
1.63216746e+00
1.63525069e+00
1.63036454e+00
1.62999010e+00
1.62375081e+00
1.62760901e+00
1.62747443e+00
1.62648761e+00
1.62525594e+00
1.63207376e+00
1.62235248e+00
1.62307525e+00
1.62811136e+00
1.62089968e+00
1.62175298e+00
1.61855090e+00
1.61588979e+00
1.61952055e+00
1.61370778e+00
1.61129975e+00
1.61120677e+00
1.60821450e+00
1.61387384e+00
1.61473060e+00
1.60758114e+00
1.60310793e+00
1.60950220e+00
1.61128676e+00
1.60669982e+00
1.60892928e+00
1.60360670e+00
1.60138237e+00
1.60600984e+00
1.60457706e+00
1.60804915e+00
1.60350573e+00
1.59531915e+00
1.59930778e+00
1.60180354e+00
1.59320199e+00
1.57962692e+00
1.58076942e+00
1.58519518e+00
1.58132803e+00
1.57341003e+00
1.57562828e+00
1.57469213e+00
1.57619524e+00
1.57219017e+00
1.56763625e+00
1.57583165e+00
1.57598615e+00
1.57443917e+00
1.56831908e+00
1.56716490e+00
1.57259667e+00
1.57179618e+00
1.56843615e+00
1.56674111e+00
1.56801713e+00
1.56892538e+00
1.56955945e+00
1.57420576e+00
1.57256210e+00
1.56903243e+00
1.56721663e+00
1.56422830e+00
1.57117045e+00
1.56263173e+00
1.56411135e+00
1.57276499e+00
1.57303560e+00
1.56967592e+00
1.55944622e+00
1.56551969e+00
1.56109524e+00
1.56129932e+00
1.55964231e+00
1.56205344e+00
1.55538833e+00
1.54546189e+00
1.55319560e+00
1.55506420e+00
1.54659033e+00
1.54627621e+00
1.55469942e+00
1.54739487e+00
1.55151558e+00
1.55760670e+00
1.54819262e+00
1.54736292e+00
1.54634631e+00
1.54887962e+00
1.54555309e+00
1.55063915e+00
1.55381846e+00
1.54815567e+00
1.54367089e+00
1.53495932e+00
1.53891754e+00
1.54320443e+00
1.53906417e+00
1.53449035e+00
1.53486550e+00
1.53005075e+00
1.52550185e+00
1.52767241e+00
1.53339553e+00
1.53198171e+00
1.52559769e+00
1.52840745e+00
1.52513993e+00
1.52289760e+00
1.51729679e+00
1.52271831e+00
1.52422380e+00
1.51695001e+00
1.51690161e+00
1.52021337e+00
1.51635635e+00
1.50885904e+00
1.51159382e+00
1.50969636e+00
1.51660275e+00
1.51899910e+00
1.51604354e+00
1.52039158e+00
1.51158059e+00
1.51382744e+00
1.52098250e+00
1.51027524e+00
1.51183152e+00
1.51430571e+00
1.51386082e+00
1.51129174e+00
1.49875104e+00
1.50268078e+00
1.50256300e+00
1.49720800e+00
1.49412739e+00
1.49572873e+00
1.49909639e+00
1.48787642e+00
1.49437046e+00
1.49077678e+00
1.49006450e+00
1.49942493e+00
1.49359190e+00
1.49856353e+00
1.49399424e+00
1.49397075e+00
1.49626982e+00
1.48744965e+00
1.48900545e+00
1.49049890e+00
1.48182833e+00
1.48381019e+00
1.48600936e+00
1.48858941e+00
1.47905087e+00
1.47493219e+00
1.48170006e+00
1.47531152e+00
1.47948313e+00
1.48141015e+00
1.47932327e+00
1.47349465e+00
1.47720075e+00
1.48312426e+00
1.47933519e+00
1.47190821e+00
1.46754932e+00
1.46558237e+00
1.46086633e+00
1.45760119e+00
1.46147311e+00
1.46677339e+00
1.45800996e+00
1.46030104e+00
1.45691323e+00
1.45047593e+00
1.45349574e+00
1.45686698e+00
1.45370090e+00
1.45191252e+00
1.46001434e+00
1.45974612e+00
1.45813036e+00
1.45340919e+00
1.45872283e+00
1.46369970e+00
1.46302319e+00
1.46264589e+00
1.45294392e+00
1.45804203e+00
1.44970834e+00
1.44923365e+00
1.45391941e+00
1.44951618e+00
1.45423615e+00
1.44924414e+00
1.45197093e+00
1.45483422e+00
1.44858408e+00
1.44562423e+00
1.44101942e+00
1.43801117e+00
1.44070828e+00
1.44315839e+00
1.44082892e+00
1.44140959e+00
1.44016528e+00
1.43592179e+00
1.43399191e+00
1.43110693e+00
1.43091822e+00
1.43367767e+00
1.43887949e+00
1.43525553e+00
1.43479836e+00
1.43681979e+00
1.42840362e+00
1.42426014e+00
1.42942786e+00
1.43008137e+00
1.42767024e+00
1.42840827e+00
1.42732525e+00
1.42407763e+00
1.42336369e+00
1.41616833e+00
1.42024267e+00
1.41843963e+00
1.41266119e+00
1.41620636e+00
1.42033100e+00
1.40863502e+00
1.41035461e+00
1.41881537e+00
1.40807521e+00
1.40823698e+00
1.40791559e+00
1.40790498e+00
1.40697706e+00
1.40890372e+00
1.41073215e+00
1.42113328e+00
1.41810834e+00
1.40355992e+00
1.40772581e+00
1.41056967e+00
1.40639365e+00
1.40350091e+00
1.40431750e+00
1.40517545e+00
1.40558994e+00
1.39636409e+00
1.40315783e+00
1.40219820e+00
1.40058029e+00
1.39650846e+00
1.39607346e+00
1.39935243e+00
1.39679778e+00
1.39557135e+00
1.39555871e+00
1.39679873e+00
1.39589393e+00
1.39179766e+00
1.38785636e+00
1.38945544e+00
1.38794601e+00
1.38078964e+00
1.38306797e+00
1.38938761e+00
1.38397872e+00
1.38223362e+00
1.38331747e+00
1.38400578e+00
1.37774289e+00
1.38288009e+00
1.38201034e+00
1.37541342e+00
1.37212014e+00
1.37624454e+00
1.37247467e+00
1.37563288e+00
1.38217533e+00
1.37093830e+00
1.37239385e+00
1.37409508e+00
1.37226319e+00
1.37617695e+00
1.37100887e+00
1.37230241e+00
1.37031579e+00
1.36382759e+00
1.36886752e+00
1.36811972e+00
1.36562860e+00
1.36244559e+00
1.35331893e+00
1.35772276e+00
1.35672200e+00
1.34852028e+00
1.35055637e+00
1.35483325e+00
1.34995735e+00
1.35414791e+00
1.34931445e+00
1.35665512e+00
1.35953712e+00
1.35049438e+00
1.35620868e+00
1.35458052e+00
1.34545588e+00
1.34807956e+00
1.34978485e+00
1.35351539e+00
1.34576416e+00
1.33807623e+00
1.33858430e+00
1.34502220e+00
1.34802330e+00
1.33744299e+00
1.34623241e+00
1.33981383e+00
1.33868337e+00
1.33732760e+00
1.33384931e+00
1.33822834e+00
1.33527303e+00
1.33537853e+00
1.33936572e+00
1.33535409e+00
1.33850551e+00
1.33147299e+00
1.33006489e+00
1.33791220e+00
1.33855212e+00
1.33669114e+00
1.32898688e+00
1.32885206e+00
1.33034229e+00
1.33244967e+00
1.33020592e+00
1.32665431e+00
1.32686961e+00
1.32415068e+00
1.32414341e+00
1.31623363e+00
1.32340777e+00
1.32644749e+00
1.31469572e+00
1.31698585e+00
1.31590724e+00
1.31566167e+00
1.31576741e+00
1.30947280e+00
1.31773853e+00
1.31545973e+00
1.31035233e+00
1.31012142e+00
1.30875170e+00
1.31495237e+00
1.31367946e+00
1.31428564e+00
1.30999660e+00
1.31705952e+00
1.29882789e+00
1.23431933e+00
1.26046526e+00
1.30224240e+00
1.26915264e+00
1.28810358e+00
1.30434918e+00
1.30535388e+00
1.29858315e+00
1.29974496e+00
1.29900515e+00
1.30223823e+00
1.29978740e+00
1.30170405e+00
1.30019760e+00
1.30221796e+00
1.30310714e+00
1.29304826e+00
1.29118598e+00
1.29522371e+00
1.29696441e+00
1.29096591e+00
1.28327858e+00
1.28947878e+00
1.29420185e+00
1.28816259e+00
1.28565049e+00
1.28098452e+00
1.27996838e+00
1.28639030e+00
1.28482223e+00
1.28371227e+00
1.27409887e+00
1.27268732e+00
1.28244150e+00
1.28157771e+00
1.27857482e+00
1.27816403e+00
1.27681518e+00
1.27857542e+00
1.27551639e+00
1.27743137e+00
1.27384400e+00
1.27509403e+00
1.27390957e+00
1.26275611e+00
1.27133584e+00
1.27762938e+00
1.26719654e+00
1.27396703e+00
1.26594019e+00
1.26673472e+00
1.27088332e+00
1.26888061e+00
1.26373541e+00
1.25895977e+00
1.26581776e+00
1.26144469e+00
1.26061976e+00
1.25774550e+00
1.25597954e+00
1.25773191e+00
1.25732446e+00
1.25412869e+00
1.25785685e+00
1.25606716e+00
1.25559711e+00
1.24970794e+00
1.25052512e+00
1.24717569e+00
1.24888563e+00
1.25088501e+00
1.24946654e+00
1.24977422e+00
1.24921679e+00
1.24570584e+00
1.24745858e+00
1.24857044e+00
1.24361384e+00
1.24239290e+00
1.24169099e+00
1.24415910e+00
1.24962521e+00
1.24100411e+00
1.24332702e+00
1.25072634e+00
1.24028635e+00
1.23882484e+00
1.24182594e+00
1.24104750e+00
1.23493588e+00
1.23892426e+00
1.23736334e+00
1.23442066e+00
1.23089707e+00
1.23428714e+00
1.23280025e+00
1.23230267e+00
1.23711956e+00
1.22870135e+00
1.22237396e+00
1.22290123e+00
1.23158789e+00
1.23359323e+00
1.23107994e+00
1.23226929e+00
1.22431755e+00
1.21968210e+00
1.22965729e+00
1.22787607e+00
1.21895790e+00
1.22443902e+00
1.22087932e+00
1.21921301e+00
1.21450615e+00
1.21127760e+00
1.21298134e+00
1.22291481e+00
1.21369958e+00
1.20956576e+00
1.21529222e+00
1.21326721e+00
1.20670307e+00
1.20444465e+00
1.20480430e+00
1.21291184e+00
1.20531964e+00
1.20061302e+00
1.20517051e+00
1.20712066e+00
1.20662725e+00
1.20094001e+00
1.20046747e+00
1.20170546e+00
1.19994307e+00
1.19895625e+00
1.18655479e+00
1.19379723e+00
1.19896519e+00
1.19883716e+00
1.20175672e+00
1.19160402e+00
1.19505894e+00
1.19765329e+00
1.19284225e+00
1.19265270e+00
1.19137645e+00
1.19133627e+00
1.19352210e+00
1.19381440e+00
1.19217229e+00
1.19179511e+00
1.18511748e+00
1.19020367e+00
1.19190156e+00
1.18909121e+00
1.19102287e+00
1.18996537e+00
1.19175422e+00
1.18600774e+00
1.18928277e+00
1.19033277e+00
1.17695880e+00
1.17881191e+00
1.18228674e+00
1.18166053e+00
1.18241990e+00
1.18692172e+00
1.18257201e+00
1.17527187e+00
1.16996455e+00
1.16883588e+00
1.17411387e+00
1.17161989e+00
1.17449868e+00
1.17895103e+00
1.16913319e+00
1.16045260e+00
1.16470087e+00
1.16833639e+00
1.17339385e+00
1.17168725e+00
1.17122936e+00
1.16447461e+00
1.16235590e+00
1.16217768e+00
1.15348542e+00
1.16521108e+00
1.16329706e+00
1.15594685e+00
1.15986323e+00
1.15177464e+00
1.15141439e+00
1.15682828e+00
1.15818954e+00
1.14683330e+00
1.14847672e+00
1.15336001e+00
1.15286481e+00
1.15679002e+00
1.14923823e+00
1.15100586e+00
1.15217948e+00
1.15383458e+00
1.14724827e+00
1.14591527e+00
1.15633357e+00
1.15541446e+00
1.14995623e+00
1.14498568e+00
1.14419210e+00
1.14373171e+00
1.14045942e+00
1.13914740e+00
1.14055300e+00
1.14421451e+00
1.14006615e+00
1.14301240e+00
1.14027691e+00
1.14475346e+00
1.14238000e+00
1.13473809e+00
1.13438702e+00
1.13655376e+00
1.13413632e+00
1.13278186e+00
1.13338804e+00
1.13339734e+00
1.12909472e+00
1.13453591e+00
1.13545883e+00
1.13987148e+00
1.12962890e+00
1.13248932e+00
1.12983108e+00
1.12414122e+00
1.12592423e+00
1.11501276e+00
1.10739875e+00
1.09104156e+00
1.10307527e+00
1.10658109e+00
1.11083961e+00
1.10646427e+00
1.09621477e+00
1.10651219e+00
1.10946345e+00
1.11207438e+00
1.12286556e+00
1.11961114e+00
1.11811292e+00
1.11613178e+00
1.12140334e+00
1.11296248e+00
1.11283255e+00
1.11897588e+00
1.11532521e+00
1.12294912e+00
1.12105954e+00
1.11493385e+00
1.11656833e+00
1.10765791e+00
1.10733235e+00
1.10735619e+00
1.10570633e+00
1.10913241e+00
1.10251915e+00
1.10814440e+00
1.11372101e+00
1.10329974e+00
1.10033059e+00
1.10344231e+00
1.10980225e+00
1.10703278e+00
1.10130453e+00
1.10421848e+00
1.09390962e+00
1.09235978e+00
1.09765053e+00
1.09760058e+00
1.10045063e+00
1.09550226e+00
1.09340954e+00
1.09001458e+00
1.09315825e+00
1.09636414e+00
1.09182537e+00
1.09405518e+00
1.09169710e+00
1.08219743e+00
1.08710289e+00
1.09240663e+00
1.08715296e+00
1.08531582e+00
1.08620489e+00
1.09020329e+00
1.08333695e+00
1.08706486e+00
1.09067047e+00
1.08532524e+00
1.09198141e+00
1.08893263e+00
1.07881272e+00
1.07282150e+00
1.07844687e+00
1.08388042e+00
1.08486056e+00
1.07810831e+00
1.08552349e+00
1.08051252e+00
1.07923770e+00
1.08060062e+00
1.07189476e+00
1.07093120e+00
1.07113838e+00
1.07225633e+00
1.07338965e+00
1.07073021e+00
1.07426584e+00
1.07041562e+00
1.06831121e+00
1.07302260e+00
1.07595849e+00
1.07466972e+00
1.07049096e+00
1.06266582e+00
1.06421876e+00
1.07217586e+00
1.06585896e+00
1.06789637e+00
1.06256509e+00
1.06275487e+00
1.06301284e+00
1.06099761e+00
1.06095862e+00
1.06063545e+00
1.05600572e+00
1.05643106e+00
1.05743361e+00
1.05957365e+00
1.05310249e+00
1.05106580e+00
1.05379725e+00
1.05159640e+00
1.04801452e+00
1.04803681e+00
1.05042946e+00
1.05237293e+00
1.05011272e+00
1.05647051e+00
1.04165351e+00
1.04616952e+00
1.04274583e+00
1.04238772e+00
1.05311990e+00
1.04810309e+00
1.04923487e+00
1.04210496e+00
1.04146028e+00
1.04026306e+00
1.04006219e+00
1.03835666e+00
1.03824961e+00
1.04042673e+00
1.03817976e+00
1.03936267e+00
1.03872538e+00
1.03268957e+00
1.03736329e+00
1.03855503e+00
1.03752983e+00
1.03668606e+00
1.03565383e+00
1.03108597e+00
1.02846408e+00
1.02784061e+00
1.03230512e+00
1.03673053e+00
1.03080499e+00
1.03264725e+00
1.03759265e+00
1.02716660e+00
1.03001380e+00
1.02585363e+00
1.02209163e+00
1.02567244e+00
1.02170622e+00
1.02575135e+00
1.02940965e+00
1.02455449e+00
1.02024162e+00
1.02546835e+00
1.02648032e+00
1.01895344e+00
1.02127433e+00
1.01601076e+00
1.01536894e+00
1.01973724e+00
1.01978076e+00
1.01482916e+00
1.00974262e+00
1.01469266e+00
1.01079237e+00
1.01527131e+00
1.01690423e+00
1.01187563e+00
1.01925683e+00
1.01699758e+00
1.00589752e+00
1.00784278e+00
1.00812197e+00
1.01058173e+00
1.00737870e+00
1.01347530e+00
1.00382817e+00
9.99236047e-01
1.00410008e+00
1.00285625e+00
1.00498533e+00
1.00036287e+00
1.00590563e+00
1.00521719e+00
1.00580692e+00
1.00842857e+00
1.00178087e+00
1.00210810e+00
1.00097549e+00
9.97729778e-01
9.95340466e-01
9.99673665e-01
9.95489299e-01
9.83601153e-01
9.90080237e-01
1.00000000e+00
9.97724354e-01
9.87754285e-01
9.89697158e-01
9.83648956e-01
9.83094633e-01
9.88840580e-01
9.88891482e-01
9.85313177e-01
9.88026500e-01
9.92690623e-01
9.81575251e-01
9.79909420e-01
9.88801539e-01
9.84912515e-01
9.87186432e-01
9.84678507e-01
9.77159858e-01
9.83764529e-01
9.88104463e-01
9.82072890e-01
9.86110985e-01
9.89434123e-01
9.78935957e-01
9.79339898e-01
9.77655828e-01
9.69514310e-01
9.76761162e-01
9.73373234e-01
9.70503271e-01
9.79424059e-01
9.81401503e-01
9.76892173e-01
9.72499847e-01
9.71878827e-01
9.69907522e-01
9.74858761e-01
9.75792170e-01
9.69923735e-01
9.69838023e-01
9.71342802e-01
9.69072998e-01
9.62900877e-01
9.66318846e-01
9.65452135e-01
9.66846108e-01
9.73025918e-01
9.64137018e-01
9.61112022e-01
9.62391138e-01
9.63712752e-01
9.58399415e-01
9.65539455e-01
9.65532541e-01
9.59852934e-01
9.56059694e-01
9.62515473e-01
9.61267948e-01
9.55365181e-01
9.49649930e-01
9.55243886e-01
9.56775665e-01
9.52633858e-01
9.50001478e-01
9.55947280e-01
9.53614175e-01
9.48882759e-01
9.52455163e-01
9.48190093e-01
9.48989749e-01
9.46926951e-01
9.46416259e-01
9.43465292e-01
9.44234252e-01
9.48967695e-01
9.51450050e-01
9.40058827e-01
9.39794719e-01
9.44408417e-01
9.41128850e-01
9.40588176e-01
9.40097332e-01
9.37809706e-01
9.39722002e-01
9.35066283e-01
9.38218713e-01
9.38052475e-01
9.40869749e-01
9.44503188e-01
9.46206450e-01
9.44295287e-01
9.42105174e-01
9.39004004e-01
9.41066921e-01
9.33110595e-01
9.20839965e-01
9.23889756e-01
9.16924655e-01
9.18456137e-01
9.92694318e-01
9.51124847e-01
8.64191532e-01
9.06391561e-01
9.73342299e-01
9.72999036e-01
9.22734022e-01
8.95225406e-01
9.08948839e-01
9.18449342e-01
9.34034705e-01
9.24754679e-01
9.16734278e-01
9.18558538e-01
9.15274739e-01
9.18095171e-01
9.17006254e-01
9.17227983e-01
9.15690064e-01
9.13765609e-01
9.19871151e-01
9.17948067e-01
9.15199041e-01
9.12385285e-01
9.14775550e-01
9.15482163e-01
9.14185643e-01
9.07946765e-01
9.07062054e-01
9.07684505e-01
9.06513453e-01
9.07561660e-01
9.10611928e-01
9.07267332e-01
9.07513320e-01
9.02789414e-01
8.97364974e-01
9.06417251e-01
9.03564155e-01
9.01229084e-01
9.03467298e-01
8.89615357e-01
8.89579356e-01
8.99313748e-01
8.96055162e-01
8.90578508e-01
8.96391034e-01
9.03730214e-01
8.98246408e-01
8.97192001e-01
8.94659638e-01
8.89418781e-01
8.93562198e-01
8.97814870e-01
8.94279063e-01
8.87223661e-01
8.87026191e-01
8.93312514e-01
8.85984838e-01
8.87616038e-01
8.87134969e-01
8.80727649e-01
8.81784916e-01
8.81264269e-01
8.77008140e-01
8.86717737e-01
8.82221520e-01
8.76815021e-01
8.81233335e-01
8.79597902e-01
8.75672162e-01
8.76526475e-01
8.76489580e-01
8.77984405e-01
8.74949276e-01
8.73392522e-01
8.69371891e-01
8.69502485e-01
8.74803305e-01
8.68317664e-01
8.69199991e-01
8.69199216e-01
8.64140570e-01
8.61849606e-01
8.67224634e-01
8.63626003e-01
8.60930502e-01
8.61750066e-01
8.62185657e-01
8.54898274e-01
8.52150798e-01
8.61604571e-01
8.57913435e-01
8.54095876e-01
8.56559396e-01
8.52807343e-01
8.49493682e-01
8.52279842e-01
8.48027706e-01
8.48534286e-01
8.47158909e-01
8.43235433e-01
8.46197724e-01
8.44894409e-01
8.41567099e-01
8.41485202e-01
8.38911593e-01
8.36674452e-01
8.40468645e-01
8.37402225e-01
8.32797825e-01
8.33446085e-01
8.28526080e-01
8.28817129e-01
8.22729290e-01
8.26343358e-01
8.25260997e-01
8.20879221e-01
8.23499978e-01
8.24928284e-01
8.21424425e-01
8.17791224e-01
8.15976799e-01
8.15415144e-01
8.13621938e-01
8.07520628e-01
8.06425929e-01
8.04548919e-01
8.07213664e-01
7.99597919e-01
7.92930543e-01
7.94239223e-01
7.94528782e-01
7.89778113e-01
7.89113283e-01
7.85860181e-01
7.87554741e-01
7.79074907e-01
7.77088881e-01
7.77664542e-01
7.66144574e-01
7.66319454e-01
7.67842770e-01
7.65263975e-01
7.59446383e-01
7.58139849e-01
7.48624980e-01
7.48249292e-01
7.47672319e-01
7.40648746e-01
7.43257761e-01
7.33840525e-01
7.28000283e-01
7.22453296e-01
7.19102025e-01
7.16529369e-01
7.10461497e-01
7.01794088e-01
7.03079104e-01
6.98090315e-01
6.89574778e-01
6.83502913e-01
6.73328400e-01
6.65006816e-01
6.65762365e-01
6.46958888e-01
6.43150330e-01
6.33797944e-01
6.23899400e-01
6.17019534e-01
5.98624647e-01
5.87948382e-01
5.80083311e-01
5.63076615e-01
5.42953789e-01
5.16009808e-01
4.81700242e-01
4.36107695e-01
4.30901468e-01
4.64945346e-01
5.04653275e-01
5.38147569e-01
5.57360291e-01
5.71968257e-01
5.84678352e-01
5.97067654e-01
6.09609783e-01
6.24244809e-01
6.25280142e-01
6.35342062e-01
6.40013754e-01
6.45877481e-01
6.56931460e-01
6.58415556e-01
6.64928973e-01
6.72366619e-01
6.80049598e-01
6.84808135e-01
6.87267423e-01
6.94280088e-01
6.98902547e-01
6.96432173e-01
6.97920024e-01
7.05003381e-01
7.05008984e-01
7.06378639e-01
7.15390921e-01
7.16642320e-01
7.17344522e-01
7.22903490e-01
7.25038767e-01
7.30453730e-01
7.26776958e-01
7.33878136e-01
7.34677494e-01
7.33403265e-01
7.36715436e-01
7.44389832e-01
7.38537073e-01
7.39713550e-01
7.46496081e-01
7.44910896e-01
7.45864272e-01
7.50524104e-01
7.56150842e-01
7.50353038e-01
7.52199411e-01
7.56215930e-01
7.59375811e-01
7.58741498e-01
7.53439903e-01
7.56832659e-01
7.61705875e-01
7.62523472e-01
7.66489148e-01
7.59831309e-01
7.59168029e-01
7.62493491e-01
7.61498749e-01
7.63700247e-01
7.62007952e-01
7.64685750e-01
7.63636470e-01
7.60790169e-01
7.67808557e-01
7.64274597e-01
7.67291129e-01
7.65482783e-01
7.64848351e-01
7.64161050e-01
7.66564429e-01
7.67535865e-01
7.66342580e-01
7.66347528e-01
7.67337978e-01
7.70505965e-01
7.69114196e-01
7.69540250e-01
7.64243364e-01
7.66764462e-01
7.68467188e-01
7.65243113e-01
7.66019940e-01
7.67140269e-01
7.63779044e-01
7.69699514e-01
7.69812882e-01
7.66763687e-01
7.65035629e-01
7.66513824e-01
7.74162471e-01
7.66984403e-01
7.66390681e-01
7.67260075e-01
7.60149539e-01
7.64522552e-01
7.69319296e-01
7.65624046e-01
7.68944919e-01
7.66537488e-01
7.65544534e-01
7.68404901e-01
7.67542005e-01
7.61551917e-01
7.61857271e-01
7.65276253e-01
7.64242887e-01
7.63304114e-01
7.64866889e-01
7.65139878e-01
7.64462888e-01
7.60792613e-01
7.61450171e-01
7.62194872e-01
7.59700000e-01
7.59709179e-01
7.59849727e-01
7.60033786e-01
7.62047529e-01
7.60144770e-01
7.57925510e-01
7.55423844e-01
7.59110212e-01
7.61259377e-01
7.58810818e-01
7.56577194e-01
7.58359969e-01
7.58884728e-01
7.54914463e-01
7.54710853e-01
7.56293297e-01
7.57653773e-01
7.52686083e-01
7.55631626e-01
7.60254622e-01
7.56684363e-01
7.55918503e-01
7.55176425e-01
7.55403996e-01
7.59336650e-01
7.51189888e-01
7.48782218e-01
7.52435625e-01
7.56834686e-01
7.50778735e-01
7.45755076e-01
7.48759270e-01
7.47253895e-01
7.48779297e-01
7.52555192e-01
7.46587336e-01
7.46349275e-01
7.49978364e-01
7.44727850e-01
7.45860577e-01
7.48366058e-01
7.45535731e-01
7.43837416e-01
7.45586038e-01
7.45282531e-01
7.45603144e-01
7.46071994e-01
7.47094691e-01
7.47360349e-01
7.36499667e-01
7.41354048e-01
7.44221270e-01
7.47208297e-01
7.40907013e-01
7.37643361e-01
7.42713571e-01
7.39356160e-01
7.38439322e-01
7.35981524e-01
7.34953225e-01
7.36641943e-01
7.37641394e-01
7.38242686e-01
7.41245985e-01
7.41047263e-01
7.37044752e-01
7.38020658e-01
7.36144245e-01
7.35055864e-01
7.36283600e-01
7.33589888e-01
7.34253526e-01
7.30834603e-01
7.30902612e-01
7.30715394e-01
7.32316136e-01
7.31226683e-01
7.33654916e-01
7.33380616e-01
7.24891603e-01
7.30972707e-01
7.30729580e-01
7.26559103e-01
7.31896698e-01
7.28738904e-01
7.28463411e-01
7.26592541e-01
7.32090712e-01
7.30558515e-01
7.27823555e-01
7.23121226e-01
7.23707199e-01
7.29670048e-01
7.25165546e-01
7.24879920e-01
7.23583937e-01
7.20438838e-01
7.25981116e-01
7.23317683e-01
7.24222958e-01
7.25732446e-01
7.21157432e-01
7.21617460e-01
7.24904239e-01
7.24890351e-01
7.22936630e-01
7.22851634e-01
7.21191168e-01
7.20079362e-01
7.22495973e-01
7.18876362e-01
7.13819504e-01
7.15179563e-01
7.14126945e-01
7.11918831e-01
7.12368309e-01
7.15879917e-01
7.14279890e-01
7.10392416e-01
7.11623490e-01
7.14177310e-01
7.11228490e-01
7.11375237e-01
7.14986682e-01
7.11086154e-01
7.11121202e-01
7.10461736e-01
7.12327659e-01
7.09224045e-01
7.07314491e-01
7.12653399e-01
7.08582938e-01
7.10100949e-01
7.09621131e-01
7.09812105e-01
7.07915366e-01
7.07838237e-01
7.06187367e-01
7.09358573e-01
7.07553267e-01
7.09475517e-01
7.06769466e-01
7.00483978e-01
7.03788877e-01
7.01572120e-01
7.00268686e-01
7.02519834e-01
7.01175094e-01
7.03235626e-01
7.00310171e-01
6.97325587e-01
6.97975636e-01
6.95851922e-01
6.97858989e-01
6.97059214e-01
6.99558854e-01
6.96488321e-01
6.93936765e-01
6.95009410e-01
6.98071063e-01
7.00318515e-01
6.98037267e-01
6.95009112e-01
6.96119785e-01
6.95897579e-01
6.91549838e-01
6.90977931e-01
6.92921221e-01
6.93346083e-01
6.90954983e-01
6.91792607e-01
6.87959731e-01
6.87784731e-01
6.93926692e-01
6.89864278e-01
6.89925075e-01
6.92021668e-01
6.88957274e-01
6.88357234e-01
6.85339749e-01
6.88222289e-01
6.89615428e-01
6.89010739e-01
6.89369023e-01
6.85334325e-01
6.87316477e-01
6.83332384e-01
6.84968054e-01
6.85153008e-01
6.80108070e-01
6.82186902e-01
6.80813134e-01
6.82104170e-01
6.84330404e-01
6.78734303e-01
6.78969085e-01
6.81453168e-01
6.78610384e-01
6.76754236e-01
6.78834736e-01
6.81051254e-01
6.77218556e-01
6.75995290e-01
6.76995337e-01
6.74752533e-01
6.76438689e-01
6.74758971e-01
6.70912981e-01
6.75616920e-01
6.74977481e-01
6.73959076e-01
6.73478425e-01
6.72356665e-01
6.71707988e-01
6.71950221e-01
6.73149884e-01
6.69913888e-01
6.69474483e-01
6.69485867e-01
6.67076886e-01
6.70998752e-01
6.73155010e-01
6.67712629e-01
6.71753407e-01
6.68677866e-01
6.69168413e-01
6.67472064e-01
6.66458964e-01
6.64182127e-01
6.63540423e-01
6.64464712e-01
6.62899852e-01
6.62574410e-01
6.64843619e-01
6.63548112e-01
6.59840405e-01
6.63307607e-01
6.61982298e-01
6.57332420e-01
6.58691347e-01
6.55876935e-01
6.61101699e-01
6.58537924e-01
6.57564521e-01
6.58641100e-01
6.60634339e-01
6.59785748e-01
6.57009661e-01
6.55399382e-01
6.52981102e-01
6.59652889e-01
6.56587541e-01
6.52377784e-01
6.55531526e-01
6.54098809e-01
6.54082537e-01
6.49707615e-01
6.51187003e-01
6.55346751e-01
6.53885782e-01
6.50946617e-01
6.51959002e-01
6.52107060e-01
6.48961723e-01
6.52907670e-01
6.45956993e-01
6.50736749e-01
6.48694992e-01
6.44202769e-01
6.48099005e-01
6.48456275e-01
6.44438267e-01
6.49016082e-01
6.51179969e-01
6.49179280e-01
6.49234831e-01
6.45588756e-01
6.45346940e-01
6.47940874e-01
6.44065559e-01
6.42830372e-01
6.41066074e-01
6.43734336e-01
6.47081852e-01
6.43206179e-01
6.41502738e-01
6.44834816e-01
6.47592127e-01
6.40794933e-01
6.43531919e-01
6.44671559e-01
6.41863823e-01
6.38959527e-01
6.33137524e-01
6.36972547e-01
6.37576103e-01
6.37821257e-01
6.38216794e-01
6.36307776e-01
6.39038503e-01
6.39019728e-01
6.38301551e-01
6.37095928e-01
6.34324968e-01
6.35719836e-01
6.33764386e-01
6.35072351e-01
6.31041884e-01
6.31176710e-01
6.34131908e-01
6.30404949e-01
6.30896509e-01
6.30843520e-01
6.24817610e-01
6.30689502e-01
6.28073394e-01
6.30282521e-01
6.32301569e-01
6.28326714e-01
6.28072798e-01
6.26483560e-01
6.28495812e-01
6.24650538e-01
6.23826683e-01
6.24659479e-01
6.24836802e-01
6.26196563e-01
6.22630775e-01
6.17085755e-01
6.20864093e-01
6.26493692e-01
6.15157127e-01
6.15545571e-01
6.18543088e-01
6.17602646e-01
6.19442046e-01
6.16633177e-01
6.20269179e-01
6.16017342e-01
6.17395282e-01
6.18115246e-01
6.14966571e-01
6.14483893e-01
6.14122868e-01
6.21029913e-01
6.16339087e-01
6.16647661e-01
6.20848358e-01
6.21802270e-01
6.13947392e-01
6.17104471e-01
6.16082251e-01
6.13225937e-01
6.09104693e-01
6.06640220e-01
6.07143939e-01
6.13096118e-01
6.14471734e-01
6.11253381e-01
6.10527456e-01
6.06816947e-01
6.03447378e-01
6.06508970e-01
6.10301971e-01
6.10525072e-01
6.07493281e-01
6.13017321e-01
6.09834671e-01
6.03359222e-01
6.09862685e-01
6.10213697e-01
6.11297727e-01
6.06039584e-01
6.05450273e-01
6.06950402e-01
6.03235424e-01
6.04322255e-01
6.06698275e-01
6.07181847e-01
6.05506480e-01
6.02767825e-01
6.00868940e-01
6.01763964e-01
6.03250921e-01
6.00943804e-01
6.01855516e-01
6.07299566e-01
6.01569414e-01
6.01744533e-01
6.04338348e-01
6.00833416e-01
5.96012950e-01
5.99669933e-01
6.03511274e-01
5.97805083e-01
5.97372115e-01
5.96681178e-01
5.96604288e-01
5.96197486e-01
5.98131537e-01
5.96992016e-01
5.96388280e-01
5.95504642e-01
5.91497898e-01
5.92166960e-01
5.92826009e-01
5.96541464e-01
5.95744789e-01
5.95567942e-01
5.89895070e-01
5.91436684e-01
5.91474116e-01
5.90566993e-01
5.91609716e-01
5.93730628e-01
5.87866664e-01
5.90901554e-01
5.89714527e-01
5.89350462e-01
5.91195047e-01
5.87598324e-01
5.89747727e-01
5.88229001e-01
5.88027656e-01
5.85766912e-01
5.83565831e-01
5.89310646e-01
5.86960852e-01
5.86452901e-01
5.87180853e-01
5.86607456e-01
5.82680464e-01
5.81618071e-01
5.83425641e-01
5.82481265e-01
5.82841277e-01
5.82138240e-01
5.83466053e-01
5.81972897e-01
5.81880629e-01
5.84129095e-01
5.83441019e-01
5.79532385e-01
5.79162180e-01
5.77337623e-01
5.74045420e-01
5.74793637e-01
5.79239309e-01
5.74173152e-01
5.73023796e-01
5.85289180e-01
5.75949609e-01
5.74796796e-01
5.77325344e-01
5.72516084e-01
5.77397823e-01
5.72975397e-01
5.77089548e-01
5.77528656e-01
5.74122310e-01
5.76494813e-01
5.75145304e-01
5.71262598e-01
5.71101308e-01
5.72706878e-01
5.72947145e-01
5.69144428e-01
5.69176555e-01
5.71367323e-01
5.69349647e-01
5.69492042e-01
5.72701991e-01
5.70140541e-01
5.65250516e-01
5.71116865e-01
5.66007674e-01
5.63132703e-01
5.65209508e-01
5.65769374e-01
5.66308141e-01
5.63896060e-01
5.63879848e-01
5.66074491e-01
5.62970459e-01
5.62805295e-01
5.62691152e-01
5.67905724e-01
5.61970413e-01
5.61651886e-01
5.62984824e-01
5.63823521e-01
5.64334035e-01
5.62150776e-01
5.62833250e-01
5.62934101e-01
5.58903873e-01
5.63222229e-01
5.61772823e-01
5.57568133e-01
5.58713615e-01
5.59657037e-01
5.59709191e-01
5.52269578e-01
5.51442504e-01
5.57358384e-01
5.56780100e-01
5.54657459e-01
5.57427943e-01
5.54233849e-01
5.56055903e-01
5.53542972e-01
5.54935694e-01
5.54143727e-01
5.49540341e-01
5.53779066e-01
5.56121647e-01
5.51671624e-01
5.43832064e-01
5.46377838e-01
5.44521689e-01
5.42904437e-01
5.47583818e-01
5.47224164e-01
5.55116713e-01
5.45710742e-01
5.54265499e-01
5.59429169e-01
5.51843643e-01
5.47553539e-01
5.53583384e-01
5.54504275e-01
5.51353872e-01
5.46220839e-01
5.44671953e-01
5.48447907e-01
5.47275841e-01
5.49908817e-01
5.48686981e-01
5.43156266e-01
5.41411340e-01
5.43543577e-01
5.52007437e-01
5.36779463e-01
5.46740174e-01
5.50469041e-01
5.38774431e-01
5.43922544e-01
5.38442135e-01
5.38560271e-01
5.49607456e-01
5.40354788e-01
5.37033916e-01
5.46444297e-01
5.40179610e-01
5.39318860e-01
5.46305120e-01
5.41470170e-01
5.42399526e-01
5.43186486e-01
5.38133383e-01
5.39332509e-01
5.43097079e-01
5.39168298e-01
5.38989365e-01
5.40238500e-01
5.38852215e-01
5.37329316e-01
5.33232033e-01
5.38174272e-01
5.37982345e-01
5.36403358e-01
5.34793198e-01
5.37248313e-01
5.37353992e-01
5.32928467e-01
5.36402225e-01
5.38545668e-01
5.33792973e-01
5.31868994e-01
5.32175243e-01
5.32468975e-01
5.31484663e-01
5.29764235e-01
5.32089233e-01
5.24302244e-01
5.21295726e-01
5.28637767e-01
5.25587976e-01
5.28306901e-01
5.25614798e-01
5.23379147e-01
5.24903715e-01
5.24194837e-01
5.27129412e-01
5.23403645e-01
5.27052760e-01
5.23281455e-01
5.24809062e-01
5.28052747e-01
5.25020421e-01
5.20874739e-01
5.27099550e-01
5.25481522e-01
5.28760076e-01
5.12418211e-01
5.18423796e-01
5.20551980e-01
5.18049598e-01
5.21232605e-01
5.14692366e-01
5.22238016e-01
5.23570716e-01
5.20676911e-01
5.17208993e-01
5.15795588e-01
5.21621823e-01
5.19779742e-01
5.20874202e-01
5.21905065e-01
5.21784425e-01
5.16944468e-01
5.11294067e-01
5.17501175e-01
5.15875459e-01
5.16952217e-01
5.17638206e-01
5.16983986e-01
5.17004251e-01
5.12635827e-01
5.12908161e-01
5.11156321e-01
5.13281524e-01
5.13893485e-01
5.12947321e-01
5.11774838e-01
5.14899850e-01
5.10236502e-01
5.07529855e-01
5.06911457e-01
5.08266151e-01
5.11678636e-01
5.07078111e-01
5.10392904e-01
5.13008535e-01
5.03551424e-01
5.00690460e-01
5.05413532e-01
5.07327378e-01
5.04906416e-01
5.06708860e-01
5.09598851e-01
5.08540571e-01
5.07248461e-01
5.05588830e-01
5.02876401e-01
5.00601590e-01
4.98587936e-01
5.00470579e-01
5.04270017e-01
5.01492977e-01
5.10527432e-01
5.08472562e-01
4.98216361e-01
5.03296494e-01
5.00374556e-01
5.00043273e-01
4.96185064e-01
4.94393229e-01
4.98756558e-01
5.04505932e-01
5.05558193e-01
4.99658316e-01
4.99060392e-01
4.99651253e-01
4.99206185e-01
5.01009643e-01
4.97334152e-01
4.97691929e-01
4.98759508e-01
4.97914433e-01
4.95235384e-01
4.92932677e-01
4.95163590e-01
4.97445673e-01
4.91823643e-01
4.92597133e-01
4.94869947e-01
4.95662272e-01
4.96054113e-01
4.93956745e-01
4.95835096e-01
4.94659871e-01
4.91623610e-01
4.86837655e-01
4.84910965e-01
4.90328729e-01
4.91478115e-01
4.83309209e-01
4.81531411e-01
4.87277657e-01
4.93966967e-01
4.89802808e-01
4.89177138e-01
4.89112258e-01
4.89503920e-01
4.91426468e-01
4.88615364e-01
4.84431714e-01
4.85333830e-01
4.87141311e-01
4.87963229e-01
4.83985126e-01
4.84015435e-01
4.82398152e-01
4.86674845e-01
4.88616854e-01
4.87652093e-01
4.87921596e-01
4.84789997e-01
4.81307924e-01
4.83278990e-01
4.75177556e-01
4.74012524e-01
4.88960505e-01
4.97022778e-01
4.79364663e-01
4.78768915e-01
4.78290975e-01
4.79107559e-01
4.78588760e-01
4.78836209e-01
4.86651570e-01
4.81732070e-01
4.79183465e-01
4.76669908e-01
4.77587342e-01
4.73841310e-01
4.75054920e-01
4.73368138e-01
4.84597683e-01
4.87806946e-01
4.77006674e-01
4.74957615e-01
4.74190146e-01
4.73677605e-01
4.72420186e-01
4.75353181e-01
4.76006985e-01
4.75423813e-01
4.59079474e-01
4.67555821e-01
4.70887363e-01
4.65435535e-01
4.70111728e-01
4.67788637e-01
4.52953815e-01
4.64577258e-01
4.65891153e-01
4.73706216e-01
4.71047640e-01
4.68531251e-01
4.68883008e-01
4.69173938e-01
4.69865650e-01
4.71666098e-01
4.67071444e-01
4.68504876e-01
4.69286948e-01
4.67671514e-01
4.70114738e-01
4.67485845e-01
4.68972743e-01
4.64976490e-01
4.68276203e-01
4.64771003e-01
4.69400406e-01
4.70571697e-01
4.66648370e-01
4.65046793e-01
4.63153124e-01
4.66466755e-01
4.66272652e-01
4.64217395e-01
4.64567512e-01
4.60520357e-01
4.63652939e-01
4.64690179e-01
4.62621778e-01
4.65686440e-01
4.63527739e-01
4.62616652e-01
4.64628100e-01
4.64788705e-01
4.62304085e-01
4.61763233e-01
4.62333381e-01
4.62923050e-01
4.65411961e-01
4.63082582e-01
4.59471464e-01
4.61941123e-01
4.60047036e-01
4.59709466e-01
4.56711739e-01
4.57122594e-01
4.58352804e-01
4.57028687e-01
4.59289461e-01
4.56576645e-01
4.56931144e-01
4.55188423e-01
4.53193903e-01
4.57020164e-01
4.54375595e-01
4.53533649e-01
4.55047309e-01
4.55482036e-01
4.53570127e-01
4.52169150e-01
4.55100656e-01
4.52027649e-01
4.50444221e-01
4.50910360e-01
4.54070657e-01
4.54039335e-01
4.54071283e-01
4.54619020e-01
4.53381360e-01
4.55710381e-01
4.51673448e-01
4.47049052e-01
4.52415109e-01
4.54938173e-01
4.48848605e-01
4.48963284e-01
4.51826632e-01
4.47940171e-01
4.46558148e-01
4.50744480e-01
4.49705809e-01
4.47110385e-01
4.49011862e-01
4.48983133e-01
4.46661144e-01
4.47388232e-01
4.46857810e-01
4.45321411e-01
4.44095820e-01
4.44598883e-01
4.42574054e-01
4.46565092e-01
4.47798550e-01
4.44275439e-01
4.40626472e-01
4.42230821e-01
4.45060134e-01
4.45899665e-01
4.41993266e-01
4.42728758e-01
4.42874253e-01
4.43225354e-01
4.42642570e-01
4.40074891e-01
4.40744907e-01
4.41308588e-01
4.41118240e-01
4.39051241e-01
4.35635120e-01
4.40897137e-01
4.40059185e-01
4.35542136e-01
4.37319845e-01
4.38500494e-01
4.37516630e-01
4.36730623e-01
4.40413237e-01
4.38109607e-01
4.37506348e-01
4.36135620e-01
4.31044847e-01
4.31961983e-01
4.39505637e-01
4.33364511e-01
4.35742915e-01
4.35506761e-01
4.36206698e-01
4.34500575e-01
4.27825779e-01
4.31669474e-01
4.32454705e-01
4.28967446e-01
4.30132180e-01
4.28425044e-01
4.32410985e-01
4.30095196e-01
4.27020252e-01
4.29886639e-01
4.22341228e-01
4.29326504e-01
4.26779807e-01
4.23431009e-01
4.32451159e-01
4.35294032e-01
4.19967562e-01
4.25963134e-01
4.30250496e-01
4.22480911e-01
4.27317470e-01
4.31735516e-01
4.25652891e-01
4.30156231e-01
4.28264558e-01
4.27212775e-01
4.22698438e-01
4.27012384e-01
4.27227885e-01
4.27274585e-01
4.27518547e-01
4.25265759e-01
4.26389635e-01
4.23663527e-01
4.27445382e-01
4.24909592e-01
4.13829386e-01
4.15738344e-01
4.22916740e-01
4.24834371e-01
4.15668011e-01
4.14176315e-01
4.12820458e-01
4.20490831e-01
4.18996543e-01
4.20019239e-01
4.20985967e-01
4.20577705e-01
4.14187819e-01
4.15624470e-01
4.18754220e-01
4.16577250e-01
4.23450738e-01
4.18244332e-01
4.17094111e-01
4.23787415e-01
4.19546664e-01
4.11742836e-01
4.13865954e-01
4.17400539e-01
4.15144682e-01
4.15542156e-01
4.18970764e-01
4.16258276e-01
4.16381687e-01
4.10138100e-01
4.04573262e-01
4.13558215e-01
4.15619493e-01
4.05443937e-01
4.14650857e-01
4.11640584e-01
4.12538111e-01
4.12464947e-01
4.08408821e-01
4.09690559e-01
4.13148165e-01
4.11500633e-01
4.09319907e-01
4.12854552e-01
4.09376800e-01
4.05926824e-01
3.94758344e-01
3.98094267e-01
3.97312760e-01
4.05659884e-01
4.09953147e-01
4.06086117e-01
4.06486750e-01
4.10412729e-01
4.10441279e-01
4.10173982e-01
4.08339113e-01
4.04925376e-01
4.03768808e-01
4.05985147e-01
4.03733522e-01
4.05621916e-01
4.01708096e-01
3.97260725e-01
3.91637236e-01
4.08178568e-01
4.04324859e-01
4.08410609e-01
4.00860995e-01
4.05279189e-01
4.03193235e-01
4.04197037e-01
4.07454222e-01
4.05924380e-01
4.02979285e-01
4.01980609e-01
4.01694000e-01
3.98977727e-01
4.05424267e-01
4.02721912e-01
3.98041010e-01
4.01710838e-01
3.99766445e-01
3.94273788e-01
3.99880409e-01
4.08102900e-01
3.95688146e-01
3.92429918e-01
3.94868076e-01
3.97467852e-01
3.99857372e-01
4.00159776e-01
3.98252666e-01
3.95599872e-01
3.94076943e-01
3.94625872e-01
3.97924423e-01
3.97361159e-01
3.97719979e-01
3.98945630e-01
3.97727340e-01
3.96542937e-01
3.97098035e-01
3.92487228e-01
3.88586730e-01
3.92382383e-01
3.96802664e-01
3.94722909e-01
3.95893723e-01
3.93116713e-01
3.90440553e-01
3.94163162e-01
3.92025650e-01
3.91792357e-01
3.90212715e-01
3.91251296e-01
3.94080400e-01
3.91117513e-01
3.92527759e-01
3.90771240e-01
3.87830317e-01
3.87953937e-01
3.87586743e-01
3.89482230e-01
3.90924633e-01
3.90359968e-01
3.90025079e-01
3.89305890e-01
3.91574383e-01
3.86950433e-01
3.87873799e-01
3.90131593e-01
3.85675997e-01
3.82447600e-01
3.85649592e-01
3.86482000e-01
3.85654956e-01
3.81918669e-01
3.82130384e-01
3.85219991e-01
3.86436075e-01
3.85728627e-01
3.83803189e-01
3.81107926e-01
3.80614012e-01
3.83227080e-01
3.83521497e-01
3.85859966e-01
3.86326581e-01
3.80317599e-01
3.79398137e-01
3.87885123e-01
3.82078230e-01
3.88648063e-01
3.86038095e-01
3.79575580e-01
3.84602457e-01
3.84235084e-01
3.83892238e-01
3.82633984e-01
3.78306657e-01
3.73737484e-01
3.74564201e-01
3.78821701e-01
3.76981735e-01
3.73836875e-01
3.70504647e-01
3.72621000e-01
3.80634755e-01
3.77713799e-01
3.75619709e-01
3.80494744e-01
3.78980130e-01
3.75014633e-01
3.79336268e-01
3.77039790e-01
3.76323193e-01
3.78603488e-01
3.77222568e-01
3.74006271e-01
3.73204172e-01
3.76337260e-01
3.76746088e-01
3.73787552e-01
3.72443557e-01
3.77087176e-01
3.74139935e-01
3.74084026e-01
3.76448750e-01
3.75714481e-01
3.74893516e-01
3.71947467e-01
3.72079283e-01
3.70976806e-01
3.70101482e-01
3.67362022e-01
3.70585829e-01
3.73197287e-01
3.73423517e-01
3.71833473e-01
3.68892461e-01
3.69401217e-01
3.67894143e-01
3.66352558e-01
3.68215561e-01
3.70331049e-01
3.66639405e-01
3.66400242e-01
3.67939204e-01
3.68641436e-01
3.63683492e-01
3.69076848e-01
3.68806601e-01
3.64339083e-01
3.63368094e-01
3.69134784e-01
3.61951828e-01
3.60133052e-01
3.58719140e-01
3.62126589e-01
3.69806647e-01
3.68852705e-01
3.64837110e-01
3.49739999e-01
3.58149618e-01
3.63090515e-01
3.66010398e-01
3.66310179e-01
3.62091184e-01
3.58024389e-01
3.58603358e-01
3.56852263e-01
3.61499935e-01
3.60838354e-01
3.61040264e-01
3.58752906e-01
3.63952160e-01
3.66369843e-01
3.63193929e-01
3.59456271e-01
3.60531420e-01
3.56376231e-01
3.60095114e-01
3.60914946e-01
3.52574855e-01
3.44286174e-01
3.58651072e-01
3.41102242e-01
3.41022015e-01
3.52762103e-01
3.56828630e-01
3.58898520e-01
3.49482864e-01
3.56224537e-01
3.56816351e-01
3.55246663e-01
3.55263382e-01
3.60171914e-01
3.58176529e-01
3.50602388e-01
3.54776114e-01
3.53103101e-01
3.53618562e-01
3.52592111e-01
3.49433869e-01
3.53502065e-01
3.50469768e-01
3.43679041e-01
3.46873045e-01
3.51988256e-01
3.54250282e-01
3.51772338e-01
3.51643384e-01
3.48662704e-01
3.52326065e-01
3.58167231e-01
3.47508520e-01
3.41208458e-01
3.48066151e-01
3.53385478e-01
3.49087924e-01
3.46959919e-01
3.44108045e-01
3.48129869e-01
3.48170131e-01
3.45265418e-01
3.47177863e-01
3.49304974e-01
3.49905014e-01
3.51594180e-01
3.30960959e-01
3.32919627e-01
3.26491743e-01
3.48111957e-01
3.49296153e-01
3.46070021e-01
3.47794563e-01
3.48770916e-01
3.46561611e-01
3.48325998e-01
3.48121852e-01
3.43545347e-01
3.49889517e-01
3.51419181e-01
3.41168642e-01
3.43003362e-01
3.46246958e-01
3.44789416e-01
3.41774076e-01
3.32561404e-01
3.15430135e-01
3.30119401e-01
3.38160485e-01
3.40430439e-01
3.46572101e-01
3.43201131e-01
3.40275735e-01
3.42094839e-01
3.41526181e-01
3.42078775e-01
3.43015581e-01
3.39871675e-01
3.43692034e-01
3.38833690e-01
3.37776124e-01
3.26102465e-01
3.13542336e-01
3.33351761e-01
3.64964008e-01
3.70995164e-01
3.38172287e-01
3.15811634e-01
3.12159568e-01
