7.80042768e-01
7.88248181e-01
7.95970738e-01
7.88561285e-01
7.69352496e-01
7.76246607e-01
7.68450201e-01
7.69235969e-01
7.97483623e-01
7.60735512e-01
7.72241235e-01
7.68702209e-01
7.59123683e-01
7.70018399e-01
7.69387007e-01
7.60034204e-01
7.58428991e-01
7.55931258e-01
7.52859056e-01
7.64419556e-01
7.81584382e-01
7.69452691e-01
7.59157300e-01
7.75810897e-01
7.54296958e-01
7.28497803e-01
7.44632959e-01
7.60133564e-01
7.59699583e-01
7.57895708e-01
7.51015723e-01
7.31105328e-01
7.35694230e-01
7.47974753e-01
7.48158514e-01
7.45893002e-01
7.45704591e-01
7.14472771e-01
7.45788097e-01
7.61056602e-01
7.22422361e-01
7.47336924e-01
7.23689914e-01
7.30002284e-01
7.37874210e-01
7.04821944e-01
7.22852707e-01
7.30535865e-01
7.29092181e-01
7.35841274e-01
7.34749198e-01
7.08858430e-01
7.34904945e-01
7.25438893e-01
7.24848807e-01
7.42001534e-01
7.15111375e-01
7.31509984e-01
7.30688632e-01
7.43115425e-01
7.64475107e-01
7.45152175e-01
7.43666708e-01
7.36620545e-01
7.35833287e-01
7.51480162e-01
7.61065483e-01
7.55441308e-01
7.64953732e-01
7.56038666e-01
7.32499719e-01
7.41362691e-01
7.31496274e-01
7.20021605e-01
7.30044365e-01
7.27616668e-01
7.33115673e-01
7.26411402e-01
7.15165555e-01
7.13479817e-01
7.21761346e-01
7.26649404e-01
7.00811148e-01
6.90341234e-01
6.77175403e-01
6.84632063e-01
6.93973005e-01
6.83177412e-01
6.76363528e-01
6.60045624e-01
6.45442605e-01
6.54128075e-01
6.41678393e-01
6.35740399e-01
6.33045733e-01
6.30709291e-01
6.36077523e-01
6.16176486e-01
6.06681168e-01
5.80000460e-01
6.07562304e-01
5.91986537e-01
5.97032905e-01
6.11331940e-01
5.87856531e-01
6.04058027e-01
5.86941898e-01
5.90292752e-01
5.82050145e-01
5.89119971e-01
6.01256251e-01
5.86797178e-01
6.21129692e-01
6.20743215e-01
6.31758630e-01
6.32738173e-01
6.39208913e-01
6.51830971e-01
6.43908739e-01
6.66240335e-01
6.69328809e-01
6.68822587e-01
6.70545340e-01
6.80824101e-01
6.83474183e-01
6.80587649e-01
7.05775261e-01
6.93105280e-01
7.17067242e-01
7.30623662e-01
7.31661081e-01
7.41006792e-01
7.34787881e-01
7.56835997e-01
7.26939499e-01
7.37929106e-01
7.43781030e-01
7.43299901e-01
7.44674146e-01
7.30532467e-01
7.52367318e-01
7.34402120e-01
7.36964405e-01
7.33792126e-01
7.47507870e-01
7.59676635e-01
7.46262550e-01
7.69180357e-01
7.65814960e-01
7.48824060e-01
7.53495038e-01
7.51383960e-01
7.39163101e-01
7.42702961e-01
7.34158158e-01
7.31310129e-01
7.29431212e-01
7.26919711e-01
7.14034557e-01
7.22581625e-01
7.09884346e-01
6.99611306e-01
7.00209975e-01
6.97322905e-01
6.83212698e-01
6.81682050e-01
6.77513480e-01
6.70383811e-01
6.66027546e-01
6.38642669e-01
6.53181136e-01
6.40917659e-01
6.23853445e-01
6.02709234e-01
5.99910796e-01
6.03368640e-01
5.77892900e-01
5.89238584e-01
5.79864085e-01
5.57299376e-01
5.52380919e-01
5.35090268e-01
5.30878544e-01
5.27868092e-01
5.11347353e-01
5.08919775e-01
5.17207146e-01
4.87058520e-01
4.89119828e-01
4.76498425e-01
4.73832786e-01
4.76722777e-01
4.69604135e-01
4.81830925e-01
4.72160995e-01
4.58392948e-01
4.67436492e-01
4.56104159e-01
4.65752989e-01
4.81991857e-01
4.88020837e-01
4.89825189e-01
4.97178644e-01
5.04043102e-01
5.18795609e-01
5.27428746e-01
5.18343508e-01
5.22918940e-01
5.60730636e-01
5.55293202e-01
5.59828401e-01
5.76066315e-01
5.75657427e-01
5.86568952e-01
5.97777784e-01
5.99499702e-01
6.06850684e-01
6.20392561e-01
6.20553076e-01
6.29055142e-01
6.38429344e-01
6.51743054e-01
6.71786010e-01
6.97884560e-01
6.66981220e-01
6.68595195e-01
6.90958679e-01
6.77348793e-01
6.84301555e-01
7.00387836e-01
7.10782468e-01
7.26612806e-01
7.24901497e-01
7.24861145e-01
7.23193407e-01
7.26995587e-01
7.28388131e-01
7.47391701e-01
7.59761512e-01
7.71600425e-01
7.65597880e-01
7.58861721e-01
7.46396899e-01
7.65561461e-01
7.63431609e-01
7.61672020e-01
7.65335679e-01
7.52267540e-01
7.59432673e-01
7.95975864e-01
7.61342764e-01
7.64577448e-01
8.04440975e-01
7.90724099e-01
7.83995867e-01
7.58221805e-01
7.84195662e-01
8.08908284e-01
7.86504328e-01
7.74957299e-01
7.96244264e-01
8.04521024e-01
7.83104539e-01
7.82591164e-01
7.94343591e-01
7.62506664e-01
7.78566241e-01
7.86376655e-01
7.78284311e-01
7.73300588e-01
7.56493986e-01
7.58762658e-01
7.76103616e-01
7.64845490e-01
7.57090092e-01
7.79702425e-01
7.68320858e-01
7.59296954e-01
7.49362886e-01
7.41852105e-01
7.46234000e-01
7.45934010e-01
7.37972736e-01
7.51588821e-01
7.54642487e-01
7.29524553e-01
7.16635764e-01
7.45917678e-01
7.19050288e-01
7.02983558e-01
7.13541746e-01
6.97459757e-01
6.80657625e-01
6.94749534e-01
6.71224236e-01
6.67184889e-01
6.72556400e-01
6.63891077e-01
6.59107327e-01
6.48747146e-01
6.25222266e-01
6.15645826e-01
6.36436760e-01
6.22253656e-01
5.83014965e-01
5.90873480e-01
5.90475440e-01
5.82775652e-01
5.80055356e-01
5.59287548e-01
5.41010678e-01
5.45921147e-01
5.26357114e-01
5.10745525e-01
5.22061646e-01
5.15227199e-01
4.88535762e-01
4.91055548e-01
4.64880705e-01
4.75327641e-01
4.75920081e-01
4.42363769e-01
4.40362900e-01
4.29309517e-01
4.15845424e-01
4.10654783e-01
3.88765663e-01
3.98052096e-01
3.89452279e-01
3.78224254e-01
3.74035060e-01
3.64473283e-01
3.72195542e-01
3.78330261e-01
3.77376556e-01
3.55814844e-01
3.65101010e-01
3.66332978e-01
3.61843616e-01
3.69270414e-01
3.69450182e-01
3.77296269e-01
3.75442415e-01
3.71691704e-01
3.94453168e-01
3.91382754e-01
3.90363634e-01
4.06876862e-01
4.13286567e-01
4.29514796e-01
4.35279667e-01
4.44463372e-01
4.58469152e-01
4.56193179e-01
4.61330652e-01
4.67902392e-01
4.85878527e-01
4.93718296e-01
4.98180360e-01
4.99352872e-01
5.06191492e-01
5.22547603e-01
5.36658347e-01
5.30636311e-01
5.41107059e-01
5.51302671e-01
5.50597370e-01
5.46676159e-01
5.74431479e-01
5.77377141e-01
5.81166148e-01
5.86468935e-01
5.93231082e-01
5.95380485e-01
5.98295510e-01
6.11721039e-01
6.06942236e-01
6.18494391e-01
6.36196733e-01
6.32021844e-01
6.40249491e-01
6.61706805e-01
6.42800987e-01
6.46109283e-01
6.62305117e-01
6.51492536e-01
6.74741089e-01
6.79092407e-01
6.67374730e-01
6.81049764e-01
6.91042781e-01
6.80736423e-01
6.80760562e-01
6.88617170e-01
6.91730499e-01
6.92198932e-01
6.96328461e-01
7.04260528e-01
6.91098273e-01
6.92400157e-01
7.08023548e-01
7.18019545e-01
7.16156304e-01
7.15543449e-01
7.13077784e-01
7.16122448e-01
7.34593987e-01
7.23206878e-01
7.24781334e-01
7.32325792e-01
7.18386889e-01
7.51244247e-01
7.46744514e-01
7.34098613e-01
7.30352521e-01
7.40244508e-01
7.45447099e-01
7.50360906e-01
7.43502319e-01
7.37792432e-01
7.41591871e-01
7.50093162e-01
7.46404290e-01
7.44660914e-01
7.46954203e-01
7.57771373e-01
7.53821254e-01
7.46694326e-01
7.58714855e-01
7.56739736e-01
7.50506043e-01
7.57701337e-01
7.44160771e-01
7.51874506e-01
7.41363645e-01
7.37231135e-01
7.49039412e-01
7.56578743e-01
7.64374137e-01
7.56406069e-01
7.54551709e-01
7.60263622e-01
7.63749957e-01
7.41707325e-01
7.52865493e-01
7.57628441e-01
7.52407014e-01
7.41109908e-01
7.43746638e-01
7.53666222e-01
7.45135128e-01
7.41512656e-01
7.40806520e-01
7.43605077e-01
7.42055535e-01
7.43172407e-01
7.52216697e-01
7.44928598e-01
7.46241570e-01
7.30602503e-01
7.27769911e-01
7.38509715e-01
7.33689964e-01
7.35120296e-01
7.32495546e-01
7.35571027e-01
7.44987488e-01
7.31337190e-01
7.29033351e-01
7.50155807e-01
7.25546837e-01
7.30590880e-01
7.43562877e-01
7.24560618e-01
7.23450720e-01
7.21612036e-01
7.11026371e-01
7.18598843e-01
7.20770657e-01
7.12229967e-01
7.18883991e-01
7.11503744e-01
7.10416615e-01
7.03538299e-01
7.10700333e-01
6.99268997e-01
6.98274434e-01
6.92433357e-01
7.06120431e-01
7.02559710e-01
7.08175838e-01
7.00664163e-01
7.00724781e-01
6.87016368e-01
6.74903035e-01
6.89738989e-01
6.96659505e-01
6.84953809e-01
6.69220507e-01
6.71260238e-01
6.67867243e-01
6.70034170e-01
6.64760351e-01
6.60881042e-01
6.49393439e-01
6.42435610e-01
6.54467523e-01
6.61935568e-01
6.54524267e-01
6.49225771e-01
6.59976661e-01
6.47984028e-01
6.43056214e-01
6.42805219e-01
6.40216887e-01
6.20031595e-01
6.08504057e-01
6.13084078e-01
6.29196107e-01
6.15597546e-01
6.05121493e-01
6.04103506e-01
6.04160488e-01
5.95690429e-01
5.97146869e-01
5.90206385e-01
5.83845854e-01
5.76869905e-01
5.78102946e-01
5.79968333e-01
5.72425663e-01
5.49359620e-01
5.56451142e-01
5.56643963e-01
5.44814229e-01
5.45813918e-01
5.47778487e-01
5.41039646e-01
5.27807415e-01
5.31778455e-01
5.21431625e-01
5.16044140e-01
5.14930427e-01
4.94384646e-01
4.76302981e-01
4.93849039e-01
4.76494849e-01
4.66901958e-01
4.76376116e-01
4.62437123e-01
4.46614325e-01
4.42915589e-01
4.43173110e-01
4.28863883e-01
4.26510006e-01
4.16451573e-01
4.08794999e-01
4.04993355e-01
3.84411663e-01
3.65497202e-01
3.71508151e-01
3.73767436e-01
3.63276601e-01
3.60091180e-01
3.41554165e-01
3.40138406e-01
3.21564138e-01
3.12173694e-01
3.18790704e-01
3.26756150e-01
3.04905623e-01
2.90773094e-01
2.86571771e-01
2.80215442e-01
2.86067247e-01
2.89521247e-01
2.85571694e-01
2.84313470e-01
2.81430304e-01
2.72881389e-01
2.80475795e-01
2.71911323e-01
2.64888763e-01
2.60665953e-01
2.68589228e-01
2.80716389e-01
2.71545947e-01
2.72524387e-01
2.85905302e-01
2.81619310e-01
2.90456861e-01
2.95209557e-01
2.92393088e-01
3.05927217e-01
3.08054984e-01
3.08199346e-01
3.18705291e-01
3.16160709e-01
3.41664821e-01
3.58329922e-01
3.44278425e-01
3.58301699e-01
3.43394071e-01
3.55944484e-01
3.67670208e-01
3.72951925e-01
3.80247772e-01
3.82909238e-01
3.89583081e-01
3.88278216e-01
4.00322378e-01
4.17874187e-01
4.19129878e-01
4.14454252e-01
4.14299488e-01
4.27290082e-01
4.35508609e-01
4.41933990e-01
4.37191635e-01
4.38158303e-01
4.43090081e-01
4.50944453e-01
4.61036146e-01
4.62051719e-01
4.69032615e-01
4.82198268e-01
4.82804507e-01
4.75148082e-01
4.80873168e-01
4.83848423e-01
4.92312431e-01
4.94521767e-01
5.00542521e-01
5.01397967e-01
4.98122931e-01
5.09969771e-01
5.06836951e-01
5.10479569e-01
5.20147324e-01
5.11783540e-01
5.11488318e-01
5.16682327e-01
5.12462556e-01
5.09020627e-01
5.33241332e-01
5.38687170e-01
5.24492145e-01
5.32003105e-01
5.43728769e-01
5.37802398e-01
5.36496460e-01
5.40973961e-01
5.32924175e-01
5.40328443e-01
5.52599669e-01
5.48752308e-01
5.43762386e-01
5.51822305e-01
5.67052066e-01
5.50598681e-01
5.50736904e-01
5.61301827e-01
5.58186948e-01
5.61601877e-01
5.46800911e-01
5.46147645e-01
5.53630173e-01
5.63653648e-01
5.61266422e-01
5.54480076e-01
5.65208137e-01
5.51432431e-01
5.69599509e-01
5.55889010e-01
5.57554364e-01
5.68088055e-01
5.55126131e-01
5.64587235e-01
5.63692868e-01
5.64059913e-01
5.62995553e-01
5.68785071e-01
5.68087518e-01
5.72536707e-01
5.61754704e-01
5.56526005e-01
5.64195812e-01
5.79027116e-01
5.67144632e-01
5.58701694e-01
5.63639998e-01
5.66495359e-01
5.69564462e-01
5.64958870e-01
5.64402342e-01
5.62175393e-01
5.68254054e-01
5.71285427e-01
5.69396555e-01
5.63204706e-01
5.70140183e-01
5.78510404e-01
5.64910889e-01
5.69163680e-01
5.72939932e-01
5.65091848e-01
5.67280710e-01
5.73732316e-01
5.65104783e-01
5.62618673e-01
5.75558603e-01
5.73090792e-01
5.76488614e-01
5.75998843e-01
5.67844868e-01
5.71361005e-01
5.72149277e-01
5.63762546e-01
5.71004927e-01
5.77587426e-01
5.65499961e-01
5.71510911e-01
5.68700075e-01
5.68486571e-01
5.70519626e-01
5.75804293e-01
5.65828323e-01
5.65057158e-01
5.76796830e-01
5.73863626e-01
5.68977356e-01
5.66561997e-01
5.78181922e-01
5.84935486e-01
5.54563165e-01
5.60044110e-01
5.69586456e-01
5.64706504e-01
5.63246787e-01
5.56517303e-01
5.48859537e-01
5.49402952e-01
5.65031230e-01
5.47372699e-01
5.58744073e-01
5.68078697e-01
5.55501938e-01
5.55624723e-01
5.61139822e-01
5.59703648e-01
5.46802580e-01
5.51351607e-01
5.50699353e-01
5.55745065e-01
5.51085711e-01
5.58181226e-01
5.51950514e-01
5.45429349e-01
5.63729107e-01
5.52928507e-01
5.52665055e-01
5.69514155e-01
5.52704394e-01
5.46038687e-01
5.46987057e-01
5.61470628e-01
5.56207538e-01
5.51742435e-01
5.48718035e-01
5.53880036e-01
5.55497050e-01
5.45233548e-01
5.43089449e-01
5.47263265e-01
5.39779603e-01
5.36324799e-01
5.39026499e-01
5.38254261e-01
5.33915162e-01
5.38125694e-01
5.37036836e-01
5.37791848e-01
5.50540924e-01
5.35710692e-01
5.27061105e-01
5.39069772e-01
5.34284651e-01
5.35911202e-01
5.29976845e-01
5.41472912e-01
5.35563350e-01
5.28258324e-01
5.32823622e-01
5.21132648e-01
5.16586483e-01
5.22506237e-01
5.22327065e-01
5.26764333e-01
5.23264408e-01
5.13070166e-01
5.18425524e-01
5.25645673e-01
5.21465063e-01
5.19989252e-01
5.15469611e-01
5.22951126e-01
5.17436087e-01
5.17924905e-01
5.15320659e-01
5.07952213e-01
5.09769976e-01
5.18830240e-01
5.13298333e-01
5.10637045e-01
5.13911784e-01
5.13819754e-01
5.07226408e-01
5.07843614e-01
5.12629032e-01
5.12086093e-01
5.02674937e-01
5.07058322e-01
5.12206614e-01
5.06183803e-01
5.10125756e-01
5.12798309e-01
5.11832654e-01
5.08600056e-01
5.11364818e-01
5.00606239e-01
4.96579468e-01
5.00460327e-01
5.03809750e-01
5.10871351e-01
5.04522264e-01
4.94037658e-01
4.92338568e-01
5.00032723e-01
4.96827066e-01
4.93420124e-01
4.92481142e-01
4.96337354e-01
4.83351946e-01
4.89766598e-01
4.92786318e-01
4.89316881e-01
4.93246466e-01
4.98483151e-01
4.95961636e-01
4.90596533e-01
4.83837634e-01
4.88603711e-01
4.95042056e-01
4.85670865e-01
4.78211612e-01
4.73050028e-01
4.68090117e-01
4.73434508e-01
4.84486341e-01
4.90357190e-01
4.83710468e-01
4.77809161e-01
4.80291754e-01
4.74646419e-01
4.69337761e-01
4.81297523e-01
4.82633948e-01
4.73471582e-01
4.75389779e-01
4.73566055e-01
4.68549967e-01
4.73100007e-01
4.78247643e-01
4.76176262e-01
4.70338821e-01
4.77888346e-01
4.77825463e-01
4.61772531e-01
4.73648041e-01
4.76109177e-01
4.62141901e-01
4.69859451e-01
4.69197571e-01
4.75490838e-01
4.72850740e-01
4.64979291e-01
4.59530622e-01
4.67882901e-01
4.65173364e-01
4.55372632e-01
4.67110246e-01
4.60704714e-01
4.64031547e-01
4.58664238e-01
4.58872646e-01
4.58731532e-01
4.55837846e-01
4.55878437e-01
4.67070341e-01
4.63677794e-01
4.55231935e-01
4.56175148e-01
4.57487524e-01
4.55264449e-01
4.60761130e-01
4.51852798e-01
4.49415475e-01
4.51453328e-01
4.48264807e-01
4.49382097e-01
4.47720796e-01
4.42640185e-01
4.44959104e-01
4.44128752e-01
4.38120037e-01
4.37229097e-01
4.50707763e-01
4.47977930e-01
4.32029009e-01
4.28494781e-01
4.36279535e-01
4.35422748e-01
4.34829235e-01
4.36402977e-01
4.36933637e-01
4.34429079e-01
4.34685796e-01
4.34159666e-01
4.36020285e-01
4.35785592e-01
4.31717843e-01
4.25294012e-01
4.29325908e-01
4.19198722e-01
4.19112027e-01
4.22770351e-01
4.34337169e-01
4.32587266e-01
4.27151620e-01
4.21794742e-01
4.19135779e-01
4.16894585e-01
4.18199390e-01
4.19126928e-01
4.13835853e-01
4.13209945e-01
4.19692636e-01
4.08676237e-01
4.20376211e-01
4.11455721e-01
3.99062425e-01
4.08445776e-01
4.13521439e-01
4.03345287e-01
4.03799415e-01
3.99711102e-01
4.01015222e-01
4.06600624e-01
3.99446428e-01
3.92132372e-01
4.06376719e-01
4.04463500e-01
3.99931252e-01
3.97887707e-01
3.88644367e-01
3.87321740e-01
3.96761000e-01
3.96786809e-01
3.88285965e-01
3.95390630e-01
3.87061894e-01
3.83024991e-01
3.86195064e-01
3.87493134e-01
3.92411083e-01
3.88166428e-01
3.85967255e-01
3.82952303e-01
3.72657299e-01
3.78034383e-01
3.81476164e-01
3.70500684e-01
3.68378729e-01
3.60822409e-01
3.67709607e-01
3.72562259e-01
3.71067643e-01
3.61782849e-01
3.67868781e-01
3.73713732e-01
3.52466136e-01
3.56689006e-01
3.58860016e-01
3.49929929e-01
3.54556233e-01
3.45415980e-01
3.40661049e-01
3.45589906e-01
3.51855963e-01
3.48532856e-01
3.44893038e-01
3.37886781e-01
3.32132190e-01
3.42686296e-01
3.40907782e-01
3.40204924e-01
3.35649848e-01
3.26621711e-01
3.23614210e-01
3.23210090e-01
3.26078713e-01
3.21815670e-01
3.02110136e-01
3.12112242e-01
3.09188485e-01
3.05906117e-01
3.03599536e-01
3.01870942e-01
3.00538212e-01
3.02473813e-01
2.98050404e-01
3.02682400e-01
2.92856097e-01
2.83511639e-01
2.80166686e-01
2.79158056e-01
2.79230386e-01
2.72905856e-01
2.72699267e-01
2.65296400e-01
2.67520010e-01
2.59993434e-01
2.54627675e-01
2.62670815e-01
2.49792859e-01
2.45206714e-01
2.41683275e-01
2.38038749e-01
2.40708739e-01
2.40883425e-01
2.34085500e-01
2.25554049e-01
2.28871748e-01
2.20207632e-01
2.20728546e-01
2.14452446e-01
2.01969743e-01
2.11284146e-01
2.06965521e-01
2.11287826e-01
1.95122227e-01
1.93818301e-01
1.86170638e-01
1.89402029e-01
1.84808120e-01
1.80976644e-01
1.86658219e-01
1.76617324e-01
1.64916202e-01
1.70524970e-01
1.80347323e-01
1.74417764e-01
1.58018723e-01
1.60087124e-01
1.61949813e-01
1.65816218e-01
1.62632227e-01
1.63093865e-01
1.61700934e-01
1.58950672e-01
1.58816203e-01
1.58497781e-01
1.62416637e-01
1.65970281e-01
1.67033240e-01
1.66605473e-01
1.63280889e-01
1.59727544e-01
1.58108115e-01
1.65008992e-01
1.56644896e-01
1.50200352e-01
1.56964108e-01
1.57616898e-01
1.62141249e-01
1.70947328e-01
1.73834816e-01
1.70804992e-01
1.69003427e-01
1.74585506e-01
1.74378172e-01
1.71790123e-01
1.74994752e-01
1.80427104e-01
1.87290832e-01
1.83475554e-01
1.89306065e-01
1.91967577e-01
1.82658836e-01
1.89031884e-01
1.96950868e-01
2.02429041e-01
2.05270007e-01
2.02939928e-01
2.00548813e-01
1.99885517e-01
2.03466699e-01
2.07939595e-01
2.13694781e-01
2.16805533e-01
2.11114511e-01
2.19466150e-01
2.22278416e-01
2.18881920e-01
2.28459612e-01
2.37123951e-01
2.33754724e-01
2.38677129e-01
2.34102309e-01
2.39355981e-01
2.41073593e-01
2.37374902e-01
2.55902559e-01
2.46876210e-01
2.46046558e-01
2.46008947e-01
2.53006458e-01
2.55462378e-01
2.50078648e-01
2.54171610e-01
2.56307244e-01
2.59690344e-01
2.65590906e-01
2.54257977e-01
2.68608719e-01
2.62945324e-01
2.63637453e-01
2.67059803e-01
2.61001706e-01
2.61824518e-01
2.61722565e-01
2.74560809e-01
2.83406287e-01
2.70941019e-01
2.67128378e-01
2.75595188e-01
2.73035794e-01
2.65739620e-01
2.69302577e-01
2.71261781e-01
2.70874053e-01
2.68383086e-01
2.73650914e-01
2.70904958e-01
2.68364400e-01
2.78909653e-01
2.80945152e-01
2.85084426e-01
2.83626854e-01
2.78463751e-01
2.82013863e-01
2.83187628e-01
2.80939668e-01
2.70881742e-01
2.76611179e-01
2.86074072e-01
2.77658552e-01
2.78615683e-01
2.88748354e-01
2.91182011e-01
2.81181455e-01
2.79072046e-01
2.78165996e-01
2.79832453e-01
2.86208183e-01
2.83350885e-01
2.71856904e-01
2.76307285e-01
2.82516152e-01
2.88557857e-01
2.84784555e-01
2.83721805e-01
2.80702621e-01
2.87503093e-01
2.89973646e-01
2.82314748e-01
2.87796885e-01
2.92277187e-01
2.82384992e-01
2.83185124e-01
2.84649909e-01
2.75586545e-01
2.85834610e-01
2.86194414e-01
2.89243788e-01
2.89641798e-01
2.78350621e-01
2.84789711e-01
2.95049906e-01
2.75802642e-01
2.86966473e-01
2.89650053e-01
2.92433530e-01
2.92710483e-01
2.83710420e-01
2.89479434e-01
2.90978014e-01
2.87736535e-01
2.77116477e-01
2.77714401e-01
2.87961185e-01
2.86909282e-01
2.91639805e-01
2.89350063e-01
2.83047974e-01
2.82342464e-01
2.82488555e-01
2.79678762e-01
2.80795693e-01
2.83466518e-01
2.80391365e-01
2.77776867e-01
2.81106353e-01
2.79293984e-01
2.82407403e-01
2.89960951e-01
2.82464653e-01
2.80959129e-01
2.90024728e-01
2.83043593e-01
2.76929796e-01
2.82367527e-01
2.76321977e-01
2.79155880e-01
2.77140319e-01
2.75995702e-01
2.77822912e-01
2.87204057e-01
2.80919373e-01
2.68780053e-01
2.72062153e-01
2.71213323e-01
2.67186195e-01
2.76551723e-01
2.79830545e-01
2.68027186e-01
2.82936335e-01
2.85464674e-01
2.71284491e-01
2.68842876e-01
2.75791764e-01
2.71826804e-01
2.72734225e-01
2.77932256e-01
2.74884462e-01
2.75891781e-01
2.73597121e-01
2.73152620e-01
2.73607850e-01
2.80647248e-01
2.72156864e-01
2.73576617e-01
2.74460137e-01
2.74796128e-01
2.70467520e-01
2.66823769e-01
2.75224030e-01
2.75296837e-01
2.74241030e-01
2.70141482e-01
2.67695129e-01
2.72308648e-01
2.67740071e-01
2.67404765e-01
2.67437339e-01
2.64410973e-01
2.70018041e-01
2.67566592e-01
2.66081095e-01
2.73232788e-01
2.72795141e-01
2.70156831e-01
2.65491247e-01
2.60667205e-01
2.63365120e-01
2.66257435e-01
2.63699204e-01
2.58005917e-01
2.68690258e-01
2.70938873e-01
2.63485312e-01
2.61635184e-01
2.56114244e-01
2.59085327e-01
2.61673957e-01
2.54364133e-01
2.57169247e-01
2.52308846e-01
2.58264393e-01
2.51446217e-01
2.58966208e-01
2.57247835e-01
2.50244051e-01
2.61212409e-01
2.57878214e-01
2.56204516e-01
2.54090339e-01
2.58514166e-01
2.54806876e-01
2.59674609e-01
2.61191338e-01
2.55973846e-01
2.58083582e-01
2.58601278e-01
2.60910779e-01
2.59615302e-01
2.58400202e-01
2.53822505e-01
2.52474785e-01
2.47391716e-01
2.48761863e-01
2.49757156e-01
2.42566183e-01
2.45291635e-01
2.47986495e-01
2.45379284e-01
2.47089133e-01
2.37299055e-01
2.41798177e-01
2.48205185e-01
2.36872181e-01
2.42999241e-01
2.50083953e-01
2.43647456e-01
2.48647854e-01
2.46471182e-01
2.46821791e-01
2.48491779e-01
2.45301038e-01
2.46574566e-01
2.40220204e-01
2.45838270e-01
2.46924564e-01
2.51283675e-01
2.49447942e-01
2.40760133e-01
2.48522282e-01
2.40518227e-01
2.33725995e-01
2.35419542e-01
2.35784724e-01
2.36629516e-01
2.37711444e-01
2.40574196e-01
2.36615658e-01
2.32612088e-01
2.35514358e-01
2.33542010e-01
2.37080783e-01
2.36669555e-01
2.38851741e-01
2.38619521e-01
2.31688499e-01
2.37259358e-01
2.42190287e-01
2.31799945e-01
2.27928489e-01
2.36914635e-01
2.32959405e-01
2.30659530e-01
2.37660185e-01
2.33347595e-01
2.31611624e-01
2.34745756e-01
2.32877031e-01
2.27046922e-01
2.24984646e-01
2.35330760e-01
2.25484610e-01
2.29428485e-01
2.36241370e-01
2.26229683e-01
2.25469142e-01
2.24449188e-01
2.22514004e-01
2.32342124e-01
2.25273624e-01
2.23606378e-01
2.29654774e-01
2.23409995e-01
2.21182197e-01
2.28629872e-01
2.26185873e-01
2.17812553e-01
2.22373053e-01
2.26027608e-01
2.11845517e-01
2.23708406e-01
2.23090351e-01
2.16695026e-01
2.20098212e-01
2.25273758e-01
2.17924505e-01
2.10005969e-01
2.17149630e-01
2.21255973e-01
2.15218291e-01
2.16135293e-01
2.19575509e-01
2.16421679e-01
2.16039345e-01
2.16297239e-01
2.09402040e-01
2.18011469e-01
2.16842830e-01
2.10337788e-01
2.17839465e-01
2.14894727e-01
2.20498979e-01
2.17430338e-01
2.13756651e-01
2.13016406e-01
2.12350249e-01
2.24289730e-01
2.20743790e-01
2.13779375e-01
2.07486212e-01
2.08653808e-01
2.09365875e-01
2.04987749e-01
2.08440870e-01
2.12062702e-01
2.03754097e-01
2.12917656e-01
2.15199023e-01
2.15332478e-01
2.15408444e-01
2.10556909e-01
1.99305594e-01
2.06717059e-01
2.04031363e-01
2.01995686e-01
2.09559560e-01
2.06802651e-01
2.02489957e-01
2.03989238e-01
2.08258227e-01
2.08901092e-01
1.96109146e-01
2.05762789e-01
2.00747341e-01
1.99733272e-01
1.97204649e-01
1.99139193e-01
1.99477494e-01
1.98329687e-01
2.00661376e-01
1.99015558e-01
2.04599813e-01
1.95393056e-01
2.03226626e-01
2.03168437e-01
2.04630554e-01
1.97570860e-01
1.96441501e-01
1.98029444e-01
1.97725102e-01
1.96015090e-01
2.01694742e-01
1.97276682e-01
2.02522472e-01
1.96429506e-01
1.93844110e-01
2.01160163e-01
1.94174692e-01
1.93781465e-01
1.99611276e-01
1.87143207e-01
1.86127082e-01
1.92237213e-01
1.88303769e-01
1.88679293e-01
1.97416320e-01
1.91292480e-01
1.86520576e-01
1.82320237e-01
1.94525510e-01
1.92340299e-01
1.91928312e-01
1.87648952e-01
1.85779363e-01
1.91304699e-01
1.95398033e-01
1.91944480e-01
1.92579791e-01
1.83795482e-01
1.86408654e-01
1.88691944e-01
1.90140635e-01
1.92019373e-01
1.86236367e-01
1.93123594e-01
1.92619517e-01
1.88104585e-01
1.93879217e-01
1.88326955e-01
1.81839243e-01
1.85070664e-01
1.83124676e-01
1.77056223e-01
1.84884772e-01
1.84611961e-01
1.85048074e-01
1.89024702e-01
1.79217726e-01
1.78136513e-01
1.84510097e-01
1.83422461e-01
1.81114152e-01
1.77052125e-01
1.70063958e-01
1.74605742e-01
1.76076218e-01
1.74954057e-01
1.76020429e-01
1.81422651e-01
1.80547044e-01
1.73825875e-01
1.80397019e-01
1.78551540e-01
1.76628113e-01
1.81340158e-01
1.77313283e-01
1.77178323e-01
1.77467749e-01
1.76032901e-01
1.76086769e-01
1.77943543e-01
1.78925037e-01
1.67604923e-01
1.71670929e-01
1.74725011e-01
1.77567050e-01
1.77232549e-01
1.71754003e-01
1.74300328e-01
1.77025616e-01
1.70119807e-01
1.68172121e-01
1.66771457e-01
1.73303634e-01
1.69367671e-01
1.73526704e-01
1.79687560e-01
1.67599678e-01
1.67512566e-01
1.65870875e-01
1.67802706e-01
1.65141121e-01
1.64047554e-01
1.67959884e-01
1.66936800e-01
1.67124212e-01
1.69641688e-01
1.69404000e-01
1.64649948e-01
1.60193682e-01
1.65384367e-01
1.70961440e-01
1.67904168e-01
1.67612135e-01
1.69482827e-01
1.68030173e-01
1.69521227e-01
1.62612468e-01
1.60993218e-01
1.59421876e-01
1.64794594e-01
1.73021644e-01
1.62507772e-01
1.67504668e-01
1.68880433e-01
1.61315218e-01
1.59727916e-01
1.67009115e-01
1.61742046e-01
1.60934240e-01
1.64346606e-01
1.60747573e-01
1.60249814e-01
1.56439245e-01
1.59796461e-01
1.62574783e-01
1.65220663e-01
1.61103368e-01
1.56985492e-01
1.59260184e-01
1.57899618e-01
1.57149941e-01
1.65060714e-01
1.57401413e-01
1.52956441e-01
1.58485770e-01
1.54862523e-01
1.51936635e-01
1.50539547e-01
1.51757106e-01
1.54837728e-01
1.51093155e-01
1.50775865e-01
1.58807054e-01
1.51200995e-01
1.48919269e-01
1.52913019e-01
1.59586802e-01
1.53979868e-01
1.50876164e-01
1.56300664e-01
1.52871490e-01
1.52898341e-01
1.48590431e-01
1.49642438e-01
1.57195508e-01
1.44714504e-01
1.49602085e-01
1.53748676e-01
1.44883007e-01
1.49078324e-01
1.48544386e-01
1.47468656e-01
1.48216397e-01
1.50238931e-01
1.56873897e-01
1.44762799e-01
1.44681975e-01
1.48935214e-01
1.49026603e-01
1.56568840e-01
1.49922296e-01
1.44601926e-01
1.43806517e-01
1.45880476e-01
1.49919212e-01
1.48306847e-01
1.41450509e-01
1.47304147e-01
1.45791203e-01
1.41366318e-01
1.45028129e-01
1.50624663e-01
1.40085965e-01
1.44424051e-01
1.45647883e-01
1.39505863e-01
1.39422268e-01
1.39698982e-01
1.43600091e-01
1.43047050e-01
1.38810292e-01
1.42046973e-01
1.47383913e-01
1.48245052e-01
1.43753201e-01
1.43824175e-01
1.46011114e-01
1.44196868e-01
1.83086798e-01
5.73611796e-01
5.24512708e-01
8.17521513e-01
7.15519249e-01
5.17831862e-01
3.23346406e-01
1.53716281e-01
1.46886170e-01
1.48936599e-01
1.44244000e-01
1.40812039e-01
1.38685718e-01
1.36361435e-01
1.31321073e-01
1.38737932e-01
1.34839118e-01
1.39773294e-01
1.32638410e-01
1.39465302e-01
1.34887889e-01
1.33754954e-01
1.41758814e-01
1.34632528e-01
1.36483818e-01
1.39491826e-01
1.36433944e-01
1.33199289e-01
1.37425184e-01
1.34759933e-01
1.33986205e-01
1.38900056e-01
1.35386318e-01
1.32356033e-01
1.41780928e-01
1.29599690e-01
1.32419348e-01
1.27729610e-01
1.34754524e-01
1.30333275e-01
1.26921877e-01
1.35039955e-01
1.33851111e-01
1.30349666e-01
1.26857072e-01
1.25097245e-01
1.24337696e-01
1.25608772e-01
1.26331553e-01
1.28592655e-01
1.27408117e-01
1.27679303e-01
1.29092619e-01
1.30624086e-01
1.21979646e-01
1.21517502e-01
1.28955305e-01
1.18403852e-01
1.17192172e-01
1.23885326e-01
1.25635460e-01
1.30080864e-01
1.25472486e-01
1.28575385e-01
1.26185149e-01
1.24203667e-01
1.25296265e-01
1.25808492e-01
1.16210155e-01
1.19169354e-01
1.25127077e-01
1.19959258e-01
1.21743061e-01
1.31717041e-01
1.20062284e-01
1.20099746e-01
1.31861016e-01
1.19975068e-01
1.23705566e-01
1.27157778e-01
1.20985545e-01
1.15545042e-01
1.17908373e-01
1.23391673e-01
1.29559949e-01
1.35363922e-01
1.22582510e-01
1.14406951e-01
1.26822039e-01
1.28621325e-01
1.24847434e-01
1.32242247e-01
1.21555462e-01
1.23198509e-01
1.21951051e-01
1.17571324e-01
1.24545157e-01
1.27218693e-01
1.16134599e-01
1.16561607e-01
1.10595331e-01
1.16919585e-01
1.18462548e-01
1.21080488e-01
1.16774887e-01
1.18960224e-01
1.15819581e-01
1.18334495e-01
1.22322828e-01
1.13334142e-01
1.14255354e-01
1.17640004e-01
1.14100866e-01
1.13162063e-01
1.26291603e-01
1.17747448e-01
1.10441305e-01
1.15224510e-01
1.18792184e-01
1.21853806e-01
1.20145760e-01
1.11001901e-01
1.07969813e-01
1.15527816e-01
1.23951308e-01
1.17595673e-01
1.09609775e-01
1.15239598e-01
1.12130627e-01
1.12961538e-01
1.16768494e-01
1.10274546e-01
1.07324362e-01
1.06635563e-01
1.06183007e-01
1.03095300e-01
1.14525564e-01
1.15891762e-01
1.02472655e-01
1.16719961e-01
1.13574594e-01
1.14516519e-01
1.14513353e-01
1.10402398e-01
1.13777593e-01
1.17583923e-01
1.11698531e-01
1.15016803e-01
1.08978085e-01
1.11950330e-01
1.12780787e-01
1.07073747e-01
1.16449058e-01
1.20931201e-01
1.08727857e-01
1.07814699e-01
1.14799730e-01
1.13104820e-01
1.03088409e-01
1.08432323e-01
1.02319680e-01
1.01954870e-01
1.05862357e-01
1.04033925e-01
1.10152125e-01
1.12063326e-01
1.06692359e-01
1.07268505e-01
1.05350479e-01
1.02341503e-01
9.46896523e-02
1.00580841e-01
1.09819569e-01
9.90670547e-02
1.07596345e-01
1.09260105e-01
1.05488233e-01
9.98225063e-02
1.02264173e-01
1.03579260e-01
1.09930292e-01
1.11013055e-01
1.00378752e-01
1.02700993e-01
1.05261028e-01
1.01733238e-01
1.01665124e-01
1.10522561e-01
1.06597282e-01
1.09918691e-01
1.09447822e-01
1.09727010e-01
1.04618683e-01
1.02417730e-01
1.04071543e-01
9.78941470e-02
1.08820245e-01
1.05080217e-01
9.93855298e-02
1.02759108e-01
1.02380902e-01
1.04291871e-01
1.01112030e-01
1.04589164e-01
1.13422804e-01
1.06122352e-01
9.68301967e-02
9.58807021e-02
1.01847492e-01
1.03967510e-01
9.52476040e-02
9.34181437e-02
9.76799950e-02
1.02258950e-01
1.00091457e-01
1.05578810e-01
1.02925628e-01
1.03775144e-01
9.70560685e-02
9.25379992e-02
9.25520062e-02
9.64629427e-02
1.01326473e-01
1.09001338e-01
1.06413379e-01
9.85536054e-02
9.05038863e-02
9.44174081e-02
1.02943636e-01
1.05044514e-01
1.01799808e-01
9.42044184e-02
9.75347236e-02
9.65908468e-02
9.55549628e-02
1.00597031e-01
9.49752703e-02
1.02431647e-01
1.32888630e-01
1.38398379e-01
1.93365648e-01
1.80325583e-01
1.46793872e-01
1.26253903e-01
1.38618216e-01
1.61192209e-01
1.16155669e-01
9.76085365e-02
9.29265395e-02
9.79874730e-02
9.60847363e-02
1.01895347e-01
1.00296341e-01
9.44214463e-02
9.32971388e-02
1.00826934e-01
1.00199766e-01
9.16544348e-02
1.02398746e-01
1.00620747e-01
9.76071581e-02
9.72344354e-02
9.26563516e-02
1.02503069e-01
9.52763036e-02
9.28709060e-02
9.31571424e-02
9.63365063e-02
9.21869949e-02
9.05104652e-02
9.43247378e-02
9.95963365e-02
9.69185755e-02
1.03127070e-01
9.54148918e-02
8.97005275e-02
9.00871083e-02
9.85709652e-02
9.32401866e-02
8.52981359e-02
9.35112983e-02
9.87560973e-02
9.80474576e-02
9.02739763e-02
9.55918208e-02
9.53937769e-02
9.65981707e-02
9.56017002e-02
9.68541652e-02
9.10165310e-02
9.44002420e-02
9.57861692e-02
9.03995261e-02
9.66839343e-02
9.79759246e-02
8.82715657e-02
8.93107802e-02
8.93681794e-02
8.62434432e-02
9.64293033e-02
9.44606215e-02
8.56265575e-02
8.88309628e-02
8.88546333e-02
9.40666124e-02
9.09775868e-02
8.92933607e-02
8.93222764e-02
9.61825699e-02
9.21560302e-02
9.36032087e-02
9.08475518e-02
8.80177915e-02
8.79591405e-02
9.47361961e-02
8.97174254e-02
8.91181529e-02
9.07746628e-02
8.20523351e-02
8.88791978e-02
8.41809288e-02
8.93270224e-02
8.28171745e-02
8.54749903e-02
8.48043486e-02
8.95739049e-02
9.53427628e-02
8.47262070e-02
8.48343000e-02
8.69961083e-02
9.04772133e-02
8.12847987e-02
8.26245770e-02
8.61384496e-02
8.50004405e-02
8.35753679e-02
7.59761184e-02
8.43642727e-02
8.95771533e-02
8.66998956e-02
8.29732269e-02
8.83785486e-02
9.42799747e-02
8.29373524e-02
8.46206546e-02
8.37795362e-02
8.55410770e-02
8.41707066e-02
8.78996998e-02
9.15306211e-02
7.82718137e-02
8.74114931e-02
7.99331293e-02
7.87819177e-02
8.00546482e-02
7.82518238e-02
8.24504495e-02
8.01430568e-02
8.62879828e-02
8.13131183e-02
8.53214562e-02
7.60445595e-02
8.03980976e-02
9.03896764e-02
8.20880085e-02
7.84427375e-02
8.83849934e-02
7.91767389e-02
8.27615336e-02
9.19284970e-02
8.49873647e-02
8.98146033e-02
8.14568773e-02
7.60833398e-02
8.40781033e-02
8.72784033e-02
8.62191096e-02
8.47130194e-02
7.73451552e-02
8.40938017e-02
8.45815688e-02
7.67129138e-02
8.32949132e-02
8.46702456e-02
7.51035064e-02
8.03627595e-02
8.35413635e-02
8.56328979e-02
7.55457208e-02
7.60058463e-02
9.13598239e-02
9.45335105e-02
8.13519135e-02
8.11509937e-02
7.47459903e-02
7.85000771e-02
8.77364427e-02
8.36812183e-02
7.40054324e-02
7.69632235e-02
8.24983418e-02
8.14229771e-02
7.86371529e-02
7.58759826e-02
7.54678100e-02
7.62854740e-02
7.57106394e-02
7.48352483e-02
7.87355974e-02
7.27747604e-02
8.09614435e-02
7.98057169e-02
8.30655918e-02
7.44501203e-02
7.73520768e-02
7.69103020e-02
7.04870746e-02
8.04135278e-02
8.21415633e-02
7.53533915e-02
8.29837322e-02
8.25424492e-02
8.31999481e-02
8.29101950e-02
9.10699591e-02
8.44996050e-02
8.14728364e-02
7.51458481e-02
7.51179010e-02
8.45666230e-02
8.23201090e-02
8.10300112e-02
8.62186551e-02
7.21602812e-02
0.00000000e+00
6.86183721e-02
7.94135556e-02
7.59766549e-02
7.86374360e-02
7.40555972e-02
7.66120926e-02
7.79902115e-02
8.03246573e-02
8.54269192e-02
7.61581287e-02
7.67578408e-02
8.10337290e-02
7.85341635e-02
8.26121271e-02
8.19716081e-02
7.52651021e-02
7.14456663e-02
7.12899491e-02
7.59943128e-02
7.11693838e-02
7.15583265e-02
7.42718801e-02
7.94619918e-02
7.34841600e-02
7.75843561e-02
7.79761821e-02
7.46076554e-02
7.78945684e-02
7.41428286e-02
7.68496320e-02
7.75338188e-02
7.22352713e-02
6.74021393e-02
7.46088102e-02
8.14728066e-02
7.50059634e-02
7.44112357e-02
7.16590658e-02
7.20041618e-02
7.42501765e-02
7.03898743e-02
6.57306015e-02
6.97707236e-02
7.38018304e-02
7.67283663e-02
6.97157383e-02
6.81301951e-02
7.05368519e-02
7.72383139e-02
7.45302886e-02
7.11198002e-02
7.85787553e-02
8.13984722e-02
8.01333040e-02
8.62560496e-02
7.63871521e-02
7.85783231e-02
7.71999434e-02
7.62560815e-02
7.51486644e-02
7.27129355e-02
8.04939047e-02
7.14446530e-02
7.01071396e-02
7.76275247e-02
6.79921657e-02
7.50848651e-02
7.98778832e-02
8.53173882e-02
9.19715166e-02
7.77648911e-02
6.49682656e-02
7.60009140e-02
7.87457004e-02
8.02989826e-02
8.16721618e-02
7.29329512e-02
7.28330091e-02
7.51909986e-02
7.67176673e-02
7.35610127e-02
7.38382265e-02
7.88569376e-02
7.74543285e-02
7.28636980e-02
7.49312714e-02
8.02669153e-02
8.22893754e-02
7.60334283e-02
7.67492354e-02
7.41865188e-02
7.68172517e-02
7.29899555e-02
7.49956742e-02
8.02623108e-02
1.47688687e-01
1.98289022e-01
2.13808656e-01
2.50392705e-01
2.13749230e-01
1.29095927e-01
9.34514701e-02
9.19791162e-02
9.23071057e-02
6.98590502e-02
7.44607374e-02
7.12034404e-02
6.46582469e-02
7.49923959e-02
6.71062469e-02
7.02529848e-02
7.28794187e-02
7.35883564e-02
7.76879489e-02
7.07351118e-02
7.55410418e-02
7.60449991e-02
8.55294913e-02
8.04331899e-02
7.90517628e-02
7.45484158e-02
6.67326674e-02
6.23997711e-02
6.62062541e-02
6.92310035e-02
6.94726184e-02
7.31380507e-02
6.85359463e-02
7.18352646e-02
6.87453747e-02
7.57244453e-02
7.01487884e-02
6.77663088e-02
6.78505227e-02
6.66647032e-02
7.00307637e-02
7.38394633e-02
7.64814466e-02
7.28523359e-02
9.02935788e-02
1.04520507e-01
1.20414995e-01
1.15627475e-01
9.28183272e-02
7.25319758e-02
6.85384572e-02
7.01484606e-02
6.99041709e-02
7.12680966e-02
7.06766844e-02
7.44621083e-02
7.40200654e-02
6.93915561e-02
6.91467524e-02
7.02702776e-02
7.18983561e-02
6.72435760e-02
7.04324916e-02
6.92478046e-02
7.02524483e-02
6.13501109e-02
6.41582310e-02
6.76303655e-02
6.78345412e-02
7.02754408e-02
7.04138428e-02
6.65920302e-02
6.98137879e-02
7.11945444e-02
7.13423789e-02
6.77496046e-02
7.73711130e-02
7.10681006e-02
6.86562359e-02
6.62114397e-02
6.61672726e-02
7.11226985e-02
7.13309795e-02
7.11117089e-02
7.14387298e-02
7.11394325e-02
7.02407807e-02
7.38311857e-02
7.28907660e-02
7.17411861e-02
6.98040053e-02
6.64972588e-02
7.33746886e-02
6.77230209e-02
6.88174590e-02
7.32443854e-02
7.56343454e-02
7.37441629e-02
8.06540623e-02
7.22920373e-02
7.62804449e-02
7.56535605e-02
6.63505867e-02
6.50646761e-02
7.12033063e-02
7.32246637e-02
7.42024332e-02
6.82463497e-02
7.57855177e-02
7.66407475e-02
7.16984272e-02
7.20053986e-02
7.86171257e-02
7.43691251e-02
8.10340196e-02
7.89745897e-02
7.43201897e-02
8.03728104e-02
8.50560814e-02
8.19516480e-02
7.18476847e-02
7.77201951e-02
7.75254369e-02
7.47381970e-02
8.43983367e-02
7.89163560e-02
7.61186257e-02
8.10410529e-02
7.27513209e-02
6.90406263e-02
7.37708509e-02
8.36019889e-02
7.93379247e-02
8.27369019e-02
8.32610950e-02
7.80802742e-02
8.65901113e-02
9.32594240e-02
9.00055394e-02
8.45553651e-02
8.13600644e-02
8.87219310e-02
9.20860320e-02
8.53814632e-02
8.70402083e-02
8.31161663e-02
8.31973627e-02
8.55565295e-02
8.84562433e-02
8.45780596e-02
8.68224874e-02
9.34139043e-02
9.09582824e-02
8.98078308e-02
1.00768760e-01
9.79587957e-02
8.99581015e-02
9.29786041e-02
9.13021266e-02
9.85021517e-02
1.00583121e-01
1.07579798e-01
9.45785791e-02
9.47888941e-02
9.93943661e-02
9.78459194e-02
9.48897377e-02
1.08864143e-01
1.05795391e-01
1.01193801e-01
1.00340784e-01
9.94872972e-02
1.02364622e-01
1.06326587e-01
1.07926004e-01
9.36318487e-02
8.85600820e-02
8.77210349e-02
8.24368596e-02
8.21402520e-02
8.67498219e-02
8.83819833e-02
7.29068071e-02
8.18434879e-02
8.52294713e-02
8.97283703e-02
9.67181623e-02
9.36228260e-02
9.62016508e-02
1.01995595e-01
1.02389008e-01
1.00149125e-01
9.80727747e-02
1.03974529e-01
1.04683630e-01
1.03487849e-01
1.01995885e-01
1.06719553e-01
9.94947851e-02
9.75382775e-02
9.94899794e-02
9.70264524e-02
9.63343829e-02
9.74766314e-02
9.61214676e-02
9.53136832e-02
9.95969474e-02
9.33877900e-02
9.61171836e-02
9.34859514e-02
8.94638374e-02
9.19563770e-02
9.34202522e-02
9.38096717e-02
9.43426415e-02
9.14586037e-02
8.69737640e-02
8.52150843e-02
9.08693224e-02
8.85651335e-02
7.93797672e-02
8.12608674e-02
8.30654427e-02
8.23039114e-02
8.80698189e-02
8.19983780e-02
8.10014606e-02
7.87106454e-02
8.38481113e-02
7.79803395e-02
8.14377293e-02
8.12270269e-02
7.67818913e-02
7.67318606e-02
7.46540874e-02
7.55275488e-02
7.59971142e-02
7.82426074e-02
7.87558556e-02
7.74795413e-02
7.91980550e-02
7.70459846e-02
7.59904683e-02
7.76593536e-02
7.07090646e-02
7.29760379e-02
7.34079555e-02
7.58714750e-02
7.55351335e-02
7.30398819e-02
7.31931552e-02
7.12990984e-02
7.22406581e-02
7.14225471e-02
7.63389766e-02
7.90332928e-02
7.71206915e-02
7.11733848e-02
7.59774297e-02
7.46591464e-02
7.41078705e-02
7.38129616e-02
7.59093389e-02
7.32887760e-02
7.06194714e-02
7.51811564e-02
7.27502555e-02
7.09605962e-02
7.33927041e-02
7.14773759e-02
6.99819401e-02
7.10478276e-02
7.62703344e-02
7.15692192e-02
7.10897446e-02
7.50365406e-02
7.75873661e-02
7.09760487e-02
6.95416555e-02
7.16708526e-02
7.38827214e-02
7.36775696e-02
7.14700595e-02
7.11944699e-02
7.30964988e-02
7.16720894e-02
7.49684572e-02
7.04083741e-02
7.27278218e-02
6.87880293e-02
6.96293041e-02
7.28319511e-02
7.98225477e-02
7.69489408e-02
6.81777149e-02
6.79954663e-02
7.06662238e-02
6.76191747e-02
7.28824660e-02
7.17984959e-02
7.39460811e-02
7.12661371e-02
7.44685605e-02
7.60801882e-02
6.79413900e-02
7.21616745e-02
7.03261271e-02
7.17205182e-02
7.50674605e-02
7.12227523e-02
7.27109164e-02
6.92535788e-02
7.31757879e-02
7.13090673e-02
7.13397712e-02
6.81831539e-02
7.16889277e-02
7.73694739e-02
7.10448548e-02
7.11855665e-02
7.38313124e-02
7.43688047e-02
7.26348907e-02
7.01235607e-02
7.27263689e-02
7.47262090e-02
7.03880191e-02
7.51569942e-02
7.14221150e-02
7.00399056e-02
6.88629523e-02
6.61035851e-02
7.20879212e-02
7.09880739e-02
7.04962984e-02
7.30117857e-02
7.02872425e-02
6.87264651e-02
7.08646178e-02
7.65204430e-02
7.18970373e-02
6.91706836e-02
6.70987666e-02
7.15736598e-02
7.60661364e-02
7.52875060e-02
6.94928393e-02
7.32013062e-02
7.09989890e-02
7.17753023e-02
7.98477232e-02
8.26344639e-02
8.49538147e-02
8.37846920e-02
8.73518661e-02
8.78763273e-02
8.81833509e-02
8.97959173e-02
7.60225505e-02
7.53792822e-02
7.48664588e-02
8.00515935e-02
7.36715719e-02
7.16302842e-02
7.32629150e-02
7.44960904e-02
6.82983026e-02
6.97700530e-02
7.42972493e-02
7.22673759e-02
7.24160075e-02
7.25885853e-02
7.34116063e-02
9.06796381e-02
9.40597802e-02
1.11435443e-01
1.01290606e-01
8.25499892e-02
8.42133611e-02
8.12584460e-02
7.60138109e-02
7.82851577e-02
7.60590583e-02
7.66321123e-02
7.62263685e-02
7.84352049e-02
7.83483908e-02
7.59050846e-02
6.77344799e-02
7.38826022e-02
8.01806897e-02
8.22691321e-02
7.89155215e-02
7.33322725e-02
7.50425011e-02
7.32197687e-02
7.25898519e-02
7.59385377e-02
7.89970830e-02
7.88870305e-02
7.65613839e-02
7.82826096e-02
7.29041696e-02
7.73535296e-02
7.69221485e-02
8.68476629e-02
8.34862888e-02
7.79632851e-02
7.44341686e-02
7.10915849e-02
7.62985721e-02
8.81908461e-02
8.59012380e-02
8.23337063e-02
8.01453739e-02
7.21451864e-02
6.87398612e-02
7.59490281e-02
7.44188428e-02
7.43025914e-02
7.13890046e-02
7.67431036e-02
7.76175708e-02
7.87434652e-02
7.87531734e-02
7.69726261e-02
7.99436420e-02
8.40904042e-02
8.50956142e-02
9.15044248e-02
8.28321949e-02
7.60422274e-02
8.09212551e-02
7.88776353e-02
7.05482364e-02
7.13442117e-02
7.67686814e-02
7.80799985e-02
7.38400072e-02
7.69006014e-02
7.43156597e-02
7.85345659e-02
8.33368674e-02
7.27624372e-02
7.66743347e-02
7.95262381e-02
7.67506659e-02
8.62164646e-02
8.28758925e-02
7.82814845e-02
7.55513236e-02
7.71804899e-02
7.27817491e-02
7.48477727e-02
7.44953528e-02
7.48654380e-02
7.47602284e-02
7.22068027e-02
7.55948648e-02
7.73928165e-02
7.41734356e-02
7.72704035e-02
7.92557895e-02
7.75226504e-02
7.77194574e-02
7.68925101e-02
7.78877139e-02
7.85238668e-02
7.62508139e-02
7.24863783e-02
7.15800747e-02
7.49045461e-02
7.48037472e-02
7.74741992e-02
7.47374520e-02
7.63423145e-02
7.77091309e-02
7.24166632e-02
7.63967559e-02
7.71450400e-02
7.48149380e-02
7.98709542e-02
7.59064630e-02
7.73174986e-02
7.76894018e-02
7.60165304e-02
7.63061792e-02
7.96323493e-02
8.00921172e-02
7.69839808e-02
7.93854371e-02
7.60750249e-02
7.55778998e-02
7.52963796e-02
7.81640187e-02
7.88628832e-02
7.68895447e-02
7.84420520e-02
7.78528526e-02
7.60237798e-02
7.45241866e-02
8.03446025e-02
7.50133544e-02
7.60686770e-02
7.72036090e-02
7.55933747e-02
7.62718171e-02
7.46176466e-02
7.60050341e-02
7.65786469e-02
7.42274448e-02
8.01381394e-02
7.81933293e-02
7.55135641e-02
7.95692429e-02
7.87600130e-02
7.99395964e-02
7.70320594e-02
7.72734880e-02
8.20060819e-02
7.40967393e-02
7.64558762e-02
7.80155808e-02
7.79469386e-02
7.86756575e-02
7.53898993e-02
7.50582218e-02
7.36214519e-02
7.79073015e-02
7.92693123e-02
8.09549764e-02
7.76650682e-02
7.61353597e-02
7.82302767e-02
7.52882361e-02
7.50976503e-02
7.49548897e-02
7.68457428e-02
7.57597536e-02
8.05524737e-02
8.30595940e-02
7.70498142e-02
7.87861943e-02
8.13854113e-02
8.08241963e-02
7.57911205e-02
7.53827095e-02
7.72468224e-02
8.29440281e-02
7.64000639e-02
8.03153142e-02
7.84653947e-02
7.87227675e-02
7.84821063e-02
7.43544400e-02
7.93289319e-02
7.77329803e-02
8.07916149e-02
7.81751648e-02
7.73773119e-02
8.12777877e-02
7.87405595e-02
7.85654187e-02
7.86260441e-02
7.90377855e-02
7.92391375e-02
7.85907507e-02
8.24336335e-02
8.11743513e-02
7.87595883e-02
8.24303254e-02
8.13152641e-02
7.97053948e-02
7.83523768e-02
8.13963264e-02
7.71709681e-02
7.75956810e-02
7.63877481e-02
7.89137483e-02
7.77698904e-02
7.59981200e-02
7.78135583e-02
8.20584372e-02
8.26022103e-02
8.12241361e-02
8.38968530e-02
7.75482729e-02
7.41014779e-02
7.73811117e-02
8.12093392e-02
8.13805610e-02
7.83655345e-02
8.17249492e-02
7.85091221e-02
8.01157430e-02
8.07753503e-02
7.80037269e-02
7.97116309e-02
8.00073743e-02
7.92855695e-02
7.90384561e-02
7.89684132e-02
8.05424899e-02
8.33188072e-02
8.70414525e-02
1.01777524e-01
1.19507909e-01
1.27320245e-01
1.16701789e-01
1.07140675e-01
1.24639370e-01
1.00072078e-01
8.13750103e-02
8.19312334e-02
8.18521529e-02
8.42186511e-02
8.11536685e-02
8.27253237e-02
8.10317546e-02
7.52950758e-02
7.96390548e-02
8.18970576e-02
8.44829232e-02
8.23221132e-02
7.73136020e-02
8.36620852e-02
9.66405198e-02
1.27695084e-01
1.32909924e-01
1.40707195e-01
1.12503298e-01
9.67757329e-02
9.01871920e-02
9.22974646e-02
9.26768705e-02
8.45703110e-02
7.61363581e-02
7.88591430e-02
8.14260766e-02
8.08762237e-02
8.21151957e-02
8.30397382e-02
8.52059349e-02
8.62214193e-02
8.98034349e-02
8.89152512e-02
8.29393566e-02
8.18655714e-02
7.78217837e-02
8.14714655e-02
9.93458554e-02
1.17954187e-01
1.21667899e-01
1.06548145e-01
9.35110748e-02
8.01410750e-02
7.94990882e-02
8.12402368e-02
8.50160271e-02
9.14332047e-02
9.49385241e-02
8.44979584e-02
8.42754617e-02
7.92435929e-02
8.76846164e-02
1.13602541e-01
1.27678975e-01
1.37117967e-01
1.11934826e-01
9.41982940e-02
8.40259194e-02
8.26288685e-02
8.38126242e-02
8.15268680e-02
7.76695088e-02
8.50015879e-02
8.75878781e-02
8.81006345e-02
9.13717076e-02
8.64413977e-02
8.39973390e-02
8.69453549e-02
9.99152958e-02
1.13942027e-01
1.18474446e-01
1.01237863e-01
8.56659114e-02
8.26063380e-02
8.18603784e-02
8.54820460e-02
8.60652179e-02
8.23455378e-02
8.29573944e-02
7.96567574e-02
8.47616270e-02
8.66169035e-02
8.63614082e-02
8.91557783e-02
8.86683092e-02
8.40623602e-02
8.59672353e-02
9.04620364e-02
9.22041610e-02
9.58282351e-02
8.89189616e-02
8.03713724e-02
8.46475065e-02
8.16196278e-02
8.12518448e-02
8.27850327e-02
8.47731456e-02
8.37057680e-02
8.25520083e-02
8.31141844e-02
8.58914033e-02
8.06745663e-02
8.24708492e-02
8.46633539e-02
8.41241702e-02
8.48616436e-02
8.25277790e-02
8.29777867e-02
8.42569843e-02
8.58924910e-02
9.95286778e-02
8.95026252e-02
8.25777724e-02
8.43597800e-02
7.84324557e-02
8.22819844e-02
8.11723024e-02
8.13038200e-02
8.16065744e-02
8.23511109e-02
8.20432529e-02
8.42428431e-02
8.67895037e-02
8.32140669e-02
8.36875662e-02
8.86137262e-02
8.40208009e-02
8.56149346e-02
8.51139650e-02
8.87257531e-02
8.44079331e-02
8.89371634e-02
8.76130685e-02
8.86822194e-02
9.38724801e-02
8.91171619e-02
8.94893333e-02
9.37553048e-02
8.65254700e-02
8.15689713e-02
8.14807639e-02
8.10178891e-02
8.16873014e-02
8.58725533e-02
8.77178311e-02
8.22680071e-02
8.14181939e-02
8.30908343e-02
8.65461305e-02
7.97335058e-02
8.36681798e-02
8.49191844e-02
8.37447941e-02
8.43649507e-02
8.04751739e-02
8.43476355e-02
8.50268230e-02
8.36050212e-02
9.86880809e-02
1.11060508e-01
1.01223387e-01
9.49727446e-02
9.02547538e-02
8.85659531e-02
8.87531266e-02
8.56223926e-02
8.58983770e-02
8.29699263e-02
8.57689157e-02
8.39099437e-02
8.38303193e-02
8.41115788e-02
8.37615430e-02
8.59466344e-02
8.73885229e-02
8.48669559e-02
8.30550492e-02
8.64389017e-02
8.87241215e-02
9.02571529e-02
8.64890665e-02
8.24938267e-02
8.42640102e-02
8.12610835e-02
8.14425647e-02
8.80312994e-02
9.42514315e-02
1.01251848e-01
9.29941833e-02
9.09071341e-02
8.96635205e-02
8.70801881e-02
8.63432065e-02
8.78919512e-02
8.64863023e-02
8.26913118e-02
8.63758773e-02
8.55331272e-02
8.46463516e-02
8.75637308e-02
8.98496583e-02
1.13260016e-01
1.31601155e-01
1.23610735e-01
1.29827157e-01
1.21546008e-01
1.24378271e-01
1.19813539e-01
1.08975746e-01
1.15811512e-01
1.05665520e-01
9.86840725e-02
9.42744985e-02
9.27003920e-02
9.41242874e-02
1.02597974e-01
9.51591805e-02
9.29306969e-02
1.00808345e-01
1.12303719e-01
1.12562627e-01
1.07836105e-01
9.15843248e-02
9.23531726e-02
9.16452408e-02
9.25210491e-02
8.94507766e-02
9.43727940e-02
9.09542292e-02
8.46460685e-02
8.60846937e-02
8.30955356e-02
8.89507234e-02
8.90782103e-02
8.98749605e-02
8.75814408e-02
8.73904005e-02
8.71066004e-02
9.02186409e-02
8.83011073e-02
8.71052817e-02
9.05716792e-02
8.75248536e-02
8.57655033e-02
8.59268457e-02
8.68862644e-02
8.63979757e-02
8.63528177e-02
8.73135403e-02
8.77391994e-02
8.68870467e-02
8.67996439e-02
8.90975744e-02
8.97679776e-02
8.95333588e-02
8.40528309e-02
8.43986049e-02
8.88081416e-02
8.72066170e-02
8.63898769e-02
8.71433616e-02
8.37841630e-02
8.59402791e-02
8.94962400e-02
8.92053396e-02
9.77033004e-02
1.21443443e-01
1.32603720e-01
1.23593248e-01
1.24747798e-01
1.37022346e-01
1.12088732e-01
9.72298905e-02
9.39339399e-02
9.22206193e-02
9.14970040e-02
8.76931101e-02
8.55591744e-02
8.69286880e-02
9.31701511e-02
8.90573859e-02
8.46785605e-02
8.59559998e-02
8.95272568e-02
8.96920264e-02
9.12524760e-02
9.94872972e-02
1.48649499e-01
1.59006208e-01
1.57889932e-01
1.17213130e-01
9.61199775e-02
9.40298215e-02
9.69995037e-02
1.05145983e-01
9.72321481e-02
8.93508643e-02
8.69835690e-02
8.77556205e-02
8.64186585e-02
9.08988565e-02
9.00863484e-02
9.12215114e-02
8.96738991e-02
8.94395262e-02
8.79430398e-02
9.43201557e-02
9.11577344e-02
8.92414898e-02
8.82818177e-02
9.19103920e-02
1.06138416e-01
1.24823511e-01
1.29161447e-01
1.22227013e-01
1.00035928e-01
8.74343812e-02
8.65033790e-02
8.64258856e-02
9.43388864e-02
1.01258926e-01
9.69536230e-02
9.21355635e-02
8.89706612e-02
8.82299989e-02
8.79885405e-02
1.11067101e-01
1.41949311e-01
1.47955254e-01
1.38604984e-01
1.05960980e-01
8.93512890e-02
8.73523280e-02
8.71545896e-02
8.62990245e-02
8.53528753e-02
8.50244910e-02
9.27488729e-02
9.35349166e-02
9.58740860e-02
9.79010537e-02
8.79337862e-02
8.71260315e-02
9.68496874e-02
1.37733489e-01
1.61088616e-01
1.56821042e-01
1.18861318e-01
1.10885605e-01
1.12581275e-01
1.02087282e-01
1.01521812e-01
8.88330862e-02
9.62368697e-02
1.04468264e-01
1.06450155e-01
1.09273575e-01
9.60205644e-02
8.87570828e-02
9.53288525e-02
9.80452150e-02
9.87042412e-02
9.66518596e-02
8.87938291e-02
9.46640447e-02
1.01464428e-01
1.23747736e-01
1.08757399e-01
9.01407301e-02
8.62656832e-02
8.79050046e-02
8.53555650e-02
8.71316344e-02
8.66193399e-02
8.77124816e-02
9.01266560e-02
8.87941718e-02
1.30542293e-01
1.73086017e-01
1.88615456e-01
1.60080835e-01
1.25959709e-01
1.16762675e-01
1.12668790e-01
1.12005375e-01
9.01156291e-02
9.14097652e-02
9.64972153e-02
1.02885343e-01
1.08120926e-01
9.72567126e-02
8.90723020e-02
8.59523267e-02
8.85136947e-02
8.32537785e-02
8.54950100e-02
8.90720561e-02
8.96478817e-02
9.89970863e-02
9.42635983e-02
9.39684361e-02
9.06571224e-02
8.80843252e-02
8.83982182e-02
9.14127827e-02
1.24302104e-01
1.42057970e-01
1.57388613e-01
1.27541557e-01
1.12580650e-01
8.74127299e-02
8.46664608e-02
9.03993174e-02
9.22248438e-02
1.01559624e-01
1.13979176e-01
1.07883967e-01
9.63389501e-02
8.79639462e-02
8.79914761e-02
9.83426347e-02
1.40685454e-01
1.60099536e-01
1.64884448e-01
1.33818805e-01
9.73310769e-02
8.57992619e-02
9.11374167e-02
8.97221491e-02
8.89813229e-02
9.05797929e-02
8.98264125e-02
1.01173587e-01
1.15748614e-01
1.25476241e-01
1.02835573e-01
9.39676389e-02
9.38701406e-02
1.15641296e-01
1.67679206e-01
1.99890032e-01
1.64198294e-01
1.03807308e-01
9.19604227e-02
8.61682519e-02
8.67360160e-02
8.99245292e-02
8.74064490e-02
9.04681832e-02
8.92114192e-02
9.02062207e-02
9.06818211e-02
9.29999948e-02
9.51845497e-02
9.65715423e-02
9.51997191e-02
8.69007483e-02
8.91889483e-02
1.06351040e-01
1.09630212e-01
1.06647432e-01
9.71627533e-02
9.21933502e-02
8.48298892e-02
8.80385935e-02
9.00128633e-02
8.85728002e-02
8.84610936e-02
8.56239945e-02
9.09950957e-02
8.71738866e-02
8.45676437e-02
8.93434510e-02
9.01136473e-02
8.83904994e-02
9.14873853e-02
9.35378224e-02
8.99602100e-02
9.17351097e-02
9.41209719e-02
9.10912231e-02
9.14334431e-02
9.62709635e-02
9.23433676e-02
9.01080444e-02
8.90834257e-02
8.82910416e-02
8.46194997e-02
9.03889239e-02
8.98922309e-02
8.60559121e-02
9.05072168e-02
8.91474858e-02
9.07713994e-02
8.87586549e-02
8.83171484e-02
9.37169045e-02
8.86222869e-02
8.91364366e-02
9.17692631e-02
8.88663605e-02
8.88328776e-02
9.30474773e-02
9.29289088e-02
9.09032673e-02
8.85849893e-02
9.11573917e-02
9.22054723e-02
9.19427052e-02
8.91082212e-02
9.21373963e-02
8.92941132e-02
9.22006890e-02
9.02360007e-02
8.82807598e-02
9.25127417e-02
9.13909972e-02
8.97699296e-02
8.61061439e-02
8.79135728e-02
9.12057236e-02
9.08830836e-02
9.21413600e-02
8.78979042e-02
9.09499899e-02
9.01664943e-02
8.99748579e-02
9.19782892e-02
9.26251411e-02
8.97400379e-02
9.30763632e-02
8.84842351e-02
8.60073119e-02
8.91126916e-02
8.90219286e-02
8.84153545e-02
9.03309658e-02
9.00637880e-02
8.73411670e-02
8.97666439e-02
9.03878734e-02
8.71887207e-02
9.17156115e-02
9.06292349e-02
8.96273330e-02
9.28673744e-02
8.99792388e-02
9.09120291e-02
8.92818719e-02
9.08713937e-02
8.91874060e-02
8.84450153e-02
9.05683711e-02
8.71874988e-02
8.43756497e-02
8.91499072e-02
8.91438574e-02
8.94852206e-02
9.16057155e-02
9.05301645e-02
9.60889682e-02
8.99971798e-02
8.93889740e-02
8.96254629e-02
8.88488591e-02
9.18174013e-02
8.88003632e-02
8.63290653e-02
8.80900025e-02
8.81802589e-02
8.93201306e-02
9.01284963e-02
9.28364173e-02
9.47937667e-02
1.02200441e-01
1.10338099e-01
1.24660626e-01
1.21137753e-01
1.19871661e-01
1.30834088e-01
1.49720967e-01
1.30817503e-01
1.12615399e-01
1.21457517e-01
1.46693930e-01
1.57822073e-01
1.52034074e-01
1.18262745e-01
9.79916006e-02
9.36668515e-02
9.85948592e-02
1.06609493e-01
1.02378868e-01
9.30185765e-02
9.17564183e-02
9.08086598e-02
8.83645341e-02
8.71624351e-02
9.09161642e-02
8.96939933e-02
8.78886878e-02
9.28684846e-02
8.97557959e-02
8.95435587e-02
8.86271074e-02
9.08979401e-02
9.75127742e-02
1.44426703e-01
2.51190037e-01
2.75012285e-01
2.64744371e-01
1.65003106e-01
1.33149549e-01
1.28319994e-01
1.31621405e-01
1.16996087e-01
9.14867297e-02
8.79375935e-02
9.80032235e-02
9.90713611e-02
1.02436870e-01
9.20597687e-02
8.89774486e-02
9.10281688e-02
8.74271169e-02
8.84588286e-02
9.71250087e-02
1.00113757e-01
1.10173501e-01
1.12429366e-01
1.01497218e-01
9.59542468e-02
8.94208476e-02
9.29647908e-02
8.89863297e-02
1.01010606e-01
1.81705773e-01
2.27978185e-01
2.14447141e-01
1.63559735e-01
1.07576288e-01
9.20161530e-02
8.82116109e-02
9.28611755e-02
1.01289935e-01
1.25827476e-01
1.18437640e-01
1.08961359e-01
9.78785604e-02
9.05090049e-02
9.16262269e-02
1.03558183e-01
1.91644266e-01
2.46970102e-01
2.10599005e-01
1.92736506e-01
1.13987483e-01
8.78464878e-02
8.74416828e-02
8.52678120e-02
9.05101150e-02
9.22928229e-02
9.35852006e-02
1.02112927e-01
1.10729598e-01
1.22307830e-01
1.07283220e-01
9.60162133e-02
8.98680761e-02
9.21527147e-02
1.45237327e-01
1.72591552e-01
2.01916635e-01
1.64246291e-01
1.10958494e-01
8.80135223e-02
8.76559913e-02
8.72560889e-02
8.98158625e-02
9.80398729e-02
9.96454805e-02
9.24941003e-02
8.68347660e-02
8.80193561e-02
9.10207927e-02
1.07876629e-01
1.10039897e-01
1.01349495e-01
9.08383504e-02
9.04244110e-02
1.06859937e-01
1.37695387e-01
1.40213981e-01
1.22724935e-01
1.00444712e-01
8.73583183e-02
8.82278979e-02
8.88426155e-02
8.87173936e-02
8.54930058e-02
8.39486122e-02
8.70479941e-02
9.02180001e-02
8.59917477e-02
8.44399035e-02
8.64070803e-02
8.52419883e-02
8.60668123e-02
9.46459547e-02
9.60242972e-02
9.01482925e-02
9.20513794e-02
9.18673277e-02
1.04198165e-01
1.08644553e-01
9.97165293e-02
9.31227952e-02
8.73402953e-02
8.96949545e-02
8.61531720e-02
8.68709758e-02
8.78074095e-02
8.43781456e-02
8.83112177e-02
8.53708759e-02
8.60620439e-02
8.61586556e-02
8.88395160e-02
8.72549713e-02
8.42043012e-02
8.62855092e-02
9.05560479e-02
8.95230472e-02
8.55247080e-02
8.93756673e-02
9.33871120e-02
8.85559916e-02
8.90576541e-02
8.79652277e-02
9.01397467e-02
8.62916932e-02
8.79195854e-02
9.13940668e-02
8.73735175e-02
8.73630941e-02
8.91455710e-02
9.18618366e-02
9.40674692e-02
9.09345672e-02
9.35134068e-02
9.97276232e-02
9.84965339e-02
1.04311563e-01
1.15377270e-01
1.10309683e-01
1.05906904e-01
1.09484114e-01
1.06751800e-01
1.00864790e-01
1.02802947e-01
9.93342772e-02
9.38607231e-02
9.22130570e-02
9.06213000e-02
9.61382985e-02
1.03634752e-01
1.08455315e-01
1.11500114e-01
1.12164617e-01
1.10080041e-01
1.01888143e-01
1.12876266e-01
1.14347659e-01
1.02606654e-01
9.96892750e-02
1.08045869e-01
9.86125842e-02
9.98509824e-02
9.41965356e-02
9.31993425e-02
9.35773775e-02
9.19248089e-02
9.03572738e-02
8.82391706e-02
8.80387127e-02
8.88387710e-02
8.75206515e-02
8.73480961e-02
8.95262361e-02
9.32100117e-02
8.98234397e-02
8.92389640e-02
8.80170241e-02
8.88409317e-02
8.83489698e-02
9.41384807e-02
9.00421664e-02
8.70450139e-02
8.60345811e-02
8.67815688e-02
8.56718123e-02
8.94571692e-02
8.93039852e-02
8.62610862e-02
8.68214220e-02
8.73078182e-02
8.65584686e-02
8.65499452e-02
8.98569077e-02
9.09130275e-02
8.70170966e-02
8.51112977e-02
8.78394619e-02
8.78037587e-02
8.82910267e-02
8.81338865e-02
8.92869532e-02
8.64751339e-02
9.75091234e-02
1.20912150e-01
1.72666356e-01
1.60019562e-01
1.57918870e-01
1.59888461e-01
1.95353568e-01
1.54063880e-01
1.37854084e-01
1.33586630e-01
1.93562597e-01
2.27347672e-01
1.71356693e-01
1.35824755e-01
9.51266885e-02
9.03221890e-02
1.02017276e-01
1.13601997e-01
1.08405448e-01
9.82970968e-02
9.11355764e-02
8.67185071e-02
8.61151144e-02
8.69517252e-02
8.47898200e-02
8.50539729e-02
8.84982422e-02
8.87080207e-02
8.85084197e-02
8.88199136e-02
8.71414617e-02
8.76582190e-02
9.16820392e-02
1.40183344e-01
2.77635545e-01
3.94030899e-01
3.13065946e-01
2.63416380e-01
1.52424887e-01
1.46344393e-01
1.72313228e-01
1.33879930e-01
1.11309499e-01
9.01999325e-02
9.11072046e-02
9.45697576e-02
9.97812450e-02
1.06463976e-01
9.43487734e-02
9.11054835e-02
8.89429599e-02
8.70070308e-02
8.62223506e-02
9.34465975e-02
1.20632187e-01
1.53937578e-01
1.25816107e-01
1.01706453e-01
9.28044841e-02
8.83138552e-02
8.74793604e-02
9.01736990e-02
1.48422897e-01
2.32014894e-01
3.05386513e-01
2.07564890e-01
1.72433019e-01
9.85809937e-02
9.05422643e-02
8.40371624e-02
9.24864337e-02
1.19796872e-01
1.46539226e-01
1.48358375e-01
1.17289059e-01
9.78466943e-02
8.48324001e-02
8.73366743e-02
1.04201034e-01
2.28327975e-01
2.84834743e-01
3.13820571e-01
2.26882353e-01
1.40830010e-01
8.71277228e-02
8.74087512e-02
9.01833400e-02
8.92872140e-02
8.70708078e-02
8.92662778e-02
9.59105566e-02
1.27148852e-01
1.44775450e-01
1.43570065e-01
1.04788519e-01
8.83727446e-02
8.87813047e-02
1.17163107e-01
2.24460185e-01
2.59987950e-01
2.41070703e-01
1.66826814e-01
1.00948982e-01
8.81921574e-02
8.78489912e-02
8.79403502e-02
8.97920132e-02
8.87251869e-02
8.72122273e-02
8.81285965e-02
8.70007128e-02
8.92008096e-02
9.54854339e-02
1.15842178e-01
1.32609487e-01
1.04743414e-01
9.57030207e-02
9.78439078e-02
1.10875547e-01
1.41070828e-01
1.71516299e-01
1.67897284e-01
