2.61841154e+00
2.57053447e+00
2.61485934e+00
2.61028409e+00
2.59852791e+00
2.68624091e+00
2.64987898e+00
2.68616700e+00
2.66728950e+00
2.65638590e+00
2.67522883e+00
2.76161098e+00
2.71167874e+00
2.73921323e+00
2.78813076e+00
2.68657064e+00
2.70048022e+00
2.78078580e+00
2.73484778e+00
2.77756238e+00
2.74067187e+00
2.72434592e+00
2.74248290e+00
2.71776938e+00
2.74401212e+00
2.71350312e+00
2.67147374e+00
2.70239544e+00
2.69816852e+00
2.68054485e+00
2.64398837e+00
2.64324784e+00
2.61207080e+00
2.60647297e+00
2.64181209e+00
2.59681463e+00
2.61399460e+00
2.57850528e+00
2.55774403e+00
2.54211879e+00
2.47176957e+00
2.48024249e+00
2.43942046e+00
2.41311693e+00
2.46574736e+00
2.40717602e+00
2.39847159e+00
2.51843715e+00
2.49439383e+00
2.51616812e+00
2.59932470e+00
2.58295369e+00
2.58143830e+00
2.63099027e+00
2.67450309e+00
2.67429996e+00
2.66561198e+00
2.69408345e+00
2.68557143e+00
2.71485615e+00
2.72635913e+00
2.70581174e+00
2.72933865e+00
2.72864437e+00
2.72823763e+00
2.71611190e+00
2.75413966e+00
2.68007946e+00
2.66801262e+00
2.71146250e+00
2.70449209e+00
2.71599865e+00
2.66394734e+00
2.66064525e+00
2.72705722e+00
2.67387533e+00
2.66876698e+00
2.69881868e+00
2.68627167e+00
2.68031597e+00
2.64074731e+00
2.65143275e+00
2.61753392e+00
2.58852911e+00
2.60328531e+00
2.59237480e+00
2.56149268e+00
2.52347136e+00
2.50944233e+00
2.45428276e+00
2.46670437e+00
2.44384408e+00
2.38388443e+00
2.37898660e+00
2.32020068e+00
2.32254505e+00
2.29711843e+00
2.29099202e+00
2.21202779e+00
2.18765950e+00
2.15584731e+00
2.09240651e+00
2.09441090e+00
2.10661507e+00
2.05038929e+00
2.05990601e+00
2.09557390e+00
2.14311743e+00
2.17769361e+00
2.15370417e+00
2.19841599e+00
2.26592517e+00
2.24996281e+00
2.35556126e+00
2.38085723e+00
2.36642981e+00
2.48657036e+00
2.45635748e+00
2.43836641e+00
2.49089122e+00
2.52448082e+00
2.53248358e+00
2.54582453e+00
2.58665180e+00
2.59806180e+00
2.60724998e+00
2.67048979e+00
2.68130326e+00
2.68403411e+00
2.74733877e+00
2.74186444e+00
2.72994518e+00
2.71618199e+00
2.68655467e+00
2.73902440e+00
2.76271677e+00
2.76379108e+00
2.76817322e+00
2.77342343e+00
2.75050044e+00
2.77706170e+00
2.79092336e+00
2.80753851e+00
2.78507710e+00
2.75167513e+00
2.79711914e+00
2.78382945e+00
2.77873397e+00
2.75374389e+00
2.74733424e+00
2.78031731e+00
2.74411368e+00
2.68140650e+00
2.67604971e+00
2.67073560e+00
2.69501877e+00
2.73582077e+00
2.72772765e+00
2.71887112e+00
2.70399928e+00
2.66043591e+00
2.68277001e+00
2.67923093e+00
2.61768961e+00
2.62864661e+00
2.61399817e+00
2.56796885e+00
2.57806492e+00
2.55651712e+00
2.50017309e+00
2.46573544e+00
2.46035528e+00
2.44988942e+00
2.43705893e+00
2.41906428e+00
2.37979865e+00
2.38891220e+00
2.33859253e+00
2.30292344e+00
2.25823832e+00
2.21662879e+00
2.20781779e+00
2.16255403e+00
2.11713481e+00
2.06557560e+00
2.04498982e+00
1.99400079e+00
1.93421066e+00
1.91852355e+00
1.86666787e+00
1.77505815e+00
1.73965776e+00
1.66403127e+00
1.63180459e+00
1.65670156e+00
1.69938052e+00
1.74222648e+00
1.81328022e+00
1.83339226e+00
1.86835468e+00
1.95639205e+00
2.01058149e+00
2.01952100e+00
2.09075475e+00
2.12052751e+00
2.10557103e+00
2.14987612e+00
2.20524192e+00
2.22350430e+00
2.25255871e+00
2.27823329e+00
2.35740566e+00
2.37170792e+00
2.40536380e+00
2.42871404e+00
2.43358302e+00
2.45768738e+00
2.49324131e+00
2.50921655e+00
2.54987931e+00
2.59647322e+00
2.57138753e+00
2.59144616e+00
2.60861969e+00
2.60312700e+00
2.67251253e+00
2.67186737e+00
2.66883874e+00
2.71956944e+00
2.75630951e+00
2.74488306e+00
2.78047419e+00
2.76647425e+00
2.77849150e+00
2.77170086e+00
2.77342892e+00
2.78541017e+00
2.78643012e+00
2.82185745e+00
2.81090450e+00
2.86531544e+00
2.89174175e+00
2.82740736e+00
2.85568881e+00
2.83841944e+00
2.81515574e+00
2.83281422e+00
2.88025117e+00
2.86046219e+00
2.85034227e+00
2.87884641e+00
2.89602447e+00
2.89595938e+00
2.89622641e+00
2.89907074e+00
2.87223172e+00
2.88471603e+00
2.93614960e+00
2.92910337e+00
2.88989687e+00
2.93364143e+00
2.94086671e+00
2.91894841e+00
2.91978502e+00
2.90581274e+00
2.90997171e+00
2.90343118e+00
2.91858411e+00
2.90636516e+00
2.89020276e+00
2.88796377e+00
2.90732908e+00
2.90065050e+00
2.86824059e+00
2.85636735e+00
2.82352805e+00
2.86085606e+00
2.85459352e+00
2.85850978e+00
2.87893939e+00
2.85179830e+00
2.82987666e+00
2.78865147e+00
2.80869341e+00
2.80984926e+00
2.80234051e+00
2.80216646e+00
2.79642844e+00
2.74986219e+00
2.73368216e+00
2.74118614e+00
2.71882463e+00
2.69746375e+00
2.69846272e+00
2.68296385e+00
2.66428423e+00
2.63286090e+00
2.64076734e+00
2.62959957e+00
2.59045482e+00
2.59056211e+00
2.55742002e+00
2.53681350e+00
2.51800156e+00
2.48306346e+00
2.47361827e+00
2.43029451e+00
2.40036464e+00
2.39881063e+00
2.39894700e+00
2.33569884e+00
2.30426908e+00
2.28450394e+00
2.24462318e+00
2.19567847e+00
2.17105007e+00
2.15406179e+00
2.15710950e+00
2.13710237e+00
2.07413387e+00
2.05807281e+00
2.01275706e+00
1.97931063e+00
1.94673920e+00
1.89463270e+00
1.86906672e+00
1.82122779e+00
1.77945709e+00
1.71563113e+00
1.68048418e+00
1.63910699e+00
1.59260821e+00
1.51679242e+00
1.46248674e+00
1.40017462e+00
1.36585689e+00
1.36341655e+00
1.41951609e+00
1.48065221e+00
1.55452228e+00
1.60845220e+00
1.66024983e+00
1.70067549e+00
1.73016763e+00
1.77175617e+00
1.83758056e+00
1.87143266e+00
1.85596573e+00
1.93351102e+00
1.99702013e+00
1.99159157e+00
2.06389356e+00
2.06342363e+00
2.07030630e+00
2.14320803e+00
2.14785743e+00
2.16068983e+00
2.18254304e+00
2.20856452e+00
2.25583601e+00
2.24354386e+00
2.27636337e+00
2.31224108e+00
2.31117797e+00
2.33686566e+00
2.37036037e+00
2.40210867e+00
2.41202545e+00
2.44303012e+00
2.44325757e+00
2.41826963e+00
2.46959639e+00
2.48640156e+00
2.49455976e+00
2.53078222e+00
2.51946640e+00
2.54596567e+00
2.57049751e+00
2.56910062e+00
2.58753419e+00
2.63564014e+00
2.61075020e+00
2.59525037e+00
2.65816236e+00
2.64834905e+00
2.65836906e+00
2.65008211e+00
2.65138721e+00
2.69839668e+00
2.69794583e+00
2.70872474e+00
2.71451569e+00
2.70722628e+00
2.73219943e+00
2.76827216e+00
2.76082873e+00
2.75139499e+00
2.76179504e+00
2.74445605e+00
2.73721743e+00
2.75962663e+00
2.80295110e+00
2.78418446e+00
2.78333044e+00
2.78674817e+00
2.77941275e+00
2.78454304e+00
2.82118845e+00
2.80758619e+00
2.81399274e+00
2.84235311e+00
2.84844017e+00
2.83681774e+00
2.81489444e+00
2.82885337e+00
2.84653187e+00
2.82535839e+00
2.83508801e+00
2.85140038e+00
2.85285044e+00
2.82129145e+00
2.82273555e+00
2.83318663e+00
2.81482577e+00
2.81537962e+00
2.82197738e+00
2.80873799e+00
2.82444572e+00
2.83253241e+00
2.85506654e+00
2.83234000e+00
2.81610489e+00
2.82353020e+00
2.82931519e+00
2.80816555e+00
2.82427549e+00
2.83622360e+00
2.84186673e+00
2.83566475e+00
2.83036399e+00
2.83589625e+00
2.84342837e+00
2.82143259e+00
2.82791209e+00
2.84293318e+00
2.83094811e+00
2.83360863e+00
2.85352182e+00
2.83470726e+00
2.83727574e+00
2.82435966e+00
2.81414890e+00
2.80924058e+00
2.83654046e+00
2.85473418e+00
2.84002566e+00
2.82307315e+00
2.81469750e+00
2.80901837e+00
2.83627176e+00
2.81194210e+00
2.78882170e+00
2.81791186e+00
2.80970407e+00
2.79915500e+00
2.82418489e+00
2.79627919e+00
2.77135539e+00
2.78890610e+00
2.78663039e+00
2.78750420e+00
2.78962660e+00
2.80882382e+00
2.80811477e+00
2.78018141e+00
2.79356360e+00
2.78116131e+00
2.75798512e+00
2.75096369e+00
2.76653647e+00
2.76744533e+00
2.76843882e+00
2.75621605e+00
2.71734238e+00
2.73017263e+00
2.74022722e+00
2.72450948e+00
2.76613402e+00
2.71675611e+00
2.72476745e+00
2.72954965e+00
2.70319223e+00
2.71944737e+00
2.73522568e+00
2.70404029e+00
2.71269774e+00
2.69415331e+00
2.70156789e+00
2.70382905e+00
2.67898774e+00
2.67716861e+00
2.70329475e+00
2.67197967e+00
2.64022350e+00
2.66822600e+00
2.65210629e+00
2.63577986e+00
2.63325548e+00
2.62377000e+00
2.62334871e+00
2.60936403e+00
2.59332418e+00
2.60797548e+00
2.57533717e+00
2.56548119e+00
2.55948901e+00
2.57262444e+00
2.56758046e+00
2.55220079e+00
2.56335759e+00
2.53896999e+00
2.54273963e+00
2.53245306e+00
2.51120782e+00
2.50948977e+00
2.50883317e+00
2.49183750e+00
2.46819139e+00
2.47107983e+00
2.48551321e+00
2.47428179e+00
2.45696068e+00
2.42563581e+00
2.39318156e+00
2.40764165e+00
2.40758324e+00
2.38955116e+00
2.36316895e+00
2.34863329e+00
2.33619976e+00
2.32165408e+00
2.30521059e+00
2.29161406e+00
2.27407980e+00
2.27008486e+00
2.25376701e+00
2.22425365e+00
2.21851325e+00
2.20599484e+00
2.17625117e+00
2.17283940e+00
2.15043330e+00
2.11695194e+00
2.09553409e+00
2.08892632e+00
2.04594898e+00
2.03314400e+00
2.02430940e+00
1.99377489e+00
1.98820782e+00
1.95079172e+00
1.90702653e+00
1.89724576e+00
1.87226391e+00
1.82441580e+00
1.81028044e+00
1.78282416e+00
1.75171554e+00
1.72842658e+00
1.68665946e+00
1.63058305e+00
1.59227633e+00
1.56883824e+00
1.53664231e+00
1.48945439e+00
1.43915153e+00
1.41996729e+00
1.35301840e+00
1.27766728e+00
1.21431887e+00
1.14809310e+00
1.11863637e+00
1.16460490e+00
1.21184325e+00
1.29404557e+00
1.36030388e+00
1.40370202e+00
1.42564380e+00
1.45765734e+00
1.53775251e+00
1.57733655e+00
1.58994448e+00
1.62685049e+00
1.66598153e+00
1.67272127e+00
1.72225773e+00
1.76937354e+00
1.80071223e+00
1.80355728e+00
1.80279195e+00
1.83936334e+00
1.86559737e+00
1.89192641e+00
1.91408491e+00
1.92287362e+00
1.93784797e+00
1.97553170e+00
1.98451185e+00
2.01105428e+00
2.04605699e+00
2.03357816e+00
2.05776596e+00
2.07636356e+00
2.09444404e+00
2.13176012e+00
2.12358642e+00
2.14581847e+00
2.17464781e+00
2.17832851e+00
2.20547271e+00
2.21162963e+00
2.22225189e+00
2.20591760e+00
2.22026920e+00
2.24088216e+00
2.25296450e+00
2.27418113e+00
2.26888871e+00
2.26893592e+00
2.28384709e+00
2.30297422e+00
2.29121709e+00
2.31327581e+00
2.30787659e+00
2.30397177e+00
2.29877162e+00
2.33644915e+00
2.36151361e+00
2.32998610e+00
2.34459186e+00
2.36825371e+00
2.35417724e+00
2.37064266e+00
2.36034942e+00
2.36484838e+00
2.38582134e+00
2.38995957e+00
2.38792539e+00
2.38759565e+00
2.38141918e+00
2.40618277e+00
2.40350199e+00
2.41368079e+00
2.40136433e+00
2.40953565e+00
2.41985345e+00
2.40961862e+00
2.42916322e+00
2.43517232e+00
2.43799424e+00
2.42093158e+00
2.43905878e+00
2.44473290e+00
2.43645096e+00
2.43432331e+00
2.44951749e+00
2.44467163e+00
2.44758439e+00
2.44913483e+00
2.44875240e+00
2.45187068e+00
2.44659162e+00
2.44755816e+00
2.44730377e+00
2.45569682e+00
2.45991135e+00
2.44367623e+00
2.44410777e+00
2.45856500e+00
2.43675160e+00
2.44615269e+00
2.45683956e+00
2.44622302e+00
2.44333768e+00
2.43486357e+00
2.43088913e+00
2.43922997e+00
2.43409777e+00
2.43239069e+00
2.43809819e+00
2.43301630e+00
2.44621253e+00
2.44265747e+00
2.43266797e+00
2.43620133e+00
2.43328094e+00
2.45189190e+00
2.46403527e+00
2.44585872e+00
2.45375061e+00
2.46619797e+00
2.47753024e+00
2.44130754e+00
2.47054815e+00
2.46884346e+00
2.44264317e+00
2.45769477e+00
2.45342255e+00
2.45757484e+00
2.45450592e+00
2.43787980e+00
2.44347548e+00
2.44353795e+00
2.43901825e+00
2.46507907e+00
2.45453644e+00
2.45173740e+00
2.44842696e+00
2.44606256e+00
2.45531511e+00
2.44334698e+00
2.46265531e+00
2.44721770e+00
2.44576454e+00
2.45535827e+00
2.46062565e+00
2.46868587e+00
2.43093252e+00
2.43920469e+00
2.44350505e+00
2.45271683e+00
2.44335485e+00
2.42207527e+00
2.43020678e+00
2.42812157e+00
2.43305039e+00
2.44155073e+00
2.42861986e+00
2.43264651e+00
2.40441775e+00
2.42543793e+00
2.41143990e+00
2.39991951e+00
2.43057871e+00
2.41583705e+00
2.42367578e+00
2.41424227e+00
2.39502549e+00
2.40172267e+00
2.43499804e+00
2.42114067e+00
2.42042851e+00
2.39883804e+00
2.38952279e+00
2.42118597e+00
2.42334938e+00
2.41435838e+00
2.40181422e+00
2.42603993e+00
2.42132640e+00
2.40793133e+00
2.42595816e+00
2.42302680e+00
2.40769863e+00
2.41839504e+00
2.41872644e+00
2.41141343e+00
2.42406797e+00
2.41842556e+00
2.40514088e+00
2.39917707e+00
2.39170885e+00
2.39801526e+00
2.39750218e+00
2.37796044e+00
2.37004638e+00
2.38650513e+00
2.38373661e+00
2.37801433e+00
2.37169194e+00
2.37397265e+00
2.39009643e+00
2.37786722e+00
2.38787508e+00
2.39116073e+00
2.36757898e+00
2.40377283e+00
2.37441444e+00
2.39163208e+00
2.39288998e+00
2.38478351e+00
2.37913823e+00
2.37877226e+00
2.38601279e+00
2.37340903e+00
2.36609030e+00
2.36566448e+00
2.35599518e+00
2.34187245e+00
2.34240937e+00
2.34312868e+00
2.34545350e+00
2.34959364e+00
2.35027814e+00
2.32476854e+00
2.31805086e+00
2.34731841e+00
2.32746744e+00
2.33647323e+00
2.34167528e+00
2.32595778e+00
2.34618115e+00
2.32890630e+00
2.32805705e+00
2.32002568e+00
2.30455899e+00
2.32604527e+00
2.33362508e+00
2.31988478e+00
2.31547952e+00
2.32271051e+00
2.32429433e+00
2.32534385e+00
2.33909631e+00
2.32596469e+00
2.32005167e+00
2.31725335e+00
2.29711056e+00
2.32913351e+00
2.31230307e+00
2.28973866e+00
2.29793429e+00
2.30470562e+00
2.31189442e+00
2.30746269e+00
2.28770685e+00
2.28565431e+00
2.28340387e+00
2.29794693e+00
2.29323506e+00
2.29658604e+00
2.28844523e+00
2.28143263e+00
2.28842187e+00
2.26620436e+00
2.27610087e+00
2.28492737e+00
2.27653241e+00
2.27060223e+00
2.26168585e+00
2.27071786e+00
2.27352357e+00
2.27547312e+00
2.27514672e+00
2.26591587e+00
2.27567577e+00
2.27004242e+00
2.26747370e+00
2.25360990e+00
2.26125073e+00
2.25315022e+00
2.24409103e+00
2.24398136e+00
2.24522424e+00
2.25067186e+00
2.25262189e+00
2.26052475e+00
2.23882413e+00
2.24562955e+00
2.22843075e+00
2.24420190e+00
2.26547599e+00
2.24773502e+00
2.24135423e+00
2.24527526e+00
2.24645829e+00
2.22723246e+00
2.22963071e+00
2.23435545e+00
2.23427749e+00
2.22635126e+00
2.24758673e+00
2.23705149e+00
2.22898936e+00
2.23593402e+00
2.22694707e+00
2.22693610e+00
2.22134328e+00
2.23460674e+00
2.20493197e+00
2.22736478e+00
2.24796438e+00
2.23065209e+00
2.22542500e+00
2.24567676e+00
2.22455025e+00
2.21579099e+00
2.22558475e+00
2.21775794e+00
2.21519732e+00
2.23312712e+00
2.22412634e+00
2.19636369e+00
2.20559144e+00
2.20035887e+00
2.20717669e+00
2.19106698e+00
2.18529105e+00
2.19444013e+00
2.19057536e+00
2.18231916e+00
2.19013548e+00
2.18373275e+00
2.17351580e+00
2.19373965e+00
2.18787646e+00
2.17691422e+00
2.17348719e+00
2.14796734e+00
2.16400337e+00
2.17765665e+00
2.17753768e+00
2.17583871e+00
2.16954970e+00
2.17868090e+00
2.18279338e+00
2.17869854e+00
2.16468000e+00
2.16050076e+00
2.16670990e+00
2.18153787e+00
2.16465616e+00
2.16084480e+00
2.14994478e+00
2.12811542e+00
2.14750838e+00
2.14508224e+00
2.13098764e+00
2.13850141e+00
2.12672329e+00
2.13636851e+00
2.12042046e+00
2.11973453e+00
2.13599515e+00
2.11144614e+00
2.10592079e+00
2.11635900e+00
2.10786533e+00
2.10260558e+00
2.10676050e+00
2.10908461e+00
2.10639477e+00
2.09759569e+00
2.09384656e+00
2.11712790e+00
2.10130119e+00
2.08710003e+00
2.08320880e+00
2.09061027e+00
2.08873343e+00
2.08734131e+00
2.07933235e+00
2.08231091e+00
2.07977962e+00
2.06722474e+00
2.05094481e+00
2.07397223e+00
2.08137774e+00
2.05416560e+00
2.05328441e+00
2.04620862e+00
2.05525732e+00
2.06185555e+00
2.04317212e+00
2.05549788e+00
2.04161477e+00
2.03686213e+00
2.04570007e+00
2.03334165e+00
2.03253555e+00
2.03033280e+00
2.03129864e+00
2.01794553e+00
2.02088189e+00
2.00986457e+00
2.02265739e+00
2.00250316e+00
1.99762797e+00
2.00708079e+00
2.01814461e+00
1.99963212e+00
1.98307669e+00
1.98446870e+00
1.99053001e+00
1.99645281e+00
1.97747326e+00
1.96338463e+00
1.95614707e+00
1.95559132e+00
1.93899012e+00
1.95440388e+00
1.93955028e+00
1.94687712e+00
1.94903028e+00
1.93766928e+00
1.93620563e+00
1.91841125e+00
1.91664004e+00
1.89232779e+00
1.89005649e+00
1.90871143e+00
1.90474939e+00
1.88680398e+00
1.89285457e+00
1.87917364e+00
1.87149858e+00
1.85603476e+00
1.85736561e+00
1.86535633e+00
1.83745766e+00
1.84369171e+00
1.84559548e+00
1.82669127e+00
1.81041074e+00
1.81166708e+00
1.81591761e+00
1.79933667e+00
1.78473234e+00
1.77088010e+00
1.78235972e+00
1.76295888e+00
1.75049937e+00
1.73618472e+00
1.72998726e+00
1.71690226e+00
1.69943273e+00
1.69769001e+00
1.70148087e+00
1.66113353e+00
1.64907014e+00
1.65790713e+00
1.64512622e+00
1.63704264e+00
1.61522281e+00
1.61119974e+00
1.60092402e+00
1.56110096e+00
1.55662107e+00
1.56600320e+00
1.53811705e+00
1.53371501e+00
1.50819445e+00
1.48038304e+00
1.47354031e+00
1.44736898e+00
1.43288565e+00
1.42278099e+00
1.39367318e+00
1.36680448e+00
1.33911180e+00
1.32787442e+00
1.29938734e+00
1.28159237e+00
1.27454972e+00
1.25794637e+00
1.21679938e+00
1.18299329e+00
1.15864778e+00
1.11545682e+00
1.06679142e+00
1.01655579e+00
9.67672765e-01
9.20637310e-01
9.14346039e-01
9.32427704e-01
9.52786326e-01
1.01520669e+00
1.06335306e+00
1.10192454e+00
1.13864636e+00
1.16316235e+00
1.19736552e+00
1.22320974e+00
1.23942614e+00
1.26315331e+00
1.29278100e+00
1.31377912e+00
1.33348501e+00
1.35699868e+00
1.36942995e+00
1.37758708e+00
1.39951837e+00
1.42409122e+00
1.43121147e+00
1.44472134e+00
1.46044052e+00
1.48469412e+00
1.50167274e+00
1.50130486e+00
1.51363850e+00
1.53984177e+00
1.54530835e+00
1.56048059e+00
1.56581891e+00
1.59233117e+00
1.58937824e+00
1.58918583e+00
1.59660518e+00
1.60878313e+00
1.61055803e+00
1.61848295e+00
1.63553095e+00
1.65889990e+00
1.65926695e+00
1.65482414e+00
1.65885818e+00
1.68560970e+00
1.68225408e+00
1.68087959e+00
1.68226624e+00
1.69411123e+00
1.70152628e+00
1.71671653e+00
1.71385062e+00
1.71549916e+00
1.71303689e+00
1.71995533e+00
1.72529495e+00
1.72700715e+00
1.73463142e+00
1.74046218e+00
1.75254631e+00
1.76938593e+00
1.76014483e+00
1.76349425e+00
1.77451742e+00
1.76894760e+00
1.77510428e+00
1.77045465e+00
1.77765763e+00
1.78780234e+00
1.77770424e+00
1.78892422e+00
1.79149413e+00
1.77862251e+00
1.78594291e+00
1.80802059e+00
1.77654493e+00
1.78685033e+00
1.79223418e+00
1.77826023e+00
1.79060233e+00
1.79712069e+00
1.79905045e+00
1.79934990e+00
1.79393661e+00
1.79438782e+00
1.79981697e+00
1.79506862e+00
1.80002606e+00
1.79842424e+00
1.79030418e+00
1.79254246e+00
1.80458617e+00
1.78559232e+00
1.79375374e+00
1.80223072e+00
1.80452669e+00
1.80013275e+00
1.80219793e+00
1.80666113e+00
1.79971778e+00
1.79889560e+00
1.80195749e+00
1.81399024e+00
1.79326379e+00
1.79251671e+00
1.81709385e+00
1.81540680e+00
1.79711139e+00
1.80590546e+00
1.81127751e+00
1.80550158e+00
1.81139445e+00
1.81218755e+00
1.80430615e+00
1.81147397e+00
1.80394065e+00
1.80402374e+00
1.81527591e+00
1.81089509e+00
1.80739653e+00
1.82256508e+00
1.80188346e+00
1.79497731e+00
1.80312133e+00
1.79939687e+00
1.79978609e+00
1.80879223e+00
1.80384922e+00
1.79844916e+00
1.80711305e+00
1.79915261e+00
1.78868353e+00
1.80338252e+00
1.80024552e+00
1.80970120e+00
1.79539359e+00
1.78920257e+00
1.80338490e+00
1.81285715e+00
1.80405009e+00
1.79655623e+00
1.80274713e+00
1.80461323e+00
1.79727566e+00
1.79889381e+00
1.80104172e+00
1.80288172e+00
1.80754340e+00
1.79050076e+00
1.79098701e+00
1.82153833e+00
1.81281841e+00
1.79023135e+00
1.79526043e+00
1.79052508e+00
1.78991961e+00
1.78971887e+00
1.79626930e+00
1.79287541e+00
1.79215503e+00
1.78684151e+00
1.79521918e+00
1.77509570e+00
1.79229593e+00
1.78324461e+00
1.78345537e+00
1.78107250e+00
1.77977180e+00
1.77561450e+00
1.78478587e+00
1.78320372e+00
1.77604318e+00
1.78188956e+00
1.78746045e+00
1.77172995e+00
1.77219510e+00
1.78378737e+00
1.77914870e+00
1.76841879e+00
1.76921344e+00
1.75400519e+00
1.75204253e+00
1.76913130e+00
1.77144837e+00
1.77033103e+00
1.77343333e+00
1.77433562e+00
1.76065147e+00
1.76791632e+00
1.78336513e+00
1.76439559e+00
1.75802433e+00
1.76533723e+00
1.76904905e+00
1.77018774e+00
1.77289629e+00
1.75856256e+00
1.75572062e+00
1.75743806e+00
1.75895202e+00
1.75299919e+00
1.74777412e+00
1.76124859e+00
1.73205042e+00
1.74055386e+00
1.74955809e+00
1.74172521e+00
1.75187051e+00
1.74512994e+00
1.74728572e+00
1.75918126e+00
1.74213755e+00
1.74430609e+00
1.74645758e+00
1.74082851e+00
1.72998679e+00
1.74090874e+00
1.74023223e+00
1.73910904e+00
1.74614787e+00
1.72905374e+00
1.73138535e+00
1.74307323e+00
1.73154926e+00
1.72089386e+00
1.71733069e+00
1.71776891e+00
1.72978079e+00
1.72228932e+00
1.71734095e+00
1.72066939e+00
1.72359455e+00
1.73074245e+00
1.73066008e+00
1.72316086e+00
1.72873747e+00
1.72327077e+00
1.72128093e+00
1.72898591e+00
1.72283161e+00
1.72312856e+00
1.72001410e+00
1.71459222e+00
1.71942198e+00
1.71479166e+00
1.70640111e+00
1.71079838e+00
1.71011591e+00
1.69336951e+00
1.70265520e+00
1.71674073e+00
1.68910933e+00
1.69818580e+00
1.70314586e+00
1.70060194e+00
1.69785166e+00
1.69378960e+00
1.68740094e+00
1.68528593e+00
1.70682895e+00
1.70996213e+00
1.69016731e+00
1.69716167e+00
1.69985497e+00
1.67920637e+00
1.67609560e+00
1.68738735e+00
1.68610036e+00
1.67182600e+00
1.67104781e+00
1.67228580e+00
1.65528786e+00
1.66240191e+00
1.66562080e+00
1.66720665e+00
1.66036713e+00
1.66017735e+00
1.65456414e+00
1.65386796e+00
1.66458595e+00
1.65929449e+00
1.65880334e+00
1.64954841e+00
1.65682936e+00
1.64923680e+00
1.65398002e+00
1.64794445e+00
1.65193594e+00
1.66346991e+00
1.65027738e+00
1.65499520e+00
1.65782869e+00
1.65183675e+00
1.65132725e+00
1.65774930e+00
1.65625370e+00
1.65771472e+00
1.65597808e+00
1.65799916e+00
1.64709830e+00
1.63685501e+00
1.65020370e+00
1.65265131e+00
1.64275181e+00
1.65132976e+00
1.66672921e+00
1.64857125e+00
1.63802373e+00
1.63084495e+00
1.64409292e+00
1.64415085e+00
1.64644909e+00
1.63584673e+00
1.62881982e+00
1.64817262e+00
1.63409519e+00
1.62552512e+00
1.63547635e+00
1.62836134e+00
1.63282716e+00
1.63660300e+00
1.63458347e+00
1.63557959e+00
1.63568950e+00
1.62618899e+00
1.62859166e+00
1.61319053e+00
1.61423683e+00
1.62851763e+00
1.60957789e+00
1.60367978e+00
1.60526621e+00
1.60819852e+00
1.61437404e+00
1.61104584e+00
1.60452867e+00
1.61314917e+00
1.61801720e+00
1.61160123e+00
1.59322166e+00
1.59910893e+00
1.60093951e+00
1.58743215e+00
1.58674300e+00
1.59949243e+00
1.61116290e+00
1.60202038e+00
1.59227288e+00
1.61215901e+00
1.60704529e+00
1.58023834e+00
1.59410846e+00
1.59919631e+00
1.59559906e+00
1.60711479e+00
1.59324801e+00
1.59782600e+00
1.59569931e+00
1.60006487e+00
1.58982253e+00
1.58447409e+00
1.58785927e+00
1.58365417e+00
1.58696520e+00
1.58129919e+00
1.58178473e+00
1.56584382e+00
1.57030070e+00
1.56388831e+00
1.57390702e+00
1.56769896e+00
1.57426834e+00
1.56662464e+00
1.56984174e+00
1.56846547e+00
1.56780863e+00
1.56018484e+00
1.56119740e+00
1.57128537e+00
1.56249475e+00
1.56677997e+00
1.56225383e+00
1.56225705e+00
1.55624509e+00
1.56309974e+00
1.56155539e+00
1.55171490e+00
1.55096591e+00
1.53872299e+00
1.56180298e+00
1.56634927e+00
1.55210495e+00
1.56497812e+00
1.55692899e+00
1.55124569e+00
1.54932904e+00
1.54773843e+00
1.54385698e+00
1.53546977e+00
1.53855264e+00
1.52877212e+00
1.52734470e+00
1.53288817e+00
1.53326440e+00
1.53338265e+00
1.52333295e+00
1.52475846e+00
1.53241038e+00
1.52608788e+00
1.52423918e+00
1.51864219e+00
1.53409302e+00
1.51552105e+00
1.50874460e+00
1.52539265e+00
1.52066898e+00
1.53161883e+00
1.53590024e+00
1.52722347e+00
1.52687073e+00
1.52815926e+00
1.53131735e+00
1.52949035e+00
1.51734138e+00
1.51207948e+00
1.52350116e+00
1.52224445e+00
1.51788163e+00
1.51959264e+00
1.52634966e+00
1.51283216e+00
1.51601696e+00
1.51848888e+00
1.50582159e+00
1.50934744e+00
1.51545084e+00
1.50783396e+00
1.51459265e+00
1.50466847e+00
1.49955499e+00
1.49816883e+00
1.49570227e+00
1.50511491e+00
1.50594354e+00
1.49919546e+00
1.49674702e+00
1.50221217e+00
1.49244428e+00
1.50678813e+00
1.51441348e+00
1.50315428e+00
1.48806751e+00
1.48848224e+00
1.50224650e+00
1.49589324e+00
1.47987485e+00
1.48488891e+00
1.48353791e+00
1.48448884e+00
1.48522532e+00
1.48524845e+00
1.48629785e+00
1.48077130e+00
1.49154806e+00
1.48263931e+00
1.47877526e+00
1.47417784e+00
1.47125304e+00
1.48125052e+00
1.47376978e+00
1.46446586e+00
1.47341108e+00
1.48727298e+00
1.47648358e+00
1.46519530e+00
1.46954572e+00
1.47330904e+00
1.47372675e+00
1.46474349e+00
1.46642327e+00
1.47044075e+00
1.47148550e+00
1.45326900e+00
1.46821606e+00
1.46607339e+00
1.46511197e+00
1.46957028e+00
1.45823383e+00
1.45853412e+00
1.45505059e+00
1.45979750e+00
1.45905721e+00
1.45908093e+00
1.46008456e+00
1.44907117e+00
1.45309293e+00
1.44444811e+00
1.45420671e+00
1.45014250e+00
1.45664048e+00
1.45573246e+00
1.44811201e+00
1.44104493e+00
1.44777262e+00
1.44229984e+00
1.43005908e+00
1.43380046e+00
1.43471599e+00
1.43937457e+00
1.44019580e+00
1.43844390e+00
1.44299901e+00
1.44904053e+00
1.45106065e+00
1.43814552e+00
1.43348110e+00
1.43905580e+00
1.43677998e+00
1.44188988e+00
1.43703282e+00
1.43537796e+00
1.42519450e+00
1.42401099e+00
1.43638170e+00
1.42996049e+00
1.42684245e+00
1.42816019e+00
1.42133069e+00
1.40185523e+00
1.40599048e+00
1.40641117e+00
1.40814626e+00
1.41030335e+00
1.40313828e+00
1.40133190e+00
1.41299260e+00
1.41314244e+00
1.41251993e+00
1.42058992e+00
1.40245295e+00
1.40508795e+00
1.40566683e+00
1.40032864e+00
1.40337050e+00
1.40668416e+00
1.41082811e+00
1.40208495e+00
1.40004730e+00
1.40146422e+00
1.40435445e+00
1.39316189e+00
1.39648652e+00
1.39108646e+00
1.39421487e+00
1.40031707e+00
1.39191008e+00
1.39809215e+00
1.39427328e+00
1.39876866e+00
1.39180040e+00
1.38558209e+00
1.39783883e+00
1.37845600e+00
1.39201570e+00
1.40198064e+00
1.38702178e+00
1.38812983e+00
1.38580680e+00
1.38688159e+00
1.38218844e+00
1.37771714e+00
1.38010478e+00
1.37178195e+00
1.38155830e+00
1.38355911e+00
1.37846649e+00
1.37266183e+00
1.37976658e+00
1.37852037e+00
1.36962819e+00
1.37167287e+00
1.38159990e+00
1.36947656e+00
1.36553311e+00
1.36885583e+00
1.37398028e+00
1.36336088e+00
1.35675526e+00
1.36708868e+00
1.36524546e+00
1.37849772e+00
1.36512756e+00
1.35463905e+00
1.35539687e+00
1.36323440e+00
1.34001660e+00
1.36367297e+00
1.28483641e+00
1.23971903e+00
1.30989170e+00
1.40707254e+00
1.35795653e+00
1.35264874e+00
1.34907973e+00
1.34360552e+00
1.34999704e+00
1.35545075e+00
1.34436989e+00
1.35680532e+00
1.35316515e+00
1.34932613e+00
1.35225952e+00
1.35305500e+00
1.34430897e+00
1.34152389e+00
1.33668137e+00
1.34289336e+00
1.33760417e+00
1.34068012e+00
1.34463167e+00
1.34553957e+00
1.33552277e+00
1.33148348e+00
1.33875823e+00
1.32656908e+00
1.32804048e+00
1.33215404e+00
1.33818328e+00
1.32434607e+00
1.32411873e+00
1.32602894e+00
1.31645048e+00
1.33398938e+00
1.31889856e+00
1.30838907e+00
1.32580280e+00
1.32448912e+00
1.32264876e+00
1.32078719e+00
1.32124114e+00
1.31772482e+00
1.31265473e+00
1.32088923e+00
1.32486534e+00
1.31199336e+00
1.31895745e+00
1.32832110e+00
1.31381583e+00
1.30687106e+00
1.32544172e+00
1.30877233e+00
1.29478085e+00
1.26707101e+00
1.28340888e+00
1.32619369e+00
1.30289686e+00
1.30886865e+00
1.29965568e+00
1.30457783e+00
1.30690372e+00
1.29409409e+00
1.29153776e+00
1.28554082e+00
1.29707563e+00
1.29339969e+00
1.28471911e+00
1.29656422e+00
1.30836976e+00
1.29382622e+00
1.29331076e+00
1.28147042e+00
1.28853381e+00
1.28379989e+00
1.28233361e+00
1.27215528e+00
1.27939820e+00
1.29463983e+00
1.30252111e+00
1.28515267e+00
1.28909659e+00
1.29526412e+00
1.27988064e+00
1.28409648e+00
1.27437675e+00
1.27712858e+00
1.27102268e+00
1.27995205e+00
1.29760969e+00
1.27261257e+00
1.27064526e+00
1.27000380e+00
1.27150750e+00
1.28504467e+00
1.27422798e+00
1.27616918e+00
1.27498317e+00
1.27373636e+00
1.26978278e+00
1.26676059e+00
1.26941061e+00
1.26214719e+00
1.27411425e+00
1.27162826e+00
1.26478016e+00
1.26152194e+00
1.27441585e+00
1.26062703e+00
1.24605584e+00
1.26234663e+00
1.26453674e+00
1.25446367e+00
1.24190068e+00
1.26859355e+00
1.26060903e+00
1.24538445e+00
1.26130188e+00
1.25774062e+00
1.23988485e+00
1.24538076e+00
1.23947608e+00
1.25262249e+00
1.24516189e+00
1.24591172e+00
1.24034178e+00
1.23140836e+00
1.23275256e+00
1.23244798e+00
1.23541796e+00
1.23478162e+00
1.23352396e+00
1.23587191e+00
1.22680092e+00
1.23221231e+00
1.24480402e+00
1.23325872e+00
1.23448873e+00
1.23589683e+00
1.22813165e+00
1.22665918e+00
1.23772717e+00
1.22703862e+00
1.23168933e+00
1.23566186e+00
1.23466432e+00
1.22514427e+00
1.22306752e+00
1.23895073e+00
1.22428727e+00
1.23150742e+00
1.23204887e+00
1.23291779e+00
1.22765362e+00
1.21754181e+00
1.22059608e+00
1.21938479e+00
1.22619164e+00
1.22551274e+00
1.22402072e+00
1.22588325e+00
1.21504736e+00
1.21351457e+00
1.21230721e+00
1.22032905e+00
1.20565593e+00
1.20514965e+00
1.20610678e+00
1.20522368e+00
1.19553506e+00
1.20155704e+00
1.20075333e+00
1.21226966e+00
1.20395720e+00
1.19621027e+00
1.20880651e+00
1.19740939e+00
1.19458234e+00
1.19352138e+00
1.20221102e+00
1.20722008e+00
1.19687641e+00
1.18776393e+00
1.20028841e+00
1.19695771e+00
1.18978274e+00
1.20397949e+00
1.20408881e+00
1.19117916e+00
1.18570983e+00
1.18123448e+00
1.18546796e+00
1.19131875e+00
1.19318461e+00
1.19217432e+00
1.18395579e+00
1.19090426e+00
1.19017029e+00
1.16785467e+00
1.17850375e+00
1.19553661e+00
1.18502438e+00
1.18486106e+00
1.18656111e+00
1.18306756e+00
1.17601919e+00
1.18067694e+00
1.16974688e+00
1.17625248e+00
1.18139505e+00
1.17443776e+00
1.18561578e+00
1.17702091e+00
1.17722678e+00
1.17760420e+00
1.17159843e+00
1.16646218e+00
1.17187810e+00
1.14753723e+00
1.16692889e+00
1.16000128e+00
1.16238761e+00
1.17319417e+00
1.14935720e+00
1.15688813e+00
1.15712011e+00
1.16399717e+00
1.17107320e+00
1.15911353e+00
1.16165447e+00
1.16599298e+00
1.15492547e+00
1.15810251e+00
1.15933859e+00
1.14706075e+00
1.13354719e+00
1.10561919e+00
1.10709214e+00
1.15475583e+00
1.15131593e+00
1.11914968e+00
1.10815001e+00
1.13373721e+00
1.13721693e+00
1.13954139e+00
1.14418817e+00
1.15008318e+00
1.16057825e+00
1.16642475e+00
1.15089190e+00
1.13476157e+00
1.14134562e+00
1.15865171e+00
1.14570379e+00
1.13749170e+00
1.14636755e+00
1.14312375e+00
1.12740445e+00
1.12951756e+00
1.13431501e+00
1.12375784e+00
1.13243890e+00
1.13476288e+00
1.13381171e+00
1.13676107e+00
1.15189481e+00
1.13551116e+00
1.12216067e+00
1.12934470e+00
1.12897539e+00
1.13352799e+00
1.13170874e+00
1.12341738e+00
1.12973106e+00
1.11736405e+00
1.11782181e+00
1.12804008e+00
1.12732649e+00
1.11957431e+00
1.12198746e+00
1.12007654e+00
1.14055109e+00
1.12774396e+00
1.11736166e+00
1.12759495e+00
1.11644816e+00
1.10957110e+00
1.11491668e+00
1.11330009e+00
1.11165833e+00
1.11163092e+00
1.11163807e+00
1.11362255e+00
1.10311019e+00
1.09933949e+00
1.10788369e+00
1.11722243e+00
1.11834455e+00
1.11676884e+00
1.11832333e+00
1.10868359e+00
1.10580111e+00
1.10298133e+00
1.10434294e+00
1.10355127e+00
1.11334503e+00
1.11480939e+00
1.11394227e+00
1.09950268e+00
1.09404898e+00
1.10590029e+00
1.10651088e+00
1.09945250e+00
1.09486961e+00
1.10553443e+00
1.08945525e+00
1.07923102e+00
1.08654571e+00
1.09388828e+00
1.10322917e+00
1.09581006e+00
1.09252048e+00
1.10467982e+00
1.09457278e+00
1.08443844e+00
1.10067785e+00
1.09980810e+00
1.09178829e+00
1.09138119e+00
1.08850014e+00
1.09270144e+00
1.09611857e+00
1.08978760e+00
1.09846818e+00
1.08443010e+00
1.07434654e+00
1.08463955e+00
1.08296204e+00
1.08741653e+00
1.08681345e+00
1.08450842e+00
1.07381070e+00
1.08603334e+00
1.08718646e+00
1.08426309e+00
1.06749618e+00
1.07110214e+00
1.08469176e+00
1.07177007e+00
1.05786359e+00
1.06898785e+00
1.06382179e+00
1.06791496e+00
1.08034134e+00
1.08568156e+00
1.07699823e+00
1.06969368e+00
1.07482886e+00
1.07288325e+00
1.07057476e+00
1.05832469e+00
1.06498277e+00
1.07034349e+00
1.07330143e+00
1.07880807e+00
1.06508875e+00
1.05967915e+00
1.06580293e+00
1.05821180e+00
1.05504668e+00
1.06036866e+00
1.05932474e+00
1.04640758e+00
1.05520546e+00
1.06211627e+00
1.05876887e+00
1.06307387e+00
1.05489659e+00
1.05232906e+00
1.06474328e+00
1.06115484e+00
1.05255902e+00
1.05236018e+00
1.04583156e+00
1.03974807e+00
1.05469453e+00
1.05485630e+00
1.05663347e+00
1.04910052e+00
1.05018508e+00
1.05238593e+00
1.04556203e+00
1.05588078e+00
1.04976130e+00
1.05139244e+00
1.05632544e+00
1.03990686e+00
1.03742397e+00
1.03452694e+00
1.04452109e+00
1.03469503e+00
1.03523648e+00
1.03934765e+00
1.04133666e+00
1.03847897e+00
1.03522670e+00
1.02767539e+00
1.03224087e+00
1.03267813e+00
1.03041887e+00
1.03786027e+00
1.03879225e+00
1.03306627e+00
1.03522289e+00
1.03461647e+00
1.02752006e+00
1.03088892e+00
1.03461707e+00
1.02570295e+00
1.02218807e+00
1.03913271e+00
1.03458154e+00
1.01083040e+00
1.02543259e+00
1.02690053e+00
1.02514637e+00
1.02507627e+00
1.01649380e+00
1.01632655e+00
1.00780463e+00
1.00000000e+00
1.02043414e+00
1.01310194e+00
1.01207042e+00
1.00056064e+00
1.01134837e+00
1.02208841e+00
1.01702297e+00
1.00186586e+00
1.00670612e+00
1.02112401e+00
1.01446223e+00
1.00476813e+00
1.01198125e+00
1.02033854e+00
1.01647377e+00
1.00464857e+00
9.99189019e-01
1.00917280e+00
1.01302743e+00
9.99634504e-01
9.97276843e-01
1.01645410e+00
1.00041497e+00
1.00651574e+00
9.88804877e-01
1.00168347e+00
1.00986075e+00
1.00520682e+00
1.00514078e+00
9.88536060e-01
1.00278401e+00
9.98761296e-01
9.87803876e-01
9.97192383e-01
9.85717595e-01
9.85203564e-01
9.84177649e-01
9.86185849e-01
9.87932324e-01
1.00178623e+00
9.98103976e-01
9.83253956e-01
9.81987238e-01
9.79958773e-01
9.91443098e-01
9.95790839e-01
9.82046485e-01
9.77208197e-01
9.86113489e-01
9.87649381e-01
9.91506338e-01
9.90362227e-01
9.68770742e-01
9.78686869e-01
9.79885876e-01
9.78926718e-01
9.87949908e-01
9.81746614e-01
9.85479653e-01
9.76356864e-01
9.76363122e-01
9.77041006e-01
9.73896861e-01
9.84948277e-01
9.73843038e-01
9.66769934e-01
9.70243275e-01
9.68489826e-01
9.61848080e-01
9.61162567e-01
9.75750685e-01
9.69651341e-01
9.66499209e-01
9.75075960e-01
9.72725987e-01
9.59606051e-01
9.49911594e-01
9.71161723e-01
9.63969707e-01
9.64535952e-01
9.66319919e-01
9.62616324e-01
9.53877628e-01
9.51824129e-01
9.66313064e-01
9.59068120e-01
9.76778269e-01
9.74819303e-01
9.60383654e-01
9.62326586e-01
9.55886245e-01
9.54162478e-01
9.55615580e-01
9.52608824e-01
9.51883852e-01
9.62468624e-01
9.28331494e-01
9.45975840e-01
1.04062223e+00
9.70853567e-01
8.02714586e-01
8.97825599e-01
1.04733872e+00
1.04136777e+00
9.42796290e-01
9.09766674e-01
9.10958469e-01
9.17608976e-01
9.54708040e-01
9.39866185e-01
9.40890610e-01
9.41476226e-01
9.35828984e-01
9.47548091e-01
9.41229701e-01
9.30028141e-01
9.31596696e-01
9.40490305e-01
9.35390711e-01
9.35620308e-01
9.34947371e-01
9.24925327e-01
9.32935417e-01
9.28401411e-01
9.33268547e-01
9.36890602e-01
9.39682186e-01
9.23225522e-01
9.30945635e-01
9.39583361e-01
9.23984289e-01
9.23586071e-01
9.30928588e-01
9.15021300e-01
9.13859010e-01
9.29079235e-01
9.20337677e-01
9.16968763e-01
9.25964832e-01
9.21978116e-01
9.12538350e-01
9.11406219e-01
9.13074076e-01
9.21449006e-01
9.29809988e-01
9.20739293e-01
9.03148055e-01
9.16850507e-01
9.14369166e-01
9.06291246e-01
9.13359523e-01
9.10740435e-01
9.11212683e-01
9.10598099e-01
9.06797051e-01
9.06579316e-01
9.06926870e-01
9.06897783e-01
9.09376442e-01
9.05793965e-01
8.99689853e-01
8.93982708e-01
9.00826156e-01
9.07442629e-01
9.05779183e-01
8.94763470e-01
8.98011267e-01
9.08016980e-01
8.93437088e-01
8.94614577e-01
8.94272268e-01
9.00279105e-01
9.07279253e-01
8.86077523e-01
8.86197567e-01
8.91489685e-01
8.89232635e-01
8.92563403e-01
8.92631233e-01
8.96296024e-01
8.86222243e-01
8.79289091e-01
8.86667311e-01
8.88179719e-01
8.81079614e-01
8.74527514e-01
8.75141501e-01
8.78830612e-01
8.73500645e-01
8.73498440e-01
8.80222559e-01
8.75518501e-01
8.59956920e-01
8.67676139e-01
8.72953951e-01
8.62179041e-01
8.72684360e-01
8.68710876e-01
8.57785046e-01
8.60132694e-01
8.62421334e-01
8.58647406e-01
8.56255770e-01
8.58717322e-01
8.54632258e-01
8.52103353e-01
8.58048618e-01
8.54890466e-01
8.46525431e-01
8.41875136e-01
8.39775085e-01
8.39723229e-01
8.33445787e-01
8.47017527e-01
8.38052034e-01
8.37788820e-01
8.43687594e-01
8.40301454e-01
8.37922156e-01
8.22607040e-01
8.25188458e-01
8.33263814e-01
8.22500587e-01
8.22894335e-01
8.19941938e-01
8.14373434e-01
8.12377989e-01
8.12469661e-01
8.13059747e-01
8.02002311e-01
8.05685163e-01
8.08750808e-01
7.91384697e-01
8.02859843e-01
7.96187460e-01
7.93383539e-01
7.92395592e-01
7.75449097e-01
7.82649457e-01
7.83402264e-01
7.76352584e-01
7.75311768e-01
7.68194675e-01
7.60361135e-01
7.59226024e-01
7.61156201e-01
7.60792911e-01
7.53060281e-01
7.52277374e-01
7.44393885e-01
7.41664648e-01
7.36389220e-01
7.31766999e-01
7.25575864e-01
7.15310097e-01
7.07348526e-01
7.02442288e-01
7.06711352e-01
6.98227167e-01
6.80252969e-01
6.72573864e-01
6.68669164e-01
6.58148348e-01
6.58158898e-01
6.56189919e-01
6.33373559e-01
6.39744043e-01
6.24327123e-01
6.03111565e-01
5.99799514e-01
5.91110945e-01
5.71145713e-01
5.56302667e-01
5.27150631e-01
4.85253483e-01
4.88386661e-01
4.75425333e-01
4.93498117e-01
5.30220270e-01
5.49206972e-01
5.66775322e-01
5.78086317e-01
5.92027247e-01
6.05524540e-01
6.08429551e-01
6.17832482e-01
6.30982935e-01
6.38921142e-01
6.32635117e-01
6.40347421e-01
6.53003693e-01
6.63766384e-01
6.67908669e-01
6.78106606e-01
6.83038652e-01
6.88518703e-01
6.92368627e-01
6.99378490e-01
7.03384936e-01
6.98537767e-01
7.05305636e-01
7.12687850e-01
7.18644977e-01
7.20843732e-01
7.25281239e-01
7.19921589e-01
7.22779214e-01
7.34042048e-01
7.32222795e-01
7.39326715e-01
7.41945148e-01
7.47199357e-01
7.38883853e-01
7.38974571e-01
7.45400190e-01
7.41065800e-01
7.49084771e-01
7.44434178e-01
7.49110162e-01
7.54094720e-01
7.60330915e-01
7.64833033e-01
7.52568007e-01
7.60821819e-01
7.74285018e-01
7.59559393e-01
7.62435734e-01
7.61207104e-01
7.71242678e-01
7.65521646e-01
7.64567733e-01
7.69299805e-01
7.72981524e-01
7.72948086e-01
7.73798883e-01
7.71077454e-01
7.67335117e-01
7.68059611e-01
7.67839551e-01
7.69930542e-01
7.70612478e-01
7.72435665e-01
7.65216708e-01
7.69233882e-01
7.73896635e-01
7.73306549e-01
7.70747125e-01
7.71938086e-01
7.71255612e-01
7.72567630e-01
7.73545086e-01
7.76464641e-01
7.72365808e-01
7.72688270e-01
7.74285138e-01
7.79085338e-01
7.76229322e-01
7.74559975e-01
7.75731146e-01
7.73831785e-01
7.75525510e-01
7.73396969e-01
7.83751428e-01
7.81021774e-01
7.67647445e-01
7.71328330e-01
7.68151402e-01
7.64667511e-01
7.68004000e-01
7.76292145e-01
7.81095684e-01
7.77039409e-01
7.69748151e-01
7.67129302e-01
7.64400423e-01
7.68786848e-01
7.72903502e-01
7.69760609e-01
7.73753226e-01
7.81450689e-01
7.68077433e-01
7.65303016e-01
7.64268994e-01
7.69656062e-01
7.62809038e-01
7.56382048e-01
7.62819827e-01
7.71582544e-01
7.65488386e-01
7.64326274e-01
7.66377807e-01
7.65389919e-01
7.68145502e-01
7.71425903e-01
7.61174440e-01
7.64908791e-01
7.73017108e-01
7.59131789e-01
7.57803917e-01
7.66419590e-01
7.68382370e-01
7.60117590e-01
7.66007841e-01
7.63422906e-01
7.65452147e-01
7.60357499e-01
7.56132960e-01
7.52117515e-01
7.64312983e-01
7.59082019e-01
7.51250505e-01
7.58441985e-01
7.57329285e-01
7.51832664e-01
7.55595803e-01
7.56617546e-01
7.49579191e-01
7.59211242e-01
7.54599035e-01
7.49304175e-01
7.61521459e-01
7.56627381e-01
7.52668440e-01
7.49767482e-01
7.47600913e-01
7.47003734e-01
7.51617491e-01
7.59382904e-01
7.48303831e-01
7.51764715e-01
7.52785325e-01
7.51682103e-01
7.46802688e-01
7.45982289e-01
7.45658338e-01
7.41162360e-01
7.48050451e-01
7.46789038e-01
7.45035648e-01
7.51723409e-01
7.52410710e-01
7.49868214e-01
7.42420912e-01
7.44765162e-01
7.46458292e-01
7.39582419e-01
7.46625423e-01
7.30980456e-01
7.33867347e-01
7.45589316e-01
7.39792645e-01
7.34663725e-01
7.39360929e-01
7.44804621e-01
7.37859070e-01
7.35331059e-01
7.44096279e-01
7.46330321e-01
7.42782354e-01
7.43332744e-01
7.36211896e-01
7.39077508e-01
7.39780009e-01
7.31045842e-01
7.40665615e-01
7.35871375e-01
7.28663206e-01
7.25273848e-01
7.24087834e-01
7.27789521e-01
7.30332255e-01
7.35841990e-01
7.39499450e-01
7.41711736e-01
7.35154033e-01
7.29964137e-01
7.31473744e-01
7.25345314e-01
7.35020697e-01
7.26114869e-01
7.16493249e-01
7.25425601e-01
7.34886408e-01
7.16410398e-01
7.21235454e-01
7.30039179e-01
7.15394139e-01
7.20727980e-01
7.26028204e-01
7.27784276e-01
7.21486568e-01
7.17151582e-01
7.16626167e-01
7.23639548e-01
7.23922670e-01
7.20015645e-01
7.22153425e-01
7.18402743e-01
7.16604948e-01
7.15362906e-01
7.12185621e-01
7.18947828e-01
7.19670892e-01
7.17121005e-01
7.14642584e-01
7.13658988e-01
7.08890676e-01
7.02619374e-01
7.20766842e-01
7.25083351e-01
7.25041032e-01
7.18041778e-01
7.11111009e-01
7.22379267e-01
7.16565490e-01
7.12193966e-01
7.08626390e-01
7.12727487e-01
7.15615094e-01
7.05610514e-01
7.06606388e-01
7.14526951e-01
7.03975499e-01
6.92767382e-01
7.04312563e-01
7.15590894e-01
7.09725678e-01
7.12106347e-01
7.04489708e-01
7.05370188e-01
7.12682545e-01
7.02817619e-01
6.99188948e-01
7.05829084e-01
6.99281216e-01
6.99753702e-01
7.04593539e-01
6.99864030e-01
6.96549535e-01
7.01879859e-01
7.03789830e-01
6.97435439e-01
7.00186968e-01
7.02891469e-01
6.94354236e-01
7.01176882e-01
7.06708372e-01
6.99665606e-01
6.98462844e-01
6.98152840e-01
6.93777144e-01
6.91923916e-01
6.99029207e-01
6.97833240e-01
6.89477265e-01
6.93245232e-01
6.98334694e-01
6.92447782e-01
6.96069360e-01
6.96046233e-01
6.89772606e-01
6.92785263e-01
6.80878639e-01
6.90489888e-01
6.98405743e-01
6.96013808e-01
6.92102551e-01
6.83662653e-01
6.83879077e-01
6.89756751e-01
6.89404726e-01
6.87421739e-01
6.83716297e-01
6.86492860e-01
6.84506953e-01
6.87270403e-01
6.86922550e-01
6.82038307e-01
6.85039937e-01
6.82513893e-01
6.80342853e-01
6.80266500e-01
6.74313545e-01
6.80652022e-01
6.79511964e-01
6.81655705e-01
6.76992118e-01
6.73939586e-01
6.75056875e-01
6.76405907e-01
6.82684422e-01
6.80923641e-01
6.78252816e-01
6.74127877e-01
6.70453906e-01
6.74028218e-01
6.73304141e-01
6.76880181e-01
6.71764076e-01
6.70092046e-01
6.77054644e-01
6.72045171e-01
6.66171312e-01
6.69972003e-01
6.67678893e-01
6.76275790e-01
6.73643231e-01
6.64321721e-01
6.68064356e-01
6.61821246e-01
6.58412039e-01
6.66782141e-01
6.67149723e-01
6.61037862e-01
6.65919006e-01
6.68073833e-01
6.70317113e-01
6.66124165e-01
6.65886402e-01
6.61227524e-01
6.57823980e-01
6.62890196e-01
6.57365680e-01
6.57832861e-01
6.63221359e-01
6.55498683e-01
6.59414649e-01
6.58392310e-01
6.57695293e-01
6.59771919e-01
6.57614410e-01
6.51897609e-01
6.49256527e-01
6.44024014e-01
6.50958955e-01
6.51219964e-01
6.47752285e-01
6.56372011e-01
6.56971276e-01
6.47089064e-01
6.47067308e-01
6.51733994e-01
6.54978037e-01
6.52120233e-01
6.46366060e-01
6.49369299e-01
6.52148962e-01
6.49848521e-01
6.50492370e-01
6.43044710e-01
6.46238506e-01
6.47456527e-01
6.38244510e-01
6.42685354e-01
6.48726463e-01
6.49284840e-01
6.47656024e-01
6.48831666e-01
6.40216351e-01
6.43694878e-01
6.38562441e-01
6.36579931e-01
6.46203279e-01
6.45617425e-01
6.39723837e-01
6.33473516e-01
6.44500017e-01
6.44326806e-01
6.40236318e-01
6.35915458e-01
6.31986976e-01
6.38924718e-01
6.33385003e-01
6.34552538e-01
6.36159122e-01
6.43297076e-01
6.33587420e-01
6.30328059e-01
6.32249594e-01
6.38394892e-01
6.40145123e-01
6.36683345e-01
6.35350406e-01
6.29317224e-01
6.35841370e-01
6.32661581e-01
6.28922045e-01
6.32659674e-01
6.32152975e-01
6.31389141e-01
6.37070775e-01
6.26616180e-01
6.24462187e-01
6.39338434e-01
6.30224586e-01
6.21555924e-01
6.29279315e-01
6.24908090e-01
6.22604430e-01
6.27099097e-01
6.28643513e-01
6.18318796e-01
6.19376242e-01
6.36709929e-01
6.38074696e-01
6.23617589e-01
6.34567201e-01
6.28098309e-01
6.25846386e-01
6.25005484e-01
6.28117204e-01
6.28000915e-01
6.16443396e-01
6.22863770e-01
6.18106544e-01
6.12871766e-01
6.15221262e-01
6.10888898e-01
6.14478111e-01
6.16715550e-01
6.21448100e-01
6.08830929e-01
5.98686397e-01
6.07197344e-01
6.26909018e-01
6.23526871e-01
6.31159842e-01
6.14990175e-01
6.08281195e-01
6.12248421e-01
6.08992994e-01
6.05678916e-01
6.14058495e-01
6.12832546e-01
6.11096025e-01
6.11721635e-01
6.08936191e-01
6.09258950e-01
6.10831320e-01
6.04597569e-01
6.06172562e-01
6.15221083e-01
6.12557113e-01
6.06768012e-01
6.08131766e-01
6.05525196e-01
5.95387816e-01
5.93597949e-01
6.08518779e-01
6.12034142e-01
6.15301847e-01
6.05495453e-01
6.03887141e-01
5.97402930e-01
6.04676127e-01
6.08061910e-01
6.00025177e-01
6.04732871e-01
6.04389071e-01
6.07089043e-01
5.96216500e-01
5.82733572e-01
5.98309040e-01
6.09252691e-01
6.12760365e-01
5.97823083e-01
6.00553215e-01
6.01107359e-01
5.94515979e-01
5.96453667e-01
5.98963976e-01
5.98323166e-01
5.95217466e-01
6.05486095e-01
5.97021639e-01
5.92036724e-01
5.98269165e-01
5.98950803e-01
5.97561955e-01
5.97855210e-01
6.11237407e-01
5.97378492e-01
5.91146946e-01
5.98472238e-01
5.90000033e-01
5.92731714e-01
5.92924893e-01
5.93943417e-01
5.89353561e-01
5.85470319e-01
5.86708426e-01
5.94901979e-01
5.97957432e-01
5.87897182e-01
5.94553769e-01
5.91535330e-01
5.70471704e-01
5.83235145e-01
5.95540226e-01
5.99306762e-01
5.90180874e-01
5.87182641e-01
5.87462366e-01
5.86166024e-01
5.88584423e-01
5.82208812e-01
5.84269643e-01
5.82323134e-01
5.85753441e-01
5.82917154e-01
5.76916158e-01
5.78302205e-01
5.77905715e-01
5.75638950e-01
5.77976942e-01
5.81200480e-01
5.81763804e-01
5.70327699e-01
5.71449637e-01
5.79669654e-01
5.82654774e-01
5.80485702e-01
5.74513674e-01
5.78639984e-01
5.78143716e-01
5.76689303e-01
5.73688030e-01
5.78449965e-01
5.72246134e-01
5.68431854e-01
5.73626578e-01
5.72428703e-01
5.70493221e-01
5.76401651e-01
5.75742364e-01
5.74428499e-01
5.66727042e-01
5.71590185e-01
5.70132017e-01
5.61435401e-01
5.73346436e-01
5.74158967e-01
5.59591949e-01
5.74669838e-01
5.65235794e-01
5.65709651e-01
5.61464608e-01
5.63549995e-01
5.69252253e-01
5.69664061e-01
5.65723360e-01
5.62328458e-01
5.65308452e-01
5.69764614e-01
5.60306907e-01
5.59196293e-01
5.64888418e-01
5.61161816e-01
5.67230642e-01
5.63180327e-01
5.59586048e-01
5.59398055e-01
5.61407804e-01
5.62660992e-01
5.60838401e-01
5.53215742e-01
5.50496459e-01
5.43349981e-01
5.47692478e-01
5.68757355e-01
5.58405399e-01
5.64252317e-01
5.62978387e-01
5.56621015e-01
5.56145847e-01
5.53773522e-01
5.50232053e-01
5.50235450e-01
5.53561449e-01
5.58048725e-01
5.50306678e-01
5.53386152e-01
5.56518316e-01
5.52646339e-01
5.54077864e-01
5.59212983e-01
5.54783463e-01
5.55633545e-01
5.51953316e-01
5.51614523e-01
5.49307883e-01
5.52208185e-01
5.57868898e-01
5.42064309e-01
5.45383453e-01
5.45348167e-01
5.32323956e-01
5.51664770e-01
5.51868796e-01
5.54240406e-01
5.46552420e-01
5.48238695e-01
5.51970601e-01
5.45696855e-01
5.48491478e-01
5.45996726e-01
5.42394042e-01
5.42551875e-01
5.54231226e-01
5.49701691e-01
5.24329603e-01
5.36666274e-01
5.52795529e-01
5.52389801e-01
5.48197746e-01
5.53213894e-01
5.43386281e-01
5.32895207e-01
5.45176625e-01
5.28044462e-01
5.31597555e-01
5.37145793e-01
5.37943006e-01
5.40564835e-01
5.35904288e-01
5.33369601e-01
5.47865331e-01
5.31923473e-01
5.30157685e-01
5.49999714e-01
5.47344565e-01
5.41349292e-01
5.28718054e-01
5.34196079e-01
5.48206806e-01
5.28784454e-01
5.40523589e-01
5.35946250e-01
5.29012084e-01
5.42361975e-01
5.30321181e-01
5.29048145e-01
5.33191681e-01
5.35193503e-01
5.31181872e-01
5.32874525e-01
5.24960637e-01
5.31746626e-01
5.50371885e-01
5.33508718e-01
5.25946677e-01
5.34244418e-01
5.32555044e-01
5.27750313e-01
5.32360613e-01
5.23463726e-01
5.22885501e-01
5.27957737e-01
5.17132342e-01
5.24300814e-01
5.23877382e-01
5.27486622e-01
5.25405347e-01
5.21437407e-01
5.20276248e-01
5.30953109e-01
5.33393681e-01
5.28624177e-01
5.30569732e-01
5.25593936e-01
5.22462547e-01
5.20123899e-01
5.16410351e-01
5.18874764e-01
5.17553031e-01
5.09593904e-01
5.29744208e-01
5.17872989e-01
5.12560844e-01
5.23667276e-01
5.20394266e-01
5.17212927e-01
5.25104284e-01
5.15662372e-01
5.17375588e-01
5.24108648e-01
5.18782675e-01
5.13464749e-01
5.04941285e-01
5.13000965e-01
5.16188860e-01
5.13025880e-01
5.09838879e-01
5.11617899e-01
5.13461709e-01
5.13576210e-01
5.04562140e-01
5.02693594e-01
5.34043252e-01
5.58553815e-01
5.38110554e-01
5.23466945e-01
5.19628406e-01
5.11923015e-01
5.03018737e-01
5.13589621e-01
5.12071311e-01
5.02214909e-01
5.14863968e-01
5.14990985e-01
5.03667116e-01
5.12946248e-01
5.15813172e-01
5.05579352e-01
4.98067141e-01
4.99261260e-01
5.04582107e-01
5.12097359e-01
5.10761917e-01
5.09409308e-01
5.06214261e-01
4.88768011e-01
4.83082831e-01
5.07713497e-01
5.15224099e-01
5.02144158e-01
5.02825856e-01
4.97009665e-01
4.95237976e-01
4.98927116e-01
4.91648138e-01
4.99922186e-01
5.02967417e-01
5.01259804e-01
5.02959609e-01
5.05443633e-01
4.92012769e-01
4.74005103e-01
4.91836935e-01
5.12124181e-01
4.95618731e-01
4.96368021e-01
4.94637907e-01
4.98472899e-01
4.90669429e-01
4.96764511e-01
4.98414129e-01
4.76760626e-01
4.81728762e-01
4.93102491e-01
4.91085976e-01
4.92866188e-01
4.96129692e-01
5.10184169e-01
4.75720763e-01
4.70401436e-01
4.99741733e-01
4.89937574e-01
4.90768701e-01
4.97967929e-01
4.97390717e-01
4.96915936e-01
4.91450071e-01
4.81050223e-01
4.82972950e-01
4.94132906e-01
4.86909598e-01
4.94483590e-01
4.74479586e-01
4.69581187e-01
4.82295334e-01
4.86631453e-01
4.85337853e-01
4.88434136e-01
4.87817287e-01
4.68680233e-01
4.85609561e-01
4.88446742e-01
4.82379377e-01
4.79073465e-01
4.83752966e-01
4.85520512e-01
4.85357761e-01
4.85164076e-01
4.80125755e-01
4.83612090e-01
4.67624009e-01
4.39796984e-01
4.48555321e-01
5.11119962e-01
5.01706958e-01
4.65445220e-01
4.73547220e-01
4.97311443e-01
4.85097408e-01
4.81820166e-01
4.75472093e-01
4.75314081e-01
4.79926080e-01
4.77649748e-01
4.77738261e-01
4.73879069e-01
4.67768401e-01
4.76478428e-01
4.72025603e-01
4.75819319e-01
4.64954495e-01
4.57047969e-01
4.76642311e-01
4.75816578e-01
4.76925701e-01
4.74751234e-01
4.75944847e-01
4.66538280e-01
4.65886503e-01
4.60084915e-01
4.82979804e-01
4.91969496e-01
4.78858411e-01
4.73269939e-01
4.72886860e-01
4.68714595e-01
4.61429745e-01
4.52289790e-01
4.66683537e-01
4.74966228e-01
4.76154596e-01
4.68192697e-01
4.68990564e-01
4.60650921e-01
4.43686813e-01
4.41749275e-01
4.86499578e-01
4.91070122e-01
4.73002970e-01
4.69996423e-01
4.60174203e-01
4.63919789e-01
4.63465840e-01
4.59845871e-01
4.61928725e-01
4.64586854e-01
4.55184758e-01
4.49587315e-01
4.49338317e-01
4.59145278e-01
4.56580371e-01
4.48024601e-01
4.44768190e-01
4.38392282e-01
4.72576648e-01
4.77056473e-01
4.64772969e-01
4.53054637e-01
4.49749440e-01
4.63214606e-01
4.62069184e-01
4.62741762e-01
4.57653940e-01
4.53817189e-01
4.53467429e-01
4.58377868e-01
4.57396537e-01
4.58653361e-01
4.51758355e-01
4.58376795e-01
4.61052358e-01
4.60174352e-01
4.52750415e-01
4.48066533e-01
4.58832204e-01
4.67178136e-01
4.63883251e-01
4.58934307e-01
4.57228720e-01
4.56754655e-01
4.53976542e-01
4.56894219e-01
4.50164199e-01
4.54530299e-01
4.50210184e-01
4.53626931e-01
4.51902360e-01
4.50220406e-01
4.53769743e-01
4.48663652e-01
4.52934384e-01
4.50548440e-01
4.50374544e-01
4.47734863e-01
4.51016545e-01
4.52623546e-01
4.51159209e-01
4.46869969e-01
4.56135422e-01
4.51300710e-01
4.46107805e-01
4.44141090e-01
4.43673134e-01
4.44873542e-01
4.47488666e-01
4.45931286e-01
4.40666497e-01
4.43625510e-01
4.43543017e-01
4.46434706e-01
4.47852135e-01
4.52643991e-01
4.40754741e-01
4.37319189e-01
4.44738567e-01
4.46416587e-01
4.39529300e-01
4.34787899e-01
4.39868510e-01
4.38017726e-01
4.43045139e-01
4.46883768e-01
4.41616505e-01
4.39701974e-01
4.49277163e-01
4.51163769e-01
4.42287207e-01
4.39300716e-01
4.39111948e-01
4.40608174e-01
4.37928468e-01
4.38328505e-01
4.41343933e-01
4.39961880e-01
4.35008913e-01
4.38666523e-01
4.39379245e-01
4.40803885e-01
4.45133090e-01
4.45507854e-01
4.37256247e-01
4.41072941e-01
4.39038247e-01
4.30892676e-01
4.32772905e-01
4.46882606e-01
4.36295182e-01
4.33312297e-01
4.31648523e-01
4.28843379e-01
4.30374384e-01
4.33447063e-01
4.34404105e-01
4.39391255e-01
4.34818685e-01
4.40628558e-01
4.38337833e-01
4.33045298e-01
4.25191194e-01
4.31930065e-01
4.37208444e-01
4.26760316e-01
4.19507176e-01
4.27145243e-01
4.28631157e-01
4.28560793e-01
4.24881190e-01
4.27129328e-01
4.28531140e-01
4.26699400e-01
4.23984200e-01
4.23047394e-01
4.29123700e-01
4.26616818e-01
4.23815966e-01
4.24795687e-01
4.22446042e-01
4.16398615e-01
4.21513617e-01
4.31003690e-01
4.40835416e-01
4.29440320e-01
4.25794929e-01
4.25131947e-01
4.23512518e-01
4.18856502e-01
4.14501667e-01
4.17311996e-01
4.09772277e-01
4.04826254e-01
4.26484287e-01
4.26497698e-01
4.10236508e-01
4.09259915e-01
4.22440827e-01
4.27750707e-01
4.18607652e-01
4.14905429e-01
4.19441551e-01
4.16925073e-01
4.21430886e-01
4.21560645e-01
4.15586472e-01
4.20274019e-01
4.05726373e-01
4.04818505e-01
4.19818461e-01
4.17308629e-01
4.08896655e-01
4.18562204e-01
4.09962028e-01
4.12107646e-01
4.16436940e-01
4.20784205e-01
4.17223722e-01
4.12607163e-01
4.18357372e-01
4.12352473e-01
4.12121594e-01
4.13564652e-01
4.13587302e-01
4.22810793e-01
4.05142367e-01
4.25180852e-01
4.36580509e-01
4.26608384e-01
3.94307762e-01
3.91926706e-01
4.09349561e-01
4.15525943e-01
4.07748401e-01
4.11030829e-01
4.10619199e-01
3.97916824e-01
4.07582432e-01
4.14074719e-01
4.08610851e-01
4.09719437e-01
4.07072276e-01
4.08548534e-01
4.12984043e-01
3.88274908e-01
3.90436083e-01
4.00658071e-01
4.10939783e-01
4.05337185e-01
4.08024490e-01
3.98444384e-01
4.14666027e-01
4.14362967e-01
3.74407053e-01
3.80828202e-01
4.20959115e-01
4.13516521e-01
4.08374876e-01
4.03718323e-01
3.98355156e-01
4.03602898e-01
3.88147742e-01
3.84153575e-01
3.99988443e-01
4.11317796e-01
4.03689533e-01
3.96473467e-01
4.09159809e-01
3.94599825e-01
3.78563225e-01
3.98954034e-01
4.22154754e-01
4.08921748e-01
3.97410393e-01
3.98867756e-01
3.98913741e-01
3.94267440e-01
3.98662180e-01
3.97908598e-01
3.94680440e-01
3.71615767e-01
3.68830621e-01
3.94862384e-01
3.99593651e-01
3.98387134e-01
3.94134909e-01
3.97102207e-01
3.85077327e-01
4.01210189e-01
4.09787208e-01
3.97665948e-01
3.93740922e-01
3.89164865e-01
3.87133747e-01
3.95016938e-01
3.95417005e-01
3.91785264e-01
3.91796172e-01
3.89105290e-01
3.87606293e-01
3.88497949e-01
3.87205720e-01
3.88065517e-01
3.84110004e-01
3.90437335e-01
3.89112175e-01
3.84603798e-01
3.83314759e-01
3.88924718e-01
3.95416647e-01
3.88668478e-01
3.87405694e-01
3.92655909e-01
3.78763825e-01
3.84973824e-01
3.87280285e-01
3.85488540e-01
3.82688284e-01
3.76312047e-01
3.79105836e-01
3.83163035e-01
3.87422025e-01
3.86675656e-01
3.82668674e-01
3.79603952e-01
3.70409489e-01
3.77874821e-01
3.85557383e-01
3.80780399e-01
3.86709154e-01
3.74652058e-01
3.75955164e-01
3.83319736e-01
3.79800618e-01
3.83385897e-01
3.82831335e-01
3.80462557e-01
3.80739272e-01
3.81407559e-01
3.81674677e-01
3.78390312e-01
3.82652372e-01
3.77804577e-01
3.79369617e-01
3.77734661e-01
3.72553349e-01
3.75672013e-01
3.73087853e-01
3.82601887e-01
3.74732226e-01
3.67016941e-01
3.76459002e-01
3.71903360e-01
3.70057732e-01
3.74768645e-01
3.65550190e-01
3.68025422e-01
3.70105892e-01
3.74579757e-01
3.79927218e-01
3.72739553e-01
3.72233957e-01
3.72799277e-01
3.75689447e-01
3.68446976e-01
3.73244464e-01
3.70111078e-01
3.73884797e-01
3.95685017e-01
3.77676040e-01
3.69305223e-01
3.71367395e-01
3.80976707e-01
3.55172694e-01
3.73174280e-01
3.68208647e-01
3.62517834e-01
3.82169753e-01
3.75403553e-01
3.69944513e-01
3.82500023e-01
3.64959836e-01
3.75483096e-01
3.75571668e-01
3.73158306e-01
3.81606221e-01
3.73322845e-01
3.69421840e-01
3.65777999e-01
3.69543225e-01
3.82689983e-01
3.60861301e-01
3.62571597e-01
3.62436295e-01
3.64466220e-01
3.67790639e-01
3.72471601e-01
3.58732730e-01
3.69123340e-01
3.72055829e-01
3.65042746e-01
3.62938643e-01
3.60059619e-01
3.61434489e-01
3.62122208e-01
3.67378533e-01
3.68600816e-01
3.60724360e-01
3.62840146e-01
3.66044641e-01
3.59546989e-01
3.60337108e-01
3.62037122e-01
3.58893216e-01
3.62679631e-01
3.62802386e-01
3.60368758e-01
3.60883534e-01
3.58468920e-01
3.62104893e-01
3.63534689e-01
3.63868654e-01
3.62454563e-01
3.58348161e-01
3.59010160e-01
3.55343163e-01
3.54655415e-01
3.59774560e-01
3.53880405e-01
3.51215094e-01
3.53218943e-01
3.56317341e-01
3.56354713e-01
3.57240975e-01
3.57553959e-01
3.60857010e-01
3.58718812e-01
3.70651275e-01
3.77903134e-01
3.87387753e-01
3.44692320e-01
3.56470525e-01
3.75205666e-01
3.66278708e-01
3.40002805e-01
3.29142749e-01
3.68974209e-01
3.66785079e-01
3.53383780e-01
3.51985306e-01
3.54893297e-01
3.44326437e-01
3.51383895e-01
3.59249741e-01
3.56901497e-01
3.52059960e-01
3.48769575e-01
3.49715650e-01
3.52467448e-01
3.50533843e-01
3.51481557e-01
3.48658502e-01
3.50607276e-01
3.52479070e-01
3.43767345e-01
3.41001630e-01
3.46540272e-01
3.61144990e-01
3.51977825e-01
3.70799184e-01
3.84183407e-01
3.68719965e-01
3.78467798e-01
3.37255687e-01
3.19769949e-01
3.42334032e-01
3.49095523e-01
3.54695320e-01
3.49816471e-01
3.42466265e-01
3.43127072e-01
3.45436394e-01
3.49944502e-01
3.48328978e-01
3.42999727e-01
3.40776086e-01
3.41908693e-01
3.42004538e-01
3.42367947e-01
3.23941350e-01
3.30432594e-01
3.47074032e-01
3.47813308e-01
3.41745406e-01
3.47077578e-01
3.38154882e-01
3.42891306e-01
3.37328017e-01
3.59090745e-01
3.71555239e-01
3.70517701e-01
3.52839768e-01
3.39527130e-01
3.38935971e-01
3.41562778e-01
3.40055376e-01
3.21365625e-01
3.27816874e-01
3.50709260e-01
3.48909378e-01
3.37595671e-01
3.38988066e-01
3.45544845e-01
3.56678545e-01
3.20974529e-01
3.15724880e-01
3.50839674e-01
3.61607462e-01
3.38250041e-01
3.35599929e-01
3.36419225e-01
3.31689119e-01
3.34606230e-01
3.39770854e-01
3.43103290e-01
3.45697254e-01
3.28278631e-01
3.25381517e-01
3.47878963e-01
3.41439068e-01
3.37064117e-01
3.45917970e-01
3.58805090e-01
3.25311720e-01
2.97320902e-01
3.48020315e-01
3.46927822e-01
3.28059405e-01
3.24605376e-01
3.28814924e-01
3.30138773e-01
3.27798694e-01
3.23957086e-01
3.28444988e-01
3.33294511e-01
3.25706691e-01
3.35140705e-01
3.35124373e-01
2.94681907e-01
2.94183701e-01
3.22274894e-01
3.56454521e-01
3.71655464e-01
3.61640602e-01
2.94961214e-01
2.82398373e-01
