2.34423041e+00
2.15403914e+00
1.84277976e+00
1.92429149e+00
2.21812010e+00
2.05463409e+00
2.18211794e+00
1.73147833e+00
1.75946474e+00
1.93604088e+00
1.84377384e+00
2.01574826e+00
2.25427866e+00
1.97566295e+00
1.81649065e+00
1.77017725e+00
2.18300891e+00
1.98228824e+00
1.99285436e+00
1.86805558e+00
2.03905630e+00
1.92702019e+00
1.90214550e+00
1.81128442e+00
1.84766245e+00
1.82018864e+00
1.88728559e+00
1.98952973e+00
1.89868712e+00
1.87639904e+00
1.95213866e+00
1.95474637e+00
1.79474270e+00
1.84150541e+00
2.09156609e+00
2.02091312e+00
1.85659027e+00
1.74345458e+00
1.81284392e+00
1.83777809e+00
1.69146347e+00
1.96072137e+00
1.92969894e+00
2.11842346e+00
1.89438081e+00
1.85513783e+00
1.95925379e+00
1.88588929e+00
2.24879384e+00
1.96952558e+00
1.85694396e+00
2.06982708e+00
2.19962692e+00
1.69534481e+00
1.95113337e+00
1.96312642e+00
1.84207988e+00
1.91524911e+00
1.82125771e+00
1.76578617e+00
1.99403238e+00
1.73606360e+00
1.79720581e+00
2.02327085e+00
1.75984383e+00
1.69710672e+00
1.78111136e+00
2.07122064e+00
2.15778780e+00
2.11352181e+00
1.97712743e+00
1.73556578e+00
1.82733977e+00
1.90355206e+00
1.80477130e+00
1.68970227e+00
1.82885075e+00
1.87941575e+00
1.63557339e+00
1.64649534e+00
1.67659390e+00
1.78088439e+00
1.60151017e+00
1.56606138e+00
1.65663302e+00
1.85507822e+00
1.69056022e+00
1.66097534e+00
1.81196320e+00
1.76442540e+00
1.69913268e+00
1.71661878e+00
1.63365281e+00
1.70394790e+00
1.83553970e+00
1.57910681e+00
1.54784703e+00
1.63274360e+00
1.57923031e+00
1.50928044e+00
1.54194260e+00
1.64704275e+00
1.60448527e+00
1.54998338e+00
1.71378088e+00
1.62155294e+00
1.59846318e+00
1.50157309e+00
1.54362357e+00
1.86344445e+00
1.52529454e+00
1.46235681e+00
1.76431513e+00
1.57278752e+00
1.67335439e+00
1.88137507e+00
1.66105390e+00
1.54724228e+00
1.50281191e+00
1.66080964e+00
1.59177387e+00
1.71738112e+00
1.71172738e+00
1.64765620e+00
2.05422950e+00
2.15448666e+00
1.53324854e+00
1.67444730e+00
1.79523337e+00
1.77574897e+00
1.87538445e+00
1.56461644e+00
1.47572303e+00
1.65388727e+00
1.76537478e+00
1.82797027e+00
1.66479218e+00
1.46012592e+00
1.56831980e+00
1.70004153e+00
1.62070334e+00
1.56652296e+00
1.59816086e+00
1.73664272e+00
1.66187000e+00
1.80051422e+00
1.74523151e+00
1.59053838e+00
1.59603524e+00
1.62347233e+00
1.50621116e+00
1.53430521e+00
1.56824052e+00
1.53170609e+00
1.56988788e+00
1.55530560e+00
1.86752045e+00
1.50986183e+00
1.55129337e+00
1.68396831e+00
1.58405221e+00
1.58740723e+00
1.48776233e+00
1.55843771e+00
1.71129978e+00
1.69796109e+00
1.46013367e+00
1.45378017e+00
1.52125287e+00
1.43926227e+00
1.62689602e+00
1.75887299e+00
1.65329754e+00
1.53781962e+00
1.48479557e+00
1.47068274e+00
1.59921992e+00
1.63498664e+00
1.49925351e+00
1.51045322e+00
1.39377964e+00
1.67196095e+00
1.53454292e+00
1.31724548e+00
1.37367344e+00
1.33454049e+00
1.27741230e+00
1.41890240e+00
1.44139302e+00
1.31689537e+00
1.32291222e+00
1.29312992e+00
1.40566921e+00
1.31694865e+00
1.41214550e+00
1.64599204e+00
1.52791321e+00
1.34614170e+00
1.44218969e+00
1.33580899e+00
1.45127285e+00
1.31553614e+00
1.32328343e+00
2.20926476e+00
1.44436669e+00
1.35255837e+00
1.33715856e+00
1.42756963e+00
1.44075119e+00
1.37359488e+00
1.35955656e+00
1.37927532e+00
1.40951335e+00
1.40262020e+00
1.50360060e+00
1.52637446e+00
1.79572403e+00
1.32133710e+00
1.36758399e+00
1.50253940e+00
1.42703664e+00
1.53253901e+00
1.41483295e+00
1.81267369e+00
1.76084995e+00
1.35915613e+00
1.40388012e+00
1.94286644e+00
1.57173932e+00
1.56123900e+00
1.58463991e+00
1.57113600e+00
1.59490442e+00
1.51045930e+00
1.47165918e+00
1.59807038e+00
1.59941709e+00
1.50684357e+00
1.53806412e+00
1.44978178e+00
1.74755132e+00
1.48662841e+00
1.58420599e+00
1.66955829e+00
1.52839065e+00
2.03804541e+00
1.50953162e+00
1.82965398e+00
1.86082661e+00
1.42928123e+00
1.39034784e+00
1.70124316e+00
1.42267144e+00
1.54447973e+00
1.46559215e+00
1.37703168e+00
1.56350493e+00
1.47508609e+00
1.53664851e+00
1.35196865e+00
1.38592184e+00
1.62571573e+00
1.46709073e+00
1.55423021e+00
1.54711401e+00
1.47516799e+00
1.45729053e+00
1.51953363e+00
1.65643477e+00
1.74041867e+00
1.55333829e+00
1.45422101e+00
1.42405927e+00
1.46928740e+00
1.36101568e+00
1.35649562e+00
1.79852474e+00
1.59774506e+00
1.36469531e+00
1.53424203e+00
1.99278414e+00
1.63605583e+00
1.61781120e+00
1.46099842e+00
1.68960583e+00
1.39711630e+00
1.64857411e+00
1.81918991e+00
1.42181659e+00
1.75088429e+00
1.86361849e+00
1.54296374e+00
1.46403253e+00
1.36185956e+00
1.57527089e+00
1.34206402e+00
1.34553027e+00
1.62396085e+00
1.43896508e+00
1.37014687e+00
1.31776130e+00
1.51705015e+00
1.37871683e+00
1.29779899e+00
1.57218444e+00
1.35128927e+00
1.32973087e+00
1.44152164e+00
1.27833474e+00
1.37312949e+00
1.34387171e+00
1.31591141e+00
1.40921330e+00
1.25326312e+00
1.22417724e+00
1.24734402e+00
1.22953713e+00
1.47651780e+00
1.22810173e+00
1.25325871e+00
1.36017346e+00
1.21759427e+00
1.17269278e+00
1.15916026e+00
1.22371674e+00
1.19517124e+00
1.09254873e+00
1.19821262e+00
1.52997959e+00
1.09551048e+00
1.05941105e+00
1.10612202e+00
1.33459938e+00
1.20482492e+00
1.08167660e+00
1.35032558e+00
1.12400353e+00
1.16721046e+00
1.12213409e+00
1.11238492e+00
1.31702304e+00
1.11406100e+00
1.12508655e+00
1.08523762e+00
1.31260920e+00
1.25617850e+00
1.17890215e+00
1.21847379e+00
1.25647759e+00
1.28850269e+00
1.31728923e+00
1.18925035e+00
1.09587097e+00
1.09668684e+00
1.11679137e+00
1.24911880e+00
1.30847824e+00
1.19835556e+00
1.11969674e+00
1.27527440e+00
1.55453956e+00
1.32950735e+00
1.24430394e+00
1.26868129e+00
1.21659911e+00
1.32771504e+00
1.31355798e+00
1.23911107e+00
1.17915154e+00
1.24139106e+00
1.52697206e+00
1.19781792e+00
1.30194581e+00
1.23180735e+00
1.18677139e+00
1.35750985e+00
1.50574875e+00
1.14307833e+00
1.29237390e+00
1.23873281e+00
1.31617665e+00
1.46338046e+00
1.25117517e+00
1.39692998e+00
1.19453490e+00
1.45225215e+00
1.34646559e+00
1.24732769e+00
1.40956819e+00
1.42122102e+00
1.46863735e+00
1.27515435e+00
1.24932384e+00
1.49393988e+00
1.43612087e+00
1.26447296e+00
1.54890716e+00
1.43678379e+00
1.45184243e+00
1.34079134e+00
1.23457181e+00
1.61164546e+00
1.20136070e+00
1.18340898e+00
1.29692459e+00
1.33778524e+00
1.38695705e+00
1.68018329e+00
1.28072584e+00
1.45138144e+00
1.46490157e+00
1.37821054e+00
1.53737164e+00
1.38697433e+00
1.20885932e+00
1.24404728e+00
1.39431858e+00
1.40622783e+00
1.38612676e+00
1.40253794e+00
1.24499679e+00
1.44836736e+00
1.25356960e+00
1.30088282e+00
1.38371837e+00
1.28346241e+00
1.31064463e+00
1.21621990e+00
1.20619524e+00
1.34142113e+00
1.43239295e+00
1.43177176e+00
1.32719743e+00
1.21244013e+00
1.22015119e+00
1.34224582e+00
1.47479129e+00
1.18139827e+00
1.32489336e+00
1.51773810e+00
1.42313445e+00
1.23820877e+00
1.31599641e+00
1.65585196e+00
1.50816154e+00
1.38680363e+00
1.31770849e+00
1.27260172e+00
1.25210118e+00
1.15628874e+00
1.24441099e+00
1.28143036e+00
1.24734163e+00
1.28139532e+00
1.26803827e+00
1.35621941e+00
1.28158832e+00
1.47211111e+00
1.44568276e+00
1.35827684e+00
1.42619419e+00
1.18852580e+00
1.19890523e+00
1.51712954e+00
1.24160552e+00
1.16257250e+00
1.28702903e+00
1.17920303e+00
1.29779387e+00
1.24956477e+00
1.21071756e+00
1.21655452e+00
1.31586266e+00
1.21414518e+00
1.42636216e+00
1.17233491e+00
1.13504183e+00
1.19445705e+00
1.11473739e+00
1.35931242e+00
1.16876709e+00
1.17867804e+00
1.20293570e+00
1.21364725e+00
1.41675580e+00
1.60502017e+00
1.45602632e+00
1.17852449e+00
1.26774609e+00
1.38728464e+00
1.23629081e+00
1.39695287e+00
1.21779311e+00
1.20033765e+00
1.21917307e+00
1.22662044e+00
1.12019908e+00
1.13114440e+00
1.26793814e+00
1.25193346e+00
1.21541965e+00
1.23632944e+00
1.33559358e+00
1.29322767e+00
1.13250983e+00
1.21611643e+00
1.21849620e+00
1.17613459e+00
1.30090821e+00
1.07671654e+00
1.16724932e+00
1.16275620e+00
1.13781106e+00
1.17220044e+00
1.13113642e+00
1.07803988e+00
1.27821982e+00
1.34780073e+00
1.41092587e+00
1.33979523e+00
1.09703958e+00
1.13889706e+00
1.31924593e+00
1.36711192e+00
1.26956713e+00
1.08199489e+00
1.12411880e+00
1.30871725e+00
1.12958086e+00
1.18568516e+00
1.10971403e+00
1.19064057e+00
1.40137041e+00
1.09097576e+00
1.30450475e+00
1.38513887e+00
1.06892264e+00
1.10912406e+00
1.59760284e+00
1.05981445e+00
1.16076267e+00
1.23242486e+00
1.17721903e+00
1.23245656e+00
1.32960165e+00
1.02348125e+00
1.08943605e+00
1.20777380e+00
1.15948558e+00
1.10158169e+00
1.01971948e+00
1.18097579e+00
9.81036663e-01
1.24612939e+00
1.18896818e+00
9.05060053e-01
9.72689569e-01
1.30212665e+00
1.12026572e+00
8.91698718e-01
9.83767033e-01
1.09587872e+00
9.12733972e-01
1.00708079e+00
9.25088942e-01
8.71149063e-01
9.75694239e-01
1.04798472e+00
8.81476462e-01
8.64105284e-01
8.87319446e-01
8.70272338e-01
9.01934564e-01
1.00626540e+00
8.77382278e-01
8.20746362e-01
8.89914691e-01
9.14435685e-01
8.18812668e-01
8.21265996e-01
8.61857295e-01
9.11908865e-01
8.86019945e-01
8.01126599e-01
9.15820599e-01
8.84791017e-01
8.68958771e-01
1.05456531e+00
1.06947184e+00
9.09792781e-01
9.22272682e-01
9.79251325e-01
7.98430204e-01
8.26522410e-01
8.51028144e-01
8.32273185e-01
9.25623477e-01
1.06282294e+00
8.82647753e-01
9.46135461e-01
8.95997286e-01
9.24606085e-01
9.98372197e-01
8.76780093e-01
9.80127692e-01
8.77960861e-01
9.73671019e-01
9.80904520e-01
9.31561112e-01
9.10676658e-01
9.54700708e-01
1.06235957e+00
9.99017298e-01
9.68012393e-01
1.08905995e+00
1.15986300e+00
9.09413636e-01
1.13914430e+00
1.00635505e+00
9.85356927e-01
9.04210806e-01
9.29031312e-01
1.11245501e+00
9.39727962e-01
1.22140872e+00
9.41116810e-01
1.02215183e+00
1.16042542e+00
9.33919609e-01
9.14014459e-01
9.59674358e-01
1.01195014e+00
9.61168051e-01
9.45316732e-01
1.01112890e+00
1.25998735e+00
1.07150292e+00
1.07972670e+00
1.05757117e+00
1.09476793e+00
1.29426396e+00
1.06204867e+00
1.00689173e+00
9.98933256e-01
1.20628369e+00
1.24728298e+00
1.00498366e+00
1.22457063e+00
1.08701980e+00
1.20348907e+00
1.12010384e+00
9.66973245e-01
1.00053620e+00
1.25424623e+00
9.82845664e-01
1.00436389e+00
1.02950394e+00
8.87908995e-01
9.26883936e-01
1.36124849e+00
1.05453491e+00
1.05015337e+00
1.11290300e+00
1.03263342e+00
8.94211113e-01
8.93465877e-01
1.01424396e+00
1.01326048e+00
9.40031886e-01
1.00594020e+00
1.04534650e+00
1.18760848e+00
9.87528384e-01
9.39520180e-01
1.08881700e+00
1.18112671e+00
1.04338884e+00
9.30415452e-01
9.86241341e-01
1.22069955e+00
1.10297370e+00
1.08718216e+00
1.46244442e+00
1.03686941e+00
1.01075077e+00
9.94554043e-01
9.37862515e-01
1.04738462e+00
1.15002596e+00
1.17483413e+00
9.89399135e-01
1.14092541e+00
1.08430064e+00
9.53077614e-01
1.05493200e+00
9.92576778e-01
1.03881216e+00
8.87816846e-01
9.43426549e-01
1.13318348e+00
1.06933510e+00
1.06569171e+00
1.02404869e+00
1.11303341e+00
9.67700183e-01
8.60600770e-01
1.08271492e+00
9.97946501e-01
9.55460012e-01
1.19439113e+00
1.18140066e+00
1.06486022e+00
1.23571467e+00
9.59333599e-01
1.12546825e+00
1.27929795e+00
9.34464812e-01
9.00812447e-01
1.09995210e+00
1.03590322e+00
9.44640338e-01
9.79206264e-01
9.08267558e-01
9.54597235e-01
1.07443714e+00
1.14687514e+00
1.15196872e+00
1.10562372e+00
1.11800182e+00
1.09356201e+00
1.01609147e+00
1.07057464e+00
1.12861884e+00
9.95676041e-01
1.11779094e+00
1.22020733e+00
1.10991895e+00
1.34861124e+00
1.32228148e+00
1.21971750e+00
9.45118368e-01
8.29683840e-01
9.90969062e-01
1.14744830e+00
1.05912590e+00
9.78306293e-01
9.29525018e-01
8.74611914e-01
8.58982444e-01
8.61280799e-01
9.44723248e-01
8.54532957e-01
8.02943051e-01
8.79033566e-01
9.08300817e-01
1.00430870e+00
1.01640391e+00
9.93516862e-01
9.12556231e-01
9.42261338e-01
1.11627007e+00
8.99222970e-01
9.70759213e-01
9.94450867e-01
9.98908401e-01
1.05280590e+00
9.42237139e-01
1.04831111e+00
9.97344077e-01
9.14563894e-01
9.24131095e-01
1.02714431e+00
1.13010383e+00
9.90517020e-01
1.16568267e+00
9.40278351e-01
8.97571623e-01
9.59690332e-01
1.13048494e+00
1.00162649e+00
9.49711382e-01
9.77249265e-01
1.04705811e+00
1.09617448e+00
1.02363205e+00
1.06785738e+00
1.02794373e+00
1.01485550e+00
9.04265165e-01
8.97618711e-01
1.18860257e+00
9.82651591e-01
9.92188215e-01
1.05861676e+00
1.02318847e+00
1.00257444e+00
9.42799211e-01
1.01958096e+00
7.86296129e-01
8.19020092e-01
1.08438075e+00
1.08523369e+00
1.02199829e+00
9.25070405e-01
1.14333785e+00
1.05281091e+00
9.04426575e-01
8.31302166e-01
7.87986815e-01
8.36537004e-01
9.25819695e-01
9.99807477e-01
1.00877726e+00
9.34089720e-01
7.70912528e-01
8.98591876e-01
9.03916299e-01
9.12598372e-01
9.70625222e-01
8.94760668e-01
8.51168811e-01
8.03016901e-01
9.84354615e-01
9.37935174e-01
8.99915755e-01
9.92823541e-01
1.13128400e+00
9.17437673e-01
8.12326312e-01
1.00167489e+00
1.05411637e+00
8.59140277e-01
8.31749260e-01
8.69912207e-01
8.86735916e-01
8.01582336e-01
1.04105186e+00
1.12331450e+00
7.66783893e-01
8.40974450e-01
7.71277428e-01
1.01282322e+00
1.14909577e+00
8.81007969e-01
9.08845186e-01
1.03860760e+00
8.54003727e-01
8.47407162e-01
9.68353629e-01
1.04124641e+00
1.07883334e+00
1.04167986e+00
8.89437079e-01
7.85175204e-01
8.59191954e-01
1.13808739e+00
7.93393850e-01
8.21765065e-01
8.08040917e-01
1.17789662e+00
1.05712700e+00
7.98183084e-01
1.12442482e+00
8.88337851e-01
9.39859331e-01
9.78397548e-01
9.52843368e-01
9.94374752e-01
1.06254566e+00
8.21079850e-01
9.11631465e-01
8.08726728e-01
8.21570396e-01
9.66331303e-01
8.48091066e-01
1.11315525e+00
9.17769611e-01
8.83117557e-01
8.89512479e-01
8.98774266e-01
9.07567501e-01
7.67382205e-01
9.78331327e-01
8.92017245e-01
8.34157944e-01
9.78640318e-01
9.90133047e-01
9.42831576e-01
9.29823041e-01
8.27669621e-01
8.73598695e-01
1.01963294e+00
9.19932425e-01
1.17182529e+00
9.84894574e-01
8.55854392e-01
9.27148163e-01
8.99114728e-01
8.05286050e-01
1.06063175e+00
8.78592312e-01
7.29019761e-01
7.55378544e-01
1.01311302e+00
9.74728525e-01
9.11593318e-01
7.14210451e-01
6.73254788e-01
7.78404713e-01
1.03920758e+00
1.03593326e+00
9.08300340e-01
9.58661377e-01
9.16272938e-01
8.57246757e-01
8.07290554e-01
8.24467063e-01
8.14168036e-01
7.44238555e-01
8.44962299e-01
8.78741682e-01
7.13820100e-01
9.50274706e-01
8.65864336e-01
8.76188815e-01
7.41055131e-01
7.34106541e-01
9.88700032e-01
1.06774271e+00
8.28252852e-01
7.75631726e-01
7.16700077e-01
7.36581981e-01
7.92162240e-01
7.04838932e-01
7.87935853e-01
7.58279622e-01
6.77341223e-01
7.16404498e-01
9.00993943e-01
8.08798730e-01
1.12219179e+00
9.56803858e-01
7.86037862e-01
7.19146967e-01
8.30988467e-01
1.00095463e+00
9.43198919e-01
7.82637894e-01
8.72970760e-01
9.48432446e-01
8.03577065e-01
6.81607664e-01
7.11565137e-01
7.32542813e-01
7.88091183e-01
7.17794538e-01
8.01639497e-01
1.09661365e+00
6.83089674e-01
9.18746829e-01
8.01322818e-01
6.60580456e-01
6.66422904e-01
6.63505852e-01
7.72041857e-01
9.15180922e-01
7.79464424e-01
8.42628002e-01
8.02206695e-01
7.07203567e-01
9.14374232e-01
8.92696619e-01
7.94505119e-01
7.46019423e-01
6.78063750e-01
7.28708386e-01
1.05831575e+00
9.90029097e-01
7.43146896e-01
6.72849774e-01
7.84595251e-01
7.35699475e-01
7.40165710e-01
8.22274745e-01
8.09685469e-01
7.73487985e-01
7.66057789e-01
7.44711280e-01
6.28179610e-01
9.69569385e-01
6.34026706e-01
6.33781672e-01
8.69506717e-01
5.98913372e-01
8.73847723e-01
9.07707572e-01
8.39532435e-01
8.07300806e-01
7.27566957e-01
6.84714735e-01
8.13657343e-01
7.57337689e-01
9.01044786e-01
7.82473803e-01
6.90007746e-01
9.22438025e-01
7.03732669e-01
7.50847816e-01
6.56355798e-01
6.34790957e-01
6.24094605e-01
6.12206161e-01
6.46283209e-01
6.59725785e-01
5.88668346e-01
5.64614534e-01
8.56259465e-01
7.45035172e-01
7.13999331e-01
5.81184566e-01
6.34654999e-01
6.50701642e-01
6.00912213e-01
8.48451495e-01
9.49996591e-01
6.94715858e-01
6.65240467e-01
6.48994029e-01
7.04460740e-01
7.94199049e-01
8.89095545e-01
6.82165384e-01
9.09876823e-01
9.09809351e-01
6.26794577e-01
6.68949485e-01
5.65296233e-01
6.10260367e-01
6.06182218e-01
6.59017742e-01
7.88579404e-01
5.95856965e-01
5.86379647e-01
6.10298991e-01
7.07920969e-01
5.87825239e-01
6.34473681e-01
5.79365551e-01
5.89370787e-01
6.48936689e-01
7.10883737e-01
6.07554197e-01
5.51018953e-01
5.43576598e-01
5.37935853e-01
5.30396760e-01
4.98717666e-01
5.13438821e-01
5.24155915e-01
5.17984271e-01
8.02661121e-01
4.95552391e-01
5.02975881e-01
4.76119965e-01
5.80035567e-01
6.46193802e-01
5.79238534e-01
5.54448187e-01
5.28546989e-01
5.36188543e-01
5.68882108e-01
5.75147212e-01
6.53911114e-01
5.77669740e-01
5.30887902e-01
5.03889561e-01
5.06152511e-01
6.69796050e-01
5.18733740e-01
6.67327881e-01
5.66965103e-01
5.04155338e-01
4.89197254e-01
4.90975797e-01
5.20769298e-01
4.86341476e-01
5.07130802e-01
5.66870153e-01
5.25097549e-01
6.64406538e-01
6.63393319e-01
7.02722311e-01
6.34850323e-01
5.78195095e-01
5.87540507e-01
5.84305525e-01
5.66856802e-01
5.07337689e-01
6.03958845e-01
5.74689448e-01
5.27279794e-01
7.65595675e-01
6.52121007e-01
6.03126049e-01
5.32884955e-01
5.20355225e-01
6.67334855e-01
6.08079016e-01
6.40739560e-01
5.75310230e-01
5.30810893e-01
5.07175028e-01
5.69902062e-01
7.23047078e-01
6.52586699e-01
5.41290462e-01
5.53229630e-01
7.26230383e-01
8.25537026e-01
6.68943822e-01
9.08184707e-01
6.78610444e-01
6.16492391e-01
6.37062609e-01
6.44186139e-01
7.20336258e-01
7.22597837e-01
4.89074886e-01
6.00863039e-01
8.90094340e-01
7.90103912e-01
6.16010785e-01
8.17893803e-01
6.49515688e-01
5.99310100e-01
6.10568345e-01
6.17426395e-01
6.59206390e-01
6.27749085e-01
6.30863965e-01
8.02553236e-01
6.20871305e-01
5.22243083e-01
7.39133060e-01
5.60010135e-01
5.80472827e-01
5.49653947e-01
4.96751308e-01
5.50733984e-01
6.73704147e-01
7.65222311e-01
6.41964078e-01
7.69217193e-01
8.19226205e-01
6.64826035e-01
6.60068512e-01
7.84411311e-01
7.89048791e-01
7.33771622e-01
8.40970457e-01
8.55779707e-01
5.91742814e-01
6.52647972e-01
6.82752907e-01
6.51582599e-01
6.40556335e-01
6.22240126e-01
5.89949489e-01
9.30568755e-01
6.46376014e-01
5.81283629e-01
6.52456164e-01
5.94430864e-01
6.19840384e-01
5.54325402e-01
5.58257639e-01
7.84938276e-01
9.36513543e-01
6.85568392e-01
5.44151962e-01
7.93925166e-01
6.65529609e-01
6.06352568e-01
5.69518566e-01
5.67798793e-01
7.65702426e-01
6.96973324e-01
7.21574306e-01
6.56888604e-01
6.09410524e-01
5.84321141e-01
5.62249303e-01
5.33343256e-01
5.53745329e-01
6.45175099e-01
6.65080786e-01
6.11903071e-01
5.97830176e-01
6.46212399e-01
5.60018420e-01
5.40827274e-01
7.00709522e-01
8.76554072e-01
7.80084074e-01
5.83151579e-01
4.90686327e-01
6.50016606e-01
8.02624047e-01
6.93927765e-01
8.40390742e-01
7.90327489e-01
6.23251140e-01
7.48282492e-01
8.89732718e-01
7.00498104e-01
5.67337394e-01
7.64653862e-01
5.09235144e-01
5.29178262e-01
6.79675639e-01
6.41750216e-01
5.49376726e-01
6.14676774e-01
9.61921215e-01
7.16698468e-01
5.11915982e-01
5.89902222e-01
6.97324634e-01
1.44238722e+00
1.07842505e+00
6.20324790e-01
5.84651470e-01
7.00734437e-01
6.39115512e-01
5.48830509e-01
4.73886698e-01
6.43327892e-01
6.34674728e-01
4.94263828e-01
6.66970253e-01
6.80353343e-01
6.20058239e-01
6.61015272e-01
5.64039528e-01
4.54620838e-01
5.01817465e-01
6.99456096e-01
5.66110194e-01
5.44998944e-01
5.97877920e-01
6.69185638e-01
6.08518362e-01
7.54880548e-01
6.98549509e-01
5.67300081e-01
5.20507574e-01
5.16108632e-01
4.26227540e-01
5.72325408e-01
5.58317363e-01
6.35015607e-01
7.69381940e-01
7.49148250e-01
8.79378676e-01
5.70835590e-01
7.05061257e-01
7.54892886e-01
6.98286235e-01
6.02546811e-01
5.29289544e-01
5.20274818e-01
5.18310905e-01
5.41004002e-01
5.58386087e-01
5.60304940e-01
5.52871644e-01
5.45466363e-01
8.14791143e-01
7.11862028e-01
6.82533443e-01
8.74507546e-01
6.81250691e-01
5.03505230e-01
5.89777708e-01
8.05613101e-01
7.56077766e-01
6.35804117e-01
6.28244877e-01
4.79998201e-01
5.35082400e-01
5.65799415e-01
5.94534993e-01
6.32037342e-01
4.63738024e-01
8.25967252e-01
6.15686715e-01
5.46150327e-01
5.70120811e-01
4.75537032e-01
6.51928008e-01
6.36654735e-01
4.27422345e-01
5.36966801e-01
5.94705284e-01
4.91016120e-01
5.49514651e-01
4.67961788e-01
6.68078065e-01
7.32835352e-01
6.14913583e-01
5.19768834e-01
5.18082380e-01
5.43470085e-01
5.68383813e-01
6.26607180e-01
5.62966347e-01
5.14650881e-01
7.22434998e-01
4.24860477e-01
6.49201810e-01
6.95254922e-01
5.59227049e-01
6.28773451e-01
7.32567668e-01
6.19251311e-01
6.27961457e-01
5.83279490e-01
6.51566327e-01
7.59694874e-01
6.13647163e-01
5.20560682e-01
6.06971741e-01
5.95859528e-01
6.13194525e-01
6.36702716e-01
4.73449171e-01
6.04729772e-01
5.48335850e-01
5.86900830e-01
5.82027018e-01
5.05344748e-01
5.99548340e-01
5.95107257e-01
6.77830279e-01
6.69076383e-01
6.93536758e-01
7.14824855e-01
5.45744658e-01
7.10797608e-01
6.33008361e-01
4.90881413e-01
5.00478983e-01
5.26265264e-01
5.53241909e-01
5.31705201e-01
4.62802529e-01
4.56047654e-01
5.42809367e-01
8.32457900e-01
5.91914952e-01
7.55992830e-01
6.45312667e-01
5.63146412e-01
5.04057229e-01
4.79437828e-01
5.14842689e-01
4.12194818e-01
4.32253718e-01
5.10287702e-01
6.47166729e-01
6.89869404e-01
4.93709862e-01
5.19356430e-01
5.11645198e-01
4.45570707e-01
5.37200332e-01
7.67872989e-01
7.35605001e-01
4.07790065e-01
5.98639965e-01
6.80936277e-01
5.47913432e-01
5.30970514e-01
6.30627573e-01
4.55917507e-01
5.34313142e-01
6.91029966e-01
6.09837353e-01
4.98584718e-01
5.52671492e-01
4.39162910e-01
5.10450542e-01
5.78167021e-01
6.53379440e-01
6.76940978e-01
6.26887619e-01
6.18919432e-01
6.37848854e-01
5.37530959e-01
4.94261831e-01
6.01759613e-01
5.23883760e-01
4.81574774e-01
7.60673225e-01
6.22019470e-01
4.43206906e-01
6.08185053e-01
7.42312789e-01
5.04271805e-01
5.48796058e-01
4.77732480e-01
5.11335492e-01
6.88663960e-01
5.27183592e-01
4.16187048e-01
5.08800328e-01
4.88966197e-01
4.71235365e-01
6.38411164e-01
6.89975739e-01
4.11455035e-01
5.15579104e-01
5.69919765e-01
4.08780903e-01
4.03615892e-01
5.51507652e-01
6.31892502e-01
5.73535144e-01
5.23960114e-01
5.31420410e-01
5.86195767e-01
6.35022461e-01
4.57402438e-01
4.36604649e-01
5.09294033e-01
4.48071003e-01
3.54362518e-01
3.71435463e-01
4.91823912e-01
7.04219341e-01
6.27410591e-01
5.82446575e-01
6.19429111e-01
4.61773962e-01
4.24166501e-01
7.16642082e-01
5.57806015e-01
3.97995263e-01
5.43600082e-01
4.47508842e-01
4.30660039e-01
5.30918360e-01
5.65269887e-01
5.99695385e-01
6.05870485e-01
4.45444107e-01
5.07276952e-01
4.29747641e-01
3.71521711e-01
4.25371706e-01
5.95053136e-01
6.26755595e-01
4.85088408e-01
3.84389132e-01
4.22324866e-01
4.74004388e-01
4.34719115e-01
4.89615321e-01
3.87531072e-01
6.40671134e-01
4.50459480e-01
3.56576502e-01
6.05318010e-01
4.20246124e-01
4.24719453e-01
3.77823383e-01
5.62038124e-01
6.45484746e-01
4.46575910e-01
7.20760167e-01
3.93462926e-01
6.98007643e-01
7.08875179e-01
5.14118671e-01
5.62629759e-01
4.89573807e-01
4.51868474e-01
4.29413825e-01
5.81850588e-01
6.64502680e-01
5.25503755e-01
5.65845370e-01
4.59357202e-01
3.30124706e-01
5.36575079e-01
6.69603050e-01
4.57359493e-01
7.61755586e-01
7.05628395e-01
4.01895344e-01
3.55994672e-01
4.70623374e-01
6.33740664e-01
6.48747861e-01
7.23761022e-01
4.93999839e-01
3.56543660e-01
4.14194226e-01
5.99577725e-01
3.35430622e-01
5.73944509e-01
5.30988097e-01
3.61473382e-01
4.77093160e-01
7.14891672e-01
4.80610222e-01
3.98095518e-01
5.70976436e-01
6.05863452e-01
4.34393346e-01
4.31515545e-01
3.79783779e-01
5.89375734e-01
4.64812547e-01
4.75623429e-01
4.77096260e-01
4.55409646e-01
6.57973409e-01
6.09479666e-01
4.12798643e-01
3.70755404e-01
4.70906287e-01
5.99165082e-01
4.78464842e-01
3.79178941e-01
5.83412409e-01
5.62636256e-01
4.12774920e-01
3.12626779e-01
4.11155075e-01
4.84917969e-01
4.37438488e-01
4.69552577e-01
4.78057086e-01
4.39438909e-01
4.01930481e-01
4.83537644e-01
4.99924868e-01
4.58080083e-01
4.71955538e-01
5.42988539e-01
4.14097309e-01
3.93075019e-01
6.29320204e-01
5.93815386e-01
4.58595544e-01
4.51969296e-01
3.60553741e-01
4.65769172e-01
5.49189627e-01
5.60509264e-01
4.18605983e-01
3.47231597e-01
5.72104156e-01
4.06398773e-01
3.41015816e-01
3.60823870e-01
3.92786920e-01
5.34721732e-01
6.57649159e-01
4.88529772e-01
5.27719080e-01
4.23242003e-01
3.66333246e-01
4.05499399e-01
5.51205277e-01
5.27276754e-01
4.57894444e-01
4.24823374e-01
4.03625399e-01
4.48827147e-01
3.41402292e-01
3.46651316e-01
4.57454741e-01
4.99485493e-01
4.23941016e-01
4.23602134e-01
3.59419405e-01
4.29283261e-01
4.97075081e-01
4.09478068e-01
3.94284964e-01
4.04665500e-01
3.06017160e-01
3.85726392e-01
4.20799822e-01
3.27028304e-01
2.98845977e-01
6.29876018e-01
5.02938628e-01
3.90411764e-01
5.85564613e-01
4.98237431e-01
4.50267792e-01
6.98383331e-01
3.45597535e-01
4.36695904e-01
6.55380905e-01
5.37156820e-01
4.02630478e-01
4.48375583e-01
4.89389032e-01
2.80146718e-01
4.16887522e-01
4.44430470e-01
3.65081877e-01
4.10397589e-01
3.36581826e-01
4.90217686e-01
4.67378318e-01
4.45072085e-01
4.16693240e-01
4.12291646e-01
6.56232953e-01
5.37925780e-01
5.19774377e-01
4.46208656e-01
3.81551266e-01
3.28188062e-01
3.18110913e-01
4.42427516e-01
2.90758342e-01
3.56731653e-01
4.75728035e-01
3.96427125e-01
4.32153612e-01
4.56429720e-01
3.11377317e-01
4.58612829e-01
5.58512568e-01
3.58616024e-01
4.60104704e-01
2.92560637e-01
4.78218138e-01
6.24832094e-01
4.99321878e-01
4.48687464e-01
4.32994664e-01
3.50672185e-01
3.87505770e-01
4.05607343e-01
3.92715007e-01
4.18549299e-01
5.83786249e-01
3.97489458e-01
3.28065813e-01
3.85199547e-01
3.97809684e-01
3.84423018e-01
4.71065164e-01
5.07492483e-01
5.93622148e-01
5.21091700e-01
3.49359721e-01
3.80978763e-01
5.41503727e-01
1.22459805e+00
8.29491198e-01
1.69069445e+00
1.30543089e+00
8.39821875e-01
6.30237818e-01
3.70766968e-01
3.07572931e-01
2.80250251e-01
4.55448180e-01
6.87096477e-01
4.44934189e-01
3.55788440e-01
3.89620304e-01
3.32249194e-01
3.55547041e-01
5.57641208e-01
4.25769418e-01
3.88595223e-01
4.53097433e-01
4.45999295e-01
3.90575707e-01
4.56960827e-01
6.83600724e-01
4.91505563e-01
3.58620048e-01
3.02501798e-01
3.59027863e-01
4.00775582e-01
4.12271231e-01
2.84263372e-01
3.41433704e-01
4.35543925e-01
4.08556134e-01
4.05683607e-01
2.82366574e-01
5.21750510e-01
5.10647118e-01
3.34761530e-01
3.55836749e-01
4.06918913e-01
2.81525463e-01
5.46793222e-01
4.42946196e-01
3.49679917e-01
3.65904212e-01
3.24183702e-01
3.02441537e-01
5.75658619e-01
4.13118929e-01
4.23345059e-01
5.33415198e-01
3.29184681e-01
4.26618755e-01
4.21903998e-01
3.16708297e-01
3.35194409e-01
4.75957543e-01
4.68480259e-01
3.41573268e-01
3.80892962e-01
4.42195147e-01
3.34915459e-01
3.23498219e-01
4.14386570e-01
6.30131245e-01
2.72663683e-01
3.77482027e-01
4.34330642e-01
3.06435734e-01
3.19730997e-01
2.66144842e-01
4.15721297e-01
3.47892374e-01
2.67784148e-01
3.63820374e-01
4.28685188e-01
3.49006891e-01
2.91609764e-01
3.15946668e-01
4.59959984e-01
3.47812355e-01
2.68955529e-01
3.72501105e-01
2.94295549e-01
2.35330001e-01
3.81327361e-01
5.74278533e-01
4.60948348e-01
4.99637395e-01
3.03975135e-01
2.86493450e-01
3.20568174e-01
3.78434330e-01
5.51731646e-01
5.26411772e-01
3.54549944e-01
3.00957799e-01
3.10270756e-01
3.33889425e-01
3.52769136e-01
4.13111210e-01
4.27386373e-01
4.14019227e-01
4.42213178e-01
3.97650152e-01
2.95251548e-01
3.69098842e-01
4.00181025e-01
3.19472343e-01
3.30943257e-01
3.83161873e-01
2.59662360e-01
3.43853414e-01
2.85989732e-01
3.27330709e-01
3.56825173e-01
2.66088367e-01
3.53518039e-01
2.84225732e-01
2.86951303e-01
2.96993196e-01
2.65046179e-01
2.57380754e-01
3.31904680e-01
4.48536187e-01
2.37386793e-01
2.94774085e-01
3.63733053e-01
3.69732350e-01
4.12992239e-01
3.85687411e-01
2.88203508e-01
4.98549640e-01
4.18869555e-01
2.65859455e-01
3.92737210e-01
3.03740621e-01
2.70223081e-01
3.21553200e-01
3.86222541e-01
3.97144437e-01
3.98367643e-01
2.73666739e-01
3.38419944e-01
4.41734433e-01
4.03869152e-01
2.83572942e-01
3.22744787e-01
5.24697244e-01
3.01979691e-01
2.57063240e-01
3.15334350e-01
2.87628412e-01
2.67413825e-01
4.42586035e-01
2.56880909e-01
3.92577142e-01
4.28299904e-01
3.10436755e-01
4.68402863e-01
3.30719501e-01
3.65343124e-01
4.29561049e-01
2.60071844e-01
2.64986098e-01
4.39137042e-01
2.66821802e-01
3.67418677e-01
5.10398209e-01
5.15221179e-01
4.15181816e-01
2.98382431e-01
3.28733683e-01
2.41753459e-01
2.60755330e-01
2.44976431e-01
3.00304234e-01
2.46996224e-01
4.55338389e-01
2.60037392e-01
2.63536900e-01
3.71388435e-01
3.79448831e-01
2.80623466e-01
4.36023593e-01
4.60464776e-01
3.87863576e-01
5.28075457e-01
5.16019821e-01
2.65739977e-01
4.15580571e-01
4.64013070e-01
3.69335532e-01
2.19497368e-01
2.40494594e-01
2.85520971e-01
4.32869852e-01
3.09147209e-01
2.52532899e-01
2.87459671e-01
2.72120863e-01
2.57009447e-01
2.15471596e-01
3.08728069e-01
2.74408966e-01
4.24812198e-01
4.33283001e-01
2.40286991e-01
4.45628732e-01
2.46090382e-01
3.28212053e-01
4.26880002e-01
4.55431968e-01
4.36739206e-01
3.38460267e-01
2.93087780e-01
3.68874758e-01
3.88335377e-01
4.25944299e-01
5.76805830e-01
2.54189849e-01
2.50869215e-01
2.60963053e-01
2.15013370e-01
2.19479948e-01
2.42849052e-01
2.89829254e-01
3.13576698e-01
3.38313103e-01
3.02275717e-01
2.60899752e-01
3.38646472e-01
5.34673214e-01
5.97083807e-01
3.73302400e-01
2.97159553e-01
3.46269310e-01
2.72380352e-01
4.27746296e-01
4.70272392e-01
5.44660985e-01
3.37554187e-01
2.71893799e-01
3.27938288e-01
2.40225717e-01
2.52169192e-01
2.89094239e-01
2.98942447e-01
2.41519570e-01
2.00402468e-01
3.07860583e-01
2.90323138e-01
3.91543925e-01
4.38697070e-01
4.34325427e-01
4.00403947e-01
4.08076316e-01
2.07942978e-01
3.38585079e-01
3.68635863e-01
2.24671498e-01
3.53168339e-01
4.45459127e-01
4.15813833e-01
4.10340428e-01
2.06567422e-01
2.42718473e-01
7.38763869e-01
3.18195134e-01
3.17426354e-01
2.25049853e-01
2.82170922e-01
3.78524244e-01
2.17246920e-01
2.86749244e-01
2.36176714e-01
3.08023959e-01
3.95631552e-01
4.38447714e-01
4.13459361e-01
3.09997708e-01
3.47734809e-01
2.50209004e-01
2.71073461e-01
3.64600480e-01
2.26047620e-01
2.04731300e-01
2.57675111e-01
2.44829059e-01
2.23123759e-01
2.08849162e-01
3.56671602e-01
3.10076684e-01
2.11826131e-01
5.15487194e-01
4.60270315e-01
2.47644767e-01
3.14739704e-01
4.05530959e-01
4.12848920e-01
2.27409542e-01
3.73900443e-01
4.92464870e-01
1.90589041e-01
4.11461711e-01
2.51841366e-01
2.51295835e-01
2.64834523e-01
3.04665983e-01
2.58982122e-01
2.34833628e-01
2.75497794e-01
4.33659405e-01
3.63825768e-01
2.08950087e-01
2.27831259e-01
1.96078271e-01
2.37070203e-01
3.17543834e-01
3.46768796e-01
3.35124135e-01
3.61570150e-01
5.22341728e-01
3.72979105e-01
3.25310677e-01
2.62432367e-01
2.86651880e-01
3.82862389e-01
2.70825535e-01
2.65267223e-01
2.06183076e-01
2.39114150e-01
2.50225633e-01
2.33667627e-01
3.09535831e-01
4.16030556e-01
3.26530248e-01
2.80542225e-01
3.38885665e-01
4.55060571e-01
3.03539276e-01
3.51218432e-01
2.93937624e-01
2.35417008e-01
3.02386731e-01
5.39722919e-01
4.28266972e-01
3.47425878e-01
2.72760034e-01
2.35858068e-01
2.73199618e-01
5.36937118e-01
3.31729740e-01
2.84142882e-01
2.78187186e-01
2.52323776e-01
2.29213834e-01
2.51693279e-01
2.11433679e-01
4.26665127e-01
3.41548115e-01
1.91124558e-01
1.69991061e-01
2.77245790e-01
3.05349678e-01
2.88791090e-01
3.03975463e-01
3.08219492e-01
3.38857055e-01
3.59040856e-01
2.53006697e-01
2.70942807e-01
3.85377884e-01
2.00360507e-01
1.58900097e-01
3.85820836e-01
2.17669368e-01
5.93725681e-01
3.67527694e-01
2.16189399e-01
4.44964796e-01
3.86987984e-01
1.93881482e-01
1.73815444e-01
3.35358500e-01
4.05874252e-01
2.52683550e-01
2.39127383e-01
3.95754516e-01
2.25589231e-01
1.78644508e-01
2.22144097e-01
2.82563180e-01
1.84944734e-01
3.59402686e-01
3.55747908e-01
4.30811733e-01
5.56145072e-01
5.12816489e-01
2.72179723e-01
2.25627005e-01
2.72577673e-01
3.70694727e-01
4.62481648e-01
4.04406846e-01
2.16847017e-01
5.86317122e-01
2.62347579e-01
2.18485206e-01
2.73929209e-01
2.50157446e-01
1.75504908e-01
2.56296307e-01
1.70742452e-01
2.33971879e-01
2.75275648e-01
2.71085560e-01
2.17537254e-01
2.39493564e-01
2.13753432e-01
2.89277613e-01
2.70172894e-01
2.09199384e-01
3.48086238e-01
1.90291628e-01
1.74806565e-01
1.78681374e-01
1.40282065e-01
2.07538351e-01
2.14126974e-01
2.61370093e-01
1.48450643e-01
0.00000000e+00
1.93594515e-01
2.76180685e-01
1.74065381e-01
2.49824315e-01
3.57925087e-01
3.96788508e-01
4.88981009e-01
4.96984005e-01
1.99165910e-01
1.67056516e-01
1.90757349e-01
5.02168119e-01
4.44856673e-01
2.03044668e-01
5.91201961e-01
2.13242248e-01
4.35230881e-01
3.12235475e-01
2.07534149e-01
2.04877630e-01
1.58596292e-01
2.14552984e-01
2.31538147e-01
2.46759579e-01
2.39564404e-01
2.62105763e-01
2.39561766e-01
1.96960419e-01
2.63582736e-01
1.89139888e-01
1.80679381e-01
3.97896856e-01
5.18259227e-01
1.76637411e-01
1.80906013e-01
1.67458415e-01
1.99523702e-01
2.32051268e-01
2.27031246e-01
3.11432123e-01
2.31043816e-01
2.02374399e-01
3.03937465e-01
3.74737024e-01
2.66196579e-01
2.01596826e-01
1.56484097e-01
1.73927352e-01
2.46364325e-01
2.11367816e-01
2.49731839e-01
1.68906197e-01
2.14379549e-01
2.15641409e-01
2.68619657e-01
1.81379288e-01
3.09159011e-01
6.07622385e-01
1.92094013e-01
2.12140709e-01
3.60543787e-01
2.73202091e-01
3.00093353e-01
2.39905998e-01
1.57793343e-01
1.79626629e-01
3.02618891e-01
3.92358541e-01
3.34737033e-01
3.28984797e-01
1.85547575e-01
2.95873821e-01
3.18598092e-01
2.84861475e-01
2.42239386e-01
2.52153337e-01
2.26592749e-01
2.01087058e-01
2.05149099e-01
1.58469334e-01
2.42049679e-01
2.34081700e-01
3.82452995e-01
3.62841457e-01
2.29659662e-01
2.37245902e-01
3.59723061e-01
2.11015716e-01
2.42169112e-01
2.54984260e-01
3.58471692e-01
2.29803666e-01
2.57098794e-01
2.23090306e-01
2.58744776e-01
3.93446565e-01
6.94229484e-01
7.13344336e-01
5.06430984e-01
3.42271477e-01
4.74625677e-01
2.59992301e-01
2.84450561e-01
4.65718657e-01
2.77194977e-01
2.01268196e-01
2.71617264e-01
3.04015845e-01
4.82305646e-01
5.23312211e-01
2.16831267e-01
4.08635557e-01
2.56025672e-01
2.27956891e-01
4.20336485e-01
4.13823575e-01
1.74996585e-01
3.22384596e-01
2.18093604e-01
1.57928586e-01
2.04169333e-01
2.40644306e-01
2.07327589e-01
1.83158457e-01
2.01450065e-01
1.58404827e-01
2.09024459e-01
2.59647965e-01
2.19717756e-01
2.91988105e-01
2.90517509e-01
2.98733771e-01
1.81996763e-01
1.65829495e-01
2.42789298e-01
2.06406355e-01
1.60795048e-01
2.44031772e-01
3.93554926e-01
5.87071240e-01
3.06304067e-01
4.88756120e-01
3.33702356e-01
2.40248606e-01
3.59653771e-01
3.34145933e-01
2.21468598e-01
2.69581974e-01
3.79491687e-01
2.54189700e-01
2.62570590e-01
3.52863401e-01
1.89843133e-01
2.81167269e-01
1.43885598e-01
2.13109896e-01
3.81359249e-01
2.38999560e-01
1.58877611e-01
2.17212990e-01
1.88336581e-01
2.26669058e-01
3.92611593e-01
3.76608461e-01
2.09349990e-01
2.49134436e-01
3.03572655e-01
3.44745845e-01
2.47834444e-01
2.35667631e-01
3.34826469e-01
4.84603524e-01
2.84436643e-01
3.27792287e-01
3.96965891e-01
2.32317194e-01
1.34631082e-01
2.34303817e-01
3.60869825e-01
2.56563246e-01
1.87164918e-01
2.01372981e-01
2.04013810e-01
4.47485656e-01
3.35168451e-01
4.79569763e-01
3.02369595e-01
2.25291640e-01
2.02265739e-01
1.70214593e-01
6.02937400e-01
4.52343971e-01
2.25468695e-01
3.48953038e-01
3.23144168e-01
2.73183882e-01
2.52789825e-01
2.19605461e-01
1.91626206e-01
1.93582669e-01
4.25623626e-01
3.80516946e-01
2.61996388e-01
1.63807347e-01
2.16014668e-01
2.96690017e-01
2.61857808e-01
3.21164131e-01
2.29396373e-01
2.62243003e-01
2.95173556e-01
2.07332507e-01
2.38109067e-01
3.19825351e-01
2.87501484e-01
2.42282882e-01
2.25058943e-01
3.05430561e-01
1.93461269e-01
3.65060002e-01
4.37793046e-01
3.62755269e-01
2.92805642e-01
3.40538442e-01
3.15284342e-01
2.49995068e-01
2.34619364e-01
1.31995365e-01
1.44588649e-01
3.60450327e-01
2.19768390e-01
1.68699592e-01
2.56274074e-01
2.67721325e-01
1.71634406e-01
1.51032180e-01
1.99419558e-01
1.77348822e-01
2.69592851e-01
2.24822879e-01
1.46175817e-01
2.20908836e-01
4.21773612e-01
2.28126571e-01
2.12455526e-01
2.51202494e-01
1.74738362e-01
1.41992748e-01
1.54207706e-01
1.92769796e-01
2.91515410e-01
3.41537833e-01
2.81648487e-01
2.25403279e-01
2.68711686e-01
1.88511506e-01
1.80175409e-01
2.17271805e-01
3.64482939e-01
3.28203470e-01
3.01821470e-01
3.22172940e-01
1.92000136e-01
2.00609222e-01
2.30966941e-01
3.93037677e-01
3.80780607e-01
2.42969975e-01
2.80590802e-01
2.95424581e-01
2.78119504e-01
2.52740920e-01
2.38190651e-01
3.58439356e-01
8.28028023e-01
8.93325686e-01
8.66107047e-01
4.71149266e-01
3.75010610e-01
2.80362189e-01
1.97032571e-01
2.60368258e-01
2.71927863e-01
1.43125683e-01
2.11686417e-01
1.79779142e-01
2.13786796e-01
2.70551026e-01
4.07828450e-01
4.72084761e-01
3.46880853e-01
4.21821415e-01
4.28518862e-01
2.62055486e-01
1.97318941e-01
2.21156240e-01
2.83185661e-01
2.38340333e-01
2.37823978e-01
2.18273520e-01
1.92965314e-01
2.39124238e-01
4.03822333e-01
2.11208940e-01
1.69043541e-01
2.72245944e-01
3.07109207e-01
1.64506793e-01
1.43706903e-01
2.87868410e-01
2.37704679e-01
1.53282031e-01
1.68268099e-01
2.12676451e-01
2.39104211e-01
2.21823186e-01
2.72428840e-01
2.52371848e-01
1.93519235e-01
2.98271507e-01
1.60367325e-01
3.61389935e-01
2.75420398e-01
3.46676707e-01
3.31122160e-01
1.46969438e-01
2.05020443e-01
1.90749750e-01
2.16992438e-01
3.31837237e-01
2.94957846e-01
1.64345056e-01
2.35914573e-01
3.79072756e-01
1.85555741e-01
2.37327427e-01
3.44139040e-01
2.20356584e-01
1.37888536e-01
2.42715627e-01
2.22716600e-01
2.90728688e-01
3.50091547e-01
2.46974602e-01
1.89715490e-01
1.59963489e-01
3.42861205e-01
3.63538951e-01
2.08773717e-01
2.24869266e-01
2.13604853e-01
2.00199798e-01
2.18986705e-01
2.22311020e-01
1.57382801e-01
1.34464204e-01
1.95897773e-01
2.91789442e-01
2.31948942e-01
2.35179469e-01
2.06575885e-01
1.34867653e-01
1.51833817e-01
2.00441197e-01
1.79041147e-01
1.53640822e-01
1.78641275e-01
2.04803467e-01
1.93383723e-01
1.36717379e-01
2.39243895e-01
2.07475334e-01
1.23767294e-01
1.72849730e-01
2.68665791e-01
2.55421937e-01
3.18568707e-01
2.75131404e-01
4.69632417e-01
1.22480738e+00
5.87969780e-01
1.98746622e-01
3.30945432e-01
2.22256750e-01
2.21090466e-01
3.74468118e-01
2.60306031e-01
2.16973811e-01
2.17336461e-01
2.52171516e-01
2.03591913e-01
1.53950289e-01
2.19574541e-01
1.61196396e-01
1.42023116e-01
1.96012929e-01
2.30817407e-01
1.62444651e-01
1.70522764e-01
2.84656227e-01
1.87979549e-01
2.08751500e-01
2.34247655e-01
1.83598191e-01
1.65072799e-01
1.48324445e-01
2.52245218e-01
2.52273560e-01
1.36532754e-01
1.80370033e-01
4.55454499e-01
1.92799240e-01
1.67295113e-01
2.14736640e-01
1.75180197e-01
1.68733969e-01
1.66123360e-01
1.44427270e-01
1.92207575e-01
4.55615789e-01
2.95425326e-01
2.15021178e-01
2.01386705e-01
1.51956961e-01
2.12620288e-01
2.89038897e-01
2.44148195e-01
1.81040585e-01
1.90993249e-01
1.63140148e-01
1.25057742e-01
1.80610105e-01
2.79970258e-01
2.43200973e-01
2.32646674e-01
2.58366942e-01
2.38027200e-01
3.18576932e-01
3.02971572e-01
1.51047185e-01
1.69461250e-01
2.36031383e-01
2.58772045e-01
2.60011375e-01
2.70649493e-01
2.76718318e-01
3.66260022e-01
3.37056756e-01
2.42604196e-01
3.21898282e-01
3.97999078e-01
2.60266095e-01
1.45829707e-01
1.99042827e-01
1.79773152e-01
1.41124025e-01
1.50877655e-01
1.52705237e-01
1.72142297e-01
3.05164427e-01
4.01817530e-01
2.66296208e-01
1.71991482e-01
2.02290818e-01
2.61964709e-01
2.99481422e-01
2.38398090e-01
3.21922928e-01
3.28225732e-01
2.54857272e-01
3.81100118e-01
2.71562040e-01
3.92684489e-01
3.36216331e-01
1.88731760e-01
2.35983476e-01
1.54685900e-01
2.03333169e-01
3.70883077e-01
2.84092784e-01
1.56581387e-01
2.03831419e-01
2.00040445e-01
2.28099734e-01
2.11634517e-01
1.76764026e-01
1.87285259e-01
2.60509759e-01
2.65740573e-01
2.01244235e-01
1.55695915e-01
2.25641713e-01
2.36333951e-01
1.57080114e-01
3.99259567e-01
2.65918791e-01
3.29948127e-01
1.44274101e-01
2.14181378e-01
1.75796971e-01
1.61546618e-01
2.40980044e-01
3.05006832e-01
2.00547308e-01
1.74021393e-01
2.73600787e-01
2.54906893e-01
2.09812179e-01
1.88058332e-01
2.27726534e-01
2.91541129e-01
1.89715981e-01
2.33107820e-01
1.84433699e-01
2.67260879e-01
2.65330285e-01
1.44004092e-01
2.14444071e-01
2.94496059e-01
3.79383624e-01
2.73116231e-01
2.46183142e-01
2.23594025e-01
1.60821736e-01
3.30709815e-01
2.58134365e-01
2.80316919e-01
4.25933123e-01
3.14989746e-01
1.50949538e-01
4.15731281e-01
1.74204603e-01
1.93334997e-01
2.22971663e-01
2.51199365e-01
2.02993751e-01
1.79104790e-01
3.17239225e-01
2.32735708e-01
3.04889113e-01
3.12513649e-01
1.54869959e-01
1.55067295e-01
1.57431886e-01
1.66597888e-01
1.80193961e-01
1.64590433e-01
1.35479838e-01
1.52613297e-01
2.22761393e-01
1.57776639e-01
1.53777897e-01
1.72970086e-01
1.73450038e-01
1.92805901e-01
1.67888850e-01
1.95021033e-01
3.17001492e-01
2.25511059e-01
1.26571283e-01
1.81311592e-01
3.51231068e-01
2.15994194e-01
1.61245406e-01
1.40759140e-01
1.53931916e-01
1.87931135e-01
1.39258236e-01
2.94022679e-01
2.95550227e-01
1.56434968e-01
1.58922359e-01
2.51539230e-01
1.64068729e-01
2.40510568e-01
1.55566067e-01
1.30666271e-01
2.74215072e-01
1.62705764e-01
1.96332127e-01
1.77327439e-01
1.99897692e-01
2.76800692e-01
2.43647933e-01
1.69169337e-01
1.53497159e-01
1.60041124e-01
1.57533452e-01
1.76217303e-01
1.95365205e-01
2.18849257e-01
1.59033924e-01
2.22301960e-01
2.95262247e-01
2.27296174e-01
2.07748711e-01
1.58503965e-01
2.96343744e-01
1.97843626e-01
1.75542295e-01
2.29020655e-01
2.12914884e-01
3.30379725e-01
2.46867463e-01
1.61129683e-01
1.40039399e-01
1.87153459e-01
1.53130531e-01
1.75810739e-01
3.85127336e-01
1.97151706e-01
2.46543601e-01
3.67332071e-01
1.51818022e-01
2.14569226e-01
2.36837968e-01
2.16622517e-01
2.44207501e-01
2.08773091e-01
1.88325867e-01
1.91194594e-01
3.02714884e-01
2.83968002e-01
1.53325379e-01
1.59497529e-01
2.59841561e-01
1.54423490e-01
1.68326810e-01
3.16919029e-01
2.14542001e-01
1.43666208e-01
2.00627223e-01
2.22549722e-01
1.67907909e-01
1.71036273e-01
3.07515234e-01
2.75216758e-01
1.68696344e-01
1.68672219e-01
2.61617810e-01
3.88926715e-01
2.30559006e-01
1.72734246e-01
1.71668574e-01
1.97425961e-01
1.46140650e-01
1.45482808e-01
1.46069035e-01
1.73909962e-01
2.94386715e-01
1.57603994e-01
3.60593706e-01
1.95419207e-01
1.37662813e-01
1.73989981e-01
2.49324471e-01
1.66728228e-01
2.44134456e-01
2.66574591e-01
1.48690388e-01
1.52135640e-01
1.87761724e-01
1.87313616e-01
3.12595338e-01
1.48122773e-01
1.64017186e-01
2.41195217e-01
1.70725703e-01
3.43165487e-01
1.86771750e-01
2.22482905e-01
2.24920779e-01
1.52768463e-01
1.57128781e-01
3.16049427e-01
1.79222196e-01
2.39964828e-01
2.01110333e-01
1.74957320e-01
1.67016104e-01
1.67114645e-01
1.67029187e-01
1.87882647e-01
2.41405115e-01
2.02490196e-01
1.58770964e-01
1.89871550e-01
2.27395654e-01
2.61790007e-01
2.61361748e-01
2.53981650e-01
3.10532361e-01
3.77094865e-01
1.76486149e-01
1.74364552e-01
2.05369785e-01
1.94084466e-01
1.98557302e-01
1.80066690e-01
2.06500039e-01
3.83472413e-01
2.64766157e-01
2.71699429e-01
2.33174041e-01
3.68143857e-01
2.61380523e-01
1.84619680e-01
1.79565623e-01
1.65082186e-01
1.99377537e-01
1.63677752e-01
1.94146514e-01
1.61186799e-01
1.60332501e-01
2.22559988e-01
2.53479719e-01
1.69402942e-01
1.64515585e-01
2.08725765e-01
1.59978390e-01
1.58609346e-01
2.06166103e-01
3.16789269e-01
3.45524728e-01
2.73877800e-01
3.99178028e-01
3.13952327e-01
1.90998152e-01
1.98456094e-01
2.23781481e-01
2.43334740e-01
2.24640742e-01
2.03086182e-01
2.76404470e-01
4.16251630e-01
1.73644736e-01
1.89224243e-01
2.33737797e-01
2.31592372e-01
2.00004742e-01
1.68447584e-01
1.75805539e-01
1.59521669e-01
1.72430485e-01
1.86501309e-01
2.50298440e-01
3.13705742e-01
2.34458983e-01
2.70552665e-01
2.16685623e-01
1.77637920e-01
2.79430270e-01
1.78152904e-01
3.54588717e-01
2.19247118e-01
2.22167432e-01
1.92877412e-01
1.99860692e-01
1.91430673e-01
2.00828254e-01
3.21480483e-01
2.14433149e-01
4.34080273e-01
2.30657145e-01
2.99997270e-01
3.40661973e-01
1.88981861e-01
1.73978090e-01
2.51605242e-01
2.52749681e-01
2.23338917e-01
3.29703093e-01
2.02222407e-01
2.72337019e-01
4.04881567e-01
3.80026639e-01
2.78868437e-01
2.83173025e-01
1.98169559e-01
2.06263915e-01
2.36832350e-01
2.48030394e-01
1.70729190e-01
1.49517372e-01
2.01180115e-01
1.89885050e-01
1.69311419e-01
2.11340487e-01
1.73733771e-01
3.43524575e-01
2.38323286e-01
1.71767056e-01
2.17334285e-01
2.61249542e-01
1.71095595e-01
1.78255051e-01
1.94415271e-01
1.99926451e-01
2.04209000e-01
2.31751353e-01
1.87780365e-01
1.99949265e-01
1.68730810e-01
1.60683796e-01
1.98724836e-01
2.59644061e-01
1.55438766e-01
1.74169019e-01
1.71978459e-01
2.60932326e-01
3.75393689e-01
2.61287600e-01
1.88928559e-01
2.93375582e-01
1.87492341e-01
2.30702460e-01
3.17665875e-01
1.80224493e-01
1.74026832e-01
1.89071387e-01
2.17163160e-01
1.99827626e-01
1.73615828e-01
1.57456949e-01
2.03233436e-01
1.70364648e-01
2.29666322e-01
1.60836026e-01
2.59136826e-01
2.08341688e-01
2.10999906e-01
2.86874682e-01
2.21756294e-01
2.50226915e-01
3.00763667e-01
2.06886545e-01
3.00953865e-01
1.83914095e-01
2.03464895e-01
2.54492223e-01
2.16235489e-01
2.09295914e-01
2.31859773e-01
2.26740777e-01
2.32757196e-01
1.85583130e-01
3.00732464e-01
2.08225474e-01
2.04999179e-01
1.86848238e-01
1.88026875e-01
1.67858899e-01
1.88099444e-01
2.26178125e-01
1.79124087e-01
2.09093437e-01
1.65440455e-01
1.72963947e-01
2.72230297e-01
1.70851588e-01
1.60155296e-01
2.03924581e-01
2.29679018e-01
1.72618687e-01
2.01731339e-01
3.38685691e-01
1.86756134e-01
2.61296242e-01
2.96995878e-01
2.26585031e-01
2.61609644e-01
3.61167312e-01
3.30597430e-01
3.29020381e-01
3.00459832e-01
1.83316678e-01
1.55169845e-01
2.75635004e-01
2.47759447e-01
1.72371283e-01
1.90507576e-01
1.75815061e-01
1.65856108e-01
2.99153686e-01
2.05878854e-01
2.31969863e-01
2.11881295e-01
2.28006944e-01
2.27621794e-01
1.64364412e-01
2.04895973e-01
1.74822301e-01
1.64698541e-01
1.67075187e-01
1.89381495e-01
3.72764945e-01
1.90638691e-01
2.52049178e-01
1.98722050e-01
1.78417429e-01
2.67243981e-01
3.00405502e-01
2.81426758e-01
2.67133147e-01
1.75086588e-01
1.81871861e-01
1.86611578e-01
1.90920368e-01
1.80145800e-01
2.65475452e-01
4.23405290e-01
5.18249333e-01
3.83902073e-01
4.83941734e-01
6.15391552e-01
3.08991760e-01
3.33969355e-01
4.75260794e-01
4.41265702e-01
4.09812987e-01
2.41991848e-01
2.24609509e-01
2.06048056e-01
2.08488032e-01
2.90263683e-01
2.67478496e-01
3.66897583e-01
2.21791446e-01
2.47145683e-01
2.55815476e-01
2.12357163e-01
3.74886304e-01
2.68237054e-01
2.61790067e-01
2.45423138e-01
3.04257154e-01
3.08429629e-01
2.23679930e-01
2.29319304e-01
1.66771799e-01
2.22986013e-01
2.84082383e-01
2.07899705e-01
2.00911596e-01
3.48564208e-01
2.14481533e-01
2.15770736e-01
2.90243775e-01
2.05848232e-01
2.35236645e-01
2.91744798e-01
1.64677545e-01
2.74540275e-01
3.57633859e-01
2.12456301e-01
2.90747464e-01
2.62082636e-01
1.66657224e-01
1.74562261e-01
1.80099845e-01
1.72669590e-01
2.17839763e-01
1.74224883e-01
1.95147336e-01
1.83983237e-01
1.82310075e-01
1.97074711e-01
1.64394066e-01
1.65985733e-01
1.79739565e-01
1.69755235e-01
1.70220286e-01
1.66984886e-01
2.58823574e-01
2.77633607e-01
2.84124553e-01
3.86705458e-01
2.59998828e-01
3.18138301e-01
4.28595334e-01
2.51327664e-01
2.51198262e-01
2.71214366e-01
1.94984138e-01
1.80131018e-01
1.94336593e-01
1.80799797e-01
1.74236581e-01
1.91325203e-01
1.75026432e-01
1.74401104e-01
1.86290771e-01
2.35139042e-01
2.23733693e-01
2.42212087e-01
1.96635544e-01
2.46752813e-01
3.30200285e-01
3.33189100e-01
2.55377889e-01
2.24301219e-01
2.33841822e-01
2.46704116e-01
2.25723445e-01
2.57905126e-01
1.73775539e-01
1.68669879e-01
1.70868874e-01
2.11918294e-01
1.75656363e-01
1.81208119e-01
1.71964943e-01
1.86734408e-01
1.91742942e-01
2.35630438e-01
1.97772279e-01
1.79417431e-01
1.82184786e-01
1.45496324e-01
1.82786837e-01
2.90084660e-01
3.24773014e-01
2.48801470e-01
2.81004816e-01
1.97829574e-01
1.79647163e-01
1.94346905e-01
2.80182481e-01
2.60542512e-01
2.30526730e-01
2.09645584e-01
2.16541916e-01
2.13388324e-01
1.87053055e-01
2.09258094e-01
4.07506257e-01
3.93943787e-01
2.68906504e-01
2.49392524e-01
2.76125818e-01
2.06504002e-01
1.69040233e-01
1.85127050e-01
1.94915190e-01
2.79490113e-01
2.71365136e-01
1.83371991e-01
2.75645703e-01
1.90667912e-01
2.25748241e-01
1.91755518e-01
2.65076607e-01
2.32432351e-01
3.53555262e-01
2.91353196e-01
2.58698612e-01
3.64222020e-01
2.85740882e-01
2.10928932e-01
2.44696394e-01
2.26264596e-01
1.80335835e-01
2.00100750e-01
2.28616312e-01
2.69072562e-01
2.20185727e-01
1.83009490e-01
1.92819789e-01
3.05270225e-01
2.05078885e-01
2.04281881e-01
2.09276274e-01
2.38363534e-01
2.84515828e-01
2.80369282e-01
3.40793014e-01
2.21211091e-01
2.14822724e-01
2.28910118e-01
1.91690937e-01
1.93985149e-01
1.81455478e-01
1.87355220e-01
1.91072926e-01
2.15665981e-01
1.75898001e-01
3.95152062e-01
4.11227137e-01
4.44805086e-01
3.42457682e-01
3.12891662e-01
2.51876682e-01
2.07262039e-01
2.08483413e-01
3.18687022e-01
1.87173128e-01
2.62044787e-01
2.59156913e-01
2.09172547e-01
2.75783479e-01
1.89332560e-01
1.67026654e-01
2.54264802e-01
2.30765328e-01
1.67083070e-01
2.11130902e-01
2.79692143e-01
2.53046691e-01
2.14881107e-01
3.53362590e-01
2.39219010e-01
2.04593152e-01
1.95789650e-01
2.13850722e-01
3.21520805e-01
2.58148551e-01
3.83966297e-01
3.08698565e-01
2.39743888e-01
2.01187834e-01
1.84395343e-01
1.85546830e-01
2.32857004e-01
2.30300143e-01
2.19407246e-01
2.81296134e-01
2.34637648e-01
2.16704085e-01
2.52346277e-01
2.00222746e-01
3.20768952e-01
3.26529771e-01
3.55431259e-01
3.37221205e-01
2.13821068e-01
1.73824698e-01
2.06703603e-01
2.60350883e-01
2.28197515e-01
1.85169354e-01
2.03112975e-01
1.97258919e-01
9.95151341e-01
3.05663526e-01
2.61406392e-01
3.32306683e-01
2.12652981e-01
2.59627700e-01
3.34765077e-01
4.01102453e-01
5.19396722e-01
2.56333083e-01
1.87590897e-01
2.51665205e-01
2.71506637e-01
1.98554873e-01
2.55413085e-01
2.32208893e-01
1.83671981e-01
2.03647628e-01
2.02164635e-01
1.89605594e-01
2.00475529e-01
1.99174196e-01
2.20570847e-01
2.16944665e-01
2.42365345e-01
2.41944999e-01
2.27114394e-01
2.33202085e-01
2.21271783e-01
2.00839773e-01
1.83792487e-01
1.85817838e-01
1.81624666e-01
1.88077301e-01
1.81769952e-01
2.43069127e-01
2.34822661e-01
1.96285725e-01
1.86182484e-01
2.10953176e-01
2.06587389e-01
2.42747009e-01
1.95981309e-01
1.78949043e-01
2.19902351e-01
2.43404448e-01
2.13034928e-01
2.60178268e-01
2.07027584e-01
2.38549292e-01
2.42609277e-01
2.25601897e-01
1.88318908e-01
2.10869804e-01
1.78676024e-01
2.04556257e-01
1.92153648e-01
2.27870330e-01
2.13180602e-01
2.50692338e-01
2.16799915e-01
2.45355234e-01
2.00283378e-01
1.86414778e-01
1.89658865e-01
1.84983596e-01
1.92388386e-01
1.89726666e-01
1.86070383e-01
1.95082918e-01
2.43380308e-01
2.32873142e-01
1.86502278e-01
1.91713095e-01
2.02211142e-01
1.84744596e-01
1.76548675e-01
1.79666445e-01
1.99879676e-01
1.87091142e-01
2.14109197e-01
1.97544396e-01
1.98394641e-01
2.85166919e-01
2.12606773e-01
1.81596622e-01
1.93010241e-01
2.20379367e-01
1.97782516e-01
1.88990638e-01
1.91449985e-01
2.60851979e-01
2.23940089e-01
1.91504970e-01
2.06270963e-01
2.26159632e-01
1.88352510e-01
2.28271350e-01
2.19929263e-01
2.29869008e-01
2.40537509e-01
1.86802953e-01
1.88828051e-01
2.34535709e-01
1.82817012e-01
1.88721791e-01
1.87415376e-01
1.92743868e-01
2.35697746e-01
2.34271005e-01
1.89422294e-01
1.96394846e-01
2.16658950e-01
1.92513958e-01
1.77860796e-01
1.86135635e-01
1.94694653e-01
2.03544557e-01
2.19403625e-01
2.36037984e-01
1.85581312e-01
1.81542456e-01
2.40673855e-01
2.50066578e-01
1.93543613e-01
2.36606628e-01
2.32018992e-01
1.95017293e-01
1.88782707e-01
1.84988350e-01
2.04785064e-01
1.89725757e-01
2.49599993e-01
2.02083603e-01
1.78488806e-01
2.17013672e-01
2.07297117e-01
2.06847563e-01
2.00472847e-01
1.96744755e-01
2.48180479e-01
2.79648155e-01
2.85619736e-01
2.92754918e-01
2.37455204e-01
3.16249609e-01
2.66215831e-01
3.27887058e-01
3.15108567e-01
2.58369029e-01
3.45605642e-01
3.33663851e-01
2.89152771e-01
3.08634102e-01
2.63803244e-01
2.35459074e-01
2.24709436e-01
2.00846970e-01
1.96097583e-01
2.40168884e-01
2.42407814e-01
2.85252869e-01
1.96839124e-01
2.07296431e-01
1.89682558e-01
1.97704181e-01
2.06976414e-01
2.02868789e-01
2.10176006e-01
2.12548494e-01
2.00684458e-01
1.93505153e-01
2.10724160e-01
1.85542643e-01
3.12355936e-01
6.08816862e-01
6.46712601e-01
6.10497177e-01
4.49858785e-01
3.28230321e-01
3.73168141e-01
2.74258852e-01
2.57381052e-01
2.03424469e-01
1.76473811e-01
2.33234659e-01
3.45871627e-01
2.21872896e-01
2.32575655e-01
2.34918907e-01
2.07401514e-01
2.21746564e-01
2.13077754e-01
1.93913221e-01
2.03458205e-01
2.55641282e-01
2.31661633e-01
2.42549509e-01
2.82520682e-01
2.16593400e-01
1.91632688e-01
2.34696254e-01
2.89143950e-01
3.72182041e-01
4.96177077e-01
5.08619428e-01
4.10790384e-01
2.53215671e-01
2.06834301e-01
1.97921664e-01
1.93069309e-01
2.32983425e-01
2.41450980e-01
3.00322264e-01
2.79307455e-01
2.75861204e-01
2.98747927e-01
2.10090324e-01
2.43238032e-01
3.49663675e-01
5.74740350e-01
5.77460349e-01
4.94789332e-01
2.48583853e-01
1.78863481e-01
2.29516476e-01
2.10884526e-01
1.87377989e-01
2.04134107e-01
2.32604727e-01
2.26196423e-01
2.29503959e-01
2.69875795e-01
2.39511967e-01
2.05342472e-01
1.78975642e-01
2.19839871e-01
3.99927765e-01
3.86763990e-01
4.45660561e-01
3.59961361e-01
2.09446087e-01
1.87252566e-01
2.07904339e-01
2.21564695e-01
1.82758763e-01
2.20729887e-01
2.39409119e-01
1.91096649e-01
2.03624159e-01
2.47266948e-01
2.08743051e-01
2.25875393e-01
2.41204500e-01
2.04553008e-01
1.96175888e-01
1.89839527e-01
2.34866917e-01
2.54949510e-01
3.13015372e-01
2.41566166e-01
2.12101087e-01
1.91418573e-01
2.03183979e-01
1.84316099e-01
1.87189981e-01
1.88363671e-01
1.81115314e-01
1.99074954e-01
1.94147721e-01
1.88084885e-01
2.06835166e-01
2.14615792e-01
2.13620305e-01
2.31076211e-01
2.47066215e-01
2.39371166e-01
2.18567476e-01
1.75544128e-01
2.17536226e-01
2.06870541e-01
2.12450862e-01
2.02670887e-01
2.33402774e-01
1.96770698e-01
2.29773894e-01
2.06481799e-01
1.98298529e-01
2.18817905e-01
2.03293815e-01
1.92842484e-01
2.09231123e-01
2.04830423e-01
1.99173376e-01
1.90956250e-01
2.11365521e-01
1.93653420e-01
1.85424268e-01
1.85321227e-01
2.12989762e-01
2.60833293e-01
1.91245750e-01
1.93993956e-01
1.96594417e-01
2.24738494e-01
2.06848845e-01
2.05031365e-01
1.93438485e-01
1.78678721e-01
1.89743176e-01
2.77849257e-01
2.38472983e-01
2.35353917e-01
2.37315014e-01
1.89334512e-01
2.06768379e-01
2.26650029e-01
2.43873551e-01
2.23185122e-01
2.40805566e-01
2.80675977e-01
2.54100293e-01
2.53506750e-01
2.48089299e-01
2.39558995e-01
2.30272755e-01
2.54955918e-01
2.24062160e-01
2.51806766e-01
2.29609668e-01
2.27381617e-01
2.54398167e-01
3.19941968e-01
2.49754027e-01
2.70148993e-01
2.50018030e-01
2.45874628e-01
2.35598415e-01
2.51519233e-01
2.71745503e-01
3.74384284e-01
2.83360839e-01
2.19055668e-01
2.28171423e-01
2.21781850e-01
2.16033578e-01
2.44035453e-01
2.30619624e-01
2.17709497e-01
2.35573649e-01
2.75868744e-01
2.88607299e-01
2.12195009e-01
1.94555506e-01
2.32255906e-01
1.97881639e-01
2.37063676e-01
2.83300877e-01
2.02843726e-01
2.25219846e-01
1.94752008e-01
1.98563054e-01
2.17950925e-01
2.16298923e-01
2.02743277e-01
2.03835428e-01
1.95100129e-01
2.09737346e-01
1.92007422e-01
1.86003298e-01
1.98076904e-01
2.05144614e-01
2.10172847e-01
2.02210754e-01
2.05843285e-01
2.13843554e-01
1.94691166e-01
1.91088289e-01
2.16213480e-01
2.15290666e-01
2.14145944e-01
1.99160546e-01
1.93077803e-01
1.94824815e-01
2.34443367e-01
2.16685414e-01
2.58189499e-01
4.37456012e-01
3.74922156e-01
3.04518968e-01
4.54466254e-01
3.94225657e-01
3.44113261e-01
3.12286913e-01
2.54433155e-01
4.61883783e-01
4.27779287e-01
4.58087206e-01
3.21233720e-01
2.42269978e-01
2.06783876e-01
2.08337381e-01
2.50057042e-01
2.41380125e-01
2.45520011e-01
2.10038319e-01
2.01983899e-01
2.08644748e-01
2.13394746e-01
2.00653926e-01
2.35323638e-01
2.85378426e-01
2.11803421e-01
2.20596105e-01
2.04548568e-01
1.98667124e-01
2.05869287e-01
1.85326099e-01
4.04454291e-01
9.31914330e-01
8.44489574e-01
8.64301860e-01
4.67805088e-01
4.04145569e-01
3.61158371e-01
3.53000760e-01
3.20980281e-01
2.22467318e-01
2.05767691e-01
2.40299150e-01
2.62299955e-01
2.26165935e-01
2.43681073e-01
2.29752019e-01
2.01643303e-01
2.34719098e-01
2.61324912e-01
2.01655254e-01
2.60340273e-01
2.63748109e-01
2.94161707e-01
3.29933047e-01
2.31185362e-01
1.96618259e-01
1.97899446e-01
1.98026046e-01
2.21836030e-01
3.56629133e-01
4.87643570e-01
6.29253149e-01
6.29512787e-01
3.96257252e-01
2.56962419e-01
2.11623460e-01
2.02233598e-01
2.13608205e-01
2.94803381e-01
4.12115157e-01
4.18540835e-01
3.69901538e-01
2.33064115e-01
1.92430094e-01
2.14566052e-01
2.17831105e-01
4.83752698e-01
7.33620822e-01
5.97657144e-01
5.22448957e-01
2.92667389e-01
2.72352815e-01
1.88854784e-01
2.54173040e-01
2.05724105e-01
2.08924174e-01
2.20470473e-01
2.43612066e-01
2.65270978e-01
2.89728701e-01
3.14901382e-01
2.41705358e-01
2.08986029e-01
1.94810539e-01
2.58452058e-01
4.11249310e-01
5.86442351e-01
5.21882594e-01
4.20772344e-01
2.56581008e-01
2.46759772e-01
1.84201643e-01
1.94793299e-01
2.29522407e-01
2.02099159e-01
2.24449664e-01
2.39746854e-01
2.03375921e-01
1.98303059e-01
2.16890723e-01
2.83663332e-01
3.16171050e-01
2.93037951e-01
2.85035521e-01
2.58285284e-01
2.75010347e-01
3.88808370e-01
4.30610418e-01
3.78191531e-01
