1.54325759e+00
1.49291778e+00
1.49842906e+00
1.47780824e+00
1.50090384e+00
1.55774534e+00
1.58404291e+00
1.57158840e+00
1.59686041e+00
1.53714645e+00
1.52159321e+00
1.52630627e+00
1.55170143e+00
1.45132935e+00
1.49816120e+00
1.34093130e+00
1.43970072e+00
1.58774567e+00
1.52668631e+00
1.53418064e+00
1.50006473e+00
1.43536985e+00
1.52716756e+00
1.45053244e+00
1.43992770e+00
1.40253711e+00
1.42413306e+00
1.47520936e+00
1.39347804e+00
1.32707131e+00
1.39740551e+00
1.43891120e+00
1.56643236e+00
1.48818064e+00
1.38562047e+00
1.53168666e+00
1.56490457e+00
1.38050902e+00
1.40287495e+00
1.56879938e+00
1.42443705e+00
1.35186505e+00
1.37059426e+00
1.38315809e+00
1.44656646e+00
1.37144160e+00
1.37463093e+00
1.40800452e+00
1.33750045e+00
1.44349504e+00
1.53424609e+00
1.40453732e+00
1.44145381e+00
1.36952651e+00
1.49803960e+00
1.36231411e+00
1.34033799e+00
1.46382225e+00
1.52003193e+00
1.48685098e+00
1.41628420e+00
1.35733783e+00
1.45176613e+00
1.42652047e+00
1.35969687e+00
1.31555521e+00
1.44499004e+00
1.34109223e+00
1.28356218e+00
1.33174300e+00
1.29669976e+00
1.29227412e+00
1.30174315e+00
1.29372466e+00
1.37484324e+00
1.35475206e+00
1.32451546e+00
1.34907293e+00
1.28379786e+00
1.25013649e+00
1.30050230e+00
1.34708524e+00
1.26585627e+00
1.22899520e+00
1.31542468e+00
1.27074885e+00
1.31506598e+00
1.18630171e+00
1.19019282e+00
1.32786798e+00
1.23443675e+00
1.21324420e+00
1.20260036e+00
1.17750823e+00
1.20182180e+00
1.13888144e+00
1.17620504e+00
1.28602791e+00
1.10162473e+00
1.12759531e+00
1.22825623e+00
1.18068504e+00
1.17642725e+00
1.21726573e+00
1.17629683e+00
1.17529666e+00
1.15382218e+00
1.16316271e+00
1.17376649e+00
1.14571500e+00
1.12374282e+00
1.16280758e+00
1.12730944e+00
1.18773031e+00
1.29656434e+00
1.18340123e+00
1.20070982e+00
1.16386402e+00
1.21742105e+00
1.23304844e+00
1.26380503e+00
1.23384345e+00
1.21948433e+00
1.28133976e+00
1.28370214e+00
1.32079351e+00
1.26974010e+00
1.21551299e+00
1.24973536e+00
1.22464180e+00
1.23006094e+00
1.27062237e+00
1.30343139e+00
1.15540433e+00
1.24374378e+00
1.21284842e+00
1.21309876e+00
1.31488621e+00
1.26951158e+00
1.28660107e+00
1.23922336e+00
1.23851550e+00
1.23211634e+00
1.24797618e+00
1.21364295e+00
1.20531845e+00
1.21015584e+00
1.25242460e+00
1.23392582e+00
1.21418142e+00
1.22685230e+00
1.16113043e+00
1.14011610e+00
1.12791324e+00
1.10645330e+00
1.13732803e+00
1.17359471e+00
1.13781333e+00
1.22656429e+00
1.24721456e+00
1.19309473e+00
1.12169492e+00
1.21020281e+00
1.11840665e+00
1.11210430e+00
1.11253023e+00
1.08040571e+00
1.07248080e+00
1.10129571e+00
1.18462229e+00
1.15030372e+00
1.06011891e+00
1.08013952e+00
1.07029843e+00
1.08014381e+00
1.09332883e+00
1.11782718e+00
1.05916643e+00
1.08137643e+00
1.09117603e+00
1.01304507e+00
1.00383186e+00
1.01647723e+00
1.02925766e+00
9.75704372e-01
9.42771792e-01
1.00712621e+00
9.56674397e-01
9.30233300e-01
9.72039521e-01
9.02902901e-01
9.04409528e-01
8.71394396e-01
8.95943701e-01
9.05857980e-01
9.18779731e-01
9.67555046e-01
9.48741078e-01
9.65935946e-01
9.78043675e-01
9.14231658e-01
9.62643087e-01
9.90669191e-01
1.00969541e+00
1.00330687e+00
1.01689696e+00
1.02549922e+00
1.02059627e+00
1.02016616e+00
1.04574192e+00
1.05021667e+00
1.03616631e+00
1.03003752e+00
1.09513223e+00
1.08241785e+00
1.04146957e+00
1.06623006e+00
1.06203198e+00
1.05622447e+00
1.09352601e+00
1.08718216e+00
1.08873570e+00
1.07126880e+00
1.11961961e+00
1.10890388e+00
1.04613233e+00
1.09811020e+00
1.12967527e+00
1.08901298e+00
1.18012893e+00
1.11908400e+00
1.09179974e+00
1.05301750e+00
1.10166526e+00
1.18077183e+00
1.10301411e+00
1.18148208e+00
1.11685133e+00
1.11081612e+00
1.14936841e+00
1.12958896e+00
1.19920218e+00
1.10388732e+00
1.10925853e+00
1.11135364e+00
1.10295606e+00
1.09734499e+00
1.11015940e+00
1.13211393e+00
1.12342668e+00
1.13899910e+00
1.16438949e+00
1.12388623e+00
1.09455550e+00
1.12131786e+00
1.12895858e+00
1.11105454e+00
1.17120206e+00
1.16017449e+00
1.09856856e+00
1.12215865e+00
1.14932644e+00
1.15255034e+00
1.10407448e+00
1.11841166e+00
1.11895943e+00
1.09643459e+00
1.12354815e+00
1.11318123e+00
1.06448483e+00
1.13398862e+00
1.08995318e+00
1.10226345e+00
1.07027113e+00
1.07929456e+00
1.12360406e+00
1.11431932e+00
1.09605241e+00
1.10754633e+00
1.05638874e+00
1.06832933e+00
1.08049560e+00
1.06106365e+00
1.10011125e+00
1.06445718e+00
1.06618524e+00
1.11087286e+00
1.05796111e+00
1.01941895e+00
1.06076860e+00
1.04407918e+00
1.02445996e+00
1.03333938e+00
1.01999331e+00
1.03358030e+00
1.02961898e+00
1.01628017e+00
9.96076167e-01
9.85865772e-01
9.81851339e-01
1.01618040e+00
1.03281045e+00
9.86498892e-01
9.74982917e-01
9.59934652e-01
9.44068849e-01
9.71438527e-01
9.03390825e-01
9.37643349e-01
9.60523903e-01
9.04060423e-01
8.75567138e-01
8.92935693e-01
9.12230611e-01
8.84982705e-01
8.33665609e-01
8.49564433e-01
8.57818067e-01
8.53276908e-01
8.55784237e-01
8.53996098e-01
8.41542363e-01
8.13760757e-01
8.28851461e-01
8.05641115e-01
8.22169781e-01
7.90754497e-01
7.52553523e-01
7.59616137e-01
7.48018265e-01
7.38377154e-01
7.31736124e-01
7.28821039e-01
7.21221983e-01
6.94864810e-01
7.38255024e-01
7.82914340e-01
7.55835593e-01
7.35193551e-01
7.28780568e-01
7.32067764e-01
7.34534562e-01
8.05973589e-01
7.32026279e-01
7.47061729e-01
7.66933382e-01
7.79919922e-01
7.93944120e-01
8.20846975e-01
8.05243433e-01
8.02057505e-01
8.21711361e-01
7.93096125e-01
8.11399341e-01
8.33103836e-01
8.39614570e-01
8.25954318e-01
8.13352704e-01
8.43009949e-01
8.42017114e-01
8.47646892e-01
8.79753172e-01
8.40143561e-01
8.41339052e-01
8.66540253e-01
8.71487737e-01
8.75379920e-01
8.66876006e-01
8.80666554e-01
8.79707932e-01
9.34689343e-01
9.11352873e-01
8.92757177e-01
9.25448060e-01
8.96159291e-01
9.04013455e-01
9.14330542e-01
9.41524565e-01
8.86466861e-01
9.35112059e-01
9.41288829e-01
9.15171027e-01
9.30868864e-01
9.59595919e-01
9.64563012e-01
9.32805240e-01
9.46842432e-01
9.57567275e-01
9.27552521e-01
9.15359259e-01
9.35870469e-01
9.29831445e-01
8.95268202e-01
9.54192340e-01
9.59112167e-01
9.52210128e-01
9.30781662e-01
9.16516483e-01
9.42301869e-01
9.56235945e-01
9.49835062e-01
9.68999982e-01
9.44866121e-01
9.85474527e-01
9.03033376e-01
9.30779397e-01
9.78798687e-01
9.62269843e-01
9.51683283e-01
9.06247497e-01
9.39928591e-01
9.68198717e-01
9.71102118e-01
9.47403014e-01
9.43155706e-01
9.29326773e-01
9.15096104e-01
9.18478310e-01
9.22269046e-01
9.40126419e-01
9.49358404e-01
9.37825501e-01
9.80949163e-01
9.35660243e-01
9.32449698e-01
9.65441465e-01
8.95291328e-01
9.13803935e-01
9.40426111e-01
9.45466042e-01
9.37718213e-01
9.25010443e-01
9.21866536e-01
9.44619417e-01
9.22964990e-01
8.90039206e-01
9.37872112e-01
9.46583569e-01
9.00338590e-01
9.55453396e-01
9.29111898e-01
9.20567095e-01
9.51027215e-01
9.38365459e-01
9.38836336e-01
9.25569355e-01
9.09289122e-01
9.27215397e-01
9.03261244e-01
9.28139567e-01
9.48633432e-01
8.99449170e-01
8.91555250e-01
9.12416995e-01
9.47311342e-01
9.17826951e-01
9.41232920e-01
9.36799407e-01
9.10628378e-01
9.34901118e-01
8.83981168e-01
8.79066586e-01
9.00810897e-01
8.96631718e-01
9.00718629e-01
9.07256782e-01
9.13489103e-01
9.18510377e-01
8.98568332e-01
8.82656515e-01
8.79232645e-01
8.90309274e-01
8.86462152e-01
8.90601933e-01
8.69980574e-01
9.12388563e-01
9.23874617e-01
9.05969203e-01
9.10682321e-01
8.62947166e-01
8.76175106e-01
8.81940305e-01
8.66439521e-01
8.72286260e-01
8.75282049e-01
8.60304475e-01
8.88708472e-01
8.82642448e-01
8.71784449e-01
8.74215484e-01
8.81397724e-01
8.74065280e-01
8.74168098e-01
9.01145518e-01
8.65362644e-01
8.72176290e-01
8.52758169e-01
8.42525780e-01
8.76175523e-01
8.32942426e-01
8.48602176e-01
8.76353800e-01
8.53696585e-01
8.43466640e-01
8.64822626e-01
8.48006248e-01
8.51728559e-01
8.41607273e-01
8.35730255e-01
8.39187443e-01
8.00396681e-01
7.84509301e-01
8.34604263e-01
8.12937498e-01
7.94212997e-01
8.08010221e-01
8.12817633e-01
8.37567985e-01
8.33152413e-01
8.08167517e-01
8.11745286e-01
8.12844455e-01
8.28057766e-01
8.13124359e-01
7.96771586e-01
7.81157374e-01
8.00748289e-01
8.07748616e-01
7.75214314e-01
7.71116376e-01
7.95810997e-01
7.82502711e-01
7.63530314e-01
7.45086253e-01
7.53635049e-01
7.67066240e-01
8.02717268e-01
7.61543274e-01
7.57156074e-01
7.79875040e-01
7.11275399e-01
7.39712954e-01
7.19929695e-01
7.21313536e-01
7.38693714e-01
7.30556548e-01
7.35311866e-01
7.33038664e-01
7.11067677e-01
7.23871469e-01
7.04980791e-01
6.99624658e-01
7.12027013e-01
6.67630553e-01
7.05434144e-01
6.87006652e-01
6.81179166e-01
6.65323377e-01
6.56226695e-01
6.65254533e-01
6.57701313e-01
6.59252465e-01
6.16515994e-01
6.11364365e-01
6.24098361e-01
6.25996351e-01
6.16890073e-01
6.12817109e-01
5.87682068e-01
6.19732082e-01
5.89946210e-01
5.45831680e-01
5.54438293e-01
5.49876153e-01
5.57165444e-01
5.63382089e-01
5.43031871e-01
5.45598328e-01
5.49568534e-01
5.03591716e-01
5.52126884e-01
5.78168750e-01
5.57559073e-01
5.54073513e-01
5.35563588e-01
5.21483839e-01
5.29827476e-01
5.35033345e-01
5.50451636e-01
5.62900841e-01
5.49028516e-01
5.65257072e-01
5.86535692e-01
5.82415640e-01
5.90709329e-01
5.91401517e-01
6.33525968e-01
6.07488573e-01
6.48550153e-01
6.25382423e-01
6.24812961e-01
6.40211523e-01
6.26253307e-01
6.11771584e-01
6.20242536e-01
6.03516817e-01
6.28470182e-01
6.62526608e-01
6.43934846e-01
6.51442647e-01
6.47391617e-01
6.40247047e-01
6.36926115e-01
6.57504201e-01
6.96177006e-01
6.72115743e-01
6.45616770e-01
6.44109070e-01
6.84848607e-01
6.89005673e-01
6.64730728e-01
6.79684460e-01
6.62406385e-01
6.54054821e-01
6.69433773e-01
6.82139218e-01
6.81105793e-01
6.79248691e-01
6.96686268e-01
6.79341972e-01
6.67590857e-01
6.87411964e-01
6.85678780e-01
6.71544552e-01
6.78523421e-01
6.71082616e-01
6.79166734e-01
7.05070853e-01
6.91395402e-01
7.11752772e-01
7.02241004e-01
6.94862902e-01
6.85188770e-01
6.85522377e-01
7.07868636e-01
7.09674597e-01
6.83538496e-01
6.97770894e-01
6.94762468e-01
6.80542588e-01
7.09990442e-01
7.09584951e-01
7.19096482e-01
6.92358077e-01
6.62401080e-01
6.87290132e-01
6.90282583e-01
6.96619034e-01
6.96908414e-01
7.23828375e-01
6.86000347e-01
6.97721064e-01
7.03591466e-01
6.85525656e-01
6.73083484e-01
7.13692963e-01
6.92326963e-01
6.44987822e-01
6.85744464e-01
6.99019611e-01
6.91924572e-01
6.89900041e-01
6.82405710e-01
6.93262696e-01
6.73159182e-01
7.09879220e-01
7.22876906e-01
6.72842860e-01
7.20354557e-01
6.88666344e-01
6.70756400e-01
6.90859020e-01
6.82080805e-01
6.83469474e-01
7.08854377e-01
6.99633539e-01
6.61651373e-01
6.59663498e-01
6.79658055e-01
6.84893489e-01
6.75725281e-01
6.86933219e-01
6.85320020e-01
6.95024192e-01
7.00634003e-01
6.64744437e-01
6.60086811e-01
6.77954912e-01
6.71236932e-01
6.78010583e-01
6.80975258e-01
6.83773875e-01
6.79218292e-01
6.91612124e-01
6.78003311e-01
6.78992629e-01
6.90271795e-01
6.91221714e-01
6.75389230e-01
6.65112436e-01
6.80561900e-01
6.80639088e-01
6.74326837e-01
6.91491604e-01
7.08792567e-01
6.62212729e-01
6.75604403e-01
6.83847845e-01
6.75950766e-01
6.84615195e-01
6.80518746e-01
6.82297707e-01
6.70491517e-01
6.68107808e-01
6.83335960e-01
6.94198847e-01
6.54751658e-01
6.65681303e-01
6.76818490e-01
6.38233185e-01
6.82487547e-01
6.67316139e-01
6.65279269e-01
6.99676514e-01
6.54705524e-01
6.50569260e-01
6.50658190e-01
6.45490527e-01
6.60297036e-01
6.51783109e-01
6.61440492e-01
6.47542596e-01
6.33431733e-01
6.62876725e-01
6.57239139e-01
6.65853679e-01
6.62095010e-01
6.54102266e-01
6.49256051e-01
6.25897825e-01
6.58804417e-01
6.66470528e-01
6.27597213e-01
6.26777053e-01
6.73093498e-01
6.69938445e-01
6.21229172e-01
6.43046141e-01
6.69471383e-01
6.58838868e-01
6.52969897e-01
6.67139471e-01
6.62497163e-01
6.60755038e-01
6.46599591e-01
6.50037050e-01
6.41189992e-01
6.40116930e-01
6.58061862e-01
6.25636697e-01
6.41825736e-01
6.50563776e-01
6.25508964e-01
6.22329235e-01
6.34285152e-01
6.29772782e-01
6.34006083e-01
6.37872159e-01
6.23281658e-01
6.29801869e-01
6.06494188e-01
6.13280714e-01
6.26515985e-01
6.00760758e-01
5.98269045e-01
6.07852578e-01
6.26954198e-01
6.14826977e-01
6.24945700e-01
6.44514382e-01
6.25045180e-01
5.96694827e-01
6.20720208e-01
6.20194674e-01
6.04066193e-01
6.31310701e-01
6.07607901e-01
6.29111409e-01
6.18771434e-01
6.07874990e-01
6.20241761e-01
6.21779978e-01
6.03752017e-01
6.19369030e-01
6.28514528e-01
6.29842281e-01
5.94577491e-01
5.99543691e-01
6.26218677e-01
6.00802422e-01
5.94373703e-01
6.18916810e-01
5.90185404e-01
5.96799970e-01
6.03008270e-01
5.99881589e-01
5.95685422e-01
5.96050441e-01
5.98655939e-01
5.95777214e-01
5.92361689e-01
6.08693242e-01
6.21424854e-01
5.89537203e-01
6.00565732e-01
5.89075685e-01
5.91908753e-01
6.10000968e-01
6.28725111e-01
5.83200455e-01
5.73223650e-01
5.73408306e-01
6.06878996e-01
5.89574456e-01
5.81198633e-01
5.75357974e-01
5.76509237e-01
5.60964644e-01
5.77872217e-01
5.94503641e-01
5.80526590e-01
5.73629379e-01
5.75103343e-01
5.77506900e-01
5.57337105e-01
5.54779470e-01
5.88544965e-01
6.07791007e-01
5.85031927e-01
5.87486327e-01
5.81635654e-01
5.79718351e-01
5.74244857e-01
5.68466902e-01
5.83477855e-01
5.79330862e-01
5.64678729e-01
5.57666063e-01
5.57361364e-01
5.74259758e-01
5.63550711e-01
5.47788203e-01
5.48343122e-01
5.64452291e-01
5.84543526e-01
5.70271969e-01
5.68714678e-01
5.88236988e-01
5.56508303e-01
5.50789058e-01
5.50023198e-01
5.69871902e-01
5.45593023e-01
5.58541834e-01
5.63693881e-01
5.64490080e-01
5.61053157e-01
5.42890310e-01
5.68279207e-01
5.74979842e-01
5.37429571e-01
5.37240684e-01
5.57345331e-01
5.48981071e-01
5.65591156e-01
5.47952235e-01
5.51914454e-01
5.52533746e-01
5.42093217e-01
5.45066118e-01
5.36300123e-01
5.39722204e-01
5.34353316e-01
5.48237920e-01
5.50198257e-01
5.21885812e-01
5.38193047e-01
5.39904237e-01
5.42223990e-01
5.32643378e-01
5.45000911e-01
5.53573668e-01
5.48347831e-01
5.34191728e-01
5.32006621e-01
5.28088868e-01
5.66207647e-01
5.61441898e-01
5.48837304e-01
5.30861616e-01
5.35510719e-01
5.36296189e-01
5.13945580e-01
5.19318044e-01
5.48950016e-01
5.18441319e-01
5.23348927e-01
5.25071144e-01
5.31366289e-01
5.45396626e-01
5.11078000e-01
5.19193232e-01
5.21894932e-01
5.34444749e-01
5.17692327e-01
5.26502192e-01
5.26336372e-01
5.03039896e-01
5.11570394e-01
5.22722900e-01
5.30988455e-01
5.46679199e-01
5.22584379e-01
5.09372413e-01
5.11171818e-01
5.34357429e-01
5.21212161e-01
5.22729993e-01
5.10708809e-01
5.10984182e-01
5.12299240e-01
5.06947041e-01
4.96009141e-01
5.07924020e-01
5.08717418e-01
4.98720169e-01
5.02454102e-01
4.81055439e-01
5.30170143e-01
4.98415142e-01
5.05378366e-01
5.14505744e-01
4.95165408e-01
5.19875407e-01
4.93448436e-01
4.94950831e-01
4.92765129e-01
4.91556883e-01
5.08318424e-01
5.02783895e-01
5.12561977e-01
4.84812528e-01
5.01974165e-01
4.90940809e-01
4.88702357e-01
5.02006948e-01
5.10540724e-01
5.22721052e-01
4.89092737e-01
4.83200848e-01
4.85104889e-01
4.98203158e-01
4.98594671e-01
4.74235147e-01
4.79908079e-01
4.85701054e-01
4.73201722e-01
4.71997142e-01
4.93625373e-01
4.63229656e-01
4.63824958e-01
4.88217086e-01
4.65061575e-01
4.84326273e-01
4.95851636e-01
4.81266439e-01
4.89343345e-01
4.60100561e-01
4.74217296e-01
4.89902824e-01
4.58669454e-01
4.74410802e-01
4.69862670e-01
4.84025627e-01
4.85509396e-01
4.63605106e-01
4.88171697e-01
4.66126710e-01
4.54039872e-01
4.75002587e-01
4.69703943e-01
4.52838659e-01
4.58702058e-01
4.39015836e-01
4.57167834e-01
4.57317114e-01
4.54888910e-01
4.56919402e-01
4.33967054e-01
4.41462278e-01
4.56437379e-01
4.48570848e-01
4.45706218e-01
4.44024980e-01
4.47545856e-01
4.53967959e-01
4.49369013e-01
4.38882709e-01
4.37465876e-01
4.46388721e-01
4.44312990e-01
4.46867228e-01
4.26616073e-01
4.34658527e-01
4.36250776e-01
4.45836693e-01
4.19308573e-01
4.14854974e-01
4.08907980e-01
4.16287214e-01
4.22620475e-01
4.40628231e-01
4.29501623e-01
4.03969020e-01
4.23724145e-01
4.13186103e-01
4.03332293e-01
4.11015183e-01
4.13941503e-01
4.29423779e-01
3.99503917e-01
3.97958606e-01
4.32831079e-01
4.11584288e-01
4.16134655e-01
3.89946967e-01
3.67044777e-01
3.87032837e-01
3.94199848e-01
3.71380270e-01
3.88150185e-01
3.93083811e-01
3.88324231e-01
3.65754277e-01
3.73780429e-01
3.93955559e-01
3.76002342e-01
3.67532760e-01
3.65190446e-01
3.68371874e-01
3.55753303e-01
3.51132244e-01
3.44256669e-01
3.45815480e-01
3.47248584e-01
3.31740916e-01
3.24236095e-01
3.46958011e-01
3.48206073e-01
3.17301154e-01
3.14467132e-01
3.29242855e-01
4.40431178e-01
8.99492502e-01
1.02169836e+00
3.55077088e-01
3.25875491e-01
3.43994021e-01
3.34407657e-01
3.40518087e-01
3.27483118e-01
3.23396146e-01
3.27075034e-01
3.17263007e-01
3.48429948e-01
3.41157794e-01
3.30525845e-01
3.38459522e-01
3.48175496e-01
3.47690910e-01
3.64801943e-01
3.56474400e-01
3.45199257e-01
3.53132069e-01
3.64131808e-01
3.76171917e-01
3.67222875e-01
3.50677669e-01
3.61875266e-01
3.74807298e-01
3.59162718e-01
4.01225984e-01
3.63749444e-01
3.76009166e-01
3.89786631e-01
3.86339992e-01
3.80698353e-01
3.72469366e-01
3.86008680e-01
3.88470024e-01
3.94246966e-01
3.82680058e-01
3.66504163e-01
3.81318510e-01
3.97177041e-01
4.02597189e-01
4.00724083e-01
3.92748296e-01
3.81434619e-01
3.71806711e-01
3.80870014e-01
4.22299236e-01
3.85010898e-01
3.87752801e-01
3.78953069e-01
3.94734651e-01
3.85294795e-01
3.91633779e-01
3.93585533e-01
3.78760517e-01
3.80577445e-01
3.95025969e-01
4.17390198e-01
3.98549944e-01
4.00719106e-01
4.03235912e-01
3.96782249e-01
3.89801919e-01
4.03399587e-01
3.79250705e-01
4.01746660e-01
3.96443665e-01
3.98073763e-01
3.79581332e-01
3.92610520e-01
4.12038058e-01
3.98598403e-01
3.95353824e-01
3.92975897e-01
3.85045618e-01
3.85710597e-01
3.85645926e-01
3.86395097e-01
3.84301871e-01
3.80983531e-01
3.85603786e-01
3.67709935e-01
4.04034585e-01
4.15347546e-01
3.91452581e-01
3.84543508e-01
3.87072116e-01
4.12755370e-01
3.83055419e-01
3.87866259e-01
3.88253748e-01
3.84463072e-01
3.82632405e-01
3.84135962e-01
3.88714433e-01
3.99464339e-01
3.86616468e-01
4.30102468e-01
4.13863003e-01
3.78130704e-01
3.97874653e-01
3.92307520e-01
3.92470241e-01
3.83034825e-01
3.82780701e-01
3.78079057e-01
3.90061587e-01
3.81376386e-01
3.75366300e-01
4.00383800e-01
3.87317747e-01
3.97777021e-01
4.11397368e-01
3.85013580e-01
3.98784250e-01
3.83640587e-01
3.88435692e-01
3.99377525e-01
3.89721066e-01
4.00841504e-01
3.86097491e-01
3.73514861e-01
3.75187159e-01
3.67491841e-01
3.86961013e-01
3.85716021e-01
4.13173974e-01
3.94818813e-01
3.82675737e-01
3.74055594e-01
3.80081326e-01
3.79946351e-01
3.71719986e-01
3.70566875e-01
3.76185149e-01
3.76200527e-01
3.86612087e-01
3.84052813e-01
3.65142643e-01
3.79419208e-01
3.72036457e-01
3.66699964e-01
3.63014072e-01
3.60971838e-01
3.84933442e-01
3.75864923e-01
3.85471374e-01
3.83247495e-01
3.82525206e-01
3.79250914e-01
3.62712353e-01
3.71339381e-01
3.71325165e-01
3.88372958e-01
3.72059911e-01
3.72096181e-01
3.71602774e-01
3.85176390e-01
3.79546970e-01
3.71527702e-01
3.66712809e-01
3.79211128e-01
3.88563335e-01
3.85057032e-01
3.69121164e-01
3.72174233e-01
3.64073426e-01
3.63647074e-01
3.78572047e-01
3.98070753e-01
3.67270231e-01
3.63704652e-01
3.66085976e-01
3.68982017e-01
3.69927496e-01
3.83373857e-01
3.87087405e-01
3.54842305e-01
3.63264978e-01
3.48651946e-01
3.46944839e-01
3.42802137e-01
3.63761783e-01
3.63054335e-01
3.40319186e-01
3.65598559e-01
3.73785287e-01
3.55279267e-01
3.47291231e-01
3.47002536e-01
3.63865346e-01
3.58513683e-01
3.74985009e-01
3.55979115e-01
3.57216626e-01
3.63518596e-01
3.63692820e-01
3.46109092e-01
3.55112791e-01
3.68533760e-01
3.63408655e-01
3.77976656e-01
3.74587595e-01
3.48558754e-01
3.46763790e-01
3.49593222e-01
3.37172657e-01
3.44762087e-01
3.48507494e-01
3.53374481e-01
3.54670465e-01
3.32829535e-01
3.58347386e-01
3.46492618e-01
3.57799917e-01
3.61927330e-01
3.58227909e-01
3.32059383e-01
3.53666425e-01
3.63572717e-01
3.46931607e-01
3.57500106e-01
3.53840917e-01
3.33835691e-01
3.41589332e-01
3.74719501e-01
3.38139057e-01
3.28524649e-01
3.67083728e-01
3.50470483e-01
3.54594350e-01
3.53215307e-01
3.69997859e-01
3.23747993e-01
3.36469352e-01
3.56728464e-01
3.58933210e-01
3.78833354e-01
3.39371413e-01
3.37325811e-01
3.57413262e-01
3.32454085e-01
3.54680866e-01
3.68213028e-01
3.56494188e-01
3.52508903e-01
3.54800582e-01
3.48779976e-01
3.55092943e-01
3.39136362e-01
3.41802627e-01
3.41664106e-01
3.38475615e-01
3.47282231e-01
3.29843611e-01
3.25217903e-01
3.30716461e-01
3.69727165e-01
3.46406460e-01
3.42132241e-01
3.35887402e-01
3.27049673e-01
3.41645956e-01
3.42302352e-01
3.35506469e-01
3.19297910e-01
3.29096526e-01
3.45503032e-01
3.33518177e-01
3.17163587e-01
3.18138659e-01
3.33234549e-01
3.30281645e-01
3.35692823e-01
3.41981173e-01
3.21409166e-01
3.39152634e-01
3.41869563e-01
3.30001414e-01
3.24455887e-01
3.19756687e-01
3.32477838e-01
3.28529418e-01
3.33030015e-01
3.32838207e-01
3.31480294e-01
3.20909053e-01
3.29814315e-01
3.39677751e-01
3.28756660e-01
3.35842133e-01
3.31356913e-01
3.35540295e-01
3.26696992e-01
3.41562957e-01
3.35712790e-01
3.15043151e-01
3.10331941e-01
3.24097425e-01
3.32489878e-01
3.14537615e-01
3.15050721e-01
3.24343801e-01
3.16155165e-01
3.07789057e-01
3.19935918e-01
3.32400352e-01
3.12598586e-01
3.06238234e-01
3.19174588e-01
3.23070586e-01
3.15975219e-01
3.16080034e-01
3.27690035e-01
3.23293954e-01
3.21300685e-01
3.21163267e-01
3.28695744e-01
3.46195489e-01
3.27240199e-01
3.18984658e-01
3.25285017e-01
3.23172212e-01
3.18441927e-01
3.32489759e-01
3.21803689e-01
3.12817693e-01
3.18703204e-01
3.11224222e-01
3.36105734e-01
2.91149467e-01
3.02672923e-01
3.24482501e-01
3.13927650e-01
3.38493019e-01
3.13876212e-01
3.19594830e-01
3.16541135e-01
3.02572608e-01
3.20067137e-01
3.10830563e-01
3.18378687e-01
3.12494487e-01
3.06764871e-01
3.09343874e-01
3.19915980e-01
2.98802137e-01
2.89145350e-01
3.26454103e-01
2.98769206e-01
2.75669932e-01
3.00660938e-01
3.07263374e-01
3.18426937e-01
3.03841591e-01
2.94497758e-01
2.89571315e-01
3.15503687e-01
3.11420709e-01
3.12389642e-01
3.04910421e-01
2.98474967e-01
2.89468944e-01
3.03449303e-01
3.05938333e-01
2.99110472e-01
3.08000475e-01
3.16329509e-01
2.91295946e-01
2.98041195e-01
3.16780776e-01
2.96600521e-01
3.00731033e-01
2.92009592e-01
2.97411710e-01
3.11445892e-01
3.09245914e-01
3.02997351e-01
2.96838552e-01
3.09453368e-01
2.98928797e-01
2.93605775e-01
3.13849479e-01
2.95721292e-01
2.95380324e-01
3.05078328e-01
2.98572481e-01
3.02756011e-01
3.09076041e-01
3.13293010e-01
3.03413749e-01
2.98588783e-01
2.96311706e-01
3.09612274e-01
2.96067685e-01
2.74996549e-01
2.89131969e-01
2.88311809e-01
2.87713945e-01
2.84489185e-01
2.97814935e-01
3.19105327e-01
2.92448908e-01
2.92938381e-01
2.89121747e-01
2.82805473e-01
2.90138245e-01
3.09636652e-01
2.71848142e-01
2.83284694e-01
2.82486796e-01
2.93249071e-01
2.72769332e-01
2.78521419e-01
2.98841715e-01
2.86410868e-01
2.91554749e-01
2.82402635e-01
3.04711461e-01
2.86793381e-01
2.99486667e-01
2.83245027e-01
2.80402780e-01
2.98629314e-01
2.96918482e-01
2.79742599e-01
3.00113171e-01
2.96869874e-01
2.83644855e-01
2.82988250e-01
2.93447465e-01
2.87197113e-01
2.88452029e-01
2.76215464e-01
2.76518017e-01
2.80993670e-01
2.98510641e-01
2.79387772e-01
2.79877871e-01
2.85259843e-01
2.75409460e-01
2.76822567e-01
2.75030017e-01
2.67842889e-01
2.79749185e-01
2.74199724e-01
2.78313279e-01
2.79922366e-01
2.70243734e-01
2.79418528e-01
2.65089393e-01
2.78919309e-01
2.72575974e-01
2.87671834e-01
2.92468667e-01
2.58337706e-01
2.62478739e-01
2.68709987e-01
2.77848840e-01
2.82367855e-01
2.80379325e-01
2.86685914e-01
2.88548917e-01
2.77234346e-01
2.74432331e-01
2.63966143e-01
2.81273931e-01
2.71894336e-01
2.58892059e-01
2.56873757e-01
2.68758178e-01
2.88297266e-01
2.63464838e-01
2.83084095e-01
2.73225844e-01
2.66212583e-01
2.71269530e-01
2.84547508e-01
2.78805226e-01
2.64828116e-01
2.69485176e-01
2.76652664e-01
2.72972643e-01
2.75689662e-01
2.69016623e-01
2.73834497e-01
2.73491234e-01
2.73127973e-01
2.64136732e-01
2.61420071e-01
2.77790040e-01
2.71232933e-01
2.71896154e-01
2.68092155e-01
2.60205299e-01
2.81812042e-01
2.67788589e-01
2.69247979e-01
2.63539761e-01
2.68102795e-01
2.62370348e-01
2.66324133e-01
2.64452517e-01
2.82000363e-01
3.10932577e-01
2.83346355e-01
2.67632037e-01
2.70188898e-01
2.64191031e-01
2.65920877e-01
2.69826561e-01
2.76371062e-01
2.78217345e-01
2.72069067e-01
2.69200087e-01
2.74835110e-01
2.67612189e-01
2.56823897e-01
2.73433238e-01
2.61491776e-01
2.61541039e-01
2.65841663e-01
2.52745956e-01
2.62219220e-01
2.80231506e-01
2.64339358e-01
2.58142233e-01
2.54191518e-01
2.72471398e-01
2.54903316e-01
2.50056863e-01
2.53819734e-01
2.68144280e-01
2.71182805e-01
2.64980912e-01
2.69348353e-01
2.62051910e-01
2.48982787e-01
2.48848975e-01
2.59867489e-01
2.53000557e-01
2.63865292e-01
2.53665090e-01
2.66272217e-01
2.58166015e-01
2.63676614e-01
2.57386148e-01
2.52079427e-01
2.47823283e-01
2.62295336e-01
2.51801699e-01
2.53414303e-01
2.59309113e-01
2.60134429e-01
2.59261906e-01
2.48958632e-01
2.66616613e-01
2.49813765e-01
2.59566784e-01
2.36769617e-01
2.41761699e-01
2.64240831e-01
2.58304805e-01
2.60739774e-01
2.44764090e-01
2.45141909e-01
2.48870820e-01
2.57973671e-01
2.73898333e-01
2.56385505e-01
2.60635972e-01
2.47828916e-01
2.52861917e-01
2.50377238e-01
2.36266419e-01
2.48057023e-01
2.57535547e-01
2.54840702e-01
2.67652482e-01
2.48765871e-01
2.58332819e-01
2.77267307e-01
2.44140074e-01
2.65094668e-01
2.67243296e-01
2.57436872e-01
2.52860248e-01
2.42570952e-01
2.36872599e-01
2.66056120e-01
2.57217765e-01
3.95650119e-01
1.45948172e+00
1.21099389e+00
2.18009043e+00
1.83350420e+00
1.28228974e+00
7.67832518e-01
2.69877106e-01
2.51592577e-01
2.43163228e-01
2.32942253e-01
2.49907941e-01
2.47545704e-01
2.42143095e-01
2.45744288e-01
2.42919639e-01
2.49489233e-01
2.41791278e-01
2.48693869e-01
2.43073761e-01
2.27653489e-01
2.36010477e-01
2.40462869e-01
2.44091466e-01
2.37077951e-01
2.30782062e-01
2.59259820e-01
2.51206815e-01
2.29796439e-01
2.35012487e-01
2.51532137e-01
2.34489247e-01
2.43440256e-01
2.31358305e-01
2.43120849e-01
2.42459655e-01
2.45818362e-01
2.37747252e-01
2.36237243e-01
2.30776891e-01
2.40038827e-01
2.44374737e-01
2.48225242e-01
2.41363123e-01
2.35434294e-01
2.48262689e-01
2.47451022e-01
2.38017738e-01
2.34751567e-01
2.51931816e-01
2.35178798e-01
2.43374079e-01
2.29378954e-01
2.25269675e-01
2.38153622e-01
2.45129868e-01
2.63369471e-01
2.88749099e-01
5.03352702e-01
5.26453495e-01
2.57037342e-01
2.40478575e-01
2.38540873e-01
2.34893069e-01
2.25538492e-01
2.32471660e-01
2.34663442e-01
3.12586397e-01
3.00553322e-01
2.40037009e-01
2.44664162e-01
2.31228948e-01
2.36149371e-01
2.33879611e-01
2.35486969e-01
2.26573437e-01
2.63958812e-01
2.39573643e-01
2.27824435e-01
2.46908695e-01
2.29658455e-01
2.27134570e-01
2.15436816e-01
2.24782974e-01
2.21082151e-01
2.36867443e-01
2.54227042e-01
2.44822562e-01
2.37070575e-01
2.36880332e-01
2.43485734e-01
2.57396847e-01
2.29909524e-01
2.41888374e-01
2.50707000e-01
2.44782388e-01
2.43796676e-01
2.15596646e-01
2.26298004e-01
2.34731361e-01
2.17800170e-01
2.35288516e-01
2.47651383e-01
2.21592173e-01
2.31529415e-01
2.36125872e-01
2.44146228e-01
2.45613202e-01
2.24479735e-01
2.50257909e-01
2.38406017e-01
2.33816370e-01
2.24728897e-01
2.26055637e-01
2.35777125e-01
2.32015431e-01
2.24187568e-01
2.30135977e-01
2.29451120e-01
2.26774722e-01
2.21575886e-01
2.21060187e-01
2.17121378e-01
2.22015887e-01
2.27593243e-01
2.21769273e-01
2.24056274e-01
2.30352774e-01
2.25180134e-01
2.27541164e-01
2.17860356e-01
2.23602816e-01
2.19284490e-01
2.14803740e-01
2.24282771e-01
2.23403811e-01
2.25709528e-01
2.26382375e-01
2.27671221e-01
2.42689267e-01
2.26207569e-01
2.10934103e-01
2.28421897e-01
2.28533849e-01
2.16603234e-01
2.27688298e-01
2.17655003e-01
2.26015210e-01
2.32040212e-01
2.40651086e-01
2.28360131e-01
2.33562484e-01
2.25840673e-01
2.09544867e-01
2.44951814e-01
2.24186197e-01
2.20519707e-01
2.36155674e-01
2.13421226e-01
2.13867888e-01
2.26655930e-01
2.23240241e-01
2.30634168e-01
2.16612592e-01
2.42068246e-01
2.17898279e-01
2.35964105e-01
2.28257492e-01
2.15708226e-01
2.28553295e-01
2.19360277e-01
2.21150160e-01
2.14760646e-01
2.01893300e-01
2.00386316e-01
2.13397965e-01
2.15739667e-01
2.15924948e-01
2.15965107e-01
2.19254419e-01
2.29426935e-01
2.11977139e-01
2.27964774e-01
2.28271261e-01
2.27267727e-01
2.29621708e-01
2.12361351e-01
2.30944365e-01
2.30308816e-01
2.10838452e-01
2.37190321e-01
2.16104567e-01
2.08122551e-01
2.34565586e-01
2.31007114e-01
2.33920246e-01
2.25020155e-01
2.34279022e-01
2.20800519e-01
2.24500194e-01
2.05295473e-01
2.19718605e-01
2.07500845e-01
2.14110792e-01
2.27139726e-01
2.33195186e-01
2.28036955e-01
2.07950413e-01
2.21678644e-01
2.12985754e-01
2.20296130e-01
2.15579018e-01
2.02309847e-01
2.14923829e-01
2.25245774e-01
2.19219953e-01
2.12232128e-01
2.09778592e-01
1.99123412e-01
2.25225300e-01
2.10893586e-01
2.03372404e-01
2.02079445e-01
2.28002653e-01
2.16075525e-01
2.22466603e-01
2.23426878e-01
2.14894846e-01
2.28839755e-01
2.05643952e-01
2.17789769e-01
2.18667135e-01
1.94585890e-01
2.07768619e-01
2.03972265e-01
2.09513605e-01
2.27936119e-01
2.31607959e-01
2.86536723e-01
2.99679905e-01
4.49940503e-01
3.53390098e-01
3.48992974e-01
3.33603710e-01
2.95966029e-01
3.30720037e-01
2.66091287e-01
2.26393908e-01
2.01186270e-01
2.02602595e-01
2.09614024e-01
2.07421809e-01
2.16561183e-01
2.17768192e-01
2.16186777e-01
1.96902066e-01
2.05782622e-01
2.25718334e-01
2.05731377e-01
2.38022104e-01
2.22658619e-01
2.18890637e-01
2.07311466e-01
2.08312765e-01
2.10332423e-01
2.12643206e-01
2.17311174e-01
2.16350272e-01
2.12721035e-01
2.21017718e-01
2.20481381e-01
2.22384229e-01
2.20215842e-01
2.21482739e-01
2.03377679e-01
2.10332707e-01
2.16206700e-01
2.14694068e-01
2.21072748e-01
2.08976537e-01
2.14728162e-01
2.11156428e-01
2.08719954e-01
2.07494065e-01
2.08500519e-01
2.20555678e-01
2.04816014e-01
2.16032386e-01
2.13911459e-01
2.11284980e-01
2.12441325e-01
1.95499137e-01
2.04591662e-01
2.26981834e-01
2.11675435e-01
2.08618537e-01
2.13020310e-01
1.99259803e-01
2.12199464e-01
2.09945545e-01
2.06276983e-01
2.26072520e-01
2.19103947e-01
2.18088448e-01
2.21567512e-01
1.86095700e-01
1.90468654e-01
2.01096162e-01
1.72976181e-01
1.98044345e-01
2.07681939e-01
1.97964653e-01
1.96235523e-01
2.01065257e-01
1.98075429e-01
2.00222746e-01
2.00321347e-01
1.94827795e-01
1.90751702e-01
2.02104852e-01
2.03773290e-01
2.04600871e-01
2.06210628e-01
2.01223463e-01
2.06960976e-01
2.02402487e-01
1.99930310e-01
2.09161118e-01
1.98847860e-01
1.91267252e-01
2.16946512e-01
1.95322439e-01
2.10204586e-01
2.09142104e-01
2.18652308e-01
2.08915830e-01
1.97170258e-01
1.91316843e-01
1.93943620e-01
1.93231121e-01
1.96578890e-01
1.96994230e-01
1.97187245e-01
2.09020391e-01
2.03116566e-01
1.96061492e-01
2.06264392e-01
2.00691208e-01
2.10381880e-01
2.05573827e-01
2.05236495e-01
2.23260343e-01
1.88197926e-01
1.95701048e-01
2.09606081e-01
1.83175907e-01
2.11068034e-01
1.94215283e-01
1.98669076e-01
1.99305013e-01
1.82933509e-01
1.94082454e-01
1.85859680e-01
1.91822201e-01
2.02191770e-01
2.12807938e-01
1.82858452e-01
1.83377922e-01
1.98870584e-01
1.86487243e-01
1.86787367e-01
1.92051083e-01
2.04441011e-01
1.72628209e-01
1.84082597e-01
1.71756834e-01
1.89460054e-01
1.84026763e-01
1.87514320e-01
1.83628306e-01
1.67302564e-01
1.81139886e-01
1.76569447e-01
1.87805951e-01
1.73468024e-01
1.95675611e-01
1.93400353e-01
1.83200344e-01
1.86723456e-01
2.03607991e-01
1.89677328e-01
1.80074364e-01
1.87043920e-01
1.95270538e-01
2.05385834e-01
1.94983244e-01
1.85016692e-01
2.05648720e-01
1.89371601e-01
1.99634805e-01
1.86184689e-01
1.80153981e-01
1.78697601e-01
1.99276134e-01
1.75549790e-01
1.80254519e-01
1.77109078e-01
1.93778098e-01
1.72820121e-01
1.98714033e-01
1.97796047e-01
1.75261959e-01
1.68569893e-01
1.79244906e-01
1.90908968e-01
1.83516309e-01
1.95337072e-01
1.92401975e-01
1.97020590e-01
1.70571923e-01
1.93492070e-01
1.81616172e-01
1.79690972e-01
1.85322121e-01
1.86725423e-01
1.78773239e-01
1.90674663e-01
1.70341447e-01
1.74506396e-01
1.88293323e-01
1.90888748e-01
1.72332361e-01
1.96660563e-01
1.66850716e-01
0.00000000e+00
1.67025700e-01
1.95966750e-01
1.72354490e-01
1.85633868e-01
1.84939221e-01
1.87906802e-01
1.86629862e-01
1.87016368e-01
1.85877815e-01
1.89197958e-01
1.85398281e-01
1.88480690e-01
1.77678436e-01
1.79860413e-01
1.71771452e-01
1.93349257e-01
1.73623145e-01
1.72691286e-01
1.81591392e-01
1.84202433e-01
2.02163294e-01
1.93142638e-01
1.74115524e-01
1.78971559e-01
1.64806589e-01
1.72331750e-01
1.84615403e-01
1.86967209e-01
1.84658170e-01
1.76673070e-01
1.94190919e-01
1.87479123e-01
1.89137101e-01
1.75118119e-01
1.83022752e-01
1.79459766e-01
1.77068189e-01
1.75614208e-01
1.79402411e-01
2.01666504e-01
1.84339508e-01
1.83783486e-01
1.80432960e-01
1.83733150e-01
1.72857851e-01
1.69847846e-01
1.74843967e-01
1.61653832e-01
1.70629755e-01
1.68440044e-01
1.83125749e-01
1.92510247e-01
1.93347782e-01
1.96318954e-01
1.88266769e-01
1.85039178e-01
1.94636181e-01
1.94260418e-01
1.96243212e-01
1.79147199e-01
1.63237244e-01
1.73823431e-01
1.70444563e-01
1.87393725e-01
1.87764227e-01
1.64653167e-01
1.69709623e-01
1.79944664e-01
2.08313689e-01
1.88345134e-01
1.93200350e-01
1.86880127e-01
1.82544455e-01
1.84172168e-01
1.70085520e-01
1.68370962e-01
1.60768092e-01
1.68346658e-01
1.73203915e-01
1.80637404e-01
1.59965172e-01
1.85287192e-01
1.98371395e-01
1.67523935e-01
1.71064645e-01
1.64866239e-01
1.72174186e-01
1.76351503e-01
1.84997424e-01
1.92661867e-01
2.01543286e-01
1.96957305e-01
1.82975486e-01
1.84414104e-01
1.94119811e-01
3.03192824e-01
4.67804760e-01
4.87409115e-01
5.56948602e-01
4.91118163e-01
5.18434644e-01
2.24941447e-01
2.54041016e-01
2.34204218e-01
1.89448044e-01
1.73479438e-01
1.75893798e-01
1.72726214e-01
1.76588148e-01
1.73539817e-01
1.78605855e-01
1.74625143e-01
1.73887908e-01
1.70934245e-01
1.80126965e-01
1.84036911e-01
1.61688194e-01
1.80029929e-01
2.06781507e-01
1.98324561e-01
1.87253684e-01
1.81286946e-01
1.75939798e-01
1.67970002e-01
1.65648207e-01
1.87112883e-01
1.71297893e-01
1.70406595e-01
1.56961724e-01
1.68738663e-01
1.73755616e-01
1.74304456e-01
1.86883196e-01
1.56391412e-01
1.87225282e-01
1.78463295e-01
1.68546170e-01
1.89984128e-01
1.86642945e-01
2.11710289e-01
2.47713566e-01
2.22950920e-01
2.64193714e-01
2.38246754e-01
1.83740303e-01
1.77469909e-01
1.63494870e-01
1.50446042e-01
1.69496983e-01
1.78061336e-01
1.85708135e-01
1.84015453e-01
1.71009541e-01
1.82794377e-01
1.66652024e-01
1.69525981e-01
1.65180236e-01
1.69107363e-01
1.72074854e-01
1.52979583e-01
1.55378237e-01
1.53242663e-01
1.58721879e-01
1.72696352e-01
1.64472342e-01
1.77298218e-01
1.68814585e-01
1.52148709e-01
1.67830527e-01
1.82132959e-01
1.67969033e-01
1.57440946e-01
1.61473483e-01
1.45196274e-01
1.64382696e-01
1.67669639e-01
1.59392610e-01
1.64409220e-01
1.72281101e-01
1.65929541e-01
1.59720540e-01
1.71513736e-01
1.77069858e-01
1.70362666e-01
1.53624833e-01
1.86081260e-01
1.69581145e-01
1.63613245e-01
1.73274696e-01
1.71982780e-01
1.61027968e-01
1.48196578e-01
1.70500994e-01
1.54468387e-01
1.53637722e-01
1.57303363e-01
1.57261118e-01
1.60940737e-01
1.50912881e-01
1.58000082e-01
1.66797087e-01
1.53356388e-01
1.62676886e-01
1.72705740e-01
1.62095845e-01
1.70719817e-01
1.63118348e-01
1.52644902e-01
1.59222826e-01
1.62910283e-01
1.69315189e-01
1.60198405e-01
1.65462136e-01
1.81500658e-01
1.66777179e-01
1.71799630e-01
1.52883857e-01
1.56976953e-01
1.63828984e-01
1.71073020e-01
1.58282444e-01
1.56276926e-01
1.63404569e-01
1.49482504e-01
1.58166334e-01
1.53630689e-01
1.64218649e-01
1.68530986e-01
1.69785142e-01
1.61158189e-01
1.53061971e-01
1.67000666e-01
1.58211067e-01
1.59481972e-01
1.70376122e-01
1.44796848e-01
1.63143873e-01
1.55164123e-01
1.53951302e-01
1.49501041e-01
1.55897662e-01
1.37636229e-01
1.51056260e-01
1.59289405e-01
1.51496336e-01
1.60406679e-01
1.57994241e-01
1.71608195e-01
1.65614322e-01
1.55285850e-01
1.37349382e-01
1.38788313e-01
1.42848119e-01
1.45459652e-01
1.52096167e-01
1.67137757e-01
1.66228101e-01
1.56254113e-01
1.51355565e-01
1.37877107e-01
1.50396779e-01
1.40408710e-01
1.52442217e-01
1.57639399e-01
1.56945810e-01
1.46189839e-01
1.55744657e-01
1.61062345e-01
1.51876107e-01
1.67443484e-01
1.52607128e-01
1.48164302e-01
1.36154458e-01
1.58102810e-01
2.54380405e-01
7.09787190e-01
4.40018058e-01
2.28027925e-01
1.48285508e-01
1.83115244e-01
1.52490586e-01
1.39902979e-01
1.33071348e-01
1.44999743e-01
1.50262371e-01
1.61458403e-01
1.52553529e-01
1.57173723e-01
2.02833846e-01
2.27543801e-01
1.97767302e-01
1.59841597e-01
1.54287040e-01
1.40184402e-01
1.35451540e-01
1.44549280e-01
1.52991265e-01
1.34732947e-01
1.51874974e-01
1.49553940e-01
1.38686925e-01
1.51784629e-01
1.48034409e-01
1.40774146e-01
1.40848413e-01
1.47930637e-01
1.44121304e-01
1.43138379e-01
1.39956579e-01
1.43232390e-01
1.47722676e-01
1.51172444e-01
1.44186318e-01
1.53364420e-01
1.49745330e-01
1.46513119e-01
1.46988347e-01
1.57346308e-01
1.53964207e-01
1.51403576e-01
1.64608046e-01
1.54284239e-01
1.44941568e-01
1.55726030e-01
1.45621136e-01
1.44540653e-01
1.29515380e-01
1.31952360e-01
1.57403991e-01
1.41476542e-01
1.51941583e-01
1.47111207e-01
1.35644197e-01
1.43984169e-01
1.42407104e-01
1.45013660e-01
1.53406307e-01
1.48952529e-01
1.41304329e-01
1.30337059e-01
1.40314966e-01
1.49094850e-01
1.28986955e-01
1.27512947e-01
1.33857429e-01
1.47693798e-01
1.56131357e-01
1.31569535e-01
1.43928528e-01
1.47642314e-01
1.48765177e-01
1.47109941e-01
1.36859983e-01
1.43269524e-01
1.43631876e-01
1.38702080e-01
1.50982887e-01
1.66216135e-01
1.49719119e-01
1.46212429e-01
1.42654449e-01
1.44458562e-01
1.46054029e-01
1.36634275e-01
1.33026719e-01
1.30521819e-01
1.34224176e-01
1.41770601e-01
1.36304557e-01
1.42814159e-01
1.39892787e-01
1.39276549e-01
1.49403527e-01
1.45308003e-01
1.68188140e-01
2.15468541e-01
2.21214190e-01
1.58279836e-01
1.43871874e-01
1.52342409e-01
1.40882552e-01
1.33304045e-01
1.41924068e-01
1.67006880e-01
1.88023642e-01
1.81117654e-01
1.61533579e-01
1.42090574e-01
1.43052220e-01
1.53906643e-01
1.39792576e-01
1.43722042e-01
1.45707205e-01
1.37885168e-01
1.45850107e-01
1.44480854e-01
1.32389948e-01
1.29738718e-01
1.36180595e-01
1.40041977e-01
1.39061466e-01
1.41066104e-01
1.32666647e-01
1.26199722e-01
1.37206733e-01
1.38452470e-01
1.38353258e-01
1.49349168e-01
1.35022849e-01
1.42640606e-01
1.44125208e-01
1.42757267e-01
1.46072060e-01
1.29754916e-01
1.39735162e-01
1.43037930e-01
1.44600034e-01
1.28962263e-01
1.31386042e-01
1.38894737e-01
1.40215501e-01
1.43203050e-01
1.35692298e-01
1.29904538e-01
1.49703801e-01
1.37235627e-01
1.38952076e-01
1.41484350e-01
1.47590339e-01
1.38950452e-01
1.42227307e-01
1.28188178e-01
1.25957876e-01
1.39457196e-01
1.43606126e-01
1.29004747e-01
1.37979344e-01
1.29725084e-01
1.38225496e-01
1.34038821e-01
1.29963771e-01
1.33259982e-01
1.30028918e-01
1.30520388e-01
1.41240716e-01
1.36143610e-01
1.60334110e-01
1.62983015e-01
1.88238993e-01
1.76705286e-01
1.62811384e-01
1.59595117e-01
1.74296930e-01
1.58241957e-01
1.37980402e-01
1.30355909e-01
1.42279044e-01
1.52747020e-01
1.27303094e-01
1.35953292e-01
1.33817151e-01
1.32896677e-01
1.37615159e-01
1.33095205e-01
1.42499447e-01
1.41534716e-01
1.32010043e-01
1.43559605e-01
1.59406662e-01
2.00588435e-01
2.37844765e-01
2.22222194e-01
1.90921545e-01
1.56753257e-01
1.53110966e-01
1.55121624e-01
1.50133222e-01
1.45580441e-01
1.44840583e-01
1.37363791e-01
1.33693248e-01
1.37614280e-01
1.36089668e-01
1.42117098e-01
1.25592723e-01
1.50727570e-01
1.48541614e-01
1.35171562e-01
1.38112217e-01
1.44493744e-01
1.37963787e-01
1.47372589e-01
1.46672353e-01
1.56974211e-01
1.55397058e-01
1.42792284e-01
1.42597660e-01
1.30216777e-01
1.42369464e-01
1.45419538e-01
1.46013185e-01
1.48715332e-01
1.45675525e-01
1.43013865e-01
1.39481470e-01
1.42183170e-01
1.61017805e-01
1.80914998e-01
1.86898485e-01
1.56673044e-01
1.49408370e-01
1.32135466e-01
1.34492859e-01
1.36171162e-01
1.34531409e-01
1.22284830e-01
1.39161184e-01
1.43537775e-01
1.44958407e-01
1.35548666e-01
1.32737711e-01
1.48597419e-01
1.44657373e-01
1.76141560e-01
1.87038735e-01
1.56978846e-01
1.43917903e-01
1.45396754e-01
1.29730791e-01
1.35434523e-01
1.28217936e-01
1.46051198e-01
1.31086946e-01
1.27090365e-01
1.29772723e-01
1.36392951e-01
1.30487204e-01
1.44254997e-01
1.32508203e-01
1.45602599e-01
1.41028613e-01
1.42970160e-01
1.56624615e-01
1.51426315e-01
1.52378738e-01
1.55908108e-01
1.82128981e-01
2.08317325e-01
1.21174298e-01
1.34792224e-01
1.38921976e-01
1.36225373e-01
1.27185538e-01
1.29619807e-01
1.28344730e-01
1.22434795e-01
1.34909436e-01
1.29204556e-01
1.31776214e-01
1.29639596e-01
1.31264970e-01
1.24400645e-01
1.29564777e-01
1.31478935e-01
1.28593758e-01
1.24699883e-01
1.25151455e-01
1.28224298e-01
1.25540182e-01
1.32191449e-01
1.20185092e-01
1.21984236e-01
1.33365989e-01
1.30406961e-01
1.18475713e-01
1.29570410e-01
1.21356077e-01
1.24691516e-01
1.24886081e-01
1.19446181e-01
1.29759997e-01
1.35653228e-01
1.30512685e-01
1.31518945e-01
1.31286010e-01
1.30341336e-01
1.34494096e-01
1.24742933e-01
1.25301585e-01
1.32307351e-01
1.34568706e-01
1.35857359e-01
1.24285370e-01
1.27980769e-01
1.19473711e-01
1.17661782e-01
1.31700039e-01
1.28659964e-01
1.25036150e-01
1.26873180e-01
1.40334845e-01
1.25942335e-01
1.31596968e-01
1.28172815e-01
1.35944873e-01
1.36700451e-01
1.31757692e-01
1.27055764e-01
1.23203650e-01
1.30641460e-01
1.30678296e-01
1.21144906e-01
1.18909821e-01
1.21962905e-01
1.29538953e-01
1.28513798e-01
1.39724806e-01
1.23746999e-01
1.20878689e-01
1.30019769e-01
1.35906860e-01
1.23152219e-01
1.23587616e-01
1.28855169e-01
1.46136984e-01
1.35648370e-01
1.23773120e-01
1.26893699e-01
1.24761529e-01
1.19826891e-01
1.15691826e-01
1.22422293e-01
1.23233043e-01
1.29742518e-01
1.31877959e-01
1.24034077e-01
1.25129744e-01
1.30037531e-01
1.19070388e-01
1.27028063e-01
1.17371075e-01
1.30585864e-01
1.27275288e-01
1.21964797e-01
1.39524132e-01
1.29590645e-01
1.24787368e-01
1.23191267e-01
1.23627312e-01
1.18194759e-01
1.25413746e-01
1.29952386e-01
1.23304158e-01
1.20139383e-01
1.17585383e-01
1.32696718e-01
1.22395530e-01
1.18912593e-01
1.16925277e-01
1.39176831e-01
1.26214519e-01
1.18353806e-01
1.23183541e-01
1.26409158e-01
1.26630142e-01
1.20532937e-01
1.22700989e-01
1.43486321e-01
1.26795635e-01
1.25205815e-01
1.27015486e-01
1.21844076e-01
1.17835581e-01
1.20461784e-01
1.27256915e-01
1.29819840e-01
1.24947324e-01
1.22970603e-01
1.22830078e-01
1.23167515e-01
1.20935984e-01
1.22666813e-01
1.23522915e-01
1.25225872e-01
1.28282607e-01
1.23516731e-01
1.15273833e-01
1.20232441e-01
1.19544886e-01
1.24652192e-01
1.16365612e-01
1.18958190e-01
1.27278283e-01
1.21859081e-01
1.17328621e-01
1.22602910e-01
1.38635293e-01
1.25809163e-01
1.29545063e-01
1.51735991e-01
1.90887660e-01
2.11146161e-01
2.23778829e-01
1.98920384e-01
2.38530457e-01
2.19175473e-01
1.94581211e-01
1.55830815e-01
1.34099513e-01
1.36964813e-01
1.34894833e-01
1.47543460e-01
1.29293904e-01
1.21029392e-01
1.08671375e-01
1.14352733e-01
1.24114819e-01
1.26751482e-01
1.23909794e-01
1.30887195e-01
1.34439722e-01
1.62246287e-01
2.57038563e-01
3.09637755e-01
3.18034798e-01
2.28096724e-01
1.78719908e-01
1.66412503e-01
1.93346351e-01
1.60556093e-01
1.40654743e-01
1.18526898e-01
1.18049085e-01
1.30869478e-01
1.35915652e-01
1.29997060e-01
1.31750390e-01
1.28404155e-01
1.37994364e-01
1.34666711e-01
1.51525706e-01
1.42506287e-01
1.24390200e-01
1.22190677e-01
1.20660909e-01
1.56230718e-01
2.36232638e-01
2.37424776e-01
2.73085594e-01
1.77406445e-01
1.26497000e-01
1.22662768e-01
1.23299383e-01
1.37992024e-01
1.55868366e-01
1.60089120e-01
1.60475791e-01
1.28602400e-01
1.33955583e-01
1.49514779e-01
2.23722875e-01
2.60043502e-01
2.85150737e-01
2.38072053e-01
1.57686487e-01
1.23402499e-01
1.24580473e-01
1.27205923e-01
1.25529453e-01
1.11988917e-01
1.25945896e-01
1.50242388e-01
1.49259359e-01
1.51070774e-01
1.33287743e-01
1.21055774e-01
1.45295218e-01
1.91961139e-01
2.27359235e-01
2.36026198e-01
1.96797669e-01
1.45381719e-01
1.12519816e-01
1.27270862e-01
1.14735633e-01
1.18814655e-01
1.16457075e-01
1.20379798e-01
1.22081816e-01
1.18153349e-01
1.23279944e-01
1.33935258e-01
1.50551945e-01
1.43553257e-01
1.25724867e-01
1.31857976e-01
1.56604409e-01
1.83239818e-01
1.89145207e-01
1.76838264e-01
1.36624590e-01
1.21322431e-01
1.18857361e-01
1.12448707e-01
1.20518237e-01
1.17144436e-01
1.29567757e-01
1.18617952e-01
1.18179053e-01
1.14174709e-01
1.12198569e-01
1.12983890e-01
1.17586881e-01
1.22450091e-01
1.20950118e-01
1.25184149e-01
1.23723276e-01
1.21635668e-01
1.33874446e-01
1.55388638e-01
1.46228537e-01
1.23579517e-01
1.13503724e-01
1.18662491e-01
1.22188061e-01
1.23240918e-01
1.26510486e-01
1.12624504e-01
1.21643171e-01
1.22407638e-01
1.19824633e-01
1.17456913e-01
1.20340690e-01
1.18609644e-01
1.08488828e-01
1.28205672e-01
1.28355443e-01
1.26836494e-01
1.29444659e-01
1.32606491e-01
1.23295501e-01
1.34051427e-01
1.32175386e-01
1.41528279e-01
1.41914696e-01
1.34961024e-01
1.31768465e-01
1.26752615e-01
1.32414714e-01
1.14270076e-01
1.25062972e-01
1.21595301e-01
1.23700194e-01
1.24976866e-01
1.17572702e-01
1.21886544e-01
1.21977188e-01
1.11835927e-01
1.15794048e-01
1.20208040e-01
1.18746191e-01
1.12349376e-01
1.17246918e-01
1.19306877e-01
1.11112833e-01
1.10277191e-01
1.37064978e-01
1.67873576e-01
2.07127213e-01
1.89809516e-01
1.71301097e-01
1.49836183e-01
1.27056584e-01
1.41805127e-01
1.20512366e-01
1.16128959e-01
1.25017062e-01
1.21851854e-01
1.14485905e-01
1.15971573e-01
1.25850290e-01
1.08524062e-01
1.12470850e-01
1.20477170e-01
1.17262915e-01
1.21097609e-01
1.21428780e-01
1.21041507e-01
1.28594935e-01
1.30680710e-01
1.21295810e-01
1.22520365e-01
1.24501489e-01
1.26092732e-01
1.22141033e-01
1.60924807e-01
1.90735787e-01
1.58491135e-01
1.44852310e-01
1.19775005e-01
1.17641270e-01
1.20553568e-01
1.12407535e-01
1.17585383e-01
1.29951477e-01
1.26065105e-01
1.17886737e-01
1.19589873e-01
1.19003251e-01
1.46038041e-01
1.73707321e-01
2.57917702e-01
2.83316344e-01
2.58419305e-01
2.85687268e-01
3.45007509e-01
2.34383687e-01
2.21868753e-01
1.98177427e-01
1.73951134e-01
1.61313206e-01
1.45016819e-01
1.47421136e-01
1.43482089e-01
1.35409430e-01
1.52403161e-01
1.55169308e-01
1.79906175e-01
2.41927579e-01
2.13497698e-01
1.69983789e-01
1.65728122e-01
1.44216999e-01
1.37556911e-01
1.35967091e-01
1.31896093e-01
1.43715814e-01
1.48189828e-01
1.36081994e-01
1.16953664e-01
1.24330737e-01
1.29749671e-01
1.23694345e-01
1.33785412e-01
1.35912165e-01
1.12993337e-01
1.22698776e-01
1.51728153e-01
1.46907181e-01
1.29218310e-01
1.32624775e-01
1.33825228e-01
1.21467486e-01
1.11898832e-01
1.16005756e-01
1.14224106e-01
1.09813854e-01
1.19493023e-01
1.23328798e-01
1.16482705e-01
1.14477165e-01
1.08072214e-01
1.10062793e-01
1.16830908e-01
1.09226733e-01
1.11914016e-01
1.18690953e-01
1.07300274e-01
1.19023040e-01
1.26351684e-01
1.09685421e-01
1.16988055e-01
1.13657653e-01
1.06615424e-01
1.64223745e-01
2.02033833e-01
2.64982849e-01
2.44271949e-01
2.73132920e-01
3.12631816e-01
2.22811162e-01
1.61272556e-01
1.32868811e-01
1.43831372e-01
1.36892661e-01
1.26282319e-01
1.17992744e-01
1.21792875e-01
1.10640325e-01
1.21971436e-01
1.22092687e-01
1.10428534e-01
1.12726539e-01
1.09609097e-01
1.09540768e-01
1.44658551e-01
2.62220204e-01
4.85082835e-01
7.63163924e-01
6.65484965e-01
5.13645113e-01
3.98518652e-01
2.98143536e-01
2.16379970e-01
1.53494075e-01
1.27917424e-01
1.20971158e-01
1.11619972e-01
1.12489440e-01
1.28761128e-01
1.26047477e-01
1.25607088e-01
1.20018281e-01
1.41110674e-01
1.39137566e-01
1.39142394e-01
1.22457661e-01
1.20367341e-01
1.14279784e-01
1.29968151e-01
1.68352082e-01
2.44530857e-01
2.63156533e-01
2.08949134e-01
1.54265285e-01
1.12059571e-01
1.10445157e-01
1.16952457e-01
1.37891397e-01
1.49799734e-01
1.51681110e-01
1.46741539e-01
1.30781248e-01
1.14045888e-01
1.22513384e-01
1.73652008e-01
2.80053079e-01
3.21278334e-01
2.71219820e-01
1.91605374e-01
1.35138914e-01
1.14114098e-01
1.12481847e-01
1.10019244e-01
1.08418770e-01
1.14633478e-01
1.41032308e-01
1.56547397e-01
1.66044429e-01
1.53824687e-01
1.19026847e-01
1.17464207e-01
1.41245842e-01
2.59335786e-01
3.30862641e-01
3.31283867e-01
2.37242326e-01
1.99414492e-01
1.78544000e-01
1.87212110e-01
1.57370195e-01
1.37689382e-01
1.56328872e-01
1.67326093e-01
1.89418852e-01
1.91826627e-01
1.57016620e-01
1.35996997e-01
1.34121031e-01
1.58096388e-01
1.56015560e-01
1.34181768e-01
1.25098944e-01
1.70587122e-01
1.79711819e-01
2.19607383e-01
1.73875675e-01
1.32924959e-01
1.18445881e-01
1.10161975e-01
1.10116050e-01
1.15265742e-01
1.23711117e-01
1.22535214e-01
1.09040730e-01
1.41287819e-01
2.56013066e-01
3.36691439e-01
4.33858573e-01
3.27756763e-01
2.32597098e-01
1.99017778e-01
2.18933135e-01
1.99341387e-01
1.52564794e-01
1.23977870e-01
1.40510201e-01
1.72088295e-01
1.77878618e-01
1.55774996e-01
1.21677577e-01
1.15886517e-01
1.08916819e-01
1.16130359e-01
1.16017364e-01
1.09833844e-01
1.28493860e-01
1.52585745e-01
1.57124624e-01
1.35304883e-01
1.08590573e-01
1.11664206e-01
1.09892488e-01
1.36976883e-01
2.15602949e-01
2.85959512e-01
3.38271469e-01
2.87720829e-01
1.69857427e-01
1.22344851e-01
1.16407879e-01
1.18613265e-01
1.35960340e-01
1.58692822e-01
1.84767514e-01
1.65485054e-01
1.30382001e-01
1.09784491e-01
1.20505653e-01
1.49663076e-01
2.48894721e-01
3.29350680e-01
3.42138886e-01
2.67651170e-01
1.51553005e-01
1.27028510e-01
1.17737919e-01
1.09961011e-01
1.21933527e-01
1.18103869e-01
1.25460222e-01
1.48204520e-01
2.14855507e-01
2.24016175e-01
1.54029921e-01
1.43009350e-01
1.24196783e-01
2.27079213e-01
3.43268037e-01
3.14166427e-01
3.22352499e-01
1.99118033e-01
1.47010177e-01
1.27050593e-01
1.19600669e-01
1.13543153e-01
1.08762234e-01
1.05987512e-01
1.06321596e-01
1.07120275e-01
1.20046742e-01
1.24053046e-01
1.44040316e-01
1.34735271e-01
1.40037790e-01
1.27509475e-01
1.26017109e-01
1.29596114e-01
1.79788515e-01
1.90261126e-01
1.53767973e-01
1.25380054e-01
1.17869824e-01
1.14452057e-01
1.16002269e-01
1.15065150e-01
1.11291312e-01
1.12348951e-01
1.07939601e-01
1.07266568e-01
1.22644849e-01
1.02135509e-01
1.10644750e-01
1.10810831e-01
1.16889991e-01
1.26092002e-01
1.19822823e-01
1.16125911e-01
1.10951796e-01
1.22225367e-01
1.54619187e-01
1.27971664e-01
1.17799588e-01
1.08162932e-01
1.14894710e-01
1.10739812e-01
1.09132901e-01
1.12331480e-01
1.11829609e-01
1.12522840e-01
1.02380395e-01
1.11344688e-01
1.16773926e-01
1.11947805e-01
1.09453239e-01
1.00620404e-01
1.07740268e-01
1.11570887e-01
1.10675275e-01
1.30944431e-01
1.08825937e-01
1.05621703e-01
1.17230505e-01
1.27210647e-01
1.32547766e-01
1.27872169e-01
1.11992389e-01
1.06435589e-01
1.09089285e-01
1.19657293e-01
1.16182402e-01
1.11190826e-01
1.12504333e-01
1.15707256e-01
1.16022974e-01
1.07378431e-01
1.07493281e-01
1.12368010e-01
1.11293592e-01
1.15107194e-01
1.16008714e-01
1.18653275e-01
1.27759948e-01
1.17626652e-01
1.20079435e-01
1.18009903e-01
1.13483392e-01
1.22456625e-01
1.14577435e-01
1.09011956e-01
1.16897881e-01
1.18214168e-01
1.16413526e-01
1.13198653e-01
1.16488665e-01
1.15503900e-01
1.16829932e-01
1.10600024e-01
1.09904692e-01
1.19161069e-01
1.12328693e-01
1.12962134e-01
1.06444053e-01
1.05573185e-01
1.03993103e-01
1.13042176e-01
1.18171647e-01
1.18872553e-01
1.26294076e-01
1.11856252e-01
1.09356314e-01
1.08665287e-01
1.10508643e-01
1.14705421e-01
1.19771034e-01
1.12240314e-01
1.08601868e-01
1.09542921e-01
1.17877871e-01
1.21174872e-01
1.20076083e-01
1.11673854e-01
1.05098054e-01
1.02936760e-01
1.15829147e-01
1.21089928e-01
2.75553465e-01
1.23775899e-01
1.14393637e-01
1.11243039e-01
1.16338626e-01
1.24051817e-01
1.29523098e-01
1.70980334e-01
2.49211892e-01
2.44186595e-01
2.03700125e-01
2.06718326e-01
2.57537842e-01
3.08841556e-01
2.52014518e-01
1.79557070e-01
2.05699429e-01
2.71209955e-01
3.48621517e-01
3.01322341e-01
1.93401530e-01
1.36874661e-01
1.16053849e-01
1.41268685e-01
1.72639653e-01
1.46837056e-01
1.21269539e-01
1.15187302e-01
1.12148188e-01
1.24066941e-01
1.03303298e-01
1.09757073e-01
1.06918529e-01
1.08915284e-01
1.10224620e-01
1.08478971e-01
1.04818471e-01
1.11767203e-01
1.20475553e-01
1.27093047e-01
2.88987845e-01
5.25065780e-01
6.15174770e-01
5.17148912e-01
3.94341648e-01
2.55190581e-01
2.73159981e-01
2.69538373e-01
1.82723463e-01
1.31036147e-01
1.19744495e-01
1.28704131e-01
1.52663767e-01
1.46278769e-01
1.25766471e-01
1.16569310e-01
1.07712872e-01
1.06740884e-01
1.04402840e-01
1.11559562e-01
1.49176136e-01
2.09329918e-01
2.21865669e-01
1.80408210e-01
1.20424144e-01
1.16349094e-01
1.14532031e-01
1.13652900e-01
1.37592480e-01
3.08864206e-01
5.53592384e-01
4.22928512e-01
3.26650172e-01
1.80058062e-01
1.14747010e-01
1.06762782e-01
1.15890957e-01
1.48485690e-01
2.25781947e-01
2.51252592e-01
1.87064052e-01
1.38815373e-01
1.06094874e-01
1.05585948e-01
1.48888052e-01
3.51940304e-01
5.24965882e-01
4.96525228e-01
3.96183789e-01
1.98879018e-01
1.23903185e-01
1.05429336e-01
1.09142646e-01
1.03436284e-01
1.09890170e-01
1.23396434e-01
1.49855614e-01
2.19285578e-01
2.47112513e-01
1.92782030e-01
1.29630342e-01
1.02835514e-01
1.35951057e-01
2.85159767e-01
3.46839935e-01
3.63405794e-01
3.26319724e-01
1.58280790e-01
1.20324500e-01
1.14547126e-01
1.09354526e-01
1.07233107e-01
1.12012945e-01
1.04304656e-01
1.02972277e-01
9.67907012e-02
1.05422758e-01
1.21612057e-01
1.56550840e-01
1.83971465e-01
1.62497550e-01
1.20429434e-01
1.15705512e-01
1.74606860e-01
2.45432705e-01
2.52154857e-01
2.03984261e-01
1.35594815e-01
9.66557041e-02
1.11539461e-01
1.04938179e-01
1.03073440e-01
1.03812814e-01
9.90303010e-02
1.17321797e-01
1.03848532e-01
9.83536392e-02
1.01016261e-01
1.08371355e-01
1.00853547e-01
1.02497704e-01
1.13707863e-01
1.34814441e-01
1.13864832e-01
1.14393368e-01
1.11889653e-01
1.48669600e-01
1.77516147e-01
1.58332333e-01
1.15350381e-01
9.94916037e-02
1.06734328e-01
1.07182279e-01
1.02689795e-01
1.04179054e-01
1.09486043e-01
1.09003626e-01
1.00784853e-01
9.98812541e-02
1.01711698e-01
1.06811352e-01
1.03604533e-01
9.91056636e-02
9.67479125e-02
1.08912364e-01
1.13675401e-01
1.08322129e-01
1.33595362e-01
1.21115513e-01
1.00156657e-01
1.04662821e-01
1.06045060e-01
1.10963367e-01
1.08400844e-01
1.17798522e-01
1.07299969e-01
1.05628699e-01
1.04093336e-01
1.10440552e-01
1.18384995e-01
1.12967685e-01
1.28788352e-01
1.56546533e-01
1.46375865e-01
1.54158443e-01
1.85470387e-01
1.89191103e-01
1.98980272e-01
1.90083638e-01
1.79614171e-01
1.76464543e-01
1.74927518e-01
1.48510948e-01
1.30506918e-01
1.30182728e-01
1.16308682e-01
1.32086247e-01
1.63872004e-01
1.77648485e-01
1.73540130e-01
1.81816041e-01
1.88047901e-01
2.01567978e-01
2.12740660e-01
1.82590201e-01
1.69548497e-01
1.69800669e-01
1.76816851e-01
1.83546796e-01
1.54447839e-01
1.52403429e-01
1.50856137e-01
1.41596764e-01
1.36251673e-01
1.33391574e-01
1.12560421e-01
1.15515471e-01
1.23855330e-01
1.05309017e-01
1.06257409e-01
1.10369034e-01
1.11928329e-01
1.14561558e-01
1.09245270e-01
1.01686493e-01
1.02162480e-01
1.09598480e-01
1.06040105e-01
9.69378129e-02
1.11849569e-01
1.13043450e-01
1.06136963e-01
1.07287534e-01
1.17711700e-01
1.01833709e-01
1.06055096e-01
1.03899620e-01
1.00773059e-01
1.08446270e-01
1.09686144e-01
1.05778448e-01
1.15843058e-01
1.09021567e-01
1.06995694e-01
1.01952054e-01
1.01406269e-01
1.10496797e-01
1.04698248e-01
9.98417512e-02
1.03810936e-01
1.06488809e-01
1.35339588e-01
2.30648100e-01
3.22502792e-01
3.42771649e-01
3.26256871e-01
3.90858918e-01
4.27534044e-01
3.61524910e-01
2.37618104e-01
2.39313364e-01
4.00273055e-01
4.47635800e-01
3.81960213e-01
2.41408736e-01
1.26056254e-01
1.04294837e-01
1.43995270e-01
2.28406727e-01
2.05808207e-01
1.61846608e-01
1.06752329e-01
1.02906197e-01
1.01370916e-01
9.87352952e-02
8.85856301e-02
9.67335552e-02
9.86237302e-02
1.10561095e-01
1.06394701e-01
9.91733521e-02
1.08057745e-01
1.02396496e-01
1.15431719e-01
2.39675254e-01
5.99333167e-01
9.41221833e-01
8.94467771e-01
5.91766834e-01
3.18701744e-01
2.85201967e-01
3.59556764e-01
3.10980409e-01
2.01974109e-01
1.18268162e-01
1.08697437e-01
1.40386492e-01
1.69007421e-01
1.54868618e-01
1.30601645e-01
1.08278498e-01
1.02068037e-01
1.04695983e-01
1.10926814e-01
1.31350383e-01
2.09347159e-01
2.72692353e-01
2.44425282e-01
1.59215882e-01
1.14562355e-01
1.00671291e-01
1.00146696e-01
1.14802681e-01
2.60256171e-01
4.52021450e-01
6.97778046e-01
6.00071073e-01
3.18502814e-01
1.54889300e-01
1.18445672e-01
1.11839287e-01
1.28955513e-01
2.09862143e-01
3.50676596e-01
3.18510592e-01
2.18684018e-01
1.48337871e-01
1.03756435e-01
1.11539349e-01
1.57666251e-01
4.41642106e-01
7.61717141e-01
7.00828910e-01
5.14327288e-01
2.64701128e-01
1.27549082e-01
1.13399804e-01
9.96265858e-02
1.01588115e-01
1.14848949e-01
1.09429896e-01
1.40423521e-01
2.80984342e-01
2.82892883e-01
2.36315623e-01
1.74706846e-01
1.22132272e-01
1.07300498e-01
1.79246873e-01
5.52285433e-01
6.33154154e-01
5.93090355e-01
3.47808540e-01
1.70339376e-01
1.10549927e-01
9.68943760e-02
1.02585085e-01
1.13130584e-01
1.05014525e-01
1.01811439e-01
1.06931932e-01
1.06197394e-01
1.06336340e-01
1.33014038e-01
2.05112606e-01
2.45100588e-01
2.29871601e-01
1.47645995e-01
1.23403348e-01
1.79119185e-01
3.60590160e-01
4.14568901e-01
3.51178825e-01
