2.99049640e+00
2.91507006e+00
2.86656857e+00
2.90030265e+00
3.40132785e+00
3.01479745e+00
2.88081622e+00
3.08476949e+00
2.92411780e+00
3.21128154e+00
2.90084481e+00
3.03560352e+00
3.02933788e+00
3.07991624e+00
3.18266559e+00
3.10485864e+00
3.07922626e+00
3.07686162e+00
2.98957753e+00
3.07041287e+00
3.01178241e+00
2.79154181e+00
2.99864411e+00
3.05713153e+00
3.07242012e+00
3.25849533e+00
3.05222988e+00
3.00773573e+00
3.18202400e+00
2.96209741e+00
3.03269100e+00
3.01387143e+00
2.70760441e+00
3.21342254e+00
2.90393138e+00
2.81982398e+00
2.78925157e+00
2.70614910e+00
2.88271689e+00
2.94552755e+00
2.88083339e+00
2.83207607e+00
2.72741628e+00
2.78162503e+00
2.88984299e+00
2.58413887e+00
2.72566867e+00
2.85769892e+00
2.84337378e+00
2.89366674e+00
2.75843644e+00
2.69506121e+00
2.89585328e+00
2.89596701e+00
2.91034174e+00
3.05913472e+00
3.07362103e+00
3.08589220e+00
3.11215234e+00
2.82290077e+00
2.91049814e+00
3.05465627e+00
3.12459779e+00
2.92716622e+00
2.95126462e+00
3.20830512e+00
3.26233959e+00
3.08705997e+00
3.01346755e+00
3.17490172e+00
3.14572358e+00
3.03232360e+00
2.98079133e+00
3.12608218e+00
2.97924471e+00
2.77792907e+00
2.97013307e+00
3.06990695e+00
3.16587400e+00
3.06815791e+00
3.07578421e+00
2.99930048e+00
2.80803299e+00
2.80388093e+00
2.87091923e+00
2.89960408e+00
2.88715219e+00
2.97021651e+00
2.77784491e+00
2.99033427e+00
2.98088646e+00
2.68786073e+00
2.78360438e+00
2.71090555e+00
2.66580439e+00
2.50330997e+00
2.52099204e+00
2.54423356e+00
2.50569034e+00
2.54338765e+00
2.44466138e+00
2.46410418e+00
2.39872193e+00
2.25617313e+00
2.38080335e+00
2.32834291e+00
2.52043962e+00
2.49153233e+00
2.37053752e+00
2.39299750e+00
2.43983889e+00
2.50641370e+00
2.69696283e+00
2.60468745e+00
2.51869798e+00
2.52846408e+00
2.67308211e+00
2.66438913e+00
2.80469322e+00
2.73643517e+00
2.89363694e+00
2.75117660e+00
2.75396490e+00
2.99840808e+00
2.74932551e+00
3.20955777e+00
3.13009429e+00
3.06588793e+00
3.07318521e+00
3.01675868e+00
2.98624325e+00
2.93944430e+00
3.13597202e+00
3.19311500e+00
2.98072648e+00
2.92419338e+00
3.03442478e+00
3.15514636e+00
3.29387164e+00
3.37769389e+00
3.25558066e+00
3.12056851e+00
2.94142795e+00
3.14853954e+00
3.25818300e+00
3.22173738e+00
3.10963058e+00
3.06276536e+00
3.09914255e+00
3.28491116e+00
3.03725624e+00
2.99301887e+00
3.18866563e+00
3.11742592e+00
3.14579153e+00
3.21763611e+00
3.20014739e+00
3.14701295e+00
3.32879210e+00
3.23191881e+00
3.00942755e+00
2.95110226e+00
2.90590167e+00
2.82740617e+00
3.04509997e+00
2.88178635e+00
2.93928099e+00
2.86134887e+00
2.79293156e+00
2.84739161e+00
2.92832589e+00
2.87731242e+00
2.79981327e+00
2.82027555e+00
2.75479460e+00
2.70624995e+00
2.57073998e+00
2.69429612e+00
2.80091810e+00
2.44703293e+00
2.34026718e+00
2.31206894e+00
2.04568768e+00
2.39021301e+00
2.31689358e+00
2.27036572e+00
2.19283605e+00
2.04636621e+00
2.06838703e+00
2.16461682e+00
2.03601742e+00
1.86358559e+00
1.90818548e+00
1.91349387e+00
1.83939159e+00
1.95596647e+00
1.85633481e+00
1.99860346e+00
2.13314438e+00
2.05708742e+00
2.00218725e+00
2.07785773e+00
2.24621725e+00
2.11243129e+00
2.18910146e+00
2.37975740e+00
2.50751543e+00
2.42460823e+00
2.42875218e+00
2.28748989e+00
2.50303268e+00
2.64072704e+00
2.61370397e+00
2.42316461e+00
2.61559772e+00
2.77495623e+00
2.78741550e+00
2.82065964e+00
2.79050088e+00
2.61931658e+00
2.82881284e+00
2.91237044e+00
2.93677592e+00
3.15689039e+00
3.14254880e+00
2.82930207e+00
2.97409439e+00
3.45563269e+00
3.25271034e+00
3.00042892e+00
3.00499797e+00
3.04074836e+00
3.13615727e+00
3.23811269e+00
3.26498294e+00
3.21033597e+00
3.32579207e+00
3.28413677e+00
3.27957296e+00
3.43147874e+00
3.24645114e+00
3.11230040e+00
3.18325496e+00
3.03612328e+00
3.38133478e+00
3.27634287e+00
3.31111574e+00
3.51599717e+00
3.33038664e+00
3.34029150e+00
3.29693365e+00
3.34302878e+00
3.47061825e+00
3.38798475e+00
3.31076932e+00
3.24289083e+00
3.25855541e+00
3.46434188e+00
3.50719643e+00
3.38266134e+00
3.36891961e+00
3.35325456e+00
3.53747392e+00
3.45991087e+00
3.39207673e+00
3.40436149e+00
3.34797192e+00
3.39996243e+00
3.26734829e+00
3.26028085e+00
3.42918468e+00
3.43787670e+00
3.26463699e+00
3.31924510e+00
3.28926086e+00
3.35492134e+00
3.44930983e+00
3.38862634e+00
3.27661991e+00
3.17139506e+00
3.20126700e+00
3.23435521e+00
3.29065633e+00
3.38178611e+00
3.16418695e+00
2.99525571e+00
3.31563187e+00
3.28750038e+00
3.17794657e+00
3.14384103e+00
3.11675930e+00
3.07895899e+00
3.07480145e+00
3.04056525e+00
3.12992477e+00
3.12926483e+00
2.99396324e+00
2.91053963e+00
3.09710240e+00
2.78142810e+00
2.76357508e+00
2.94808054e+00
2.88547301e+00
2.81445551e+00
2.69673061e+00
2.73851967e+00
2.74033689e+00
2.72667193e+00
2.72900057e+00
2.69155979e+00
2.57900882e+00
2.63345265e+00
2.46211028e+00
2.41013789e+00
2.52873755e+00
2.52693605e+00
2.36310387e+00
2.29740834e+00
2.10175800e+00
2.17296910e+00
2.43547964e+00
2.12120247e+00
2.26826167e+00
2.22339964e+00
2.18675542e+00
2.07037473e+00
1.94283843e+00
1.98009336e+00
1.92086697e+00
1.86324012e+00
1.81253195e+00
1.71146262e+00
1.72672057e+00
1.57787740e+00
1.42689800e+00
1.40342259e+00
1.42188346e+00
1.59459496e+00
1.69442701e+00
1.62021780e+00
1.63790262e+00
1.90613365e+00
1.95492995e+00
1.77537358e+00
1.89652658e+00
1.84322870e+00
2.14086556e+00
2.05211020e+00
2.14892817e+00
2.13880157e+00
2.13309669e+00
2.34877849e+00
2.25077724e+00
2.27397418e+00
2.44768667e+00
2.43452358e+00
2.35764432e+00
2.46916676e+00
2.29780364e+00
2.38457847e+00
2.47828364e+00
2.41003680e+00
2.55014229e+00
2.60141015e+00
2.70260644e+00
2.74635625e+00
2.57148480e+00
2.72607160e+00
2.86434650e+00
2.79040337e+00
2.86218762e+00
2.86696219e+00
2.85269237e+00
2.89329791e+00
2.92696524e+00
2.91893697e+00
2.84868026e+00
3.05102563e+00
3.09130239e+00
3.07526731e+00
3.07194304e+00
2.91936588e+00
3.05893350e+00
3.05740118e+00
3.05451393e+00
3.00696945e+00
3.12336040e+00
3.11365080e+00
3.12879276e+00
3.14189124e+00
3.28816056e+00
3.32187343e+00
3.14238048e+00
3.21507740e+00
3.26207471e+00
3.46248651e+00
3.31405354e+00
3.24864602e+00
3.26249838e+00
3.25728726e+00
3.18727303e+00
3.23303676e+00
3.36224079e+00
3.44778800e+00
3.28609681e+00
3.31725717e+00
3.34654117e+00
3.37979174e+00
3.40336132e+00
3.28485560e+00
3.38168406e+00
3.40955639e+00
3.52130389e+00
3.39430618e+00
3.35845923e+00
3.31587124e+00
3.27855849e+00
3.46201968e+00
3.41177750e+00
3.43206096e+00
3.43144226e+00
3.43146968e+00
3.46514893e+00
3.24129438e+00
3.39773679e+00
3.34839296e+00
3.46340656e+00
3.46005130e+00
3.38067269e+00
3.50018311e+00
3.44681239e+00
3.35936737e+00
3.26672292e+00
3.34880805e+00
3.55758858e+00
3.45521307e+00
3.52629232e+00
3.47029424e+00
3.49444175e+00
3.54859018e+00
3.52341580e+00
3.50722957e+00
3.52370906e+00
3.47541118e+00
3.50894618e+00
3.52401686e+00
3.51137733e+00
3.30202317e+00
3.31589222e+00
3.49704003e+00
3.47754240e+00
3.35679078e+00
3.48092461e+00
3.43754816e+00
3.52112436e+00
3.49214458e+00
3.41965532e+00
3.42010403e+00
3.28860855e+00
3.29899073e+00
3.28799081e+00
3.44178534e+00
3.53492522e+00
3.48284411e+00
3.36737466e+00
3.46745396e+00
3.42666936e+00
3.35036588e+00
3.29769444e+00
3.27827406e+00
3.28575015e+00
3.35347843e+00
3.44483566e+00
3.44423008e+00
3.52323055e+00
3.42829514e+00
3.25035596e+00
3.32929611e+00
3.48403311e+00
3.30850673e+00
3.24280477e+00
3.39503574e+00
3.22379541e+00
3.28624535e+00
3.35762286e+00
3.22917843e+00
3.36353254e+00
3.39494324e+00
3.31392360e+00
3.30599928e+00
3.19675493e+00
3.31488919e+00
3.22177601e+00
3.21968603e+00
3.23190618e+00
3.37472939e+00
3.20974422e+00
3.17367148e+00
3.30658555e+00
3.30403686e+00
3.09632206e+00
3.27119184e+00
3.23797250e+00
3.20402670e+00
3.15515113e+00
3.16425776e+00
3.30649376e+00
3.17299438e+00
3.21433568e+00
3.15758419e+00
3.12844610e+00
3.13955379e+00
3.11575603e+00
3.07088661e+00
3.08851314e+00
2.97807693e+00
3.08495378e+00
3.12280846e+00
3.03124285e+00
2.90698338e+00
2.98379397e+00
2.93398428e+00
2.85872674e+00
2.96073627e+00
2.95324707e+00
2.91314888e+00
2.76410866e+00
2.88574982e+00
2.91155386e+00
2.96836638e+00
2.99139214e+00
2.75060129e+00
2.74469495e+00
2.69651318e+00
2.77957606e+00
2.80531001e+00
2.82346916e+00
2.86305404e+00
2.74189019e+00
2.73671865e+00
2.72429490e+00
2.62538576e+00
2.66261911e+00
2.57101321e+00
2.55257845e+00
2.61098337e+00
2.65686488e+00
2.57722187e+00
2.65528131e+00
2.53368068e+00
2.45998859e+00
2.53414083e+00
2.46078348e+00
2.42864847e+00
2.40233612e+00
2.43753529e+00
2.28287458e+00
2.19928694e+00
2.20692372e+00
2.21366358e+00
2.17368340e+00
1.98059464e+00
2.06578088e+00
1.98169112e+00
1.99182951e+00
2.01104999e+00
2.02540541e+00
2.01638865e+00
1.96448171e+00
1.75007784e+00
1.64009511e+00
1.64705956e+00
1.67908061e+00
1.67891419e+00
1.52130294e+00
1.54200816e+00
1.48888731e+00
1.52527153e+00
1.45385647e+00
1.26317656e+00
1.18902230e+00
1.17043412e+00
1.23525476e+00
1.23529696e+00
1.20726836e+00
1.54735804e+00
1.60359895e+00
1.53404653e+00
1.53781593e+00
1.54854262e+00
1.63972795e+00
1.57474840e+00
1.77230024e+00
1.97873127e+00
1.89193499e+00
1.86593759e+00
1.96206164e+00
1.85076857e+00
1.93603909e+00
1.90347362e+00
1.99426818e+00
2.01353621e+00
2.09509563e+00
2.12783146e+00
2.07496738e+00
2.09155846e+00
2.19587469e+00
2.26442766e+00
2.28199244e+00
2.38681960e+00
2.33250022e+00
2.37505221e+00
2.32347441e+00
2.32436609e+00
2.37620544e+00
2.48446250e+00
2.62192392e+00
2.54641914e+00
2.47363687e+00
2.53714967e+00
2.49295473e+00
2.47948861e+00
2.51772237e+00
2.55267811e+00
2.61840749e+00
2.62796140e+00
2.62206960e+00
2.59730315e+00
2.56721735e+00
2.71910906e+00
2.79148650e+00
2.67060685e+00
2.57180429e+00
2.71580100e+00
2.81342006e+00
2.69061112e+00
2.77856779e+00
2.79677033e+00
2.76979256e+00
2.78741884e+00
2.80267596e+00
2.79759979e+00
2.79365230e+00
2.67702460e+00
2.74342155e+00
2.79718971e+00
2.77580571e+00
2.65705991e+00
2.86208224e+00
2.91026783e+00
2.70530486e+00
2.87946868e+00
2.76256490e+00
2.91157460e+00
2.88544488e+00
2.78363872e+00
2.85145307e+00
2.80425262e+00
2.88771343e+00
2.99571609e+00
2.92651558e+00
2.82154083e+00
2.84698844e+00
2.93687224e+00
3.05349422e+00
2.87538528e+00
2.85971999e+00
2.91332483e+00
3.01421857e+00
2.89414096e+00
2.93291712e+00
2.78137612e+00
2.79321647e+00
2.97708607e+00
2.94970727e+00
2.97665262e+00
2.97898078e+00
2.97082615e+00
2.90055394e+00
2.96086073e+00
2.86655569e+00
2.98376203e+00
2.93175554e+00
2.90521049e+00
2.88552570e+00
2.91102386e+00
3.01455545e+00
2.94387531e+00
3.03979325e+00
2.79633713e+00
2.89621854e+00
2.97801352e+00
2.95142913e+00
2.95129132e+00
3.04611611e+00
3.03481865e+00
3.02737999e+00
2.95890379e+00
2.96456504e+00
3.06921625e+00
3.00351453e+00
3.01428223e+00
3.07858562e+00
3.09789371e+00
3.01673889e+00
3.04835677e+00
3.08108020e+00
2.94398069e+00
2.90890574e+00
2.95137072e+00
2.88747096e+00
3.02857304e+00
3.05206990e+00
2.95303059e+00
2.94179916e+00
2.89152765e+00
2.94245696e+00
2.92607450e+00
2.95710063e+00
3.04665327e+00
3.07870555e+00
3.07353687e+00
3.01680255e+00
2.92087770e+00
2.90309048e+00
2.81794834e+00
2.97444201e+00
2.95176148e+00
2.89035439e+00
2.96293283e+00
3.06510568e+00
3.04747820e+00
3.02989793e+00
3.01047683e+00
2.99318409e+00
3.00149822e+00
3.06748652e+00
2.98142052e+00
2.88127518e+00
2.96828151e+00
3.01442838e+00
3.10869336e+00
2.92528629e+00
2.84835434e+00
2.82147360e+00
2.84770727e+00
2.93190289e+00
2.96345830e+00
2.93186474e+00
2.88458610e+00
2.89461017e+00
2.88069177e+00
2.88341999e+00
2.97719932e+00
3.01289821e+00
2.95571828e+00
2.90294623e+00
2.89052033e+00
2.95065928e+00
2.96588492e+00
2.93882823e+00
3.05312610e+00
2.97028971e+00
2.87339997e+00
2.97956204e+00
2.82832122e+00
2.94445515e+00
2.94103003e+00
3.03791666e+00
2.92318153e+00
2.92733216e+00
2.97538471e+00
2.91252732e+00
3.01489758e+00
2.83725381e+00
2.76375341e+00
2.93492293e+00
2.89584756e+00
2.98120570e+00
2.90080070e+00
2.93238235e+00
2.94101071e+00
2.95882463e+00
2.89851832e+00
2.97195482e+00
2.95131540e+00
2.91543961e+00
2.92966485e+00
2.86359930e+00
2.74137592e+00
2.93586493e+00
2.95320082e+00
2.80697823e+00
2.78272915e+00
2.93657351e+00
2.92786264e+00
2.78354383e+00
2.91900301e+00
2.84981394e+00
2.81281638e+00
3.01206112e+00
2.89349604e+00
2.80212855e+00
2.86245584e+00
2.85699987e+00
2.78157210e+00
2.93924594e+00
2.82836556e+00
2.87666965e+00
2.95398021e+00
2.77939415e+00
2.81445074e+00
2.96158457e+00
2.86451507e+00
2.80715227e+00
2.86145115e+00
2.89894891e+00
2.90388083e+00
2.93908954e+00
2.82638526e+00
2.85507011e+00
2.88021541e+00
2.85902238e+00
2.82821250e+00
2.87328434e+00
2.79591465e+00
2.82304168e+00
2.79314041e+00
2.84607434e+00
2.85286999e+00
2.86329007e+00
2.91791534e+00
2.78217006e+00
2.82962441e+00
2.78485775e+00
2.78149772e+00
2.85143614e+00
2.83328748e+00
2.67924237e+00
2.76622558e+00
2.70575285e+00
2.80076313e+00
2.86780739e+00
2.72692013e+00
2.81897044e+00
2.86027408e+00
2.82493329e+00
2.76559138e+00
2.79847074e+00
2.83077693e+00
2.72031879e+00
2.72462916e+00
2.71854568e+00
2.77412438e+00
2.75643420e+00
2.58948207e+00
2.79605222e+00
2.74476409e+00
2.76790476e+00
2.83756733e+00
2.74479866e+00
2.74497986e+00
2.63189125e+00
2.60066533e+00
2.74813843e+00
2.68463755e+00
2.67132545e+00
2.72392607e+00
2.69225979e+00
2.83506846e+00
2.77317071e+00
2.78671145e+00
2.76460767e+00
2.61934280e+00
2.59668565e+00
2.78706384e+00
2.69824219e+00
2.61096597e+00
2.69701767e+00
2.73353767e+00
2.67769313e+00
2.73543286e+00
2.71200180e+00
2.70982242e+00
2.75025415e+00
2.74043059e+00
2.72910261e+00
2.69627190e+00
2.63041377e+00
2.66469336e+00
2.69750547e+00
2.65488935e+00
2.66787004e+00
2.70589781e+00
2.63443828e+00
2.72768927e+00
2.74371481e+00
2.56131172e+00
2.61850858e+00
2.68594241e+00
2.76878047e+00
2.67727828e+00
2.63322210e+00
2.75521469e+00
2.61698318e+00
2.70320177e+00
2.73658752e+00
2.57439613e+00
2.57721257e+00
2.64321947e+00
2.62112784e+00
2.45256042e+00
2.58549500e+00
2.77777267e+00
2.67263293e+00
2.55925179e+00
2.51782060e+00
2.54708552e+00
2.67518425e+00
2.71487737e+00
2.60215497e+00
2.72337914e+00
2.69157696e+00
2.68761063e+00
2.67553067e+00
2.61436081e+00
2.56233883e+00
2.56471205e+00
2.67838144e+00
2.58282685e+00
2.58944058e+00
2.61951518e+00
2.52465892e+00
2.48925376e+00
2.59029651e+00
2.50537395e+00
2.44647360e+00
2.55013967e+00
2.62810373e+00
2.51357913e+00
2.56590557e+00
2.47586250e+00
2.49072003e+00
2.56846404e+00
2.53967357e+00
2.60250401e+00
2.62361574e+00
2.57912421e+00
2.50212002e+00
2.44580102e+00
2.47744250e+00
2.52373600e+00
2.54575944e+00
2.43666768e+00
2.53992772e+00
2.62030816e+00
2.56824398e+00
2.49503398e+00
2.48301435e+00
2.46957207e+00
2.37191749e+00
2.39440560e+00
2.51892018e+00
2.39591885e+00
2.36357141e+00
2.44702506e+00
2.36406231e+00
2.43008780e+00
2.53258920e+00
2.35750198e+00
2.46781206e+00
2.41840601e+00
2.43865418e+00
2.50413299e+00
2.45578575e+00
2.40331531e+00
2.63446331e+00
2.49924350e+00
2.40386581e+00
2.48728371e+00
2.47199273e+00
2.42617035e+00
2.41999912e+00
2.42190599e+00
2.37917185e+00
2.37507153e+00
2.36806393e+00
2.37706113e+00
2.40043020e+00
2.48294783e+00
2.33794546e+00
2.28337979e+00
2.32693648e+00
2.25051212e+00
2.35582328e+00
2.36959147e+00
2.22830629e+00
2.28511119e+00
2.43575716e+00
2.27938151e+00
2.37881112e+00
2.17836332e+00
2.19293666e+00
2.34696198e+00
2.25601673e+00
2.21646881e+00
2.17265701e+00
2.30995154e+00
2.26417327e+00
2.19053745e+00
2.15695858e+00
2.19262862e+00
2.16982794e+00
2.17610168e+00
2.15774298e+00
2.11497188e+00
2.09459352e+00
2.13979912e+00
2.03713107e+00
2.17628002e+00
2.12449479e+00
1.98775887e+00
2.12991214e+00
2.08410621e+00
2.01104522e+00
2.02074718e+00
1.99595332e+00
2.10584354e+00
2.08767843e+00
2.00809717e+00
1.99714637e+00
2.00451517e+00
1.95092976e+00
1.94561195e+00
2.00294018e+00
1.87757754e+00
1.85853207e+00
1.89616501e+00
1.87308502e+00
1.82654798e+00
1.90446877e+00
1.89769912e+00
1.68981206e+00
1.68705416e+00
1.70937026e+00
1.76761091e+00
1.67851150e+00
1.67132139e+00
1.75189590e+00
1.70390379e+00
1.67766225e+00
1.57614398e+00
1.51217949e+00
1.54584718e+00
1.52244902e+00
1.64263797e+00
1.72756886e+00
1.52569842e+00
1.43060005e+00
1.47200596e+00
1.46167076e+00
1.40132213e+00
1.32934880e+00
1.34230185e+00
1.31421435e+00
1.27744806e+00
1.21438956e+00
1.11567807e+00
1.13167608e+00
1.20422328e+00
1.12698913e+00
1.13252079e+00
1.05555153e+00
9.34302270e-01
1.02143013e+00
1.03902912e+00
9.86832261e-01
1.18259084e+00
1.21102166e+00
1.16946590e+00
1.27268410e+00
1.31865180e+00
1.34139764e+00
1.43188167e+00
1.33640802e+00
1.40443540e+00
1.41857493e+00
1.38724172e+00
1.39950955e+00
1.54231012e+00
1.50686908e+00
1.56641614e+00
1.59212267e+00
1.56937242e+00
1.61734605e+00
1.51129401e+00
1.58702075e+00
1.59437060e+00
1.61361659e+00
1.63744378e+00
1.60582554e+00
1.74241316e+00
1.59075618e+00
1.66783166e+00
1.69796193e+00
1.74667096e+00
1.80703771e+00
1.80478621e+00
1.69688427e+00
1.74978352e+00
1.85811317e+00
1.86774158e+00
1.82291949e+00
1.84948230e+00
1.79668427e+00
1.86822808e+00
1.95696664e+00
1.85230267e+00
1.84585428e+00
1.87114203e+00
1.92959774e+00
1.88416684e+00
1.95340598e+00
1.99768615e+00
1.91365588e+00
1.94288146e+00
2.06967592e+00
2.12884140e+00
2.08132863e+00
2.04060674e+00
2.09312201e+00
1.99973488e+00
2.00695324e+00
2.09754133e+00
2.14093256e+00
2.04378819e+00
2.04174638e+00
2.01269245e+00
1.99457765e+00
2.08931780e+00
2.11715341e+00
2.06755805e+00
2.02629232e+00
2.12895417e+00
2.04298306e+00
2.02900815e+00
2.09803867e+00
2.08510327e+00
2.11151409e+00
2.09053564e+00
1.96795154e+00
2.06615448e+00
2.13088298e+00
2.06431794e+00
2.02560687e+00
2.03769231e+00
2.17848110e+00
2.13444209e+00
2.10674071e+00
2.12749743e+00
2.06438541e+00
2.07124066e+00
2.12135839e+00
2.09890437e+00
2.05205798e+00
2.06817484e+00
2.09612179e+00
2.13361692e+00
2.15712523e+00
2.14120340e+00
2.13782787e+00
2.12071633e+00
2.05455589e+00
2.06972647e+00
2.10761118e+00
2.14971685e+00
2.10295010e+00
2.13999510e+00
2.17346692e+00
2.07696390e+00
2.20556068e+00
2.09439778e+00
2.08988571e+00
2.11665606e+00
2.08951831e+00
2.23057032e+00
2.16962719e+00
2.16885996e+00
2.12805367e+00
2.10084224e+00
2.06787539e+00
2.17747998e+00
2.17242718e+00
2.12660503e+00
2.09504795e+00
2.12822008e+00
2.16328216e+00
2.07012868e+00
2.11513352e+00
2.10711861e+00
2.17891598e+00
2.12676978e+00
2.08701348e+00
2.25687909e+00
2.21212626e+00
2.11468315e+00
2.04977608e+00
2.09455109e+00
2.14838433e+00
2.16041756e+00
2.19073868e+00
2.14801383e+00
2.04965925e+00
2.09386039e+00
2.18705273e+00
2.08098316e+00
2.10609555e+00
2.20984173e+00
2.16873360e+00
2.14592361e+00
2.18256068e+00
2.20239878e+00
2.15834594e+00
2.10635304e+00
2.16733932e+00
2.16304827e+00
2.17837477e+00
2.26001215e+00
2.18581104e+00
2.19056010e+00
2.15483260e+00
2.13499284e+00
2.08526206e+00
2.11216974e+00
2.07170677e+00
2.12735319e+00
2.09282541e+00
2.14595532e+00
2.24110007e+00
2.11947322e+00
2.16429806e+00
2.21768904e+00
2.13116574e+00
2.08849859e+00
2.13355970e+00
2.17745328e+00
2.13321042e+00
2.09714937e+00
2.08657384e+00
2.09249902e+00
2.11809587e+00
2.09347343e+00
2.11049867e+00
2.06720209e+00
2.09485030e+00
2.15533423e+00
2.09911776e+00
2.14715552e+00
2.10179448e+00
2.18221855e+00
2.13774872e+00
1.98091543e+00
2.06753945e+00
2.04259920e+00
2.05684972e+00
2.05365872e+00
2.05232453e+00
2.13293362e+00
2.10727882e+00
2.01935863e+00
2.18103814e+00
2.02993608e+00
2.09139562e+00
2.15315461e+00
2.03921485e+00
2.12950349e+00
2.11283255e+00
2.08369708e+00
2.10234237e+00
2.07308030e+00
2.07774472e+00
2.11410451e+00
2.09520936e+00
2.08382273e+00
2.08086205e+00
2.08268690e+00
2.12941217e+00
2.14730000e+00
2.02855206e+00
2.04751921e+00
2.09890771e+00
2.06046414e+00
2.02186966e+00
2.12640667e+00
2.08972144e+00
2.14370680e+00
2.15394282e+00
2.08770204e+00
2.06118917e+00
2.06240320e+00
2.03871870e+00
2.02549744e+00
2.05896282e+00
2.01615047e+00
2.00710654e+00
2.09795809e+00
2.14037538e+00
2.06968904e+00
2.02027631e+00
2.08896422e+00
2.09822726e+00
1.97514808e+00
2.09757781e+00
2.04185510e+00
2.03498149e+00
2.07668185e+00
2.03395677e+00
2.03089070e+00
2.02984881e+00
1.99294746e+00
2.05172324e+00
2.09453940e+00
2.00718474e+00
2.01447296e+00
2.09486699e+00
1.99042344e+00
2.02355075e+00
2.06186581e+00
2.00059438e+00
2.06314778e+00
2.09469604e+00
1.98669267e+00
1.99708247e+00
2.04184675e+00
1.99204898e+00
2.03422260e+00
1.99588835e+00
2.08948588e+00
2.05923820e+00
1.98993552e+00
1.96689236e+00
1.95343792e+00
2.09553933e+00
2.07966781e+00
2.01557183e+00
2.02308822e+00
1.88121068e+00
1.98173034e+00
1.95797908e+00
2.00345206e+00
1.99520624e+00
1.93746352e+00
1.99670792e+00
1.94594204e+00
1.97746313e+00
2.00860000e+00
1.96512318e+00
1.97159076e+00
2.07572746e+00
1.98378110e+00
2.00013399e+00
2.08232355e+00
2.01051950e+00
1.93956912e+00
1.95432293e+00
1.93493855e+00
2.04986000e+00
1.99661028e+00
1.99126685e+00
2.07611227e+00
1.98706365e+00
1.97941780e+00
1.98434055e+00
2.02974629e+00
2.06212926e+00
1.98163271e+00
1.98321521e+00
1.96283209e+00
1.99707592e+00
2.01779747e+00
1.96835709e+00
1.91128933e+00
1.92603278e+00
2.02420807e+00
2.04846549e+00
1.92655790e+00
1.95391071e+00
2.00374079e+00
1.94562185e+00
1.95929122e+00
1.92906725e+00
1.95653486e+00
1.92724741e+00
1.94877863e+00
1.94320393e+00
1.87283325e+00
1.95664799e+00
1.92414045e+00
1.99251366e+00
1.97659993e+00
1.90725267e+00
2.04890871e+00
1.89447463e+00
1.97225952e+00
2.07591462e+00
1.95407033e+00
1.83627605e+00
1.99496770e+00
1.93432283e+00
1.99377799e+00
1.92401886e+00
1.83607888e+00
1.92164803e+00
1.91895568e+00
1.92349255e+00
1.88063669e+00
1.82512736e+00
1.83486295e+00
1.85494697e+00
1.85876381e+00
1.84096873e+00
1.88238525e+00
1.87799716e+00
1.89225435e+00
1.92233884e+00
1.86589861e+00
1.87151957e+00
1.80762446e+00
1.91768324e+00
1.91958666e+00
1.74868000e+00
1.81375051e+00
1.82824779e+00
1.87731588e+00
1.91075361e+00
1.93336129e+00
1.86834550e+00
1.85215700e+00
1.90176964e+00
1.90338349e+00
1.83905327e+00
1.85950124e+00
1.87520456e+00
1.89041150e+00
1.88447499e+00
1.85176110e+00
1.85101223e+00
1.83640003e+00
1.84821284e+00
1.87659562e+00
1.92312634e+00
1.86764967e+00
1.75740516e+00
1.81874096e+00
1.88899004e+00
1.76719344e+00
1.85824585e+00
1.87847126e+00
1.81723595e+00
1.88147283e+00
1.93716228e+00
1.86190033e+00
1.88579857e+00
1.83926511e+00
1.84677422e+00
1.85035050e+00
1.83571100e+00
1.89195216e+00
1.87508297e+00
1.81971860e+00
1.83044660e+00
1.79588389e+00
1.83080328e+00
1.89568841e+00
1.88047373e+00
1.81934750e+00
1.81217968e+00
1.84958327e+00
1.80661130e+00
1.69191611e+00
1.83698153e+00
1.82913625e+00
1.76263046e+00
1.76336443e+00
1.81017816e+00
1.82508957e+00
1.74880552e+00
1.78914595e+00
1.80530250e+00
1.79249263e+00
1.85955846e+00
1.83351576e+00
1.84971499e+00
1.83614552e+00
1.82005775e+00
1.79532385e+00
1.75214601e+00
1.70307863e+00
1.76814592e+00
1.81768334e+00
1.82386076e+00
1.80327857e+00
1.85183835e+00
1.82158089e+00
1.70903969e+00
1.84660232e+00
1.84850264e+00
1.75017869e+00
1.78486562e+00
1.86928976e+00
1.78795493e+00
1.77917898e+00
1.83120120e+00
1.82552922e+00
1.81275392e+00
1.75539911e+00
1.76432645e+00
1.92415404e+00
1.80338562e+00
1.69997251e+00
1.82277584e+00
1.81588733e+00
1.73928487e+00
1.70425940e+00
1.73130298e+00
1.77527797e+00
1.78331614e+00
1.77229941e+00
1.73420858e+00
1.75112283e+00
1.77564800e+00
1.75044823e+00
1.77153301e+00
1.80114007e+00
1.75046039e+00
1.69513011e+00
1.70810580e+00
1.71320963e+00
1.76842904e+00
1.82291806e+00
1.80074847e+00
1.82931471e+00
1.79643059e+00
1.71876776e+00
1.72473907e+00
1.80443740e+00
1.83997405e+00
1.78687346e+00
1.74544156e+00
1.73144150e+00
1.80635870e+00
1.77207875e+00
1.66710794e+00
1.68946373e+00
1.75749147e+00
1.76007521e+00
1.63699758e+00
1.69715083e+00
1.75943589e+00
1.66817629e+00
1.63841784e+00
1.75009930e+00
1.74314392e+00
1.68432307e+00
1.84975982e+00
1.71698415e+00
1.63787031e+00
1.64552116e+00
1.63819778e+00
1.71578562e+00
1.72304571e+00
1.77403378e+00
1.71746790e+00
1.71464789e+00
1.73615754e+00
1.67075062e+00
1.65696895e+00
1.77822018e+00
1.71466529e+00
1.67065847e+00
1.67756987e+00
1.68620396e+00
1.65107954e+00
1.80636287e+00
1.81477630e+00
1.69329536e+00
1.61943924e+00
1.64415419e+00
1.75151670e+00
1.68651688e+00
1.66577268e+00
1.69979572e+00
1.72939503e+00
1.71704233e+00
1.70242512e+00
1.57713902e+00
1.64932823e+00
1.74317896e+00
1.67650640e+00
1.68332887e+00
1.57124317e+00
1.61944544e+00
1.71293116e+00
1.70766711e+00
1.64074194e+00
1.64842319e+00
1.58895910e+00
1.70295429e+00
1.67769694e+00
1.63477695e+00
1.72105908e+00
1.65355313e+00
1.58832181e+00
1.66121519e+00
1.71574175e+00
1.68748379e+00
1.74188924e+00
1.71914709e+00
1.67404699e+00
1.71684384e+00
1.60306644e+00
1.59539962e+00
1.68080199e+00
1.62466204e+00
1.59563529e+00
1.63804686e+00
1.67775273e+00
1.62803316e+00
1.54886770e+00
1.59685278e+00
1.58488262e+00
1.53760362e+00
1.62780583e+00
1.62674522e+00
1.57172763e+00
1.69617271e+00
1.65415466e+00
1.63948023e+00
1.60056412e+00
1.56650209e+00
1.55366230e+00
1.64059663e+00
1.70253134e+00
1.62903607e+00
1.62988782e+00
1.60226178e+00
1.58926463e+00
1.61977243e+00
1.58446789e+00
1.68551207e+00
1.59424591e+00
1.48872471e+00
1.64399266e+00
1.61154461e+00
1.64037967e+00
1.59066510e+00
1.56728709e+00
1.62595463e+00
1.51060498e+00
1.52347267e+00
1.59923446e+00
1.55779374e+00
1.53748894e+00
1.62227976e+00
1.61443496e+00
1.62390399e+00
1.62703896e+00
1.67751741e+00
1.73921561e+00
1.47651553e+00
1.12394726e+00
1.66099799e+00
1.65396929e+00
1.53372371e+00
1.62038243e+00
1.61597252e+00
1.58970869e+00
1.56982160e+00
1.61663127e+00
1.55743074e+00
1.54459608e+00
1.59195542e+00
1.63091743e+00
1.62446010e+00
1.58788884e+00
1.58820605e+00
1.56442690e+00
1.50827634e+00
1.51034844e+00
1.56425941e+00
1.48450446e+00
1.56735003e+00
1.56487191e+00
1.59229684e+00
1.61313343e+00
1.53596687e+00
1.55368042e+00
1.56913304e+00
1.55780327e+00
1.55673909e+00
1.54990864e+00
1.46482193e+00
1.53113711e+00
1.58128154e+00
1.59270513e+00
1.62779856e+00
1.56631184e+00
1.50638282e+00
1.65917289e+00
1.53992438e+00
1.48148453e+00
1.59045267e+00
1.58945775e+00
1.53833270e+00
1.55114996e+00
1.50437438e+00
1.58835173e+00
1.61209202e+00
1.52816772e+00
1.59526217e+00
1.55513203e+00
1.55366457e+00
1.61020124e+00
1.54476070e+00
1.49376547e+00
1.59774399e+00
1.57869112e+00
1.62188888e+00
1.54318547e+00
1.44857323e+00
1.46256733e+00
1.51345181e+00
1.59913182e+00
1.56580460e+00
1.46416175e+00
1.46276033e+00
1.50908577e+00
1.56551492e+00
1.54118240e+00
1.62873220e+00
1.60100031e+00
1.51970530e+00
1.55508626e+00
1.53533590e+00
1.45563030e+00
1.49414563e+00
1.51492536e+00
1.43996775e+00
1.44707298e+00
1.46282625e+00
1.47202218e+00
1.52558994e+00
1.51118147e+00
1.47222722e+00
1.54291296e+00
1.58289266e+00
1.46166849e+00
1.53837061e+00
1.51927984e+00
1.50395107e+00
1.54290950e+00
1.44028926e+00
1.49413705e+00
1.49736512e+00
1.51187003e+00
1.52908659e+00
1.51390100e+00
1.50738966e+00
1.53228116e+00
1.38297093e+00
1.43650365e+00
1.54463291e+00
1.53862405e+00
1.49686301e+00
1.44667852e+00
1.45626497e+00
1.48178947e+00
1.49511588e+00
1.49599373e+00
1.53674746e+00
1.45081115e+00
1.40757740e+00
1.45604682e+00
1.50252795e+00
1.39189804e+00
1.46096790e+00
1.44205844e+00
1.44160903e+00
1.45214832e+00
1.42647457e+00
1.48024380e+00
1.54505944e+00
1.47485042e+00
1.41151786e+00
1.37904394e+00
1.43980873e+00
1.45054722e+00
1.41809762e+00
1.44912493e+00
1.42239678e+00
1.39569485e+00
1.37652957e+00
1.38044894e+00
1.48198950e+00
1.44459176e+00
1.43952918e+00
1.49362302e+00
1.48120165e+00
1.39946210e+00
1.50998640e+00
1.47460592e+00
1.46352196e+00
1.42275107e+00
1.43040657e+00
1.49550784e+00
1.33947122e+00
1.47454047e+00
1.48241293e+00
1.39763379e+00
1.41244519e+00
1.42312205e+00
1.45469689e+00
1.46374035e+00
1.45621228e+00
1.45507824e+00
1.44604969e+00
1.44570076e+00
1.38092852e+00
1.43287420e+00
1.37874520e+00
1.40706122e+00
1.46965516e+00
1.43821752e+00
1.32016504e+00
1.37032402e+00
1.36443973e+00
1.34487665e+00
1.37404382e+00
1.34519851e+00
1.41188169e+00
1.31921637e+00
1.41888905e+00
1.41564870e+00
1.38236380e+00
1.39805496e+00
1.42579412e+00
1.40836346e+00
1.43893301e+00
1.42354560e+00
1.37892008e+00
1.41175175e+00
1.37951696e+00
1.43163812e+00
1.27462530e+00
1.21077502e+00
1.35963166e+00
1.39109862e+00
1.30481529e+00
1.37616801e+00
1.32805049e+00
1.36286426e+00
1.39577079e+00
1.26300848e+00
1.46184087e+00
1.31470680e+00
1.38341498e+00
1.43905210e+00
1.36457860e+00
1.37542498e+00
1.29231107e+00
1.42702985e+00
1.39462423e+00
1.31050432e+00
1.29014242e+00
1.36160839e+00
1.23112154e+00
1.34450293e+00
1.36868370e+00
1.37521803e+00
1.41165018e+00
1.34266329e+00
1.43539524e+00
1.30024886e+00
1.31994104e+00
1.30967927e+00
1.28885651e+00
1.34634125e+00
1.35504723e+00
1.35392213e+00
1.38604224e+00
1.38726509e+00
1.34909940e+00
1.38755298e+00
1.43872941e+00
1.47674608e+00
1.32015610e+00
1.32002270e+00
1.38291574e+00
1.38751876e+00
1.32621992e+00
1.27294648e+00
1.28872836e+00
1.33752871e+00
1.33948529e+00
1.30490720e+00
1.30779147e+00
1.11614180e+00
1.20416975e+00
1.35244596e+00
1.32811928e+00
1.25415874e+00
1.27953982e+00
1.29936707e+00
1.23012626e+00
1.33992660e+00
1.47028136e+00
1.35350358e+00
1.42821705e+00
1.27540290e+00
1.36172366e+00
1.34094739e+00
1.25266230e+00
1.37578106e+00
1.36539090e+00
1.35034037e+00
1.38488173e+00
1.36906838e+00
1.38117433e+00
1.38027751e+00
1.20813310e+00
1.26858187e+00
1.34774864e+00
1.32083046e+00
1.33476973e+00
1.38839889e+00
1.27708375e+00
1.21428394e+00
1.26361918e+00
1.30267811e+00
1.31531155e+00
1.40481138e+00
1.32535148e+00
1.30924559e+00
1.28495669e+00
1.31843758e+00
1.29929805e+00
1.26683438e+00
1.33496761e+00
1.30678892e+00
1.34907460e+00
1.34268475e+00
1.27605367e+00
1.32711673e+00
1.39928138e+00
1.27971888e+00
1.23346305e+00
1.28698218e+00
1.30429626e+00
1.27671480e+00
1.33773446e+00
1.30344653e+00
1.37358963e+00
1.40766537e+00
1.33903408e+00
1.26202059e+00
1.23778880e+00
1.29116273e+00
1.29908407e+00
1.28557622e+00
1.23806608e+00
1.28643692e+00
1.29602194e+00
1.27537191e+00
1.29564011e+00
1.29629421e+00
1.25927687e+00
1.24816120e+00
1.30712354e+00
1.17988169e+00
1.26816905e+00
1.28088498e+00
1.20739329e+00
1.33776867e+00
1.34105945e+00
1.29442298e+00
1.35127246e+00
1.25730431e+00
1.18831646e+00
1.23504913e+00
1.22001636e+00
1.41097212e+00
1.33284211e+00
1.34920824e+00
1.43210900e+00
1.30991864e+00
1.27256060e+00
1.26838589e+00
1.33012056e+00
1.25749874e+00
1.23871756e+00
1.29938531e+00
1.22512341e+00
1.20513749e+00
1.30956852e+00
1.28040099e+00
1.17536581e+00
1.25232351e+00
1.20948339e+00
1.25297749e+00
1.28343165e+00
1.21220231e+00
1.16006875e+00
1.20390189e+00
1.28076565e+00
1.18485785e+00
1.16177619e+00
1.25992453e+00
1.26409173e+00
1.24964702e+00
1.10907733e+00
1.27539134e+00
1.21238577e+00
1.14914858e+00
1.22676206e+00
1.26330793e+00
1.23864329e+00
1.17040920e+00
1.24953032e+00
1.22581983e+00
1.17861116e+00
1.22008634e+00
1.17658389e+00
1.30139971e+00
1.20168972e+00
1.17810774e+00
1.25815678e+00
1.18437803e+00
1.17693591e+00
1.25179088e+00
1.30408001e+00
1.27613688e+00
1.18455017e+00
1.09747934e+00
1.25526202e+00
1.18496609e+00
1.21456134e+00
1.30894506e+00
1.28763604e+00
1.15091264e+00
1.18320274e+00
1.12769341e+00
1.17728996e+00
1.27006388e+00
1.25421453e+00
1.15971923e+00
1.25395393e+00
1.26163530e+00
1.24272454e+00
1.13939500e+00
1.11883986e+00
1.30839467e+00
1.27087903e+00
1.17984557e+00
1.11305368e+00
1.12724495e+00
1.19017529e+00
1.29310775e+00
1.18805778e+00
1.18829501e+00
1.18919575e+00
1.20131409e+00
1.23543823e+00
1.12858522e+00
1.16341496e+00
1.21026301e+00
1.20330727e+00
1.17703915e+00
1.18920386e+00
1.24212646e+00
1.19009733e+00
1.15541518e+00
1.20329249e+00
1.21221483e+00
1.14605534e+00
1.13946128e+00
1.19759321e+00
1.24803197e+00
1.19937420e+00
1.14359665e+00
1.13339031e+00
1.21072340e+00
1.19571340e+00
1.13943255e+00
1.12206721e+00
1.17045951e+00
1.15647137e+00
1.14694095e+00
1.21576047e+00
1.21395648e+00
1.07107258e+00
1.00000000e+00
1.10854721e+00
1.06736135e+00
1.15068471e+00
1.10238981e+00
1.13937342e+00
1.19552815e+00
1.17368758e+00
1.13299656e+00
1.06699336e+00
1.05792248e+00
1.07529390e+00
1.07281959e+00
1.12997174e+00
1.19402122e+00
1.05497146e+00
1.10052824e+00
1.15667248e+00
1.11985683e+00
1.04421818e+00
1.10528231e+00
1.18422163e+00
1.14421690e+00
1.10115027e+00
1.15018415e+00
1.18881762e+00
1.09514856e+00
1.12402320e+00
1.16151714e+00
1.14543116e+00
1.13655651e+00
1.13541496e+00
1.21229661e+00
1.02144384e+00
1.10154831e+00
1.08523905e+00
1.06530213e+00
1.08280849e+00
1.09435916e+00
1.20795071e+00
1.22910738e+00
1.18171656e+00
1.09307933e+00
1.05057740e+00
1.04542983e+00
1.18897998e+00
1.08593976e+00
1.03362334e+00
1.09591711e+00
1.15990078e+00
1.11516917e+00
1.08029604e+00
1.10174346e+00
1.07295668e+00
1.06951177e+00
1.17252207e+00
1.18160009e+00
1.18305790e+00
1.11072516e+00
1.07756567e+00
1.03348088e+00
1.01748478e+00
1.10717094e+00
1.13809550e+00
1.02231491e+00
1.05866742e+00
1.11775124e+00
1.12562788e+00
1.09039724e+00
1.14810526e+00
9.96194482e-01
1.04073489e+00
1.13101506e+00
1.09108734e+00
1.08256948e+00
1.02705801e+00
1.08009219e+00
1.07623363e+00
1.02245963e+00
1.06451857e+00
1.04580784e+00
1.08919787e+00
1.17863715e+00
1.15168822e+00
1.09580207e+00
1.07892478e+00
1.14452386e+00
1.08011818e+00
1.17421007e+00
1.10675466e+00
9.80056405e-01
1.03943992e+00
1.12871790e+00
1.04585552e+00
1.10126340e+00
1.11636984e+00
9.93599832e-01
9.08581614e-01
1.07981110e+00
1.18739450e+00
1.03883266e+00
7.40921199e-01
9.28501666e-01
1.24963164e+00
1.23901665e+00
1.16153073e+00
9.39539492e-01
9.44407642e-01
1.00838315e+00
1.04350233e+00
1.12426078e+00
1.03938007e+00
1.03661883e+00
1.06792819e+00
1.08091891e+00
1.03910303e+00
1.04108274e+00
1.07438004e+00
9.74208295e-01
1.05877161e+00
1.08159971e+00
1.00768435e+00
1.03008318e+00
1.04094267e+00
1.11127257e+00
1.06604648e+00
1.03393996e+00
1.06903434e+00
1.03122473e+00
1.03271949e+00
1.06951165e+00
1.00363660e+00
9.65226054e-01
1.01035428e+00
1.05695844e+00
1.09511316e+00
1.00848401e+00
1.02554870e+00
1.05362785e+00
9.76074219e-01
1.03234231e+00
9.99766409e-01
9.51685011e-01
1.00940156e+00
9.76005852e-01
9.73674774e-01
1.12497282e+00
9.80989277e-01
1.05519986e+00
1.03702033e+00
1.04104722e+00
1.03615439e+00
9.37816083e-01
1.06243646e+00
9.99930382e-01
1.01505601e+00
9.96442914e-01
9.87262368e-01
1.01267970e+00
1.02129602e+00
9.86226499e-01
9.73828435e-01
1.00529575e+00
9.92830038e-01
9.42729950e-01
1.02371204e+00
9.98881638e-01
9.96143341e-01
9.75185513e-01
9.62518454e-01
9.96333003e-01
9.44874287e-01
1.00790310e+00
1.03999221e+00
1.01040912e+00
1.01117468e+00
1.05750895e+00
1.01775014e+00
9.92654085e-01
9.58321095e-01
9.04949069e-01
9.90525603e-01
1.02899635e+00
9.56203640e-01
9.65828538e-01
9.13323998e-01
9.59223330e-01
9.72835958e-01
9.03622985e-01
1.03927779e+00
9.72419858e-01
9.08078671e-01
9.46830571e-01
1.00565004e+00
1.02036774e+00
1.00272477e+00
9.62080657e-01
1.02465641e+00
1.03887379e+00
9.61456299e-01
9.35641825e-01
9.37037945e-01
9.15013969e-01
9.63822961e-01
9.59325671e-01
8.92014205e-01
8.78501534e-01
9.53910947e-01
9.19963121e-01
9.22242045e-01
9.48447227e-01
9.26251888e-01
8.93334210e-01
1.04394925e+00
9.44611907e-01
8.97788525e-01
9.24116790e-01
9.16777074e-01
9.34071481e-01
9.11348522e-01
9.02266979e-01
8.66086781e-01
8.11233521e-01
8.74424219e-01
8.34981978e-01
8.84006262e-01
8.44509721e-01
8.75741005e-01
8.75560462e-01
8.88307631e-01
9.12026882e-01
9.09576058e-01
8.48784149e-01
7.08913028e-01
7.67688811e-01
9.00938928e-01
7.78347015e-01
8.17882121e-01
9.33526933e-01
8.98799241e-01
8.32652271e-01
8.70106876e-01
8.88270855e-01
7.80198872e-01
8.20725620e-01
8.03593814e-01
7.55739868e-01
7.37577558e-01
7.71020234e-01
7.57302701e-01
8.19046855e-01
8.07575285e-01
7.58184552e-01
7.34335661e-01
7.74097264e-01
7.79085219e-01
8.44954789e-01
7.67058492e-01
7.44947910e-01
7.57432342e-01
6.99095607e-01
7.01293886e-01
6.53708041e-01
6.96189404e-01
7.23830998e-01
6.92096531e-01
6.95976079e-01
7.02671289e-01
6.74485624e-01
5.84573865e-01
5.36945343e-01
5.62550008e-01
6.40383303e-01
6.24610424e-01
4.33755219e-01
4.97829258e-01
6.10046685e-01
5.48918962e-01
4.78547961e-01
6.11079633e-01
5.63625216e-01
5.71563959e-01
6.27071977e-01
5.91813147e-01
5.97087860e-01
5.54872572e-01
6.62826836e-01
6.54952466e-01
6.99054301e-01
6.94343507e-01
6.84309006e-01
7.29287148e-01
6.51562154e-01
7.13552773e-01
7.71747053e-01
6.86570644e-01
6.66653335e-01
7.77949631e-01
7.25218475e-01
6.49864912e-01
6.95329010e-01
7.40669072e-01
7.66061246e-01
6.72808409e-01
7.43769526e-01
7.79479265e-01
7.92698383e-01
8.22112203e-01
8.22471559e-01
8.55696082e-01
7.71301448e-01
7.50615656e-01
7.81678379e-01
7.90248334e-01
8.02513242e-01
7.66946852e-01
7.32927918e-01
8.62338662e-01
8.56831491e-01
8.15755248e-01
8.56141865e-01
8.36659431e-01
8.37687075e-01
8.13281655e-01
8.84940803e-01
8.95084381e-01
7.90011346e-01
8.05943429e-01
7.96310067e-01
8.20803583e-01
8.85273457e-01
9.62244332e-01
8.74456108e-01
8.45244944e-01
8.04076552e-01
8.43902588e-01
8.22828412e-01
8.13252628e-01
8.83076251e-01
8.67511630e-01
8.24246645e-01
8.26025069e-01
8.26543272e-01
8.23968589e-01
8.63013327e-01
9.12871182e-01
8.63029003e-01
8.54426920e-01
8.81063938e-01
8.80993307e-01
8.45196128e-01
7.83792675e-01
8.15083444e-01
8.98056448e-01
8.86795640e-01
8.92466605e-01
9.05640960e-01
8.56602907e-01
8.65251124e-01
8.64334583e-01
8.99361014e-01
8.72318327e-01
8.28541100e-01
9.26542878e-01
8.33947659e-01
9.15536165e-01
8.56903255e-01
8.13234091e-01
9.15635407e-01
8.23640466e-01
8.78656566e-01
8.52249861e-01
8.34500313e-01
8.05276215e-01
7.80081153e-01
8.49180162e-01
8.45020771e-01
8.45820963e-01
8.86797130e-01
8.70122969e-01
8.33598197e-01
7.89740980e-01
8.08712661e-01
8.74228835e-01
8.50105822e-01
7.84178436e-01
8.64276290e-01
8.57103825e-01
8.63139212e-01
8.32740247e-01
7.75386572e-01
8.43248844e-01
8.34981501e-01
8.52362454e-01
8.50729883e-01
8.53726864e-01
8.30845773e-01
8.47776830e-01
8.30175042e-01
8.95594656e-01
8.78723502e-01
8.41643155e-01
8.66590321e-01
8.16054463e-01
8.47387195e-01
8.93158317e-01
7.89645076e-01
7.54818499e-01
8.45593333e-01
8.95784795e-01
8.36057007e-01
7.98826694e-01
8.46277416e-01
8.43244255e-01
8.68255556e-01
8.62969637e-01
8.74900460e-01
9.38973844e-01
8.42534423e-01
9.67576087e-01
9.21498716e-01
8.50131989e-01
8.43314350e-01
8.14239681e-01
8.20696950e-01
8.31073821e-01
8.17125976e-01
7.98907876e-01
8.83594513e-01
8.03406775e-01
7.58044362e-01
8.09200406e-01
8.39912891e-01
8.12695622e-01
8.25134277e-01
8.51572573e-01
8.42403650e-01
8.90690923e-01
8.47393215e-01
8.20769906e-01
8.54806542e-01
7.89614856e-01
7.89190948e-01
8.34946752e-01
9.07109380e-01
8.61208141e-01
7.34288573e-01
8.03852201e-01
7.91938841e-01
7.73045063e-01
8.08296919e-01
7.99260497e-01
6.69949591e-01
8.48013580e-01
7.50579476e-01
8.08226466e-01
8.67328227e-01
8.02770436e-01
8.19342315e-01
8.15863967e-01
8.03473234e-01
7.88699865e-01
7.98377514e-01
7.89670885e-01
8.04413021e-01
8.55475664e-01
8.26367438e-01
7.91082680e-01
8.18796217e-01
8.13060999e-01
7.28060424e-01
7.88422883e-01
8.15101802e-01
7.66498804e-01
8.07341218e-01
8.56611907e-01
7.26215601e-01
7.62725472e-01
8.72977436e-01
7.88109839e-01
7.87633181e-01
8.63411248e-01
7.90202796e-01
8.79532933e-01
8.69052649e-01
8.27507198e-01
8.03960025e-01
8.22105765e-01
8.38311255e-01
8.00000727e-01
7.51589477e-01
8.07435155e-01
8.56217742e-01
7.86265254e-01
7.86211491e-01
7.89128304e-01
7.82389820e-01
8.25903296e-01
8.36415887e-01
8.02667141e-01
8.21969926e-01
8.17272186e-01
7.93153107e-01
7.92421997e-01
7.72945344e-01
7.83242881e-01
8.73737216e-01
7.37713516e-01
7.72492290e-01
7.43319273e-01
7.29624569e-01
8.14927936e-01
8.01937640e-01
7.59612620e-01
8.23809087e-01
8.34900498e-01
7.71930575e-01
7.17862606e-01
8.05427849e-01
7.87777901e-01
7.61062443e-01
7.41762161e-01
7.79116511e-01
8.14594984e-01
7.24795282e-01
7.82045543e-01
7.85494924e-01
7.79489398e-01
7.88911223e-01
7.49737978e-01
7.21024454e-01
7.63027966e-01
7.32178450e-01
7.88353324e-01
7.83848584e-01
7.59860814e-01
8.15346301e-01
7.46214330e-01
6.89800501e-01
7.63980210e-01
7.56398022e-01
7.13236034e-01
8.21171224e-01
7.56673396e-01
7.25488961e-01
8.04305375e-01
7.76075959e-01
7.05059290e-01
7.62267709e-01
7.85938382e-01
7.79509366e-01
7.61538863e-01
7.55804002e-01
7.55156636e-01
7.24088609e-01
7.05275357e-01
7.58362174e-01
7.80456722e-01
7.44449735e-01
7.65950322e-01
8.14386487e-01
7.26459503e-01
7.60832012e-01
7.48091936e-01
7.04132676e-01
7.41828144e-01
7.53756046e-01
7.16202617e-01
7.43001997e-01
7.03923464e-01
7.33346164e-01
7.81830549e-01
7.36512780e-01
6.95709646e-01
7.63151944e-01
8.12421083e-01
7.84769654e-01
7.44069517e-01
7.32310832e-01
7.50056326e-01
7.51204193e-01
7.82176733e-01
7.56448448e-01
7.32177079e-01
7.80493796e-01
7.61587679e-01
7.24638402e-01
7.24636018e-01
7.02359200e-01
7.24464059e-01
7.51836658e-01
6.72016561e-01
6.89123690e-01
7.47298777e-01
7.32324481e-01
7.14515150e-01
7.08340526e-01
7.09166825e-01
6.89659357e-01
6.97190166e-01
7.35176563e-01
7.00883925e-01
6.89011812e-01
6.92304730e-01
7.03736901e-01
7.26279736e-01
7.58705199e-01
7.35429406e-01
7.07836092e-01
7.35128105e-01
7.56798565e-01
7.32215941e-01
7.54665315e-01
7.65068591e-01
7.08053529e-01
6.83220208e-01
7.19529331e-01
7.22950399e-01
6.98910415e-01
6.77300632e-01
7.28302360e-01
7.69510388e-01
7.48551428e-01
7.26164103e-01
7.36256778e-01
7.71036029e-01
7.56613433e-01
7.29592562e-01
7.44236410e-01
7.53777981e-01
7.49578416e-01
7.21533060e-01
7.12641954e-01
7.53616512e-01
7.02442884e-01
7.29585171e-01
7.45529830e-01
7.09730148e-01
7.09188163e-01
6.60477042e-01
7.23433018e-01
7.40070462e-01
7.27223635e-01
7.19802678e-01
7.26173043e-01
7.22851574e-01
7.38854170e-01
6.82536244e-01
6.75625741e-01
7.21733570e-01
6.99135303e-01
6.84281647e-01
7.10126817e-01
6.89823091e-01
6.47494733e-01
6.58757031e-01
7.10447311e-01
6.68907106e-01
6.73438966e-01
6.59382761e-01
6.88692153e-01
7.06413746e-01
6.89597309e-01
7.07960486e-01
7.58721292e-01
7.05494165e-01
7.19679534e-01
7.49214113e-01
6.82970643e-01
7.72268534e-01
6.92350805e-01
6.42127693e-01
7.12351203e-01
7.16665566e-01
6.47397280e-01
6.89011872e-01
6.87752485e-01
6.61181808e-01
6.83294713e-01
6.97875261e-01
6.97017610e-01
7.27196515e-01
6.84408486e-01
6.60085797e-01
6.34772420e-01
6.64356470e-01
7.30485320e-01
7.67626703e-01
6.74752712e-01
6.66792214e-01
7.00367391e-01
6.91344261e-01
6.98763967e-01
7.76934326e-01
6.53292656e-01
6.53970063e-01
6.62548900e-01
6.61240458e-01
7.15995669e-01
6.49684370e-01
6.36345804e-01
6.48276091e-01
6.94642246e-01
6.56786978e-01
6.32735848e-01
6.30289614e-01
6.18987858e-01
6.91277027e-01
7.08340704e-01
6.18393421e-01
6.66939139e-01
6.85496330e-01
6.70928597e-01
6.97828472e-01
6.80501580e-01
6.64218903e-01
6.96331978e-01
6.58342123e-01
6.61615789e-01
6.54062808e-01
6.59874976e-01
6.87113762e-01
7.22988009e-01
6.76636875e-01
6.90445840e-01
6.72178447e-01
6.10115945e-01
6.23290539e-01
6.84240758e-01
6.08769774e-01
6.30989969e-01
6.80607080e-01
6.90717518e-01
6.60422802e-01
6.14873052e-01
5.97238362e-01
6.80793047e-01
7.22320557e-01
6.82739735e-01
6.38739705e-01
6.57139599e-01
6.16482019e-01
6.59015238e-01
6.72886312e-01
6.77699864e-01
7.17089832e-01
6.59785271e-01
5.34831047e-01
5.92199922e-01
6.36892378e-01
6.54288232e-01
6.55313373e-01
7.36341953e-01
6.67239666e-01
6.65647626e-01
6.85646832e-01
6.30172908e-01
6.20760322e-01
6.77823067e-01
6.35499775e-01
7.11501479e-01
7.03327417e-01
6.52252793e-01
6.19804144e-01
6.26959443e-01
6.37949824e-01
6.64174199e-01
7.05469012e-01
6.80609763e-01
6.42914593e-01
6.52526259e-01
6.76407814e-01
6.67570710e-01
6.43690169e-01
6.23026490e-01
5.93452036e-01
6.83946073e-01
6.00176990e-01
5.55623412e-01
6.58256888e-01
6.34184361e-01
5.59247375e-01
6.48976386e-01
6.53453946e-01
6.02391779e-01
6.25668645e-01
6.51203692e-01
6.52924836e-01
6.94537938e-01
6.08349979e-01
6.16180301e-01
6.71787202e-01
6.69722497e-01
6.58394277e-01
6.44773185e-01
6.07642412e-01
6.89256430e-01
6.47416174e-01
5.87857664e-01
6.09449506e-01
6.12597346e-01
6.43518686e-01
6.64471567e-01
6.10711932e-01
6.18333161e-01
6.80377185e-01
6.20313346e-01
6.45175993e-01
6.39148474e-01
6.48054659e-01
6.39087141e-01
6.04980052e-01
6.45723283e-01
6.52747571e-01
6.03029132e-01
6.20093048e-01
6.21767640e-01
5.92872083e-01
6.34306908e-01
5.84618807e-01
6.02139354e-01
5.70946276e-01
5.98309338e-01
6.68573976e-01
6.11480892e-01
5.94082415e-01
6.62794650e-01
6.73189878e-01
6.36300921e-01
6.27475739e-01
6.53291881e-01
6.47428572e-01
5.81432283e-01
5.83014071e-01
6.12020671e-01
5.90873182e-01
6.04134262e-01
6.43543780e-01
6.16679072e-01
5.94945431e-01
6.02718294e-01
6.52284920e-01
6.71225786e-01
5.48325479e-01
5.45415401e-01
5.77202260e-01
6.13404155e-01
6.08336151e-01
5.84373534e-01
5.85664213e-01
6.01735234e-01
6.01809204e-01
6.09956861e-01
6.57773852e-01
6.28616810e-01
6.17143393e-01
6.19078994e-01
6.53895557e-01
6.11514509e-01
5.59722543e-01
6.07143939e-01
6.35988533e-01
5.83726227e-01
6.46315515e-01
6.59461737e-01
5.72453618e-01
5.88016868e-01
5.96011460e-01
6.05925083e-01
5.90336740e-01
6.14705801e-01
6.17709339e-01
5.75232327e-01
5.89068294e-01
5.67276716e-01
5.95427573e-01
6.03088737e-01
5.88621616e-01
6.83839440e-01
6.17511332e-01
6.17376149e-01
6.48061216e-01
6.18196547e-01
5.81139863e-01
5.79818368e-01
5.75743020e-01
6.32095993e-01
6.13012135e-01
5.92733920e-01
5.88752627e-01
5.83433092e-01
5.46144307e-01
5.72979867e-01
5.72921395e-01
6.19373739e-01
6.47467971e-01
5.72127819e-01
5.85050285e-01
5.88434696e-01
5.00289679e-01
5.41438222e-01
6.27027690e-01
5.46658993e-01
5.91247380e-01
5.67280471e-01
5.72391629e-01
5.81633210e-01
5.71755886e-01
5.73862672e-01
5.61347663e-01
5.42351782e-01
5.67740381e-01
5.96425533e-01
5.31113923e-01
4.41333205e-01
6.03126943e-01
6.03083014e-01
6.37766302e-01
6.59344435e-01
5.73615551e-01
5.29461801e-01
5.41045666e-01
4.45073634e-01
5.42410135e-01
6.08372927e-01
5.00254095e-01
6.52763307e-01
4.56996113e-01
5.98002315e-01
5.89238346e-01
5.17845333e-01
5.33897638e-01
4.77489531e-01
6.69649184e-01
5.12088716e-01
4.61563975e-01
5.11531353e-01
5.28023601e-01
5.69891810e-01
4.97468114e-01
5.59709907e-01
5.36369681e-01
5.43537199e-01
6.17275774e-01
6.24386370e-01
5.90751886e-01
5.80557227e-01
5.74295104e-01
5.64022541e-01
5.42367578e-01
5.81263304e-01
5.92180550e-01
5.43832898e-01
5.14231443e-01
5.38450181e-01
5.80008984e-01
5.69011152e-01
5.22100151e-01
5.38204432e-01
5.45309961e-01
5.70701122e-01
6.02692544e-01
5.73647320e-01
5.48442602e-01
5.56080401e-01
6.05806649e-01
5.95820904e-01
5.49203992e-01
5.33119202e-01
5.03177524e-01
5.74743748e-01
5.98546267e-01
5.60028255e-01
5.34885049e-01
6.30447447e-01
5.77263594e-01
4.69874233e-01
5.23852110e-01
5.49694777e-01
5.58688581e-01
4.73696768e-01
5.54135978e-01
5.37611365e-01
5.00368118e-01
5.52536190e-01
5.71195066e-01
5.76528907e-01
5.79645932e-01
5.86129785e-01
5.62694907e-01
5.80282271e-01
6.22318327e-01
5.91083050e-01
5.23204207e-01
5.70545793e-01
6.05197787e-01
5.60263336e-01
5.22603154e-01
5.79543173e-01
5.50691009e-01
5.75844586e-01
5.53412259e-01
5.45513570e-01
5.86854279e-01
5.16002774e-01
5.99683344e-01
5.30245543e-01
4.96131450e-01
5.34218073e-01
5.54781497e-01
5.34811258e-01
5.78468919e-01
5.50979137e-01
5.80257535e-01
5.56723833e-01
4.97308463e-01
5.24098754e-01
5.92670977e-01
5.26786327e-01
5.10634840e-01
5.19514263e-01
5.42497754e-01
5.93062401e-01
4.79127467e-01
5.59652567e-01
5.71063995e-01
5.80253482e-01
5.47127366e-01
4.39717352e-01
5.62278688e-01
5.47822297e-01
5.12547731e-01
5.16147912e-01
5.24164498e-01
4.97424036e-01
5.58140993e-01
4.68008041e-01
4.75747943e-01
5.56934595e-01
5.48399568e-01
5.27080119e-01
5.21023750e-01
5.41626990e-01
5.31351030e-01
5.20213544e-01
5.52779794e-01
5.39720714e-01
5.26163340e-01
5.08436322e-01
5.30361235e-01
5.17444015e-01
4.76168126e-01
5.75026393e-01
5.34536302e-01
5.28637588e-01
5.55666983e-01
5.74600577e-01
5.47732532e-01
5.38503230e-01
4.96812820e-01
4.56190944e-01
4.63640362e-01
4.98830527e-01
5.59651852e-01
5.85149467e-01
5.32907903e-01
5.26090741e-01
5.46747565e-01
5.50956726e-01
5.32594323e-01
5.43465912e-01
5.02792001e-01
5.60616434e-01
5.15750110e-01
5.10240495e-01
5.44971704e-01
4.30488884e-01
4.88424361e-01
4.98215616e-01
5.15015602e-01
5.21930993e-01
5.05901039e-01
4.77459967e-01
4.69655067e-01
4.90792066e-01
5.58266878e-01
5.61693549e-01
4.77051824e-01
4.54000235e-01
6.47732735e-01
5.39524317e-01
5.28084815e-01
4.79667902e-01
4.08371001e-01
5.41967154e-01
4.78850871e-01
4.61676151e-01
5.17254889e-01
5.40026009e-01
5.25173485e-01
5.33395886e-01
4.81889099e-01
5.04671693e-01
5.26299119e-01
5.32580137e-01
5.21882117e-01
5.21611273e-01
4.65612501e-01
5.10632575e-01
5.56043863e-01
5.37929893e-01
4.71761644e-01
4.61124897e-01
5.25756657e-01
4.74156797e-01
4.40972328e-01
5.00500500e-01
5.68670154e-01
5.71500003e-01
4.79382187e-01
5.10003924e-01
5.22313535e-01
5.08930862e-01
4.86218393e-01
4.87726152e-01
5.66733122e-01
5.50150514e-01
5.40039182e-01
5.07069588e-01
4.59061086e-01
4.93916482e-01
4.32375729e-01
5.10445714e-01
5.95747888e-01
5.85812271e-01
5.55833340e-01
5.04552722e-01
5.06992996e-01
5.03707528e-01
4.85525846e-01
4.92601097e-01
4.96166050e-01
4.16691720e-01
3.62733573e-01
4.36106473e-01
4.97794032e-01
5.14397919e-01
4.84518468e-01
4.24718469e-01
4.07155097e-01
4.85099047e-01
5.71873546e-01
5.18438160e-01
5.19829392e-01
6.53844357e-01
2.67001241e-01
3.90279323e-01
5.07927120e-01
4.62676108e-01
4.75969523e-01
4.91669565e-01
5.30390382e-01
5.00915051e-01
4.50057745e-01
4.64329034e-01
5.12714624e-01
4.74877238e-01
5.11103272e-01
4.93077487e-01
4.38776404e-01
4.28108633e-01
5.12130558e-01
5.24896264e-01
4.85765606e-01
5.07949531e-01
4.93665814e-01
4.60503906e-01
4.55846459e-01
5.35985649e-01
5.38596809e-01
4.77231085e-01
4.74073887e-01
5.19588292e-01
5.14025986e-01
4.87511575e-01
5.01698017e-01
4.58190382e-01
4.29291487e-01
4.93098289e-01
5.10662794e-01
4.30354148e-01
5.18391848e-01
5.27504981e-01
4.78078514e-01
4.56359774e-01
4.73855227e-01
4.79968518e-01
5.12307167e-01
5.09045005e-01
4.65922415e-01
4.92382526e-01
5.48538208e-01
4.48748440e-01
5.40863514e-01
4.86096054e-01
4.61919904e-01
4.92421567e-01
4.96418804e-01
4.46420461e-01
5.24960279e-01
4.56766576e-01
4.81148660e-01
5.05597413e-01
4.63215917e-01
4.78668243e-01
4.71556723e-01
5.08219540e-01
4.80825931e-01
4.63670075e-01
5.30478418e-01
4.81273621e-01
4.93476897e-01
4.79596704e-01
4.58109438e-01
4.74203944e-01
4.80293721e-01
4.37441558e-01
4.01646107e-01
4.90609109e-01
4.96910423e-01
4.55673188e-01
4.61491764e-01
4.12172467e-01
4.14499670e-01
4.65179324e-01
4.61909145e-01
4.53041047e-01
4.88469690e-01
4.60201412e-01
4.38959062e-01
4.64459926e-01
4.81732994e-01
4.63798553e-01
4.48291421e-01
4.85353351e-01
4.51626420e-01
4.62580621e-01
4.65553045e-01
4.51697439e-01
4.35725540e-01
4.81947899e-01
4.80406463e-01
4.35719997e-01
4.44711685e-01
4.53474671e-01
4.38408732e-01
4.25570428e-01
4.75525945e-01
4.66404468e-01
4.50746357e-01
4.59134251e-01
4.51230854e-01
4.29044127e-01
4.25022483e-01
4.41205323e-01
4.34118778e-01
4.54608142e-01
4.56955284e-01
4.46898371e-01
4.87188429e-01
4.47666556e-01
4.49918479e-01
4.57105070e-01
3.95461172e-01
4.15197015e-01
4.91638750e-01
4.90946561e-01
4.65507090e-01
4.27758843e-01
4.01061386e-01
4.08405900e-01
4.21645820e-01
4.36897993e-01
3.24102283e-01
3.20454180e-01
4.55527186e-01
4.08680767e-01
4.02739316e-01
4.09591794e-01
3.73691320e-01
4.50393319e-01
5.46031415e-01
4.50836509e-01
4.71637338e-01
3.86476219e-01
3.52484018e-01
4.53253180e-01
5.26011705e-01
4.32715625e-01
4.87469435e-01
4.13907617e-01
4.12620008e-01
4.56560701e-01
4.32664573e-01
3.89525175e-01
4.35179472e-01
4.44053769e-01
4.84061897e-01
4.50799435e-01
3.92563641e-01
4.93551582e-01
4.01308119e-01
4.02090162e-01
4.19427276e-01
4.37483132e-01
4.39851046e-01
4.27145064e-01
4.01624471e-01
9.08115581e-02
3.03949684e-01
6.77361250e-01
5.22109985e-01
3.70560676e-01
4.56174374e-01
4.96747375e-01
4.53501225e-01
3.89942408e-01
4.15081650e-01
4.62787032e-01
4.39040929e-01
4.11664724e-01
4.20160681e-01
4.49368954e-01
4.58011329e-01
4.23979133e-01
4.64656264e-01
4.77539241e-01
4.01447982e-01
3.81886631e-01
4.65545952e-01
5.03844619e-01
4.71139282e-01
4.53125089e-01
4.08717722e-01
3.54323387e-01
4.01587725e-01
4.84895438e-01
4.31019545e-01
3.68497461e-01
4.29685920e-01
4.38097686e-01
4.03404444e-01
4.86242622e-01
3.99068266e-01
4.28016990e-01
4.70081925e-01
4.69168425e-01
4.26200897e-01
4.19808865e-01
4.41734403e-01
4.03392106e-01
4.09823209e-01
3.95911664e-01
3.13194841e-01
2.40341336e-01
4.13110852e-01
4.46678698e-01
4.19618338e-01
4.08225238e-01
4.62272465e-01
4.80796844e-01
4.51432854e-01
4.26432937e-01
4.57535863e-01
4.28573370e-01
3.74865919e-01
4.83057916e-01
4.30509448e-01
4.45833772e-01
4.83720899e-01
4.29406822e-01
3.11827719e-01
3.46846223e-01
4.25051391e-01
3.94830316e-01
4.11665708e-01
4.28700328e-01
4.00413394e-01
3.90399545e-01
3.92531633e-01
4.15006608e-01
4.36366260e-01
4.35116947e-01
3.94698262e-01
4.43801701e-01
4.01581347e-01
4.33874995e-01
4.57215756e-01
3.97968203e-01
3.89822066e-01
4.33073789e-01
2.69280314e-01
3.86682868e-01
4.41748202e-01
3.98670286e-01
4.25718427e-01
4.05750901e-01
4.57994342e-01
4.50289011e-01
4.80363041e-01
4.59679067e-01
3.75538319e-01
4.48937446e-01
4.57107216e-01
4.06502813e-01
3.97382617e-01
3.88468176e-01
3.79775822e-01
4.21173513e-01
3.95577669e-01
3.97850990e-01
4.49201852e-01
4.22252953e-01
3.58988374e-01
4.08704400e-01
3.75041604e-01
3.95973414e-01
3.85171771e-01
3.98391545e-01
4.32265669e-01
3.49582732e-01
4.27374899e-01
4.28421348e-01
3.85945499e-01
4.01803553e-01
4.52909350e-01
4.26033467e-01
3.79987329e-01
3.66035134e-01
3.74119520e-01
3.94181401e-01
3.83052647e-01
4.05690670e-01
4.08075243e-01
3.86138409e-01
3.99288416e-01
4.35656607e-01
4.37183648e-01
3.58675212e-01
3.69502753e-01
4.20699000e-01
4.00168926e-01
3.87279063e-01
4.12344307e-01
3.94246250e-01
4.14720684e-01
4.13730919e-01
4.14091438e-01
4.26627070e-01
4.30555522e-01
4.11981493e-01
3.69598627e-01
3.99583191e-01
4.32107985e-01
4.41495121e-01
4.23505217e-01
4.01922613e-01
3.62732798e-01
3.78770232e-01
3.79067779e-01
4.01130855e-01
4.64057416e-01
4.68522280e-01
4.26861167e-01
3.59721839e-01
3.96841586e-01
4.43980992e-01
4.10705239e-01
3.63988429e-01
3.47761661e-01
4.01718318e-01
3.72365892e-01
3.21512878e-01
3.85661513e-01
3.89461070e-01
3.97104949e-01
4.44496602e-01
3.67274433e-01
3.36949557e-01
4.51960057e-01
3.75062108e-01
3.79955888e-01
4.22803670e-01
4.13829297e-01
4.07314539e-01
3.95636111e-01
3.96402597e-01
4.08170670e-01
4.12445247e-01
3.68166536e-01
3.82878482e-01
4.13283736e-01
3.58689725e-01
3.63335311e-01
3.80151689e-01
3.68487746e-01
3.66338819e-01
4.04509723e-01
4.05947328e-01
3.67349952e-01
3.92928660e-01
4.10182565e-01
3.98843646e-01
3.93823653e-01
3.90153944e-01
4.01560903e-01
3.61485243e-01
3.37489873e-01
3.62633049e-01
3.87168795e-01
4.10065442e-01
4.06232178e-01
4.04634833e-01
3.64637315e-01
3.37687552e-01
3.72007132e-01
3.70051444e-01
3.82995933e-01
3.46703112e-01
2.70527035e-01
2.17700437e-01
3.57198179e-01
3.34549695e-01
2.87104070e-01
3.65489602e-01
4.12487268e-01
3.99696469e-01
3.29266816e-01
3.07473481e-01
2.55007178e-01
4.03750360e-01
4.03274417e-01
3.19900423e-01
3.72068077e-01
3.56096506e-01
3.54126811e-01
3.02863985e-01
3.83698225e-01
3.92005563e-01
3.50537568e-01
4.18735683e-01
3.89173836e-01
3.86648893e-01
3.83231908e-01
3.51841331e-01
3.44125360e-01
3.58578742e-01
3.72442901e-01
3.97931784e-01
3.91146362e-01
3.47279698e-01
2.94419497e-01
1.47110343e-01
-3.49711291e-02
3.09706122e-01
4.38230127e-01
3.07499319e-01
2.31892884e-01
3.32367718e-01
4.04584080e-01
3.64835292e-01
3.41037065e-01
3.71879339e-01
3.80098790e-01
3.26926291e-01
3.88311565e-01
3.69709253e-01
3.55566531e-01
3.64747882e-01
3.65242839e-01
3.98414433e-01
3.13778698e-01
2.99995452e-01
3.72030556e-01
3.95649105e-01
3.90793264e-01
3.62194955e-01
3.49865228e-01
3.28338265e-01
4.16442513e-01
3.38161647e-01
8.32306296e-02
2.52557784e-01
4.90864187e-01
4.40158159e-01
3.59326750e-01
3.43520880e-01
4.07205492e-01
3.74074489e-01
3.19873035e-01
3.28988403e-01
4.50571805e-01
4.27933037e-01
3.02027494e-01
3.69643420e-01
3.43108892e-01
4.03991133e-01
1.74747258e-01
3.45879234e-02
2.57582784e-01
5.06523013e-01
3.79898578e-01
3.71027917e-01
3.92887950e-01
3.25817078e-01
3.05368215e-01
3.46830875e-01
3.70673835e-01
3.33042234e-01
2.72747517e-01
2.39208743e-01
3.37687880e-01
3.89275491e-01
3.62439185e-01
3.97136390e-01
3.40537131e-01
1.97542310e-01
1.16873026e-01
3.35398644e-01
3.78936350e-01
3.76070172e-01
3.64726782e-01
3.26973498e-01
3.45785856e-01
3.44157219e-01
3.73003662e-01
3.06557864e-01
2.99496204e-01
3.21226269e-01
3.31763417e-01
2.93511957e-01
2.81615227e-01
2.94447333e-01
3.41421425e-01
3.12885374e-01
3.24049860e-01
3.49913388e-01
2.60252655e-01
1.53188169e-01
3.37243855e-01
