4.00101280e+00
3.66290069e+00
2.11671543e+00
3.64415908e+00
7.20354033e+00
5.12772274e+00
3.13572311e+00
2.56009936e+00
4.14575911e+00
4.46259260e+00
3.01724148e+00
2.57574797e+00
2.53411841e+00
2.88995147e+00
3.08619213e+00
2.44194460e+00
2.72430634e+00
2.23728204e+00
2.18058658e+00
2.44551778e+00
2.01532865e+00
2.32150221e+00
2.81859946e+00
2.13030434e+00
3.75421119e+00
4.77233887e+00
2.08788276e+00
2.30318403e+00
3.37603354e+00
2.26747417e+00
2.93233371e+00
2.93496680e+00
1.90076494e+00
3.99661112e+00
2.98939610e+00
2.07260895e+00
1.54984272e+00
1.60614955e+00
2.50824523e+00
3.15143609e+00
2.30046916e+00
2.57016516e+00
1.93500555e+00
2.08409405e+00
3.79206109e+00
1.62833786e+00
2.27818108e+00
2.45373535e+00
2.47885728e+00
2.12171078e+00
2.37703633e+00
1.97027397e+00
3.05491853e+00
3.27015162e+00
2.40940356e+00
2.20535064e+00
3.70150208e+00
2.98591638e+00
2.91645789e+00
1.57652462e+00
2.14623308e+00
2.82379627e+00
2.16666508e+00
1.67732084e+00
1.57459307e+00
2.51472640e+00
5.08564138e+00
3.52677512e+00
2.46510482e+00
3.73333192e+00
2.51687479e+00
1.78076708e+00
2.23280692e+00
2.90959334e+00
2.45284271e+00
2.37607884e+00
2.38978004e+00
4.03789234e+00
3.91641569e+00
3.04024935e+00
2.50422072e+00
2.52460814e+00
2.35469842e+00
1.51915216e+00
2.78588533e+00
2.90777111e+00
1.98889112e+00
4.48634863e+00
1.84143293e+00
4.17612600e+00
4.26981211e+00
1.81275487e+00
2.28348732e+00
3.53187895e+00
3.23931932e+00
2.40269089e+00
1.80443788e+00
2.22234225e+00
2.41157222e+00
3.16577554e+00
2.13404679e+00
2.46496320e+00
1.85634768e+00
1.52178824e+00
2.78762388e+00
2.23445630e+00
3.65721631e+00
2.35788488e+00
2.13182211e+00
1.48504484e+00
2.18257141e+00
2.54066038e+00
3.90675521e+00
2.57651925e+00
1.65644145e+00
1.34533477e+00
2.69280529e+00
2.08115649e+00
1.98199177e+00
1.89941931e+00
2.12008762e+00
1.41359925e+00
1.69498110e+00
3.04275656e+00
2.83102441e+00
5.89202118e+00
4.38576460e+00
2.20765042e+00
5.13335180e+00
2.11908793e+00
1.94564986e+00
1.74942422e+00
2.14143777e+00
2.89138103e+00
1.87232542e+00
1.92604887e+00
2.67998052e+00
3.28043652e+00
3.06875372e+00
3.51957870e+00
3.69476271e+00
2.71574783e+00
2.14092994e+00
2.40030456e+00
2.77622104e+00
2.10467315e+00
2.74751067e+00
2.06187749e+00
1.71741450e+00
2.88215041e+00
1.41926885e+00
2.33879590e+00
2.48605061e+00
3.00141835e+00
2.30467463e+00
3.19641662e+00
2.95215535e+00
2.83916283e+00
4.66512489e+00
2.90267801e+00
1.44064820e+00
1.87380528e+00
2.25321102e+00
1.79413593e+00
2.23313379e+00
1.56887758e+00
2.02859616e+00
1.74397278e+00
1.48691273e+00
2.46664619e+00
2.63466144e+00
2.57167625e+00
3.04703999e+00
2.52584958e+00
2.71589994e+00
2.51691914e+00
1.69237220e+00
3.27785945e+00
4.47814274e+00
1.33372283e+00
1.36244631e+00
1.72845697e+00
3.84976745e+00
2.33347392e+00
1.28923094e+00
1.59449673e+00
1.77348113e+00
1.12558043e+00
2.17915225e+00
3.35479498e+00
1.40889382e+00
1.39933169e+00
1.36463678e+00
1.66094327e+00
1.79672706e+00
2.34365773e+00
1.11134565e+00
2.19975448e+00
1.84993887e+00
1.01439321e+00
1.05135810e+00
1.13413656e+00
2.95679021e+00
1.64803171e+00
1.57284522e+00
2.32441664e+00
2.81086445e+00
2.36660075e+00
1.58367872e+00
1.90357792e+00
2.09288549e+00
2.22786260e+00
3.29864264e+00
2.50725293e+00
1.40721464e+00
2.17332578e+00
2.60541916e+00
2.75963354e+00
1.99739528e+00
3.06734824e+00
2.31231475e+00
2.38985896e+00
2.96676207e+00
3.71553159e+00
2.84193969e+00
1.54156530e+00
2.25449181e+00
6.19994831e+00
4.53180790e+00
2.25329185e+00
2.08195114e+00
1.92776823e+00
2.03492498e+00
3.29180527e+00
3.09407973e+00
2.53188896e+00
2.99792027e+00
2.05115438e+00
3.74734926e+00
5.07514715e+00
2.37865949e+00
1.89219570e+00
2.31334019e+00
2.30474234e+00
4.02813721e+00
2.19248462e+00
2.57103062e+00
4.80286598e+00
2.38725829e+00
2.05723429e+00
2.03002644e+00
2.09208012e+00
2.55550194e+00
1.90856588e+00
2.74964643e+00
2.04055595e+00
1.80242360e+00
3.48457718e+00
3.91809678e+00
2.69662523e+00
1.67569745e+00
2.01173091e+00
4.30136108e+00
2.50231886e+00
2.45784497e+00
2.08287120e+00
1.75403035e+00
3.53013778e+00
1.93563962e+00
2.10050726e+00
3.97281218e+00
3.78147745e+00
2.75075078e+00
1.66709673e+00
1.81373441e+00
2.51877880e+00
3.47871614e+00
3.11337233e+00
1.86686766e+00
1.69205344e+00
1.77014077e+00
2.23984694e+00
2.81287289e+00
3.90410900e+00
1.72618592e+00
1.93289042e+00
4.15667534e+00
2.85255957e+00
1.84490216e+00
1.59196460e+00
2.34837794e+00
1.97832024e+00
2.01420212e+00
2.00842762e+00
2.77575040e+00
3.59246516e+00
2.44962311e+00
2.07335162e+00
4.26116180e+00
1.40507007e+00
1.89981294e+00
3.46678472e+00
1.66080463e+00
2.52101207e+00
2.25511765e+00
1.34648466e+00
1.80991352e+00
2.32663202e+00
2.40592122e+00
2.68683982e+00
1.56422317e+00
1.53210330e+00
1.36203825e+00
1.47837234e+00
2.53115320e+00
2.35911465e+00
1.39676905e+00
1.18631697e+00
3.88065147e+00
1.15648782e+00
6.05787659e+00
1.77960515e+00
3.19973445e+00
2.54137993e+00
3.31900692e+00
3.62080383e+00
1.58044863e+00
2.22743797e+00
1.96629560e+00
2.62827420e+00
2.08465600e+00
1.33643878e+00
2.00645399e+00
1.71732724e+00
7.21259117e-01
1.01673424e+00
9.75587964e-01
1.57396638e+00
1.63080227e+00
8.61046612e-01
1.38585854e+00
2.96753001e+00
3.04584074e+00
1.55459666e+00
1.80910289e+00
1.38526666e+00
2.66317606e+00
1.31904852e+00
1.68410969e+00
1.86536515e+00
1.11278474e+00
3.36341214e+00
1.92436552e+00
1.61927390e+00
3.39060736e+00
3.43883324e+00
1.83051348e+00
2.84262681e+00
1.19108558e+00
9.88646328e-01
1.25343132e+00
1.22131598e+00
1.29885781e+00
1.83325696e+00
2.57000184e+00
2.31872988e+00
1.16261005e+00
2.15117192e+00
3.43615746e+00
2.74304461e+00
2.67582297e+00
2.66951919e+00
2.45683217e+00
1.69928586e+00
2.18608427e+00
2.89801717e+00
2.23204827e+00
3.86386514e+00
2.87987757e+00
2.83433795e+00
3.59627223e+00
1.49627388e+00
2.07755899e+00
2.89041758e+00
2.21265125e+00
1.58936787e+00
2.04234958e+00
2.06030846e+00
2.93106842e+00
2.05336070e+00
4.00990295e+00
4.93741655e+00
1.90243459e+00
2.43046975e+00
3.17936897e+00
4.74320459e+00
3.95385623e+00
2.32920146e+00
2.26060629e+00
3.79726195e+00
1.83199966e+00
2.18997526e+00
4.34774399e+00
5.13845778e+00
2.92474794e+00
2.69909239e+00
2.94871902e+00
3.36365843e+00
2.67338777e+00
1.61979961e+00
2.49527240e+00
2.77582717e+00
4.01424217e+00
2.81801820e+00
2.61079836e+00
2.45878458e+00
1.95747101e+00
3.02365994e+00
2.75078750e+00
3.08161926e+00
2.86391902e+00
3.09850001e+00
3.26851082e+00
2.28148818e+00
2.65006733e+00
3.48848081e+00
3.80777931e+00
3.07637835e+00
2.47413111e+00
4.34684515e+00
2.70293212e+00
2.23654604e+00
1.46909308e+00
1.72170389e+00
4.55986691e+00
2.84528589e+00
4.73083019e+00
3.82538080e+00
3.72586131e+00
4.41885567e+00
3.83732224e+00
3.46908808e+00
3.72170854e+00
2.98748398e+00
3.10243988e+00
3.57185864e+00
3.19766450e+00
1.38061547e+00
1.75612545e+00
3.93850303e+00
3.05174351e+00
3.21109080e+00
5.40037012e+00
2.96221662e+00
3.68999434e+00
3.35448194e+00
3.37614799e+00
2.91747260e+00
1.70590961e+00
1.65093601e+00
1.62888324e+00
3.27745962e+00
5.34387112e+00
4.41533089e+00
2.64697647e+00
3.81096292e+00
2.82783628e+00
2.68385887e+00
2.01921749e+00
2.03949189e+00
3.18774462e+00
2.63843822e+00
2.96076345e+00
2.91355705e+00
3.86724734e+00
3.51945329e+00
1.92320251e+00
2.70076466e+00
3.43923211e+00
1.90834761e+00
2.24918413e+00
3.15964961e+00
1.67845595e+00
2.31056118e+00
2.96476841e+00
2.39499187e+00
3.23001409e+00
3.53807068e+00
3.35530186e+00
2.91741943e+00
1.72110319e+00
3.93181920e+00
3.31042552e+00
1.98344350e+00
2.37624741e+00
4.23916101e+00
2.15025616e+00
2.22826338e+00
4.48705149e+00
3.54143381e+00
1.35739529e+00
3.72619367e+00
3.15773153e+00
2.90839648e+00
2.50119591e+00
2.24642301e+00
4.15424871e+00
2.17299581e+00
3.93331599e+00
4.36040878e+00
2.72245646e+00
2.45996046e+00
3.29578829e+00
2.67156315e+00
2.23742795e+00
1.31615424e+00
2.32314777e+00
3.29145575e+00
2.71668839e+00
1.47178221e+00
2.44810057e+00
1.90321875e+00
1.53008199e+00
2.62385654e+00
3.18118811e+00
2.69949460e+00
1.56205559e+00
1.83577585e+00
2.40506268e+00
3.50501728e+00
5.10192585e+00
1.24543202e+00
1.79179251e+00
1.80882537e+00
1.79787529e+00
2.65089464e+00
1.97848439e+00
3.40462470e+00
2.78457665e+00
2.31777358e+00
2.10199881e+00
1.48831260e+00
1.94573295e+00
1.92314315e+00
1.78977036e+00
3.27947164e+00
2.72482467e+00
2.36163759e+00
4.19478130e+00
2.33570433e+00
2.44850850e+00
3.53656149e+00
2.59951401e+00
2.38376045e+00
3.30503440e+00
3.50410581e+00
1.70722365e+00
1.42460561e+00
1.57736921e+00
2.09260917e+00
2.95364404e+00
1.52985907e+00
2.47078323e+00
1.73163211e+00
1.58036911e+00
1.70405877e+00
2.33680010e+00
3.10353494e+00
2.95821118e+00
1.01722717e+00
9.49790955e-01
1.01490653e+00
1.10516489e+00
1.18809867e+00
7.90188372e-01
9.87233639e-01
1.03098679e+00
1.44245863e+00
1.18030369e+00
9.28793490e-01
1.23522866e+00
6.72571838e-01
1.00923085e+00
1.31733000e+00
1.93001616e+00
2.60080314e+00
2.43181968e+00
1.78933930e+00
1.01725805e+00
1.26193643e+00
1.02087629e+00
1.49722183e+00
1.36286211e+00
3.44027877e+00
1.91893446e+00
1.48194909e+00
2.08651638e+00
1.16603732e+00
1.54644918e+00
2.64034009e+00
1.38761294e+00
8.82676244e-01
1.71659648e+00
1.71012509e+00
1.02740765e+00
1.27507377e+00
1.74486601e+00
1.94622171e+00
1.41787934e+00
2.65246487e+00
2.41168380e+00
3.52899289e+00
2.19888711e+00
1.94056642e+00
2.12316155e+00
3.11442614e+00
4.86732149e+00
3.49769831e+00
2.49517202e+00
2.33285189e+00
1.47181499e+00
1.28058290e+00
1.58835030e+00
2.10437059e+00
2.69318604e+00
2.69822216e+00
1.98334920e+00
1.90861392e+00
2.35404825e+00
3.09644818e+00
3.87077951e+00
2.45609307e+00
1.68317938e+00
2.03533578e+00
3.68270946e+00
2.15253806e+00
2.53169656e+00
3.59469581e+00
2.27695227e+00
2.39791775e+00
3.80888009e+00
3.26011062e+00
1.96064079e+00
1.35588264e+00
1.90103793e+00
1.81218529e+00
2.04143453e+00
1.77820098e+00
2.70463514e+00
3.15047812e+00
1.16882873e+00
3.40625978e+00
1.54473150e+00
3.71632624e+00
3.41052055e+00
1.73025620e+00
1.97606969e+00
1.67298341e+00
2.76700640e+00
4.09048891e+00
3.60437608e+00
1.62937510e+00
1.54788685e+00
3.24951291e+00
5.23079920e+00
2.12551045e+00
2.49385476e+00
2.66941881e+00
3.47249818e+00
2.01281929e+00
2.87169147e+00
1.60356474e+00
1.11961830e+00
2.79117656e+00
2.72398949e+00
3.42205882e+00
3.00461888e+00
3.04969335e+00
3.54004598e+00
3.14673114e+00
1.57621121e+00
2.70716596e+00
2.28909707e+00
2.12965107e+00
2.17965770e+00
2.99670649e+00
4.26124811e+00
2.68278790e+00
3.76693296e+00
1.39082563e+00
2.11268735e+00
3.85750175e+00
2.58446074e+00
2.25090528e+00
4.57185793e+00
3.59751630e+00
2.96094227e+00
2.41452670e+00
2.92243123e+00
3.96317911e+00
2.98617601e+00
3.04258943e+00
4.39866781e+00
4.21844816e+00
2.59774137e+00
3.76533699e+00
4.14999962e+00
2.57123566e+00
1.60332561e+00
2.23558831e+00
1.74989665e+00
2.66941929e+00
4.04505873e+00
3.83335328e+00
2.71747613e+00
2.12893248e+00
2.15744352e+00
1.96565330e+00
2.97018027e+00
3.78754354e+00
3.81064248e+00
3.71945715e+00
2.95480251e+00
2.01821256e+00
2.29754353e+00
2.22846341e+00
2.70527458e+00
2.35077047e+00
1.74339819e+00
2.02460480e+00
3.85889125e+00
3.72258043e+00
3.37630248e+00
2.98928070e+00
2.78277731e+00
3.44400787e+00
4.15716696e+00
3.14724183e+00
2.42049694e+00
2.97655487e+00
3.21449542e+00
4.75358868e+00
2.49762964e+00
1.43552625e+00
1.28577602e+00
1.79756737e+00
3.81929898e+00
3.69678354e+00
2.37399244e+00
1.98462558e+00
2.55853868e+00
2.12764788e+00
2.22878885e+00
3.33754158e+00
3.43256402e+00
3.32253766e+00
2.28069949e+00
2.04810715e+00
2.56722808e+00
3.13366103e+00
2.42886877e+00
3.87832189e+00
2.85860205e+00
1.74683535e+00
3.12431479e+00
2.09515524e+00
3.11638069e+00
2.69829583e+00
3.74588752e+00
3.62262917e+00
2.14188910e+00
2.71156621e+00
2.79555058e+00
3.78975034e+00
1.47545099e+00
1.35496891e+00
2.97025800e+00
2.30268717e+00
3.62561464e+00
3.13970971e+00
2.89522862e+00
3.32549477e+00
3.10000706e+00
2.31109357e+00
3.63396001e+00
3.26061463e+00
2.32225895e+00
2.42225289e+00
2.20102763e+00
1.49973238e+00
2.79937530e+00
3.25107574e+00
1.98772526e+00
1.66703236e+00
2.75934029e+00
3.55239248e+00
1.52432215e+00
4.56139374e+00
2.60288048e+00
1.52637494e+00
4.93139219e+00
3.36444402e+00
2.29496956e+00
2.69684124e+00
2.53428411e+00
2.39776015e+00
3.80598187e+00
2.51225591e+00
3.05788660e+00
3.82259440e+00
2.09257841e+00
2.32043600e+00
4.49659300e+00
3.16169643e+00
2.52564621e+00
3.42299414e+00
3.87402010e+00
4.13527346e+00
4.66092873e+00
3.18352270e+00
2.87395191e+00
3.23899579e+00
3.13173938e+00
2.81057310e+00
3.67912817e+00
2.26327109e+00
2.53507614e+00
2.84937096e+00
3.25487232e+00
2.92029834e+00
2.84388089e+00
3.96739149e+00
2.44043636e+00
2.67055225e+00
2.60653353e+00
2.75480175e+00
3.71298552e+00
3.66262555e+00
1.55156231e+00
2.59258318e+00
1.97684026e+00
2.68824935e+00
4.10813761e+00
2.44279456e+00
3.33717203e+00
3.91476703e+00
3.24504280e+00
2.77752781e+00
3.39258456e+00
3.32860780e+00
2.14366770e+00
2.19557476e+00
2.41342568e+00
3.53366995e+00
2.90618443e+00
1.35473812e+00
3.32655501e+00
2.79913616e+00
3.22822905e+00
4.28151989e+00
3.05536890e+00
2.56077266e+00
1.30009961e+00
9.45029974e-01
2.31482983e+00
1.94733667e+00
1.53791642e+00
2.74939036e+00
2.14916205e+00
3.37114239e+00
3.21171737e+00
2.97877669e+00
3.00310373e+00
1.66826332e+00
1.31320441e+00
3.41186547e+00
3.17027855e+00
1.54097736e+00
2.21028781e+00
2.49261904e+00
2.43656421e+00
2.95854998e+00
2.82318926e+00
2.68306208e+00
3.46177673e+00
3.57072854e+00
3.02484584e+00
2.50321651e+00
1.78791499e+00
2.08193874e+00
3.05684161e+00
2.63870907e+00
2.15459824e+00
2.77392101e+00
1.78899026e+00
2.28682375e+00
3.67610765e+00
1.45944118e+00
1.88576758e+00
2.40307069e+00
3.75113440e+00
2.97527957e+00
2.04326344e+00
4.13723230e+00
1.84445024e+00
3.28484702e+00
3.69501376e+00
1.95113921e+00
1.70409322e+00
2.76636386e+00
2.57037759e+00
1.68190849e+00
1.61889446e+00
4.77994394e+00
3.38165164e+00
1.71057141e+00
1.29657483e+00
1.25284564e+00
3.10936952e+00
4.47395182e+00
2.93307137e+00
3.83219457e+00
2.58723307e+00
3.78936505e+00
3.79805684e+00
2.44844151e+00
1.81343484e+00
1.69818830e+00
3.73217916e+00
2.16962147e+00
2.21935391e+00
3.26945066e+00
1.80350566e+00
1.08739293e+00
2.93707800e+00
1.76962340e+00
1.28908038e+00
2.45757699e+00
2.97683811e+00
1.74877250e+00
2.67560768e+00
1.47631288e+00
1.65171027e+00
2.65600991e+00
2.34935451e+00
3.85547853e+00
3.93593740e+00
3.71426225e+00
2.49095321e+00
1.36302054e+00
1.66020191e+00
2.13947845e+00
3.20753574e+00
1.67080617e+00
2.40217280e+00
3.70988035e+00
3.37632322e+00
2.52796388e+00
2.16993952e+00
2.22818041e+00
1.05029750e+00
1.28046310e+00
2.99197650e+00
1.72487843e+00
1.38136995e+00
2.09587789e+00
1.26815557e+00
2.42891455e+00
3.98070455e+00
1.30169177e+00
2.73592734e+00
2.37023377e+00
2.29557371e+00
3.37317061e+00
2.80073786e+00
1.57821810e+00
5.72206640e+00
3.10215449e+00
2.34808493e+00
3.93371582e+00
3.21664643e+00
2.82404876e+00
2.64421463e+00
2.97963119e+00
2.81650877e+00
2.01444459e+00
2.00923300e+00
2.68216348e+00
2.46512914e+00
3.64071155e+00
2.26988411e+00
1.44455862e+00
2.36873722e+00
1.21749711e+00
2.91941071e+00
3.05991197e+00
1.46838760e+00
2.01203895e+00
4.43647432e+00
2.19450331e+00
4.28019714e+00
1.45311534e+00
1.22112262e+00
2.93296504e+00
1.99120200e+00
2.27941465e+00
1.59697521e+00
3.46091819e+00
3.18627596e+00
1.63972402e+00
1.44348788e+00
1.83711219e+00
2.13131118e+00
2.03271461e+00
1.91357505e+00
1.73202693e+00
1.23790646e+00
2.45711660e+00
1.01211321e+00
3.07261562e+00
2.04077530e+00
8.93602908e-01
2.79961991e+00
2.23070979e+00
1.40422750e+00
1.73631310e+00
1.66391623e+00
2.83315110e+00
3.60187387e+00
2.42544508e+00
1.98023260e+00
2.45799685e+00
2.02689815e+00
2.07477427e+00
2.63561249e+00
9.17062581e-01
1.18188298e+00
2.03066874e+00
1.48111463e+00
1.14904344e+00
2.97204781e+00
3.13618016e+00
9.57736909e-01
1.00825071e+00
1.12121069e+00
1.66004872e+00
1.08127546e+00
1.31788206e+00
2.10045290e+00
1.73412979e+00
1.58361661e+00
7.09324837e-01
9.62851048e-01
9.09713268e-01
7.34325349e-01
2.40829945e+00
3.42525434e+00
1.93140996e+00
7.21729338e-01
1.82201445e+00
1.58834922e+00
1.15501773e+00
7.47850478e-01
1.09139371e+00
1.20596540e+00
8.13823879e-01
6.56058609e-01
2.05508256e+00
7.80842960e-01
1.58021593e+00
9.70718324e-01
2.28409743e+00
2.17718840e+00
1.11886716e+00
1.65554380e+00
1.53641820e+00
5.04281938e-01
1.99933863e+00
1.54862511e+00
7.86914229e-01
2.19293952e+00
2.89397216e+00
2.00079775e+00
3.23962426e+00
1.52981794e+00
1.87552238e+00
2.07695770e+00
1.05006242e+00
7.53423631e-01
2.37035775e+00
1.32867479e+00
2.14434743e+00
2.08614564e+00
1.53801978e+00
1.86522603e+00
7.61884630e-01
8.77166510e-01
8.04373980e-01
1.24124575e+00
1.21222830e+00
1.66266358e+00
2.42189813e+00
1.02635348e+00
8.44941914e-01
1.36949027e+00
1.55343974e+00
2.52282357e+00
2.41290593e+00
1.04985917e+00
9.68957782e-01
2.21618104e+00
2.39623427e+00
1.84336305e+00
2.03754807e+00
1.30926096e+00
2.33863425e+00
2.65241504e+00
1.19443655e+00
1.07113159e+00
1.18931186e+00
1.53160286e+00
1.10041630e+00
2.07454419e+00
2.95227480e+00
1.43054962e+00
1.46040559e+00
3.32263851e+00
4.73712730e+00
3.27291155e+00
2.59065604e+00
3.92442060e+00
1.89238811e+00
1.41759336e+00
3.44507742e+00
3.04492664e+00
1.69267929e+00
2.06634450e+00
1.54063749e+00
1.06240964e+00
2.42956448e+00
3.00363970e+00
2.00132728e+00
1.62677658e+00
3.20869064e+00
1.98594820e+00
1.70935535e+00
2.12361455e+00
2.40783095e+00
2.84504342e+00
2.36275792e+00
1.44361496e+00
2.10645366e+00
2.69400215e+00
2.11534190e+00
1.29233348e+00
1.60596812e+00
3.44544220e+00
2.26478767e+00
1.95252824e+00
2.55091453e+00
1.89365268e+00
1.89237344e+00
2.51153612e+00
1.72662497e+00
1.40419590e+00
1.91226113e+00
1.89430547e+00
1.95758665e+00
3.05581069e+00
2.47491097e+00
2.17948127e+00
2.18155384e+00
1.72432625e+00
1.58889818e+00
2.31944561e+00
2.44046330e+00
1.79592288e+00
2.08412194e+00
2.96798825e+00
1.53213823e+00
2.21598053e+00
1.56993759e+00
1.96714318e+00
1.98652279e+00
1.56158209e+00
3.75310445e+00
2.42929363e+00
2.31682897e+00
2.15146661e+00
1.69090402e+00
1.37907982e+00
2.87362695e+00
3.66584659e+00
2.00322247e+00
1.63120043e+00
2.65010071e+00
3.12030911e+00
1.12853384e+00
1.90385616e+00
2.26775312e+00
3.00568628e+00
2.72291088e+00
1.74693322e+00
3.87442327e+00
3.48756552e+00
1.97349000e+00
1.28338325e+00
1.66915047e+00
2.14523649e+00
2.50219226e+00
3.40051770e+00
2.74747419e+00
1.16292095e+00
1.40476000e+00
3.09914398e+00
1.84068048e+00
1.53891146e+00
3.52600145e+00
3.10677290e+00
2.13590074e+00
3.08092642e+00
3.44765139e+00
2.54102635e+00
2.13051248e+00
2.98903632e+00
3.25647616e+00
2.96488357e+00
3.96408677e+00
3.25889754e+00
3.36129785e+00
3.05065703e+00
2.28077126e+00
1.83303916e+00
2.21967745e+00
1.53338838e+00
2.65774584e+00
2.72082710e+00
2.42640829e+00
4.51395178e+00
2.38417292e+00
2.49992442e+00
2.96274662e+00
2.42735219e+00
1.89345515e+00
2.40462923e+00
3.63691497e+00
2.58282423e+00
2.12168598e+00
2.03333855e+00
2.52831483e+00
3.12416244e+00
1.85708082e+00
2.07956004e+00
1.88571572e+00
2.20604277e+00
2.79170537e+00
2.57517791e+00
2.96625972e+00
2.05236411e+00
3.46597815e+00
2.30446053e+00
1.01755857e+00
1.89551675e+00
1.20367765e+00
1.25934112e+00
1.35531950e+00
1.81472158e+00
2.68516564e+00
2.36099529e+00
1.53148234e+00
3.43523741e+00
1.41726327e+00
1.88561666e+00
3.25763535e+00
1.64839637e+00
3.22894979e+00
2.56888247e+00
2.48129034e+00
2.24942851e+00
2.11570573e+00
2.57854152e+00
2.81156278e+00
2.42383575e+00
2.44712734e+00
2.45037365e+00
2.48690939e+00
2.93487740e+00
2.74436498e+00
1.60172939e+00
1.79830098e+00
2.96503854e+00
2.81112051e+00
1.57549071e+00
3.38778162e+00
3.01547098e+00
3.30794096e+00
3.20156741e+00
2.68372893e+00
2.49206662e+00
2.56698179e+00
1.96119416e+00
2.20423150e+00
2.39579535e+00
1.85271013e+00
1.88784730e+00
3.17085099e+00
3.68826628e+00
2.60745478e+00
2.00149965e+00
2.94664907e+00
3.19178224e+00
1.34334350e+00
2.98599529e+00
2.38639188e+00
2.21544552e+00
2.58782864e+00
1.89934409e+00
1.92954361e+00
1.99642563e+00
1.80072546e+00
2.63230896e+00
3.07609200e+00
2.14545608e+00
2.00164509e+00
2.88690114e+00
1.60295880e+00
2.09519601e+00
2.99366999e+00
2.30751395e+00
2.92729640e+00
3.45567298e+00
2.16563869e+00
2.28158927e+00
2.71049905e+00
1.86841071e+00
2.54976463e+00
1.70875669e+00
3.46770787e+00
3.29828429e+00
1.91009998e+00
1.73666537e+00
1.90055013e+00
3.81903195e+00
2.54181027e+00
2.49403906e+00
2.53970385e+00
9.41438198e-01
2.37133241e+00
1.78531086e+00
2.53136539e+00
2.41617942e+00
2.02873635e+00
2.87167525e+00
1.76891565e+00
2.26735616e+00
2.83559179e+00
1.92011940e+00
2.22162986e+00
4.35471392e+00
2.58418322e+00
2.86478925e+00
3.70353055e+00
2.66407013e+00
1.65536320e+00
1.86396980e+00
1.51364136e+00
3.49499106e+00
2.27720928e+00
2.58481407e+00
3.54664516e+00
2.25993896e+00
3.22994733e+00
2.21619749e+00
3.49961543e+00
3.61003184e+00
2.57867050e+00
2.98920727e+00
1.81589365e+00
2.79307127e+00
3.34257698e+00
2.40051532e+00
1.51430070e+00
2.04249668e+00
3.94189692e+00
3.45368695e+00
1.67455471e+00
2.22859192e+00
2.98428750e+00
2.27263594e+00
2.52621055e+00
2.02530408e+00
2.04553390e+00
2.22712088e+00
2.43752575e+00
2.47962809e+00
1.71398592e+00
2.31761456e+00
2.28232002e+00
3.06681561e+00
3.24447036e+00
2.20067716e+00
4.33009100e+00
2.14640880e+00
3.29073215e+00
4.49676847e+00
2.80964589e+00
1.18175745e+00
3.28946733e+00
2.80384111e+00
3.43033099e+00
2.48666000e+00
1.48711658e+00
2.10748219e+00
2.15197492e+00
2.25154495e+00
1.67989123e+00
1.29456758e+00
1.53981578e+00
1.54205799e+00
1.79931116e+00
1.51494586e+00
1.85178137e+00
2.16430068e+00
2.22852492e+00
2.10813856e+00
1.35887611e+00
2.02219701e+00
1.27739465e+00
2.01593614e+00
2.42294431e+00
7.38944054e-01
1.47900259e+00
1.20874536e+00
1.74911547e+00
2.76069450e+00
3.08751392e+00
2.44466043e+00
2.32167077e+00
2.54535437e+00
2.22588396e+00
1.99155235e+00
2.34058928e+00
2.22789621e+00
2.31232882e+00
2.66063857e+00
2.09986091e+00
1.96738040e+00
2.06118417e+00
1.99306667e+00
2.27555299e+00
2.87076187e+00
2.13132882e+00
1.02277184e+00
1.54859519e+00
2.81272292e+00
1.17776287e+00
2.37360835e+00
2.24475026e+00
1.86633110e+00
2.98264837e+00
3.74790740e+00
2.23218679e+00
2.98200178e+00
2.58522081e+00
2.32756710e+00
2.21344376e+00
2.16598248e+00
2.96230936e+00
2.66180563e+00
1.87537456e+00
1.55245829e+00
1.56148684e+00
2.70345926e+00
3.19805622e+00
2.97703457e+00
2.37096977e+00
2.11564994e+00
2.40606260e+00
2.11821771e+00
7.14124739e-01
2.59511709e+00
2.91738391e+00
1.98453057e+00
1.43357563e+00
2.06897926e+00
2.55248094e+00
1.09818316e+00
1.83847380e+00
2.00486040e+00
2.07258010e+00
3.54349518e+00
2.08431864e+00
2.51853824e+00
2.73302722e+00
2.53958297e+00
2.06831217e+00
1.52597940e+00
9.16663647e-01
1.77653909e+00
2.23477411e+00
2.25445867e+00
2.33253956e+00
3.03816557e+00
2.85553265e+00
1.30927348e+00
2.69330907e+00
2.74836993e+00
1.43491352e+00
2.15473962e+00
3.72739434e+00
2.28816628e+00
1.75353181e+00
2.53361130e+00
3.20293856e+00
2.71942973e+00
2.06908917e+00
2.23239303e+00
3.94843245e+00
2.41468596e+00
1.20379424e+00
3.65205526e+00
2.67521334e+00
1.38312364e+00
1.03218794e+00
1.75045240e+00
2.63497210e+00
2.66513658e+00
2.64598584e+00
1.53690219e+00
2.01595044e+00
2.48127103e+00
2.20445323e+00
2.70950270e+00
2.51842690e+00
2.02465415e+00
1.38176441e+00
1.50408721e+00
2.09366965e+00
2.44450736e+00
2.65733910e+00
3.10438728e+00
3.60695076e+00
2.83882546e+00
1.77778506e+00
1.78341258e+00
2.89511013e+00
3.63742328e+00
3.30585265e+00
2.09727716e+00
1.68746233e+00
2.99484324e+00
2.31188297e+00
1.17607498e+00
1.10572159e+00
2.69002771e+00
3.23335767e+00
1.14461911e+00
1.79084194e+00
2.80860400e+00
1.29081428e+00
1.08216929e+00
2.34113693e+00
2.44471192e+00
1.51974666e+00
3.76458240e+00
2.54415131e+00
1.12525821e+00
9.28651035e-01
1.10495257e+00
2.10389352e+00
3.26210165e+00
3.03937006e+00
2.16065979e+00
2.23007035e+00
2.72133255e+00
1.58737373e+00
2.18243623e+00
3.32833743e+00
3.13722563e+00
2.09291458e+00
1.61708975e+00
1.81042933e+00
1.96051550e+00
4.15885830e+00
3.76142669e+00
1.67828810e+00
1.11653459e+00
1.38798809e+00
2.88898325e+00
2.40933657e+00
1.54367542e+00
1.74784434e+00
2.61585736e+00
2.51768208e+00
2.75615287e+00
7.01632023e-01
1.22463346e+00
3.57411838e+00
2.61415744e+00
2.36330247e+00
9.12659883e-01
1.46918988e+00
3.20384407e+00
3.21070075e+00
1.59577525e+00
1.81650782e+00
1.01884139e+00
2.37292910e+00
2.22041059e+00
1.66065919e+00
2.94486237e+00
1.82012308e+00
1.21389174e+00
2.54007912e+00
2.76102304e+00
2.29601049e+00
2.86728644e+00
2.96961617e+00
3.09379864e+00
2.61286736e+00
1.57031631e+00
1.72820187e+00
2.88707519e+00
2.42976022e+00
1.86780465e+00
2.39894199e+00
2.58048129e+00
1.62627220e+00
8.03213596e-01
1.46017861e+00
1.32237220e+00
7.69691467e-01
1.77492273e+00
1.97535849e+00
9.43726301e-01
3.77662015e+00
2.46328306e+00
2.10828710e+00
1.89886463e+00
1.34429443e+00
1.78390694e+00
3.10075426e+00
2.91037154e+00
2.70569396e+00
2.39559484e+00
1.73381996e+00
1.68285716e+00
2.53972554e+00
1.46793997e+00
3.01971579e+00
2.04316211e+00
5.72016358e-01
2.20078993e+00
1.82793963e+00
3.40246534e+00
2.13053298e+00
2.10651374e+00
2.30061722e+00
1.05347073e+00
1.18414414e+00
2.26698852e+00
1.29604137e+00
1.14908254e+00
2.02134776e+00
2.09818697e+00
2.69392323e+00
3.14543009e+00
4.12524462e+00
2.77925110e+00
4.10444880e+00
3.45712638e+00
2.87660146e+00
1.67871368e+00
1.84600294e+00
2.72115421e+00
2.32548213e+00
2.19517350e+00
1.76588678e+00
2.26214981e+00
1.85705352e+00
1.49831355e+00
2.18192697e+00
2.91661668e+00
2.33783650e+00
1.93273580e+00
1.93899238e+00
1.78655672e+00
1.33159006e+00
1.63713229e+00
2.23828459e+00
1.34769130e+00
1.80485976e+00
2.37878275e+00
2.71592283e+00
3.00992060e+00
1.64582145e+00
1.85467982e+00
2.13489199e+00
1.89832306e+00
1.78691959e+00
1.80424297e+00
1.03915012e+00
2.24884629e+00
2.72664380e+00
2.72953296e+00
2.77286077e+00
2.17878628e+00
1.13769710e+00
3.89613390e+00
2.21657753e+00
1.45569003e+00
3.02905798e+00
3.05269790e+00
1.87831414e+00
2.16176057e+00
1.67870355e+00
2.77738285e+00
3.28191662e+00
1.43509459e+00
2.86628032e+00
2.66125584e+00
2.33085275e+00
2.66427755e+00
2.41198730e+00
1.55364895e+00
3.10803866e+00
2.59234810e+00
2.92810011e+00
2.18613315e+00
9.16213989e-01
1.28075337e+00
1.83502591e+00
3.45408916e+00
2.69537234e+00
1.53393579e+00
1.44734597e+00
1.73344111e+00
2.47405100e+00
2.55189776e+00
3.59444642e+00
2.91898346e+00
1.80978191e+00
2.76121569e+00
2.20358586e+00
1.23916852e+00
2.46784735e+00
2.00469565e+00
8.78968477e-01
1.33818054e+00
1.54859710e+00
1.66840065e+00
2.43493009e+00
2.64505458e+00
2.03238726e+00
2.02124262e+00
2.82891846e+00
1.70705211e+00
2.50408840e+00
2.52578855e+00
2.22623610e+00
2.64059210e+00
1.08200252e+00
1.64552259e+00
2.11544943e+00
2.45359421e+00
2.75408053e+00
2.31291533e+00
2.01340890e+00
2.52666759e+00
5.65200329e-01
1.03940475e+00
3.65153122e+00
2.86944342e+00
1.88874412e+00
1.67808998e+00
1.27775919e+00
1.76097214e+00
2.31227112e+00
2.04734373e+00
3.38613319e+00
1.89474654e+00
8.81307602e-01
2.21772742e+00
2.84873962e+00
8.11292589e-01
1.98620868e+00
1.74016154e+00
1.52291989e+00
1.71922946e+00
1.79895222e+00
1.80528128e+00
2.74686265e+00
2.29498434e+00
1.36188459e+00
9.65753973e-01
1.35297799e+00
1.43304694e+00
1.40514505e+00
2.32840419e+00
1.74648845e+00
1.03163278e+00
8.11512411e-01
1.27853596e+00
2.92988849e+00
2.01920128e+00
1.95745909e+00
2.89480519e+00
2.84259272e+00
2.04134727e+00
3.37013721e+00
2.60693526e+00
2.42554951e+00
1.74836540e+00
1.63965523e+00
3.05681801e+00
1.55518842e+00
2.71496344e+00
2.65079522e+00
1.61862874e+00
1.31622839e+00
1.85967898e+00
2.47867346e+00
2.55497146e+00
2.26286125e+00
1.85498714e+00
2.00573564e+00
2.28911662e+00
1.37499344e+00
1.90619183e+00
8.91036689e-01
1.42094111e+00
3.24397373e+00
2.18568492e+00
1.74675143e+00
1.23617744e+00
1.19742250e+00
1.04485023e+00
1.85981274e+00
1.11239028e+00
1.71838689e+00
5.21135449e-01
1.82147610e+00
2.37581611e+00
1.93561101e+00
1.76289999e+00
2.12222862e+00
2.16007018e+00
2.79428387e+00
2.31893730e+00
1.60184884e+00
2.09743381e+00
1.69784284e+00
2.74440622e+00
5.32494783e-01
5.68474829e-01
1.84553599e+00
2.23134303e+00
8.64035487e-01
1.97850859e+00
1.22922933e+00
1.34950757e+00
2.30126429e+00
4.68470365e-01
2.57894683e+00
9.91678178e-01
1.81675684e+00
2.21003246e+00
1.65428197e+00
1.78062880e+00
1.13095868e+00
3.14073348e+00
2.51099372e+00
6.76927924e-01
7.41031289e-01
1.74410462e+00
1.05376434e+00
1.51213288e+00
1.63130498e+00
2.19032168e+00
2.44626307e+00
9.25274134e-01
2.32852221e+00
1.17188787e+00
1.15204942e+00
1.15116978e+00
1.17424643e+00
1.37217987e+00
1.85183477e+00
2.20280528e+00
2.48850226e+00
2.57601619e+00
2.44942641e+00
2.43372536e+00
3.47435832e+00
3.25062370e+00
1.93503022e+00
1.54079473e+00
2.08337212e+00
2.60944581e+00
1.83594942e+00
9.96256709e-01
1.28016961e+00
1.56916630e+00
1.39403820e+00
1.85364091e+00
9.45579112e-01
1.93108499e+00
9.92500901e-01
2.29171681e+00
2.04481959e+00
1.75619555e+00
1.51914430e+00
1.68620324e+00
6.95662558e-01
2.37973285e+00
4.51937962e+00
2.32632470e+00
3.13950014e+00
1.43552864e+00
2.40022945e+00
1.93183601e+00
1.00612867e+00
2.95834637e+00
2.47452497e+00
2.00844622e+00
2.28576636e+00
2.31730485e+00
2.52170801e+00
2.65058970e+00
7.06215084e-01
1.26701224e+00
2.33512473e+00
2.35676479e+00
2.77069378e+00
3.37708855e+00
1.23670387e+00
5.33716321e-01
1.33917344e+00
1.59021616e+00
2.05001354e+00
3.83393598e+00
2.03664589e+00
1.83488667e+00
1.65593803e+00
1.74731541e+00
1.73064137e+00
1.48843980e+00
2.43780994e+00
1.62827086e+00
2.79756522e+00
2.41987276e+00
1.05369818e+00
2.55912256e+00
4.43524075e+00
1.61561620e+00
7.36730218e-01
1.51440763e+00
2.10385823e+00
2.07419944e+00
2.30399394e+00
1.78149295e+00
2.96148920e+00
3.32460880e+00
2.10353851e+00
1.29692113e+00
8.88679862e-01
1.57566094e+00
2.69249654e+00
1.94417143e+00
1.00720501e+00
1.60438204e+00
2.20559740e+00
2.41859293e+00
2.88807797e+00
2.44482470e+00
1.46859729e+00
1.51687038e+00
2.44040370e+00
7.28613019e-01
1.95670378e+00
1.73431468e+00
8.83523703e-01
3.47936058e+00
3.01458144e+00
2.01907682e+00
2.63814020e+00
1.61194444e+00
7.86398113e-01
2.39966893e+00
8.21389973e-01
3.88053679e+00
2.32023191e+00
2.59688330e+00
3.79156828e+00
2.37498283e+00
2.19809723e+00
1.79665184e+00
2.74628806e+00
1.30447614e+00
1.18547404e+00
2.27318001e+00
1.57231987e+00
1.39157677e+00
3.08055234e+00
2.35632944e+00
6.62802696e-01
1.75460076e+00
9.89727378e-01
2.14678764e+00
2.40540290e+00
1.42892861e+00
7.50836253e-01
1.28226745e+00
2.53127813e+00
6.40178263e-01
7.73888648e-01
1.82982934e+00
2.13305426e+00
1.71189940e+00
1.11048484e+00
2.78640318e+00
1.23375440e+00
1.09770560e+00
1.61034667e+00
2.28869939e+00
2.03434277e+00
1.01201224e+00
1.96022606e+00
1.52026749e+00
8.52168739e-01
1.61628473e+00
9.36186790e-01
3.04735923e+00
1.51676965e+00
1.04238498e+00
2.33094144e+00
1.00508678e+00
1.04691362e+00
2.51587033e+00
3.21755719e+00
2.54016566e+00
1.11842704e+00
4.88323778e-01
2.40795064e+00
1.12443602e+00
2.22792625e+00
3.80517054e+00
2.82568073e+00
1.02717316e+00
1.40807927e+00
7.90184617e-01
1.31114316e+00
2.89554358e+00
2.59162307e+00
8.22827637e-01
2.86085987e+00
2.65766001e+00
2.25780869e+00
8.97998452e-01
7.36223638e-01
3.62193584e+00
2.61495948e+00
1.57845974e+00
7.25193799e-01
8.06078732e-01
2.21927547e+00
3.47312069e+00
1.22136247e+00
1.60393941e+00
1.27423573e+00
2.03781581e+00
2.76416135e+00
7.53810525e-01
1.23428035e+00
2.10883236e+00
2.16073179e+00
1.91864729e+00
2.27527118e+00
2.97305870e+00
2.28265405e+00
1.19297552e+00
2.45502520e+00
2.88107991e+00
1.38814604e+00
9.66915727e-01
1.90067923e+00
2.77214336e+00
2.40832639e+00
1.32225120e+00
1.06905603e+00
2.22179985e+00
2.05524778e+00
1.63106751e+00
1.05452752e+00
1.54165101e+00
1.74617803e+00
1.30218112e+00
2.97476792e+00
2.70803046e+00
4.89464968e-01
0.00000000e+00
1.02520859e+00
6.72854841e-01
1.52044892e+00
9.49680269e-01
1.73583364e+00
2.39803457e+00
1.85838509e+00
1.26402271e+00
5.22794783e-01
5.56990087e-01
9.62508678e-01
8.99275839e-01
1.35561061e+00
2.09394169e+00
6.15235746e-01
9.55492258e-01
1.97491539e+00
1.48870564e+00
4.41365898e-01
7.97700882e-01
2.23067236e+00
1.66266322e+00
8.00972939e-01
1.65604949e+00
2.54305696e+00
1.09690881e+00
1.30842125e+00
2.34048390e+00
1.96741247e+00
1.23595142e+00
1.76817691e+00
3.61051035e+00
1.03994143e+00
1.31014812e+00
1.23035705e+00
6.54791415e-01
1.06189108e+00
1.25762236e+00
2.57355905e+00
3.01058769e+00
2.34341002e+00
1.12826729e+00
9.62233543e-01
7.52152741e-01
3.03915143e+00
8.48127723e-01
4.51524734e-01
1.51323664e+00
2.15509367e+00
1.29691529e+00
1.34668148e+00
1.25085127e+00
9.04422104e-01
1.27961552e+00
2.45528555e+00
2.46263528e+00
2.69047618e+00
1.51458514e+00
9.69576418e-01
5.41316867e-01
8.69627535e-01
1.64899254e+00
1.91846383e+00
6.62760973e-01
6.46799326e-01
1.77936745e+00
1.88520753e+00
1.74538243e+00
2.84303546e+00
6.78517342e-01
8.58446062e-01
2.12395716e+00
1.52283013e+00
1.11466134e+00
7.91709900e-01
1.42112780e+00
1.35153639e+00
7.02194452e-01
1.08181047e+00
1.29644394e+00
1.35622859e+00
2.81096864e+00
2.55983520e+00
1.66101468e+00
1.74362159e+00
2.45783591e+00
1.32468700e+00
2.84044623e+00
1.40585685e+00
8.86802614e-01
7.06662238e-01
2.16833568e+00
6.80741727e-01
1.52438438e+00
2.46599317e+00
9.09303546e-01
1.07334697e+00
2.20647550e+00
1.58544254e+00
1.04490829e+00
1.15707600e+00
6.59731388e-01
2.06417513e+00
1.95700526e+00
2.84658313e+00
5.50720811e-01
7.18766987e-01
1.36753309e+00
1.34058154e+00
2.48907137e+00
1.72912645e+00
1.66716325e+00
1.85918951e+00
1.79351568e+00
1.22500360e+00
1.13438570e+00
2.10530233e+00
5.42975068e-01
1.58175790e+00
1.78635311e+00
7.89835036e-01
1.91300488e+00
1.46509540e+00
2.57616091e+00
1.79160106e+00
1.13301706e+00
1.52850521e+00
1.20330930e+00
1.21791160e+00
1.58541286e+00
6.97533727e-01
5.39081514e-01
1.13097072e+00
1.84288001e+00
2.87553382e+00
9.63345766e-01
1.19174576e+00
1.44700134e+00
8.14573050e-01
1.52345562e+00
1.15541363e+00
9.70232069e-01
1.23130322e+00
8.45621228e-01
8.50327015e-01
3.36736393e+00
9.12737310e-01
1.71270657e+00
1.37727511e+00
1.26993430e+00
1.57039475e+00
7.82847166e-01
2.07082081e+00
1.11210811e+00
1.49275637e+00
1.70200717e+00
1.18222654e+00
1.51445282e+00
1.37349701e+00
1.10780382e+00
1.17921948e+00
1.54785717e+00
9.57135439e-01
1.14702415e+00
1.66978979e+00
1.21708238e+00
1.16048300e+00
1.00861573e+00
9.46192443e-01
1.73121881e+00
8.94436419e-01
1.52172351e+00
2.26619053e+00
2.31007528e+00
1.88024938e+00
1.83415151e+00
1.73623919e+00
1.22729921e+00
9.89018261e-01
5.30694783e-01
1.21358931e+00
2.40752149e+00
1.44294870e+00
1.55147696e+00
6.35934651e-01
1.14510298e+00
1.76141918e+00
5.34633458e-01
2.63565898e+00
1.13774490e+00
4.78431731e-01
1.13326228e+00
1.82865322e+00
2.30323410e+00
2.01276612e+00
1.64531064e+00
2.64050102e+00
2.75457859e+00
1.54826021e+00
1.12083268e+00
1.14524925e+00
8.66946876e-01
1.78467453e+00
1.86181426e+00
7.77349055e-01
5.74009478e-01
1.49538410e+00
1.09832323e+00
9.20148373e-01
1.30177462e+00
1.28863621e+00
6.68980122e-01
3.40994906e+00
1.66875041e+00
1.02342200e+00
1.32288039e+00
1.35988724e+00
1.76341903e+00
1.54524505e+00
1.47816539e+00
9.72645462e-01
2.96863645e-01
8.50681007e-01
5.31699657e-01
1.69028497e+00
8.15342903e-01
1.19634950e+00
8.68498027e-01
1.09976625e+00
1.60509479e+00
1.58069503e+00
6.83650196e-01
1.74283218e+00
8.17503691e-01
1.79658341e+00
5.00319362e-01
6.99217737e-01
3.09638834e+00
2.30543923e+00
1.12008202e+00
1.56459701e+00
1.50004280e+00
6.26053870e-01
9.77369308e-01
1.30400229e+00
4.86525595e-01
5.51732183e-01
5.80030024e-01
5.73918581e-01
1.53297532e+00
1.67640257e+00
6.50663018e-01
5.14662385e-01
1.66801524e+00
1.53123152e+00
3.03866458e+00
1.84881520e+00
1.09992242e+00
1.54619455e+00
7.56087840e-01
9.02212262e-01
5.33668518e-01
1.20763552e+00
1.72681165e+00
1.35082006e+00
1.75099218e+00
1.79876697e+00
1.37613785e+00
4.31844026e-01
9.25056934e-01
3.64526451e-01
1.59564614e+00
1.76598465e+00
9.45335031e-01
8.74055088e-01
2.53912258e+00
1.96120322e+00
1.33359492e+00
1.93982518e+00
7.33198941e-01
1.25032663e+00
1.36697650e+00
6.42695904e-01
9.55399632e-01
5.62536657e-01
1.31512356e+00
1.49715769e+00
1.16242802e+00
1.27766359e+00
1.43920815e+00
1.61681163e+00
6.83132172e-01
1.66509223e+00
1.99372375e+00
4.20710534e-01
4.35372114e-01
1.48031664e+00
5.60598195e-01
6.90874219e-01
4.43470031e-01
1.29231608e+00
1.04437542e+00
1.14152515e+00
9.23235357e-01
1.79623210e+00
1.49840832e+00
1.44550633e+00
1.82345939e+00
2.34603047e+00
8.69235694e-01
4.88475859e-01
9.46622133e-01
1.18068874e+00
8.85668218e-01
7.14310348e-01
5.86445868e-01
1.90129805e+00
2.14244437e+00
1.03624701e+00
2.26388860e+00
1.46406007e+00
1.23375607e+00
1.20113683e+00
2.08868718e+00
2.10991287e+00
7.77628720e-01
1.07779753e+00
6.70565844e-01
1.00392056e+00
2.40226102e+00
3.14498544e+00
1.69052601e+00
1.46708679e+00
7.98603058e-01
1.39243007e+00
1.18284500e+00
7.44224608e-01
1.56785786e+00
1.71880257e+00
6.84977472e-01
1.10170209e+00
1.28898561e+00
8.54379416e-01
1.24079621e+00
2.23564863e+00
1.63350224e+00
1.42658663e+00
1.72821617e+00
1.73045611e+00
9.41603243e-01
3.66943568e-01
7.89074183e-01
1.87205970e+00
1.80308986e+00
1.53828490e+00
1.79549468e+00
1.09214795e+00
1.13191247e+00
1.24097466e+00
1.84236610e+00
1.78362870e+00
7.02023625e-01
2.98064709e+00
1.34724045e+00
2.08743787e+00
1.61152828e+00
6.15006149e-01
2.21601391e+00
9.24860239e-01
1.42018628e+00
1.52322042e+00
1.00658381e+00
4.85075295e-01
7.09200919e-01
9.01036322e-01
1.26661730e+00
1.38655794e+00
1.49345171e+00
1.42073202e+00
1.07094181e+00
4.60331380e-01
6.04479671e-01
1.54124272e+00
1.03043687e+00
4.03710037e-01
1.47206604e+00
1.28129065e+00
1.68838298e+00
1.10058951e+00
3.80988240e-01
1.26413465e+00
8.75503957e-01
1.10575557e+00
1.11840189e+00
1.14140761e+00
1.04362524e+00
1.04398525e+00
1.10481191e+00
2.34448433e+00
1.34635496e+00
1.40958691e+00
1.42668176e+00
6.09602928e-01
1.05689287e+00
1.92560029e+00
5.89215755e-01
3.76400858e-01
1.28729200e+00
2.23140669e+00
1.33429146e+00
6.01526499e-01
1.37551594e+00
1.39631414e+00
1.54592550e+00
1.73456681e+00
1.74373448e+00
2.77802396e+00
1.02934468e+00
3.67168713e+00
2.04605412e+00
1.27629387e+00
1.35273767e+00
9.04059112e-01
1.04802740e+00
1.28297806e+00
9.17782068e-01
6.06647134e-01
2.08387017e+00
7.49763072e-01
3.68548930e-01
1.17065763e+00
1.60178554e+00
8.84708107e-01
9.30671096e-01
1.45277512e+00
1.35513866e+00
1.61442482e+00
1.39081538e+00
1.41040182e+00
1.64271700e+00
6.71641231e-01
6.27321482e-01
1.42625034e+00
2.57037950e+00
1.84934783e+00
8.24658334e-01
7.40822256e-01
8.34059000e-01
5.56293607e-01
1.09748101e+00
1.33083880e+00
2.11096954e+00
1.79954159e+00
4.12652969e-01
9.54797149e-01
2.17771411e+00
1.36227536e+00
1.30254745e+00
1.28588116e+00
1.42841768e+00
8.76285255e-01
7.94917285e-01
1.11142302e+00
8.68585527e-01
1.52336287e+00
1.81311512e+00
9.13214982e-01
1.24109507e+00
1.67894781e+00
3.87214571e-01
1.29147720e+00
1.38916171e+00
7.33121634e-01
1.28821087e+00
1.86776876e+00
3.89556795e-01
8.21601272e-01
2.29091406e+00
7.30904102e-01
6.92902148e-01
1.83348441e+00
7.89744914e-01
2.10736871e+00
2.22940612e+00
1.41194439e+00
9.47074115e-01
1.12390780e+00
1.69359207e+00
1.29770827e+00
5.04516423e-01
1.65575433e+00
1.92355037e+00
6.57673359e-01
7.25740671e-01
6.84110820e-01
9.38528597e-01
2.09332752e+00
1.79551256e+00
8.64627957e-01
1.74190950e+00
1.91153312e+00
1.06651294e+00
9.71888304e-01
9.33476329e-01
1.15935802e+00
2.51016331e+00
7.05262363e-01
9.03711915e-01
5.96618056e-01
3.26783419e-01
1.43997109e+00
1.58372521e+00
7.10721195e-01
1.59231150e+00
1.98366916e+00
8.08509409e-01
3.44446272e-01
2.03263974e+00
1.49125957e+00
8.78786445e-01
4.91996586e-01
1.17648101e+00
1.47422552e+00
7.54043043e-01
1.62134802e+00
1.28950608e+00
1.03728497e+00
1.24670601e+00
9.84820187e-01
4.47093934e-01
6.05827928e-01
5.75087428e-01
1.12141919e+00
9.01175916e-01
7.47916341e-01
1.95587182e+00
5.75538993e-01
5.14519572e-01
1.04571795e+00
7.14182913e-01
7.30240524e-01
1.83881116e+00
8.39735150e-01
7.12348819e-01
1.49280989e+00
1.37244856e+00
3.25173736e-01
1.06048870e+00
1.15160668e+00
1.34521902e+00
1.17355382e+00
1.18254113e+00
1.27976942e+00
4.92256612e-01
4.61488336e-01
1.07058287e+00
1.26321375e+00
8.26593220e-01
1.04608762e+00
1.78061283e+00
4.56712991e-01
1.07014108e+00
8.42807591e-01
5.01229823e-01
6.72152221e-01
8.89401376e-01
4.89233345e-01
8.88130486e-01
5.69275081e-01
7.36474276e-01
1.43679368e+00
9.72696900e-01
4.70850289e-01
1.39241314e+00
2.24915218e+00
1.68993533e+00
9.94358003e-01
9.14503038e-01
1.02500987e+00
1.16389966e+00
1.58741975e+00
1.19146287e+00
8.23145330e-01
1.58807492e+00
1.24059296e+00
9.03508723e-01
6.97309792e-01
4.64874774e-01
7.04280078e-01
9.94720161e-01
4.64363039e-01
4.39708531e-01
9.00628090e-01
1.03059673e+00
7.40871966e-01
6.27063453e-01
5.79264224e-01
4.30137634e-01
4.94868308e-01
9.56828713e-01
7.97016859e-01
4.11259055e-01
4.51552391e-01
5.24032831e-01
1.28146756e+00
1.60290349e+00
1.03753424e+00
6.84681952e-01
1.10396242e+00
1.60152757e+00
1.38219321e+00
1.43215442e+00
1.71953499e+00
1.12169480e+00
3.69516075e-01
9.15858448e-01
8.08578372e-01
4.12018061e-01
3.93048614e-01
1.06279588e+00
1.54299128e+00
1.51616597e+00
8.91458929e-01
9.29137468e-01
1.86807942e+00
1.78140831e+00
1.23777688e+00
1.18747306e+00
1.39342391e+00
1.37796795e+00
9.01990592e-01
7.84948647e-01
1.52095425e+00
6.69075549e-01
1.08434534e+00
1.26273131e+00
7.12278485e-01
8.17521870e-01
5.21797061e-01
9.95454311e-01
1.46695125e+00
1.11256349e+00
1.17527997e+00
1.50165033e+00
9.38685238e-01
1.16326356e+00
6.98162079e-01
5.80240250e-01
8.99104893e-01
7.01941967e-01
8.86964977e-01
1.11339438e+00
6.07464254e-01
6.58780813e-01
5.35237610e-01
1.17653751e+00
5.80657780e-01
5.50793827e-01
3.63462776e-01
5.91923118e-01
1.10841465e+00
8.75072718e-01
7.90313959e-01
1.76787758e+00
1.42248845e+00
1.41416430e+00
1.77822971e+00
7.97474027e-01
2.33017135e+00
8.66303921e-01
3.81819129e-01
1.28354096e+00
1.63118160e+00
3.02148432e-01
8.00500095e-01
9.08692718e-01
5.21455228e-01
6.54613316e-01
1.04761171e+00
1.02441430e+00
1.36489308e+00
1.11459875e+00
4.63234365e-01
5.14291883e-01
5.13153374e-01
1.64900506e+00
2.18113542e+00
6.38587952e-01
6.83627784e-01
1.30155385e+00
1.09921050e+00
1.05102670e+00
2.51624346e+00
6.94941640e-01
6.35337293e-01
7.76020348e-01
6.25695229e-01
1.51761770e+00
6.25900984e-01
6.64784431e-01
6.00274026e-01
1.14733446e+00
9.53289330e-01
5.32187939e-01
3.61423284e-01
4.46995497e-01
1.38690078e+00
1.35509944e+00
4.30708289e-01
9.06806767e-01
9.30162787e-01
1.06010687e+00
1.41031134e+00
9.24631357e-01
5.93132555e-01
1.54589081e+00
7.92435586e-01
7.65613556e-01
7.30370760e-01
6.48467243e-01
1.43888319e+00
1.81445491e+00
9.11165595e-01
1.48075640e+00
1.36459768e+00
4.37881827e-01
4.61553186e-01
1.35514462e+00
4.24601525e-01
8.99612427e-01
1.52026415e+00
1.30278432e+00
7.93085694e-01
5.22531748e-01
6.49315953e-01
1.35463846e+00
2.02208614e+00
1.24762928e+00
7.33904004e-01
8.89711320e-01
4.42911744e-01
7.85492003e-01
8.82079363e-01
1.23987806e+00
1.84182954e+00
1.03836191e+00
1.98727524e+00
6.34344280e-01
1.26171052e+00
8.90849888e-01
8.28638911e-01
2.38719845e+00
8.85417342e-01
8.50929260e-01
1.21783566e+00
8.99828136e-01
6.20170772e-01
1.44208193e+00
6.75818563e-01
2.06417131e+00
1.61892402e+00
8.15915585e-01
1.01369882e+00
1.18729973e+00
8.22647274e-01
1.36620045e+00
1.52465415e+00
1.08927572e+00
1.01717794e+00
1.19935608e+00
1.42626083e+00
1.08360326e+00
1.45971298e+00
8.56230319e-01
4.44791645e-01
1.70738077e+00
6.66247129e-01
8.08511674e-01
7.60157168e-01
8.66971076e-01
4.07707691e-01
1.10010672e+00
7.67723799e-01
3.65511417e-01
8.01598847e-01
1.13503587e+00
1.13635588e+00
1.62170577e+00
4.23363715e-01
7.90461838e-01
1.26170576e+00
1.22644675e+00
1.18244886e+00
1.29713178e+00
6.94388211e-01
1.85906959e+00
9.38896418e-01
5.05047500e-01
1.25901401e+00
6.95029497e-01
1.13501501e+00
1.23251367e+00
5.22824645e-01
6.27384603e-01
1.74083960e+00
9.70000505e-01
1.06960785e+00
8.51989865e-01
1.31521952e+00
1.25806320e+00
5.96406281e-01
1.10376847e+00
1.72176254e+00
4.85116720e-01
7.95132041e-01
1.05997109e+00
4.94819701e-01
8.41577649e-01
6.82329476e-01
1.07973862e+00
3.27684462e-01
5.97325563e-01
1.78889918e+00
6.15072668e-01
5.03402054e-01
1.68711245e+00
1.87713146e+00
1.30221963e+00
1.14013588e+00
1.35812163e+00
1.35538399e+00
7.16627419e-01
6.49573624e-01
8.28141212e-01
7.09098339e-01
8.25768769e-01
1.69581890e+00
9.49466109e-01
6.68348849e-01
1.30574834e+00
1.85032237e+00
1.93274987e+00
3.12813997e-01
5.96981645e-01
4.81737584e-01
1.01881969e+00
1.41452575e+00
5.00769496e-01
4.72016394e-01
8.36592436e-01
4.93162930e-01
7.95185745e-01
1.82041156e+00
1.35511398e+00
1.21770883e+00
1.18834782e+00
1.68689287e+00
1.18387020e+00
2.84745634e-01
9.98084068e-01
1.36487436e+00
3.57573122e-01
1.33713365e+00
1.76635695e+00
4.83812302e-01
7.42058575e-01
8.18267584e-01
9.98332083e-01
9.73665714e-01
1.41793525e+00
1.65757310e+00
4.30187583e-01
7.23352611e-01
7.46973515e-01
1.24425447e+00
1.19376993e+00
8.68776262e-01
1.91402197e+00
1.40999699e+00
1.18243337e+00
1.63958561e+00
1.38804698e+00
7.07474768e-01
8.72672856e-01
6.12903178e-01
1.19989717e+00
1.17390811e+00
8.88143420e-01
9.82997537e-01
9.29597557e-01
5.01914144e-01
5.38991630e-01
6.92279518e-01
1.12024593e+00
1.61435330e+00
6.02481544e-01
8.64470422e-01
8.11147809e-01
7.56163180e-01
3.34236652e-01
1.56514776e+00
3.06878000e-01
8.86978507e-01
4.70836639e-01
5.37438631e-01
8.43064010e-01
7.43560910e-01
8.30660522e-01
4.53207940e-01
4.04229134e-01
8.91703963e-01
1.49839866e+00
4.98280674e-01
1.14308012e+00
2.53789878e+00
1.24906003e+00
2.09103394e+00
2.79705381e+00
7.17508078e-01
5.43252826e-01
7.30788767e-01
2.15566945e+00
5.28963864e-01
1.03384042e+00
6.32558465e-01
2.55613065e+00
1.44370699e+00
1.06158638e+00
9.01699603e-01
6.69954836e-01
4.85254377e-01
4.73724633e-01
2.91967773e+00
5.17461240e-01
1.00773931e+00
3.26401353e-01
5.80494106e-01
5.61548114e-01
9.47531283e-01
8.35481048e-01
7.75889516e-01
5.33021629e-01
1.38726139e+00
1.76785398e+00
1.33365262e+00
9.87607658e-01
9.08334851e-01
8.74809742e-01
9.82425749e-01
1.00262475e+00
1.12826347e+00
7.17622697e-01
3.01198304e-01
4.63492423e-01
9.52910423e-01
8.33350241e-01
3.46271843e-01
4.17658687e-01
6.55605018e-01
1.07789445e+00
1.43006754e+00
9.72228169e-01
7.31028974e-01
6.68730080e-01
1.32323205e+00
1.45658529e+00
6.44211411e-01
5.11942923e-01
3.26185912e-01
7.74082363e-01
1.76719260e+00
1.04666495e+00
4.43566889e-01
1.94381237e+00
1.29849041e+00
5.79438865e-01
7.23691046e-01
1.21334863e+00
1.01908970e+00
4.65715230e-01
1.21934521e+00
4.65143651e-01
3.23875815e-01
9.01975691e-01
1.30269992e+00
1.28484166e+00
1.06006277e+00
1.11265635e+00
1.14973092e+00
1.56264722e+00
2.06931782e+00
1.58417165e+00
6.24856174e-01
1.22232485e+00
1.82287025e+00
1.08244371e+00
7.75979042e-01
1.35605550e+00
8.61704886e-01
9.59775567e-01
1.07725346e+00
1.16065514e+00
1.49368262e+00
7.53437340e-01
1.55541587e+00
9.74812686e-01
2.63577074e-01
7.12135196e-01
1.37039220e+00
5.99720299e-01
1.37466979e+00
9.32395875e-01
1.56184280e+00
1.63987124e+00
5.55985689e-01
4.13229674e-01
1.50416362e+00
5.83890855e-01
5.16819060e-01
5.62376440e-01
1.15548325e+00
2.84252048e+00
8.10496330e-01
9.50101852e-01
1.31365693e+00
1.46302521e+00
1.10354090e+00
7.41254210e-01
1.30241096e+00
8.29601824e-01
4.36960191e-01
7.26106286e-01
5.70614278e-01
3.83617193e-01
1.22457588e+00
5.82252204e-01
5.22442997e-01
1.11758459e+00
1.01344621e+00
9.49599504e-01
6.12999856e-01
1.05865729e+00
7.43040621e-01
5.93670070e-01
1.31319737e+00
1.34468663e+00
9.48714435e-01
6.62406683e-01
8.97453725e-01
6.92563891e-01
2.88351953e-01
1.56328058e+00
9.71583068e-01
8.82459700e-01
8.64237666e-01
1.21104431e+00
1.47119284e+00
1.25528955e+00
6.21099055e-01
7.20041871e-01
3.76676977e-01
8.00308585e-01
1.15639389e+00
1.72384310e+00
1.21573663e+00
8.23850989e-01
1.14568114e+00
1.28693330e+00
1.15427327e+00
1.52331328e+00
6.84248030e-01
1.74675262e+00
8.34561348e-01
5.42264819e-01
1.28553045e+00
6.28043234e-01
9.62885320e-01
7.21438229e-01
6.61031902e-01
8.28465283e-01
6.13289714e-01
2.99888551e-01
4.95460808e-01
6.36262655e-01
1.38943946e+00
1.72994161e+00
7.32327819e-01
1.01823211e+00
3.11405349e+00
2.10010767e+00
1.17815197e+00
5.76998949e-01
1.13004375e+00
1.72850370e+00
5.83835304e-01
2.31328219e-01
6.22879088e-01
1.02858472e+00
1.30054295e+00
1.81743109e+00
5.32056391e-01
6.69273734e-01
1.21013975e+00
1.19454074e+00
1.08302689e+00
1.42666972e+00
2.72253931e-01
1.18388557e+00
1.81244719e+00
1.10348523e+00
3.34389180e-01
4.45642531e-01
9.76215720e-01
5.65518916e-01
6.43575251e-01
1.82210910e+00
1.67744100e+00
1.83388519e+00
5.50136447e-01
1.06322908e+00
1.10273826e+00
8.43388081e-01
8.75677466e-01
4.71295506e-01
1.69004595e+00
1.92944479e+00
1.82444119e+00
1.05857110e+00
3.46823841e-01
8.06579947e-01
1.21158743e+00
1.17231154e+00
2.55766940e+00
2.53824472e+00
1.60475910e+00
1.17521715e+00
8.48991930e-01
7.98770547e-01
7.80195534e-01
6.75109208e-01
5.94795227e-01
8.33573222e-01
9.97646689e-01
4.50073093e-01
1.11929166e+00
1.28631949e+00
9.39355850e-01
6.77548587e-01
9.30974066e-01
1.20403993e+00
2.27510476e+00
1.58473015e+00
1.65336239e+00
3.88332009e+00
3.09323120e+00
8.65098298e-01
1.01253164e+00
4.38783735e-01
7.31671870e-01
1.14948738e+00
1.35332763e+00
8.52093756e-01
3.84196788e-01
6.99305296e-01
1.69786394e+00
6.15004659e-01
1.09204066e+00
1.14346731e+00
5.13527274e-01
3.96906853e-01
1.62497091e+00
1.35184789e+00
9.59264755e-01
1.21369457e+00
9.94789183e-01
4.09800649e-01
4.13338691e-01
1.49463439e+00
2.05063486e+00
8.16818118e-01
1.04771304e+00
1.68851066e+00
1.25817895e+00
9.94491339e-01
1.12721574e+00
3.71133864e-01
2.66986430e-01
1.01109397e+00
1.38414156e+00
4.34306949e-01
1.52904427e+00
2.14222002e+00
9.25554335e-01
4.50461447e-01
1.06268394e+00
9.99269426e-01
1.88398254e+00
1.40379357e+00
4.84243810e-01
1.06381631e+00
2.26456523e+00
5.36850274e-01
2.35842824e+00
1.25734138e+00
6.43124342e-01
1.32856846e+00
1.33355141e+00
4.09308434e-01
1.98873067e+00
5.74021399e-01
1.11207211e+00
1.86236048e+00
7.40545750e-01
9.94805574e-01
7.31122851e-01
1.72748971e+00
1.08041298e+00
9.61555243e-01
2.08510184e+00
9.37834144e-01
1.17985201e+00
1.09845304e+00
8.12594831e-01
8.95935714e-01
1.08672786e+00
3.74042749e-01
7.19132841e-01
1.28832459e+00
1.44338024e+00
9.12229419e-01
1.02431583e+00
3.05002093e-01
3.79054725e-01
8.50953281e-01
9.87227082e-01
9.28765178e-01
1.13347328e+00
9.50883329e-01
6.72714531e-01
6.40674293e-01
9.13044930e-01
6.96325541e-01
5.50247014e-01
1.24517334e+00
8.77385855e-01
7.69351602e-01
9.20071363e-01
7.01680243e-01
4.93264139e-01
1.31115198e+00
1.19608617e+00
5.25771677e-01
6.03885829e-01
8.09246421e-01
5.09334326e-01
3.16194355e-01
1.34283566e+00
1.05589068e+00
1.08871114e+00
1.19675958e+00
7.39190698e-01
6.13686264e-01
5.54674327e-01
5.19137323e-01
8.05065215e-01
1.03180504e+00
8.61735463e-01
5.65025568e-01
1.44690180e+00
1.09796989e+00
1.00310111e+00
8.61689091e-01
2.53637880e-01
5.07771373e-01
1.65129519e+00
1.34666395e+00
9.29862082e-01
4.48125333e-01
3.33220690e-01
1.93056539e-01
2.98902631e-01
7.15669096e-01
1.29447854e+00
2.04188800e+00
7.08941698e-01
9.96939540e-01
6.09037638e-01
6.38856530e-01
1.57796168e+00
1.12189984e+00
2.81500435e+00
8.20639014e-01
1.25497675e+00
8.83422256e-01
1.07782936e+00
1.61060870e+00
2.59789920e+00
7.66722322e-01
2.06055212e+00
3.68549824e-01
5.33633590e-01
1.27439368e+00
4.38643575e-01
2.73060292e-01
9.10325766e-01
9.23242331e-01
1.25809228e+00
7.05836296e-01
2.58044273e-01
1.52072680e+00
3.42706501e-01
2.88767636e-01
5.16765714e-01
7.65310585e-01
7.72929966e-01
4.43203688e-01
4.93910015e-01
5.76727009e+00
1.66512740e+00
4.40881968e+00
2.01126552e+00
9.02712047e-01
1.28838336e+00
1.75524890e+00
8.87564600e-01
3.56720358e-01
4.99334306e-01
1.59098983e+00
9.09936368e-01
6.23651445e-01
5.88135242e-01
9.74654734e-01
1.27097583e+00
9.80591595e-01
1.34205437e+00
1.52886164e+00
5.50218403e-01
3.85994881e-01
1.30044472e+00
1.80067217e+00
1.62473238e+00
1.46114385e+00
4.88013089e-01
6.29920661e-01
3.39392304e-01
2.12239528e+00
1.55181098e+00
1.17879379e+00
8.01486015e-01
9.40213919e-01
4.52386290e-01
1.70478022e+00
4.49683547e-01
1.19848430e+00
1.70495307e+00
1.41741753e+00
1.10203850e+00
6.95977151e-01
1.27753925e+00
4.59531695e-01
6.83808446e-01
1.97011614e+00
1.09552765e+00
3.04820514e+00
7.77080774e-01
1.26615727e+00
8.68955016e-01
5.86914837e-01
1.06808627e+00
1.68970418e+00
1.46192586e+00
8.73116553e-01
1.21532047e+00
9.21724737e-01
4.12696362e-01
1.91692126e+00
1.20750225e+00
1.26525676e+00
1.93690884e+00
1.38894176e+00
7.75267124e-01
7.35550702e-01
1.16302276e+00
9.09069121e-01
8.46415102e-01
9.12203431e-01
6.39468193e-01
5.19670010e-01
5.79693258e-01
8.33915353e-01
1.35493946e+00
1.03774679e+00
3.68367076e-01
1.23265111e+00
7.93950319e-01
1.49274898e+00
1.53875554e+00
7.43465722e-01
4.84040618e-01
8.27149749e-01
1.31126761e+00
1.13304484e+00
1.29312456e+00
6.37536705e-01
1.11780012e+00
1.13069689e+00
1.68515754e+00
1.38570821e+00
1.91164434e+00
1.68897033e+00
3.81424099e-01
1.18284476e+00
1.41931117e+00
7.84549832e-01
6.92603648e-01
7.51186788e-01
4.91518050e-01
7.50689924e-01
6.35044098e-01
8.38376284e-01
1.38295066e+00
9.35281217e-01
3.71402055e-01
1.49820745e+00
3.23978812e-01
4.59623963e-01
4.50930864e-01
7.63470829e-01
1.33101094e+00
3.14452201e-01
1.13504708e+00
1.08016074e+00
3.59274238e-01
6.65453315e-01
1.59304273e+00
1.22126472e+00
3.67593050e-01
2.81812698e-01
5.08655787e-01
6.55227184e-01
4.14368540e-01
6.73419297e-01
1.00938773e+00
8.26190412e-01
7.83183694e-01
1.38592243e+00
1.60669661e+00
2.52209604e-01
5.83443582e-01
1.10461557e+00
8.06257010e-01
7.03669071e-01
1.02484775e+00
8.92102957e-01
1.29516244e+00
9.99875665e-01
1.06832564e+00
1.19599092e+00
1.11713409e+00
1.04969370e+00
7.87072659e-01
1.43819702e+00
1.61862230e+00
1.41554725e+00
1.63251495e+00
1.05605638e+00
9.27525222e-01
6.95752680e-01
6.02378964e-01
1.02868223e+00
1.91771984e+00
2.16854620e+00
1.30692518e+00
5.08122742e-01
1.09301400e+00
1.85823083e+00
1.10917830e+00
8.92079115e-01
4.00106341e-01
1.47034299e+00
6.91082835e-01
4.38837439e-01
1.13685453e+00
1.33832550e+00
7.71361411e-01
1.58509767e+00
8.38659525e-01
6.15948617e-01
1.75868690e+00
6.03065073e-01
9.78928804e-01
1.26594126e+00
1.10881448e+00
1.19239569e+00
1.52954221e+00
8.99193048e-01
9.57474351e-01
1.16476846e+00
5.62631965e-01
7.56024420e-01
1.67989480e+00
5.15487432e-01
5.43032885e-01
1.03683579e+00
4.95298713e-01
4.71832544e-01
1.55348253e+00
1.32038260e+00
8.20196807e-01
1.18327773e+00
1.28711307e+00
1.15274453e+00
1.07156277e+00
7.92921364e-01
1.17814815e+00
5.25275469e-01
3.65158677e-01
5.69462657e-01
9.91464615e-01
1.21343839e+00
1.16823184e+00
1.18403089e+00
4.52285618e-01
2.29365870e-01
6.71945512e-01
6.87451839e-01
1.00841677e+00
4.70472008e-01
9.86025989e-01
1.08660221e+00
8.67637813e-01
6.92215562e-01
1.32808435e+00
1.89694691e+00
1.99177182e+00
6.79683626e-01
4.84096885e-01
1.52220893e+00
1.35471928e+00
1.72189355e+00
1.26029849e+00
4.09910768e-01
7.89004505e-01
5.69073915e-01
9.23907101e-01
4.96418208e-01
5.49171627e-01
1.28557396e+00
7.28150547e-01
1.35250747e+00
9.79962647e-01
1.04823577e+00
1.04909039e+00
6.98005617e-01
4.29734439e-01
4.90676582e-01
8.09401095e-01
1.28669786e+00
1.13803101e+00
3.96487445e-01
1.03151619e+00
2.51912022e+00
5.00335073e+00
1.81469178e+00
1.70661628e+00
5.75841963e-01
1.00873864e+00
1.06876194e+00
1.76625562e+00
1.08202374e+00
7.71695673e-01
1.10724568e+00
8.49233031e-01
5.67401528e-01
1.08218884e+00
8.36330295e-01
8.50412786e-01
8.88371587e-01
6.53991878e-01
1.27877486e+00
2.79908359e-01
4.17302668e-01
1.15813792e+00
1.86927903e+00
1.61501431e+00
8.70546460e-01
7.44806767e-01
5.35501420e-01
2.03746033e+00
6.49247646e-01
4.11168098e+00
2.19290137e+00
3.61631012e+00
2.96124196e+00
7.31508017e-01
4.35525537e-01
1.58834231e+00
1.15320504e+00
8.95074725e-01
1.12407815e+00
1.88587201e+00
2.18069410e+00
3.07574302e-01
1.09075463e+00
7.60220408e-01
1.69958007e+00
2.28590059e+00
4.93175268e+00
1.36974776e+00
3.05328369e+00
1.11766183e+00
9.53227818e-01
1.10259557e+00
3.48925591e-01
3.22241366e-01
7.26511240e-01
1.36737609e+00
3.39269221e-01
9.36180115e-01
6.23814762e-01
7.67564058e-01
1.17951155e+00
9.40517008e-01
1.50039303e+00
7.39651740e-01
1.71394372e+00
1.89356458e+00
2.46701264e+00
1.42621934e+00
1.42111206e+00
1.18086517e+00
6.25055969e-01
8.10630143e-01
6.05192840e-01
1.24245036e+00
3.18694741e-01
5.33893824e-01
5.16758382e-01
5.53758383e-01
2.33761847e-01
6.89466178e-01
9.65844333e-01
1.16528594e+00
6.49752557e-01
3.91662985e-01
4.27239001e-01
1.03403020e+00
9.10991669e-01
9.83698845e-01
