2.18858171e+00
2.11609983e+00
2.11432147e+00
2.14170146e+00
2.14709401e+00
2.21084046e+00
2.23342299e+00
2.33739042e+00
2.27973104e+00
2.33630610e+00
2.26362610e+00
2.14701891e+00
2.24263167e+00
2.15884852e+00
2.20583844e+00
2.20450854e+00
2.18102574e+00
2.22161746e+00
2.26437116e+00
2.20391583e+00
2.29162359e+00
2.19430685e+00
2.20368195e+00
2.25096107e+00
2.18875098e+00
2.25295186e+00
2.24728203e+00
2.20969152e+00
2.15738463e+00
2.25568318e+00
2.19725847e+00
2.12904143e+00
2.15234947e+00
2.15025711e+00
2.12491298e+00
2.13864470e+00
2.11538053e+00
2.17709637e+00
2.15065479e+00
2.08338308e+00
2.08574796e+00
2.00950480e+00
2.06938505e+00
2.06008196e+00
2.04682493e+00
2.09968233e+00
2.08940864e+00
2.05052471e+00
2.05480027e+00
2.11611462e+00
2.16963243e+00
2.11694431e+00
2.09425449e+00
2.21485877e+00
2.13568830e+00
2.13634562e+00
2.19879460e+00
2.23459768e+00
2.19304180e+00
2.20031357e+00
2.17993069e+00
2.19180155e+00
2.21451473e+00
2.15587091e+00
2.13816261e+00
2.14945602e+00
2.20538926e+00
2.13190436e+00
2.07858610e+00
2.09502816e+00
2.13728929e+00
2.19597793e+00
2.10379338e+00
2.12059426e+00
2.16134858e+00
2.16750336e+00
2.14517856e+00
2.16810727e+00
2.19933295e+00
2.19453120e+00
2.15144372e+00
2.13670468e+00
2.15488291e+00
2.11227751e+00
2.13730216e+00
2.08218122e+00
2.06855798e+00
2.09551644e+00
2.02409077e+00
2.08154130e+00
2.10075092e+00
2.06743789e+00
2.08193135e+00
2.02869105e+00
1.97782719e+00
2.00303602e+00
2.01509118e+00
1.99277580e+00
1.98827457e+00
2.01474738e+00
1.92252636e+00
1.92110884e+00
1.91633451e+00
1.82612824e+00
1.82169080e+00
1.77548516e+00
1.88219047e+00
1.94201708e+00
1.94527519e+00
1.87188447e+00
1.97644687e+00
2.05736589e+00
1.99102211e+00
2.03691220e+00
2.01221538e+00
1.97189534e+00
2.05134869e+00
2.18714046e+00
2.11161947e+00
2.09218502e+00
2.09101486e+00
2.09946585e+00
2.11135316e+00
2.01647019e+00
2.08794045e+00
2.13056922e+00
2.08090854e+00
2.13448048e+00
2.12449026e+00
2.14886403e+00
2.15365124e+00
2.18591833e+00
2.16936684e+00
2.10330606e+00
2.11779046e+00
2.13478661e+00
2.11480594e+00
2.13496447e+00
2.08477283e+00
2.10185647e+00
2.15929651e+00
2.13960242e+00
2.08792686e+00
2.12146902e+00
2.10279989e+00
2.06652784e+00
2.10649395e+00
2.05721641e+00
2.08885837e+00
2.11592293e+00
2.11469436e+00
2.04748082e+00
1.99527311e+00
1.96179974e+00
1.99633598e+00
2.03892159e+00
2.04800987e+00
2.10128689e+00
2.09913349e+00
2.08480358e+00
2.12256694e+00
2.10821128e+00
2.06513309e+00
2.05529881e+00
1.99412191e+00
1.98530018e+00
2.07052660e+00
2.06415820e+00
2.00507832e+00
2.04924107e+00
1.98970401e+00
1.94139671e+00
2.00101805e+00
1.96455145e+00
1.98064971e+00
2.01498604e+00
1.94514358e+00
1.92368138e+00
1.94876230e+00
1.97204554e+00
1.98441124e+00
1.92396188e+00
1.91410172e+00
1.91577852e+00
1.93138945e+00
1.85278463e+00
1.83735645e+00
1.82175541e+00
1.74505174e+00
1.68838096e+00
1.67724693e+00
1.66063023e+00
1.57615721e+00
1.63071311e+00
1.63711882e+00
1.63737321e+00
1.64192867e+00
1.72515023e+00
1.75185108e+00
1.84302032e+00
1.86458588e+00
1.89444339e+00
1.93345952e+00
1.80497634e+00
1.87681007e+00
1.92452037e+00
1.93707061e+00
1.97394526e+00
1.96395350e+00
1.95725358e+00
1.97627735e+00
1.99129474e+00
2.02552629e+00
2.00732327e+00
1.99510467e+00
2.03950334e+00
2.04083323e+00
2.08038068e+00
2.05871916e+00
2.08250618e+00
2.06278539e+00
2.04747891e+00
2.14138508e+00
2.05216551e+00
2.07788992e+00
2.17558980e+00
2.12192369e+00
2.08601427e+00
2.15842152e+00
2.08828568e+00
2.10987329e+00
2.09940076e+00
2.06576848e+00
2.14127588e+00
2.11528182e+00
2.11799741e+00
2.09346581e+00
2.06685281e+00
2.05350780e+00
2.10988808e+00
2.12241817e+00
2.10764194e+00
2.10692096e+00
2.11627603e+00
2.10656476e+00
1.99049056e+00
2.07659984e+00
2.10671425e+00
2.05310655e+00
2.08476090e+00
2.17377877e+00
2.06920958e+00
2.11826229e+00
2.07730746e+00
2.04397941e+00
2.10494566e+00
2.04673576e+00
2.09341931e+00
2.07658887e+00
2.11316657e+00
2.16174555e+00
2.09082580e+00
2.11773229e+00
2.11776161e+00
2.13255429e+00
2.15341258e+00
2.11046410e+00
2.14191079e+00
2.10701823e+00
2.11197805e+00
2.12035131e+00
2.14119935e+00
2.13183355e+00
2.13959694e+00
2.10638738e+00
2.12791300e+00
2.05988431e+00
2.05111122e+00
2.14491749e+00
2.07922316e+00
2.03063011e+00
2.09902334e+00
2.07455111e+00
2.10163927e+00
2.19456196e+00
2.21583700e+00
2.04687572e+00
2.04722452e+00
2.11150360e+00
2.02282023e+00
2.01352382e+00
2.04766965e+00
2.11032271e+00
2.04410100e+00
2.01881051e+00
2.09729648e+00
2.05257082e+00
1.97395492e+00
2.02148700e+00
1.97915399e+00
2.05188417e+00
2.03083801e+00
1.98407722e+00
1.97494876e+00
1.95968568e+00
1.96954417e+00
2.00329304e+00
1.98700619e+00
1.93979490e+00
1.95518517e+00
1.93332970e+00
1.92243624e+00
1.88274753e+00
1.90910423e+00
1.95325744e+00
1.88341999e+00
1.90976012e+00
1.80624199e+00
1.84383619e+00
1.87971044e+00
1.81878412e+00
1.86482537e+00
1.88551879e+00
1.81386745e+00
1.79730165e+00
1.76655197e+00
1.74533355e+00
1.68128335e+00
1.61127782e+00
1.63842714e+00
1.67519915e+00
1.61576211e+00
1.49946332e+00
1.50941658e+00
1.47690761e+00
1.38312101e+00
1.45040834e+00
1.45717883e+00
1.57974720e+00
1.62262237e+00
1.61621356e+00
1.63759816e+00
1.68131912e+00
1.71591997e+00
1.64743292e+00
1.68333054e+00
1.77863693e+00
1.80124784e+00
1.76617754e+00
1.73900831e+00
1.79046810e+00
1.83074534e+00
1.83370650e+00
1.87748849e+00
1.85845339e+00
1.85441697e+00
1.84995544e+00
1.90891385e+00
1.92119801e+00
1.87143028e+00
1.83826089e+00
1.86268055e+00
1.90979886e+00
1.91110623e+00
1.95177209e+00
1.92320752e+00
1.91740286e+00
1.95472288e+00
1.96509922e+00
1.96366549e+00
1.93776631e+00
1.97241306e+00
1.94119477e+00
1.95535505e+00
1.99976599e+00
1.96994841e+00
1.93377745e+00
2.02248740e+00
1.94633210e+00
1.95622504e+00
1.97135007e+00
1.96116483e+00
2.00409889e+00
1.99886239e+00
2.07246113e+00
2.01874471e+00
2.02770185e+00
2.08221412e+00
2.00630736e+00
2.01934528e+00
1.99305868e+00
2.04217100e+00
2.06673503e+00
2.02148509e+00
2.05819225e+00
2.07495880e+00
1.98335862e+00
2.00302410e+00
1.97887123e+00
2.00694323e+00
2.07472014e+00
1.96113825e+00
2.05205321e+00
2.03697896e+00
2.00031281e+00
2.02575088e+00
2.01991606e+00
1.98457837e+00
2.02870440e+00
2.02913451e+00
2.07113385e+00
2.01763964e+00
2.01405740e+00
2.06198454e+00
2.07040453e+00
2.05526638e+00
2.04760289e+00
2.01426673e+00
1.99745631e+00
2.00281620e+00
2.06208253e+00
2.01389432e+00
2.08035612e+00
2.11443090e+00
2.00431895e+00
2.00429440e+00
2.01043963e+00
2.04428148e+00
2.04949903e+00
2.04873848e+00
2.01155233e+00
1.99577308e+00
2.01964617e+00
2.00971365e+00
2.03365469e+00
1.97079277e+00
1.95443070e+00
1.99632335e+00
1.99004757e+00
2.00780177e+00
1.99917221e+00
2.02974200e+00
1.99462807e+00
2.03095222e+00
1.99446630e+00
1.99189365e+00
2.04784775e+00
2.00830460e+00
2.03305197e+00
2.04899359e+00
2.00785756e+00
2.00365090e+00
2.00903153e+00
1.98514807e+00
2.00060296e+00
2.01144814e+00
2.00163054e+00
1.96695971e+00
2.00332880e+00
1.96756947e+00
1.99155188e+00
2.02581525e+00
2.02558160e+00
1.97537768e+00
1.93892395e+00
1.98058450e+00
1.95610321e+00
1.98291039e+00
1.98179507e+00
1.97125387e+00
2.00135398e+00
1.98177397e+00
1.96522295e+00
2.00689507e+00
1.94291854e+00
1.97994113e+00
2.01995277e+00
1.97089875e+00
2.01559091e+00
1.95357442e+00
1.98539567e+00
2.00306129e+00
1.95423472e+00
1.99379921e+00
1.96792364e+00
1.93946576e+00
1.94064116e+00
2.01568055e+00
1.98227167e+00
1.94819260e+00
1.93847930e+00
1.91590059e+00
1.96314859e+00
1.97174883e+00
1.92935622e+00
1.96035278e+00
1.97613239e+00
1.97817767e+00
1.93415475e+00
1.92180228e+00
1.94117630e+00
1.92365813e+00
1.91681027e+00
1.93157303e+00
1.97953951e+00
1.90743589e+00
1.91022074e+00
1.93473172e+00
1.92850029e+00
1.94828904e+00
1.94311023e+00
1.94065607e+00
1.91362393e+00
1.89957416e+00
1.91845369e+00
1.94855118e+00
1.91574788e+00
1.88349116e+00
1.83079147e+00
1.87343681e+00
1.92194366e+00
1.92897582e+00
1.89535534e+00
1.86531639e+00
1.86611104e+00
1.91988480e+00
1.90830171e+00
1.86528242e+00
1.86503494e+00
1.86301267e+00
1.87270117e+00
1.89131558e+00
1.83794475e+00
1.88088775e+00
1.80018425e+00
1.81971383e+00
1.88651955e+00
1.85123384e+00
1.80822682e+00
1.87587273e+00
1.82915509e+00
1.80496514e+00
1.81826305e+00
1.80139530e+00
1.81143224e+00
1.80885065e+00
1.77375269e+00
1.78125870e+00
1.78174698e+00
1.76031697e+00
1.77124226e+00
1.77927136e+00
1.75541389e+00
1.68303716e+00
1.70387781e+00
1.75342333e+00
1.73680151e+00
1.71230328e+00
1.75365305e+00
1.74935699e+00
1.71433270e+00
1.71810246e+00
1.71667051e+00
1.67470896e+00
1.68888283e+00
1.69366944e+00
1.65998375e+00
1.61598563e+00
1.66737401e+00
1.62122869e+00
1.58294010e+00
1.60134232e+00
1.57432663e+00
1.51811278e+00
1.49530625e+00
1.47236788e+00
1.43966055e+00
1.40545690e+00
1.31104517e+00
1.30425811e+00
1.22381008e+00
1.17857575e+00
1.19043052e+00
1.28298092e+00
1.36327112e+00
1.37194812e+00
1.42861760e+00
1.46693397e+00
1.47116005e+00
1.50959492e+00
1.53115618e+00
1.54131055e+00
1.58293164e+00
1.58440816e+00
1.63182259e+00
1.63055551e+00
1.59057188e+00
1.68433654e+00
1.66485798e+00
1.68965781e+00
1.69821739e+00
1.63542974e+00
1.68071687e+00
1.70512545e+00
1.69052088e+00
1.69841707e+00
1.73117280e+00
1.74009979e+00
1.74720061e+00
1.74848926e+00
1.76560903e+00
1.72243416e+00
1.75083387e+00
1.80380976e+00
1.73498356e+00
1.69891989e+00
1.78321981e+00
1.75805116e+00
1.77212465e+00
1.78303373e+00
1.78938675e+00
1.78583789e+00
1.78179836e+00
1.80625975e+00
1.77213025e+00
1.79764366e+00
1.75689018e+00
1.76352787e+00
1.81292999e+00
1.79672027e+00
1.78511548e+00
1.77516735e+00
1.79315805e+00
1.83171511e+00
1.81954134e+00
1.74868619e+00
1.80989349e+00
1.78554475e+00
1.78399742e+00
1.81574762e+00
1.77476227e+00
1.80236804e+00
1.81162786e+00
1.82893801e+00
1.79437733e+00
1.76333487e+00
1.79503131e+00
1.78752565e+00
1.77120364e+00
1.77228212e+00
1.78525877e+00
1.82656336e+00
1.86148024e+00
1.81608081e+00
1.83538699e+00
1.82537496e+00
1.79557753e+00
1.81836486e+00
1.83810592e+00
1.79030025e+00
1.79876256e+00
1.83224475e+00
1.83332241e+00
1.81161308e+00
1.85596025e+00
1.82674134e+00
1.79430223e+00
1.83553851e+00
1.83556724e+00
1.80745184e+00
1.80968082e+00
1.80470192e+00
1.84195447e+00
1.81894541e+00
1.79429317e+00
1.79498827e+00
1.80411971e+00
1.84985101e+00
1.81277919e+00
1.76928031e+00
1.81370604e+00
1.77187872e+00
1.75914752e+00
1.78865492e+00
1.77818942e+00
1.78943956e+00
1.79625118e+00
1.80738497e+00
1.76336491e+00
1.76650047e+00
1.78833055e+00
1.77116477e+00
1.75089312e+00
1.81366646e+00
1.75988376e+00
1.77211106e+00
1.78567314e+00
1.79065442e+00
1.79260504e+00
1.77973318e+00
1.79283035e+00
1.77393651e+00
1.78827703e+00
1.77779996e+00
1.78942525e+00
1.79473495e+00
1.76844704e+00
1.76750124e+00
1.79147327e+00
1.76382053e+00
1.74235713e+00
1.76443601e+00
1.74422967e+00
1.78983831e+00
1.77128410e+00
1.77014387e+00
1.79706109e+00
1.83718145e+00
1.75648773e+00
1.74522650e+00
1.75696421e+00
1.77091610e+00
1.82220113e+00
1.81710637e+00
1.77641571e+00
1.77095282e+00
1.75743890e+00
1.74629319e+00
1.76932633e+00
1.77262425e+00
1.76413918e+00
1.78061080e+00
1.78252196e+00
1.76305997e+00
1.76914430e+00
1.77179778e+00
1.74089813e+00
1.71653044e+00
1.70931160e+00
1.73435497e+00
1.80454421e+00
1.81336856e+00
1.76162601e+00
1.74307454e+00
1.75834334e+00
1.78707683e+00
1.77924597e+00
1.76086140e+00
1.76706254e+00
1.79565823e+00
1.76137400e+00
1.79742229e+00
1.81593037e+00
1.75818980e+00
1.75860584e+00
1.77400649e+00
1.76383662e+00
1.77089071e+00
1.78169036e+00
1.77351403e+00
1.75620794e+00
1.80302787e+00
1.78254771e+00
1.75192916e+00
1.75207341e+00
1.75916827e+00
1.79304898e+00
1.74580896e+00
1.75693715e+00
1.76135206e+00
1.73790157e+00
1.73930871e+00
1.70001400e+00
1.74115181e+00
1.73346114e+00
1.77770627e+00
1.78805315e+00
1.74153435e+00
1.74189317e+00
1.72969949e+00
1.75663686e+00
1.73987150e+00
1.72163308e+00
1.73017430e+00
1.75532341e+00
1.73070145e+00
1.73957658e+00
1.74154794e+00
1.75173020e+00
1.74670231e+00
1.72916746e+00
1.75777900e+00
1.75536764e+00
1.73907828e+00
1.73033607e+00
1.75240910e+00
1.76390064e+00
1.73925245e+00
1.75389123e+00
1.74503338e+00
1.72268677e+00
1.73660040e+00
1.73038948e+00
1.73594761e+00
1.72647917e+00
1.70677781e+00
1.74938512e+00
1.74409306e+00
1.73898530e+00
1.75731063e+00
1.70618463e+00
1.71222329e+00
1.73787057e+00
1.70994186e+00
1.73067033e+00
1.71766281e+00
1.73745167e+00
1.74869585e+00
1.71027398e+00
1.72555172e+00
1.73867548e+00
1.74961782e+00
1.69604921e+00
1.72240186e+00
1.76627278e+00
1.72480822e+00
1.67711067e+00
1.72262084e+00
1.72541511e+00
1.71970105e+00
1.69964778e+00
1.70653534e+00
1.76096082e+00
1.70015097e+00
1.71210647e+00
1.76507473e+00
1.69071329e+00
1.68541074e+00
1.75151491e+00
1.72211063e+00
1.72070026e+00
1.68854916e+00
1.68957353e+00
1.69708312e+00
1.70414913e+00
1.69066298e+00
1.70540404e+00
1.68178344e+00
1.64795983e+00
1.68600655e+00
1.66421628e+00
1.67335975e+00
1.70264947e+00
1.73196614e+00
1.70675111e+00
1.68121052e+00
1.72840297e+00
1.72136080e+00
1.70948005e+00
1.66868567e+00
1.65902627e+00
1.67445409e+00
1.64594460e+00
1.68899894e+00
1.66431522e+00
1.68255830e+00
1.70540571e+00
1.67338467e+00
1.68838418e+00
1.67962313e+00
1.68965709e+00
1.72990513e+00
1.70901453e+00
1.67623091e+00
1.69410801e+00
1.67706418e+00
1.68912470e+00
1.67649066e+00
1.69915855e+00
1.67574143e+00
1.69175005e+00
1.71891367e+00
1.67899919e+00
1.68426752e+00
1.67915452e+00
1.65200305e+00
1.64740860e+00
1.68591893e+00
1.68621445e+00
1.69150209e+00
1.66180265e+00
1.66902852e+00
1.68264508e+00
1.65324187e+00
1.68913114e+00
1.67189920e+00
1.66306841e+00
1.69170249e+00
1.66837394e+00
1.63538635e+00
1.67994940e+00
1.69208705e+00
1.66693127e+00
1.66648519e+00
1.65189266e+00
1.64803553e+00
1.69592619e+00
1.69562638e+00
1.66856027e+00
1.62583685e+00
1.63825417e+00
1.64978158e+00
1.63008189e+00
1.63779080e+00
1.65836978e+00
1.66393101e+00
1.66213572e+00
1.64995897e+00
1.70443189e+00
1.66236556e+00
1.64637792e+00
1.70393276e+00
1.64837015e+00
1.64726424e+00
1.65569186e+00
1.67549634e+00
1.66590309e+00
1.61168969e+00
1.61174107e+00
1.64362240e+00
1.65283608e+00
1.66127431e+00
1.65054619e+00
1.64410520e+00
1.65761542e+00
1.65203154e+00
1.65445840e+00
1.67948008e+00
1.63844049e+00
1.58785319e+00
1.63344741e+00
1.59914088e+00
1.59705651e+00
1.59662473e+00
1.65261626e+00
1.62411177e+00
1.58096528e+00
1.59987617e+00
1.59704268e+00
1.60302007e+00
1.60765958e+00
1.62738121e+00
1.61927438e+00
1.63366568e+00
1.63697326e+00
1.63329220e+00
1.64724338e+00
1.63834369e+00
1.58111453e+00
1.62514722e+00
1.60639942e+00
1.62683833e+00
1.63399935e+00
1.64407790e+00
1.65260732e+00
1.59937775e+00
1.59567022e+00
1.61693180e+00
1.58852649e+00
1.57195675e+00
1.59898400e+00
1.58951437e+00
1.59688580e+00
1.58914363e+00
1.60165739e+00
1.60284483e+00
1.60009730e+00
1.58051264e+00
1.58152747e+00
1.60176182e+00
1.60291779e+00
1.59166718e+00
1.58686841e+00
1.58570755e+00
1.58101666e+00
1.56135583e+00
1.56857347e+00
1.58434272e+00
1.59518921e+00
1.60485423e+00
1.57516360e+00
1.59666073e+00
1.58048332e+00
1.57289910e+00
1.61882579e+00
1.56089246e+00
1.55394804e+00
1.56179798e+00
1.56870377e+00
1.56133103e+00
1.58714807e+00
1.54281294e+00
1.54256546e+00
1.52625275e+00
1.54220986e+00
1.55450153e+00
1.53653419e+00
1.57017183e+00
1.56475663e+00
1.55878735e+00
1.56865287e+00
1.55732048e+00
1.55937266e+00
1.56562865e+00
1.57406771e+00
1.58368337e+00
1.53437328e+00
1.53298688e+00
1.53669882e+00
1.51075578e+00
1.52076328e+00
1.53466570e+00
1.53783917e+00
1.54219449e+00
1.54260838e+00
1.51469731e+00
1.52794564e+00
1.52241790e+00
1.49625731e+00
1.53310108e+00
1.48510671e+00
1.46930754e+00
1.51460540e+00
1.47088182e+00
1.46315300e+00
1.50282252e+00
1.48484981e+00
1.49255419e+00
1.47389662e+00
1.50137532e+00
1.49060190e+00
1.46089756e+00
1.46061873e+00
1.46901357e+00
1.45611250e+00
1.43409181e+00
1.46573114e+00
1.45459759e+00
1.44400299e+00
1.43760264e+00
1.41745353e+00
1.41753507e+00
1.39124358e+00
1.40513873e+00
1.40583062e+00
1.39692807e+00
1.38160002e+00
1.39779282e+00
1.36908233e+00
1.30786502e+00
1.34086776e+00
1.32918763e+00
1.30389941e+00
1.28306413e+00
1.27569532e+00
1.29637933e+00
1.21548426e+00
1.19049215e+00
1.17951107e+00
1.14551616e+00
1.08758986e+00
1.02000964e+00
9.75583792e-01
9.41280007e-01
9.58357573e-01
1.00872910e+00
1.08412278e+00
1.12144804e+00
1.14595711e+00
1.18146086e+00
1.19726431e+00
1.24710560e+00
1.27489257e+00
1.28683090e+00
1.31721592e+00
1.30328810e+00
1.32383776e+00
1.31388700e+00
1.34109449e+00
1.35378814e+00
1.34057534e+00
1.35586298e+00
1.36227500e+00
1.36908996e+00
1.37547517e+00
1.38775241e+00
1.40081286e+00
1.39901412e+00
1.43575072e+00
1.42324460e+00
1.41827941e+00
1.45391929e+00
1.41527319e+00
1.41920459e+00
1.43189085e+00
1.46139801e+00
1.44288158e+00
1.42888927e+00
1.46214342e+00
1.42660618e+00
1.43600297e+00
1.46497238e+00
1.47403550e+00
1.45366204e+00
1.44476938e+00
1.44325328e+00
1.46834171e+00
1.46592808e+00
1.43480110e+00
1.43993306e+00
1.46184683e+00
1.43000746e+00
1.46208823e+00
1.47062552e+00
1.46359921e+00
1.46858525e+00
1.43236363e+00
1.40705371e+00
1.46808553e+00
1.48268485e+00
1.45904088e+00
1.47773194e+00
1.49203289e+00
1.49842978e+00
1.47466981e+00
1.47602654e+00
1.49027193e+00
1.47654712e+00
1.47769964e+00
1.48756492e+00
1.50249720e+00
1.48111248e+00
1.47818327e+00
1.49175203e+00
1.46590185e+00
1.48770773e+00
1.49388576e+00
1.51073527e+00
1.50840461e+00
1.47788775e+00
1.46949995e+00
1.48431122e+00
1.48813009e+00
1.46579742e+00
1.46533620e+00
1.47014487e+00
1.47484493e+00
1.46418369e+00
1.43844938e+00
1.45873499e+00
1.45132589e+00
1.41880405e+00
1.46494865e+00
1.47097850e+00
1.47205853e+00
1.48711824e+00
1.46889627e+00
1.48119485e+00
1.47009945e+00
1.45497489e+00
1.47185194e+00
1.49162889e+00
1.50136089e+00
1.49656332e+00
1.49627185e+00
1.47897243e+00
1.47591782e+00
1.45706296e+00
1.45212555e+00
1.47790098e+00
1.49121535e+00
1.46033049e+00
1.45913446e+00
1.46505141e+00
1.48350310e+00
1.49039292e+00
1.48179746e+00
1.46812344e+00
1.45310616e+00
1.48000801e+00
1.47883022e+00
1.46608293e+00
1.47088611e+00
1.45899951e+00
1.45825732e+00
1.44091022e+00
1.43459594e+00
1.45319629e+00
1.44182920e+00
1.43797922e+00
1.44597352e+00
1.44405019e+00
1.45927596e+00
1.43124473e+00
1.45894682e+00
1.47845066e+00
1.47049856e+00
1.43483388e+00
1.40766513e+00
1.44112802e+00
1.41582668e+00
1.41788363e+00
1.43841791e+00
1.43652582e+00
1.43516111e+00
1.44109094e+00
1.45243800e+00
1.43909824e+00
1.46448648e+00
1.46673799e+00
1.46148741e+00
1.45173931e+00
1.43937945e+00
1.44892597e+00
1.43199205e+00
1.42970288e+00
1.44547498e+00
1.45586562e+00
1.41363108e+00
1.37931788e+00
1.40564716e+00
1.42390609e+00
1.44665027e+00
1.42418444e+00
1.44793308e+00
1.46050119e+00
1.45751977e+00
1.43975186e+00
1.42150176e+00
1.45420980e+00
1.44622934e+00
1.42424047e+00
1.42900431e+00
1.42807233e+00
1.44463921e+00
1.46703577e+00
1.46319759e+00
1.44753253e+00
1.44987857e+00
1.44234097e+00
1.43190980e+00
1.42739141e+00
1.43127942e+00
1.42585707e+00
1.41136527e+00
1.42326844e+00
1.43911541e+00
1.42811728e+00
1.46191132e+00
1.41577542e+00
1.43998647e+00
1.44235587e+00
1.41013885e+00
1.39359379e+00
1.40363789e+00
1.41424489e+00
1.40276968e+00
1.40867734e+00
1.42083347e+00
1.40121067e+00
1.42719090e+00
1.42830753e+00
1.42920494e+00
1.43306255e+00
1.43006122e+00
1.42480075e+00
1.42553949e+00
1.42949247e+00
1.41387820e+00
1.40666497e+00
1.39744508e+00
1.38975811e+00
1.40408731e+00
1.42100716e+00
1.40885091e+00
1.39250696e+00
1.40955842e+00
1.42912281e+00
1.41929078e+00
1.42699504e+00
1.42163992e+00
1.43573546e+00
1.43055344e+00
1.40133297e+00
1.42779922e+00
1.38067234e+00
1.41749644e+00
1.41367149e+00
1.41327584e+00
1.41645336e+00
1.38925147e+00
1.42510974e+00
1.42579997e+00
1.39707875e+00
1.39521027e+00
1.39510727e+00
1.38689542e+00
1.41304672e+00
1.39720678e+00
1.37949276e+00
1.43344891e+00
1.42080069e+00
1.39180493e+00
1.40928328e+00
1.39855099e+00
1.37092257e+00
1.39371896e+00
1.41060293e+00
1.37913430e+00
1.40324736e+00
1.37913299e+00
1.38091457e+00
1.40769541e+00
1.38521779e+00
1.37528169e+00
1.37238216e+00
1.38355970e+00
1.40571225e+00
1.40555573e+00
1.36086297e+00
1.40252018e+00
1.40792823e+00
1.37254226e+00
1.38284791e+00
1.39845872e+00
1.39071453e+00
1.38999069e+00
1.36829066e+00
1.37244582e+00
1.35396552e+00
1.36172450e+00
1.35738766e+00
1.33870173e+00
1.35216951e+00
1.35330701e+00
1.35714602e+00
1.34657049e+00
1.34728646e+00
1.35952234e+00
1.35797536e+00
1.33760226e+00
1.33576286e+00
1.35955250e+00
1.34769976e+00
1.36054218e+00
1.36492848e+00
1.36274064e+00
1.37425077e+00
1.36184454e+00
1.32787037e+00
1.34363687e+00
1.31949246e+00
1.34409249e+00
1.36236644e+00
1.37656391e+00
1.37922370e+00
1.38588107e+00
1.39271104e+00
1.37439597e+00
1.37862146e+00
1.34869361e+00
1.33184087e+00
1.35804617e+00
1.35204339e+00
1.35500026e+00
1.38376904e+00
1.36463559e+00
1.33091974e+00
1.32127011e+00
1.37747431e+00
1.37326741e+00
1.33342969e+00
1.36416602e+00
1.35710132e+00
1.34174752e+00
1.35076284e+00
1.34304976e+00
1.33914220e+00
1.33903623e+00
1.35406947e+00
1.35789394e+00
1.38978744e+00
1.37101996e+00
1.35988629e+00
1.36709142e+00
1.33506322e+00
1.34079826e+00
1.34690166e+00
1.33663213e+00
1.35950875e+00
1.35763168e+00
1.34301031e+00
1.35478461e+00
1.37016201e+00
1.32832181e+00
1.33137834e+00
1.36314464e+00
1.34156573e+00
1.32470047e+00
1.35207307e+00
1.34008551e+00
1.34412956e+00
1.34096897e+00
1.32682335e+00
1.35373354e+00
1.34731150e+00
1.33257854e+00
1.34712052e+00
1.33041537e+00
1.32751548e+00
1.32349205e+00
1.36032712e+00
1.32989931e+00
1.31970799e+00
1.35180330e+00
1.34029365e+00
1.31443334e+00
1.30611718e+00
1.32620561e+00
1.33454168e+00
1.33958352e+00
1.32646620e+00
1.32081032e+00
1.32414436e+00
1.32101703e+00
1.32102621e+00
1.32876122e+00
1.35762346e+00
1.33679640e+00
1.32228017e+00
1.31625509e+00
1.30356526e+00
1.29700327e+00
1.33159721e+00
1.32881951e+00
1.31168842e+00
1.28793669e+00
1.29618812e+00
1.34029591e+00
1.33627152e+00
1.29889131e+00
1.31888664e+00
1.31833875e+00
1.29928446e+00
1.31947541e+00
1.31364262e+00
1.32074535e+00
1.31280446e+00
1.33795953e+00
1.32898271e+00
1.31250453e+00
1.29735267e+00
1.28807032e+00
1.31369603e+00
1.32377744e+00
1.31752574e+00
1.30100191e+00
1.31584096e+00
1.32185078e+00
1.32393265e+00
1.29605365e+00
1.30209696e+00
1.30467653e+00
1.28526998e+00
1.29730344e+00
1.28544831e+00
1.30369556e+00
1.28385353e+00
1.28468561e+00
1.31261361e+00
1.28522706e+00
1.30862784e+00
1.27077115e+00
1.25596654e+00
1.28940499e+00
1.29640257e+00
1.28938973e+00
1.30392957e+00
1.30429816e+00
1.28835428e+00
1.26911271e+00
1.29588485e+00
1.29197264e+00
1.31212175e+00
1.32279670e+00
1.28149569e+00
1.28529322e+00
1.30364692e+00
1.26367772e+00
1.27315426e+00
1.30122733e+00
1.30795133e+00
1.29234183e+00
1.28208661e+00
1.28022754e+00
1.25870633e+00
1.27704549e+00
1.30583322e+00
1.30498648e+00
1.26335061e+00
1.29148185e+00
1.27054846e+00
1.27185631e+00
1.30756509e+00
1.30679369e+00
1.26982510e+00
1.28447425e+00
1.29404509e+00
1.26731443e+00
1.27013183e+00
1.28871918e+00
1.29004431e+00
1.30358195e+00
1.26957786e+00
1.28189027e+00
1.27628243e+00
1.25712752e+00
1.29195821e+00
1.23658407e+00
1.25597131e+00
1.28197217e+00
1.28224838e+00
1.27156293e+00
1.25158310e+00
1.26678228e+00
1.27201104e+00
1.25813568e+00
1.26377487e+00
1.27548826e+00
1.30688608e+00
1.26873314e+00
1.27337301e+00
1.28731549e+00
1.26173556e+00
1.27663898e+00
1.25552034e+00
1.26730287e+00
1.28220236e+00
1.26067162e+00
1.26184916e+00
1.25635779e+00
1.25571370e+00
1.27254844e+00
1.28417850e+00
1.26238418e+00
1.25978124e+00
1.26414621e+00
1.24713075e+00
1.25996614e+00
1.26526308e+00
1.25859344e+00
1.24327219e+00
1.27738595e+00
1.26515460e+00
1.25637460e+00
1.26179767e+00
1.28051353e+00
1.29093242e+00
1.27067482e+00
1.24073267e+00
1.24661982e+00
1.22887707e+00
1.24962854e+00
1.25078392e+00
1.25147867e+00
1.24744487e+00
1.24985874e+00
1.24150431e+00
1.23917520e+00
1.23356605e+00
1.23562622e+00
1.22913742e+00
1.25911736e+00
1.25503695e+00
1.22129989e+00
1.23423350e+00
1.23395634e+00
1.23962486e+00
1.25446808e+00
1.22558451e+00
1.21491838e+00
1.24707580e+00
1.24552739e+00
1.23224413e+00
1.26593542e+00
1.26178229e+00
1.24125397e+00
1.25371122e+00
1.23233938e+00
1.20461047e+00
1.23518836e+00
1.22620511e+00
1.20691895e+00
1.22779906e+00
1.22643077e+00
1.22169423e+00
1.23180246e+00
1.21712935e+00
1.22263920e+00
1.22383487e+00
1.23091984e+00
1.21429789e+00
1.22641265e+00
1.23397565e+00
1.20709395e+00
1.21762526e+00
1.24238467e+00
1.22734296e+00
1.20724642e+00
1.20217967e+00
1.21557546e+00
1.21295381e+00
1.21779501e+00
1.23041117e+00
1.20711482e+00
1.20522368e+00
1.21730936e+00
1.22408843e+00
1.23421550e+00
1.22264314e+00
1.22235644e+00
1.21454704e+00
1.22666597e+00
1.21836376e+00
1.21169829e+00
1.21902227e+00
1.20732856e+00
1.20641434e+00
1.22775471e+00
1.21617413e+00
1.19821894e+00
1.21822560e+00
1.22626984e+00
1.22573578e+00
1.19890070e+00
1.19806790e+00
1.19414091e+00
1.20266056e+00
1.20042801e+00
1.20002091e+00
1.22454536e+00
1.19515920e+00
1.19786763e+00
1.20567644e+00
1.18005586e+00
1.19710743e+00
1.21771765e+00
1.21941864e+00
1.21528733e+00
1.20962548e+00
1.19073498e+00
1.19653082e+00
1.18874025e+00
1.19992864e+00
1.21676016e+00
1.19588578e+00
1.20901823e+00
1.19533873e+00
1.17971730e+00
1.18574417e+00
1.19722152e+00
1.23574591e+00
1.20383668e+00
1.19879520e+00
1.19653869e+00
1.21716774e+00
1.18812847e+00
1.16578650e+00
1.19398952e+00
1.20329189e+00
1.19923007e+00
1.19988739e+00
1.18401539e+00
1.18115735e+00
1.20736468e+00
1.19390035e+00
1.17984140e+00
1.17434049e+00
1.17542839e+00
1.18318105e+00
1.15638626e+00
1.17282140e+00
1.18426371e+00
1.19331098e+00
1.18085325e+00
1.16777158e+00
1.16643500e+00
1.18167973e+00
1.19471931e+00
1.17593527e+00
1.16780126e+00
1.17888975e+00
1.19987953e+00
1.16785860e+00
1.17492545e+00
1.17901134e+00
1.17170835e+00
1.15846372e+00
1.18157053e+00
1.14998853e+00
1.16853309e+00
1.18058872e+00
1.17603564e+00
1.19534087e+00
1.17152858e+00
1.14840460e+00
1.18506598e+00
1.15984130e+00
1.13772666e+00
1.17691565e+00
1.14826977e+00
1.15571642e+00
1.16516757e+00
1.15349913e+00
1.16109359e+00
1.16228974e+00
1.17361426e+00
1.16156352e+00
1.16519034e+00
1.16784251e+00
1.17450488e+00
1.15194166e+00
1.14634025e+00
1.17293835e+00
1.15996814e+00
1.14864969e+00
1.17212856e+00
1.15585291e+00
1.17725670e+00
1.15344107e+00
1.15953898e+00
1.16861141e+00
1.16887450e+00
1.16050291e+00
1.15683997e+00
1.15884984e+00
1.14107776e+00
1.14660048e+00
1.17941618e+00
1.17046690e+00
1.14513934e+00
1.13842809e+00
1.15528584e+00
1.16882968e+00
1.13499057e+00
1.16970158e+00
1.14765000e+00
1.16960442e+00
1.16487670e+00
1.15291870e+00
1.15225756e+00
1.12388909e+00
1.12876046e+00
1.15235853e+00
1.16474152e+00
1.15783191e+00
1.14944625e+00
1.14370394e+00
1.16096425e+00
1.14689374e+00
1.13250983e+00
1.14096081e+00
1.12524199e+00
1.13895619e+00
1.15642917e+00
1.11800289e+00
1.15450919e+00
1.14407802e+00
1.13947630e+00
1.16277909e+00
1.13361859e+00
1.15295649e+00
1.13375354e+00
1.13458943e+00
1.14016175e+00
1.11757112e+00
1.14152598e+00
1.13666737e+00
1.13658977e+00
1.12427688e+00
1.13970387e+00
1.13958478e+00
1.12840259e+00
1.16037273e+00
1.12481904e+00
1.11387336e+00
1.14406049e+00
1.11374569e+00
1.11836147e+00
1.12537837e+00
1.10192311e+00
1.11500931e+00
1.12269139e+00
1.10551870e+00
1.12162220e+00
1.13467789e+00
1.11640406e+00
1.12294471e+00
1.11548638e+00
1.11954737e+00
1.13136137e+00
1.11314988e+00
1.09797573e+00
1.09145558e+00
1.11673951e+00
1.11848128e+00
1.12484109e+00
1.14166665e+00
1.12027574e+00
1.11403346e+00
1.13095522e+00
1.13157511e+00
1.12019038e+00
1.12637007e+00
1.10602665e+00
1.11468625e+00
1.12626958e+00
1.09662473e+00
1.11523306e+00
1.12326288e+00
1.11669099e+00
1.12467766e+00
1.14031661e+00
1.09902883e+00
1.09734380e+00
1.11101770e+00
1.09693515e+00
1.09135318e+00
1.10290527e+00
1.12595022e+00
1.10547829e+00
1.12006032e+00
1.14638233e+00
1.12915683e+00
1.10895824e+00
1.13401413e+00
1.08754146e+00
1.13214552e+00
1.12596643e+00
1.09784055e+00
1.11067152e+00
1.09002590e+00
1.08319592e+00
1.09830260e+00
1.09902775e+00
1.07566357e+00
1.09559691e+00
1.11487544e+00
1.09695208e+00
1.08035553e+00
1.08494902e+00
1.11310375e+00
1.11407280e+00
1.10477376e+00
1.09034038e+00
1.10026824e+00
1.09949303e+00
1.07902467e+00
1.08585703e+00
1.09652698e+00
1.09489870e+00
1.08641505e+00
1.09880114e+00
1.07991087e+00
1.07828915e+00
1.10351598e+00
1.07800996e+00
1.09999251e+00
1.08109820e+00
1.06351089e+00
1.09591579e+00
1.07864964e+00
1.08946693e+00
1.08527923e+00
1.07731533e+00
1.09312701e+00
1.07512796e+00
1.04910982e+00
1.08311176e+00
1.06845880e+00
1.09276950e+00
1.10059583e+00
1.09785235e+00
1.09133208e+00
1.06693375e+00
1.04885852e+00
1.04930270e+00
1.06335247e+00
1.07073188e+00
1.06451011e+00
1.04306853e+00
1.03620338e+00
1.06334686e+00
1.07561052e+00
1.07403183e+00
1.04291534e+00
1.01798809e+00
1.01450992e+00
1.02914727e+00
1.06095266e+00
1.06149065e+00
1.02863789e+00
1.04649305e+00
1.05592489e+00
1.04141831e+00
1.05126750e+00
1.06327164e+00
1.07209682e+00
1.07213414e+00
1.06346846e+00
1.04545712e+00
1.04522169e+00
1.04883659e+00
1.06314147e+00
1.05642819e+00
1.08028412e+00
1.06789505e+00
1.05964482e+00
1.08497202e+00
1.04404044e+00
1.02342522e+00
1.04522097e+00
1.05738604e+00
1.07509434e+00
1.05687881e+00
1.03676534e+00
1.07440865e+00
1.05173004e+00
1.07158959e+00
1.08064032e+00
1.05577433e+00
1.08281898e+00
1.09424961e+00
1.06997907e+00
1.06602168e+00
1.05425477e+00
1.05211020e+00
1.06030929e+00
1.04276180e+00
1.04430294e+00
1.04124320e+00
1.03325617e+00
1.04786742e+00
1.06906557e+00
1.03765798e+00
1.06174791e+00
1.07122707e+00
1.06037760e+00
1.06399179e+00
1.05044079e+00
1.03086340e+00
1.06323767e+00
1.04770780e+00
1.02882242e+00
1.07700861e+00
1.04862535e+00
1.04053223e+00
1.04750848e+00
1.05914342e+00
1.02701497e+00
1.02324617e+00
1.06378448e+00
1.03816581e+00
1.04920757e+00
1.04029584e+00
1.06139696e+00
1.07789242e+00
1.04546583e+00
1.05632770e+00
1.04425776e+00
1.04644239e+00
1.03764617e+00
1.05094492e+00
1.06192565e+00
1.05864632e+00
1.05031788e+00
1.04124689e+00
1.04349089e+00
1.05124772e+00
1.04609299e+00
1.01366031e+00
1.02422965e+00
1.04397333e+00
1.03513026e+00
1.04643345e+00
1.03169906e+00
1.04434764e+00
1.04497385e+00
1.05351269e+00
1.05869186e+00
1.03828037e+00
1.02947772e+00
1.02687764e+00
1.01536727e+00
1.02714252e+00
1.03724182e+00
1.02480090e+00
1.03029656e+00
1.03410590e+00
1.01617575e+00
1.02236724e+00
1.02332675e+00
1.02487957e+00
1.01829696e+00
1.02441013e+00
1.02122569e+00
1.03259528e+00
1.02868211e+00
1.01860428e+00
1.02158117e+00
1.02784157e+00
1.03761840e+00
1.03287613e+00
1.03910732e+00
1.03466487e+00
1.03267860e+00
1.00654924e+00
9.91078913e-01
1.01338971e+00
1.02482080e+00
1.04429162e+00
1.00968802e+00
1.04099870e+00
1.03644216e+00
1.00848627e+00
9.99774635e-01
1.02159369e+00
1.01683402e+00
1.02115369e+00
1.01567447e+00
1.01207042e+00
1.01913989e+00
1.01199162e+00
1.02864206e+00
1.03598344e+00
9.76846397e-01
1.01182592e+00
1.02553868e+00
9.93678391e-01
1.02111340e+00
1.01003432e+00
1.02062786e+00
1.00067437e+00
9.93805289e-01
1.01918101e+00
1.02163196e+00
1.01080537e+00
1.01533544e+00
1.02284718e+00
1.02228796e+00
1.01555490e+00
1.02455580e+00
9.92860794e-01
1.01400340e+00
1.00694621e+00
9.84204948e-01
9.77828979e-01
1.00757074e+00
1.02763867e+00
1.01687229e+00
9.91872311e-01
9.73666430e-01
9.96128082e-01
1.01870263e+00
9.81980443e-01
9.88101482e-01
9.91818905e-01
9.87103045e-01
9.88751829e-01
9.96225417e-01
1.00524044e+00
1.00640285e+00
9.90138292e-01
9.83536959e-01
9.99796152e-01
1.01321781e+00
1.00688004e+00
1.00114632e+00
1.00162315e+00
1.00350201e+00
9.93967652e-01
1.00235915e+00
1.00062263e+00
1.00647616e+00
9.94758964e-01
1.00163448e+00
9.88273561e-01
9.78286028e-01
9.94214952e-01
1.00264239e+00
1.00000000e+00
9.86363173e-01
9.69282687e-01
9.79668379e-01
9.71001923e-01
9.63906765e-01
9.62042212e-01
9.64289367e-01
9.82692480e-01
9.89543796e-01
9.84945357e-01
9.95454669e-01
9.68642354e-01
9.62828457e-01
9.79489148e-01
9.52730536e-01
9.84634459e-01
9.60001051e-01
9.93714094e-01
9.99042392e-01
9.73104775e-01
9.81383443e-01
9.81873393e-01
9.83784437e-01
9.70473647e-01
9.68016803e-01
9.75049138e-01
9.73563612e-01
9.94323850e-01
9.69277740e-01
9.81492758e-01
9.85450208e-01
9.61489856e-01
9.44845021e-01
9.57326353e-01
9.81040895e-01
9.85829592e-01
9.64145482e-01
9.68418598e-01
9.90950465e-01
9.41402793e-01
9.61201727e-01
9.59981680e-01
9.50397909e-01
9.63375390e-01
9.58630502e-01
9.67778981e-01
9.63449478e-01
9.54309464e-01
9.55747545e-01
9.68107879e-01
9.69443560e-01
9.71876562e-01
9.77199614e-01
9.66475725e-01
9.56728399e-01
9.68102634e-01
9.48259413e-01
9.17451203e-01
9.53962147e-01
9.51736450e-01
9.50960040e-01
9.58499551e-01
9.31729674e-01
9.36556816e-01
9.48957205e-01
9.45058405e-01
9.32478607e-01
9.34711337e-01
9.38029587e-01
9.55709755e-01
9.62542593e-01
9.16149437e-01
9.31247711e-01
9.87538576e-01
9.70237970e-01
9.41362679e-01
9.41311657e-01
9.43682909e-01
9.30263877e-01
9.51428473e-01
9.44359124e-01
9.40637589e-01
9.28071380e-01
9.33448076e-01
9.53491628e-01
9.59323883e-01
9.49951947e-01
9.67197299e-01
9.74878967e-01
9.40570951e-01
9.42018211e-01
9.50070024e-01
9.39055383e-01
9.43686366e-01
9.52446580e-01
9.29794610e-01
9.09272373e-01
8.92368972e-01
1.02971852e+00
1.00694823e+00
7.93104768e-01
8.84707510e-01
1.02657223e+00
1.00898671e+00
9.38935220e-01
9.12353039e-01
9.11719084e-01
9.11203265e-01
9.31006968e-01
9.29517984e-01
9.31321084e-01
9.13890600e-01
9.26841319e-01
9.34823453e-01
9.06338394e-01
9.05586660e-01
9.26730454e-01
9.29896891e-01
9.34682310e-01
9.57984507e-01
9.43307936e-01
9.07352388e-01
9.12234545e-01
9.34669375e-01
9.54288661e-01
9.21550632e-01
8.93997550e-01
9.12903547e-01
9.29587603e-01
9.22599435e-01
9.16333199e-01
9.16001678e-01
9.23268616e-01
9.36728179e-01
9.15928721e-01
8.92009377e-01
9.14570034e-01
9.33094621e-01
8.99264812e-01
8.93480361e-01
9.12039042e-01
8.95421267e-01
9.01980042e-01
9.27260280e-01
9.06804979e-01
9.04872537e-01
9.24569964e-01
9.25897241e-01
9.06798482e-01
9.00911510e-01
8.94495249e-01
9.02504086e-01
9.15151060e-01
8.99088621e-01
9.02575672e-01
9.01044130e-01
8.99819136e-01
9.09361303e-01
9.19722795e-01
9.09773648e-01
9.06478167e-01
9.08341467e-01
8.86646748e-01
8.75084519e-01
8.93785000e-01
9.15364444e-01
9.00901258e-01
9.03976142e-01
9.09464836e-01
9.00461912e-01
8.89117599e-01
8.95152748e-01
9.13028955e-01
8.78457844e-01
8.77540648e-01
9.16913271e-01
8.98468912e-01
8.98394108e-01
8.88545930e-01
8.90316367e-01
9.06321585e-01
9.06598091e-01
8.91995251e-01
8.86670709e-01
8.90281498e-01
8.74293745e-01
8.80326211e-01
9.01465952e-01
8.83297503e-01
8.86209667e-01
8.51904392e-01
8.69172633e-01
8.95897448e-01
8.74473810e-01
8.72224092e-01
8.83196771e-01
8.85653555e-01
8.93667579e-01
8.91484678e-01
8.87073815e-01
8.75081599e-01
8.81915450e-01
8.73126924e-01
8.79821539e-01
8.99990082e-01
8.75160396e-01
8.74150991e-01
8.75857711e-01
8.78757119e-01
8.79477501e-01
8.59676301e-01
8.65071833e-01
8.85695636e-01
8.62705588e-01
8.73863161e-01
8.94987106e-01
8.68553221e-01
8.65588248e-01
8.57546866e-01
8.71145308e-01
8.58134091e-01
8.45726967e-01
8.66201043e-01
8.60974669e-01
8.47939134e-01
8.90349627e-01
8.70110989e-01
8.65096211e-01
8.56445253e-01
8.47130775e-01
8.58405828e-01
8.72695804e-01
8.66081059e-01
8.62495482e-01
8.66683006e-01
8.53929758e-01
8.47275078e-01
8.70307624e-01
8.36907923e-01
8.41107130e-01
8.56861293e-01
8.35886955e-01
8.34538162e-01
8.37035120e-01
8.34038556e-01
8.33052158e-01
8.43762457e-01
8.51524413e-01
8.43814731e-01
8.38068724e-01
8.23056757e-01
8.18114817e-01
8.27914357e-01
8.31848979e-01
8.21388841e-01
8.23269784e-01
8.30117881e-01
7.94879973e-01
7.79328108e-01
7.88853347e-01
7.74857640e-01
7.77902007e-01
7.96341896e-01
7.80613482e-01
7.58336782e-01
7.26570725e-01
7.34611213e-01
7.24364281e-01
7.26399302e-01
7.19884217e-01
7.06907153e-01
6.69655025e-01
6.73208654e-01
6.22277021e-01
5.28101683e-01
4.97114658e-01
4.83869821e-01
5.50878286e-01
5.96437335e-01
6.47254765e-01
6.63400531e-01
6.79471493e-01
7.01022208e-01
7.14580595e-01
7.42093205e-01
7.27195263e-01
7.28650570e-01
7.43449092e-01
7.33659327e-01
7.18788862e-01
7.50564396e-01
7.46882975e-01
7.43222892e-01
7.72399485e-01
7.89692879e-01
7.76167393e-01
7.82115877e-01
7.90244162e-01
7.87826240e-01
7.92560935e-01
7.94545829e-01
7.84495234e-01
7.63455331e-01
8.00569952e-01
8.17761898e-01
7.91364372e-01
8.00938785e-01
8.21003079e-01
8.15870285e-01
8.03931773e-01
8.02902341e-01
8.04697275e-01
8.08193564e-01
8.21214855e-01
8.16418886e-01
8.24846089e-01
8.17781210e-01
8.07175338e-01
8.01851749e-01
7.90875971e-01
8.13152134e-01
8.00181508e-01
8.16037714e-01
8.09077680e-01
8.00526857e-01
8.23856533e-01
8.27856004e-01
8.25560927e-01
8.08669627e-01
8.00488174e-01
8.06445539e-01
8.13937962e-01
8.10774148e-01
7.98409045e-01
8.10352504e-01
8.05341601e-01
8.00941765e-01
8.26496303e-01
8.30003262e-01
8.15889895e-01
8.25211167e-01
8.05204570e-01
8.04598093e-01
8.10908079e-01
8.18006516e-01
8.21726322e-01
7.99234986e-01
7.92900324e-01
8.06214273e-01
8.13488126e-01
7.99213469e-01
7.97751248e-01
8.04932833e-01
8.07568669e-01
8.16994071e-01
8.26019943e-01
8.11163247e-01
7.95182228e-01
8.03061903e-01
8.06462407e-01
8.04477215e-01
8.11245084e-01
8.18036616e-01
8.10740113e-01
8.05588782e-01
8.19253385e-01
8.12578380e-01
7.98693061e-01
8.15541565e-01
8.13813567e-01
7.99440205e-01
8.07592034e-01
8.09320331e-01
7.98849165e-01
7.89292693e-01
7.94265091e-01
7.80223250e-01
7.81920075e-01
8.33859086e-01
8.91499996e-01
8.43064547e-01
8.03676605e-01
7.82261848e-01
7.97995746e-01
7.98163652e-01
7.71550477e-01
7.80523658e-01
7.93054461e-01
8.12533796e-01
8.09854925e-01
8.01062942e-01
8.00443769e-01
7.96548784e-01
7.90886521e-01
8.08857977e-01
8.03946793e-01
7.97202408e-01
8.03421795e-01
7.91179538e-01
7.73332536e-01
7.89022982e-01
7.98077464e-01
7.83017933e-01
7.92504072e-01
8.05733204e-01
8.00134957e-01
7.78947115e-01
7.88503289e-01
8.01569700e-01
7.89480984e-01
7.80135512e-01
7.88506866e-01
7.97975838e-01
7.92099118e-01
7.95973122e-01
8.05169582e-01
8.01555634e-01
7.89934218e-01
7.98913777e-01
8.21675241e-01
7.88496792e-01
7.91557610e-01
7.97817230e-01
7.79368877e-01
7.87322164e-01
7.92685091e-01
7.74043322e-01
7.85762072e-01
7.90138066e-01
7.84917235e-01
7.94721186e-01
7.87008703e-01
7.82682180e-01
7.82708645e-01
7.77046502e-01
7.85533726e-01
7.80291617e-01
7.82141328e-01
7.82437146e-01
7.87747383e-01
7.93056548e-01
7.86908984e-01
7.62321830e-01
7.70120502e-01
7.80581832e-01
7.83456504e-01
8.02074730e-01
8.08458686e-01
7.99427867e-01
7.78492451e-01
7.62139082e-01
7.74835587e-01
7.81867385e-01
7.91331530e-01
8.04305255e-01
7.92656004e-01
7.94466734e-01
7.93933451e-01
7.75266469e-01
7.61315167e-01
7.53425181e-01
7.74090111e-01
7.92005539e-01
7.71248639e-01
7.66903222e-01
7.56062806e-01
7.56916404e-01
7.60861397e-01
7.61350691e-01
7.63704777e-01
7.78500736e-01
7.58797526e-01
7.49347866e-01
7.69888997e-01
7.69927144e-01
7.54703939e-01
7.73343027e-01
7.51831472e-01
7.46528327e-01
7.70603120e-01
7.78649509e-01
7.61455119e-01
7.69729018e-01
7.65796363e-01
7.64850914e-01
7.68176377e-01
7.73941994e-01
7.52177894e-01
7.52904534e-01
7.64537752e-01
7.63023436e-01
7.65992880e-01
7.62728512e-01
7.73948252e-01
7.61385322e-01
7.71880507e-01
7.49896884e-01
7.66191244e-01
7.79319108e-01
7.55248904e-01
7.79144347e-01
7.50259221e-01
7.47134268e-01
7.49904573e-01
7.52932906e-01
7.48995960e-01
7.53362417e-01
7.74449706e-01
7.73839474e-01
7.51730561e-01
7.34748542e-01
7.63196349e-01
7.52574503e-01
7.61128008e-01
7.46880472e-01
7.50470936e-01
7.71691263e-01
7.78757036e-01
7.48683929e-01
7.41361499e-01
7.46929169e-01
7.59991407e-01
7.56427646e-01
7.70220578e-01
7.43064582e-01
7.35294163e-01
7.40657389e-01
7.34446168e-01
7.49355435e-01
7.59010136e-01
7.21294820e-01
7.44271934e-01
7.55051970e-01
7.44672000e-01
7.42044091e-01
7.56158173e-01
7.47540236e-01
7.39335537e-01
7.37634361e-01
7.27302670e-01
7.40013719e-01
7.57712781e-01
7.53457844e-01
7.66565681e-01
7.52313852e-01
7.35423088e-01
7.45308518e-01
7.62092650e-01
7.46482968e-01
7.36381233e-01
7.48294950e-01
7.46110320e-01
7.43404150e-01
7.43368983e-01
7.53065288e-01
7.60040939e-01
7.40541875e-01
7.26113081e-01
7.41778791e-01
7.55508006e-01
7.44384527e-01
7.33753204e-01
7.51976907e-01
7.60236621e-01
7.51278639e-01
7.45326042e-01
7.42879152e-01
7.51982391e-01
7.30665743e-01
7.37517059e-01
7.51928985e-01
7.49891102e-01
7.28824675e-01
7.28846669e-01
7.28694677e-01
7.38710344e-01
7.44493008e-01
7.35553205e-01
7.57105172e-01
7.30808616e-01
7.28153825e-01
7.32897162e-01
7.20139325e-01
7.24776208e-01
7.34338284e-01
7.41085470e-01
7.42146373e-01
7.36878335e-01
7.39270985e-01
7.29835868e-01
7.16616452e-01
7.31427073e-01
7.29897201e-01
7.28299737e-01
7.19989777e-01
7.16368735e-01
7.15881944e-01
7.13627040e-01
7.25681782e-01
7.21961319e-01
7.19439507e-01
7.16334760e-01
7.12489426e-01
7.22362936e-01
7.21526325e-01
7.21698821e-01
7.37850070e-01
7.24732697e-01
7.22402394e-01
7.01277077e-01
7.25511551e-01
7.12358654e-01
7.11933792e-01
7.21816242e-01
7.09286153e-01
7.10069418e-01
7.31848598e-01
7.27665305e-01
7.12808192e-01
7.23137259e-01
7.25171328e-01
7.12096751e-01
7.03073502e-01
7.27930784e-01
7.33579576e-01
7.13591635e-01
7.21986890e-01
7.18672872e-01
6.97155356e-01
7.11784065e-01
7.20164418e-01
7.00657725e-01
7.07789540e-01
6.98965073e-01
7.14169264e-01
7.03148484e-01
6.96013391e-01
7.17340767e-01
6.99427962e-01
6.94407046e-01
6.77912593e-01
6.96578860e-01
7.20119238e-01
7.20072389e-01
7.06884563e-01
7.09809780e-01
7.15099156e-01
7.09734321e-01
7.01668739e-01
6.99531436e-01
7.08869636e-01
6.92019522e-01
7.05735922e-01
7.04677939e-01
7.04927683e-01
6.92687869e-01
6.98305726e-01
6.97186351e-01
6.87726259e-01
6.98119640e-01
7.16105103e-01
7.07329869e-01
7.02351213e-01
6.92248821e-01
7.12527752e-01
7.15464592e-01
7.00590968e-01
6.95666850e-01
6.93617940e-01
7.12085724e-01
7.01387405e-01
6.92096174e-01
7.06284940e-01
7.04014301e-01
6.80184186e-01
7.02601135e-01
6.98493361e-01
6.93181098e-01
7.01550305e-01
7.01084077e-01
7.08083630e-01
6.98002517e-01
7.01797485e-01
6.96339309e-01
6.97809279e-01
7.09242642e-01
6.93989694e-01
6.94180489e-01
6.88620389e-01
6.86018109e-01
6.90733671e-01
6.87366784e-01
6.90039873e-01
7.05718040e-01
6.95666790e-01
6.97287261e-01
6.93845749e-01
6.86198711e-01
7.00652003e-01
7.02803195e-01
6.81516647e-01
7.03884959e-01
7.29093313e-01
6.87221169e-01
6.81402981e-01
6.99872792e-01
7.00507164e-01
6.82979763e-01
6.98513746e-01
6.84433758e-01
6.89345002e-01
6.90752625e-01
6.87422693e-01
6.94125593e-01
6.89769089e-01
6.77314103e-01
6.81536734e-01
6.98959708e-01
6.88974082e-01
6.85845315e-01
6.96974099e-01
6.91093922e-01
6.89053476e-01
7.25054979e-01
6.74965024e-01
6.48623526e-01
6.73356414e-01
6.86464727e-01
6.76090300e-01
6.76778376e-01
6.78348660e-01
6.71085775e-01
6.79114401e-01
6.75443351e-01
6.65456772e-01
6.86968088e-01
6.79399192e-01
6.73685491e-01
6.98325574e-01
7.17324078e-01
6.97787285e-01
6.86119318e-01
6.86591864e-01
6.69395864e-01
6.73307300e-01
6.99916005e-01
6.92131877e-01
6.75730824e-01
6.60863459e-01
6.77753389e-01
6.70821369e-01
6.68746352e-01
6.83607280e-01
6.62051797e-01
6.71404839e-01
6.74803078e-01
6.85756147e-01
6.94586456e-01
6.82796836e-01
6.81685030e-01
6.77975595e-01
6.98284626e-01
7.01990783e-01
6.70751274e-01
6.61614656e-01
6.66347265e-01
6.77658141e-01
6.82931721e-01
6.71677053e-01
6.64517760e-01
6.80922866e-01
6.65788710e-01
6.85150325e-01
6.93304598e-01
6.80908263e-01
6.93216562e-01
6.84095442e-01
6.82932913e-01
6.80008948e-01
6.81515038e-01
6.74915910e-01
6.63410485e-01
6.74081326e-01
6.83597028e-01
6.74409211e-01
6.67930126e-01
6.80446565e-01
6.71125591e-01
6.80159152e-01
6.60333514e-01
6.64051235e-01
6.72948360e-01
6.67589188e-01
6.65282845e-01
6.70968950e-01
6.83316946e-01
6.85311079e-01
6.75796568e-01
6.65836692e-01
6.74819350e-01
6.60216093e-01
6.68267429e-01
6.70596123e-01
6.75608873e-01
6.65483057e-01
6.65224791e-01
6.78013504e-01
6.59771025e-01
6.56456769e-01
6.59253538e-01
6.41514003e-01
6.55068159e-01
6.63498700e-01
6.47481620e-01
6.77840233e-01
6.59292161e-01
6.49941683e-01
6.71297371e-01
6.79561794e-01
6.77086830e-01
6.68217540e-01
6.66877985e-01
6.69227421e-01
6.70998275e-01
6.62532091e-01
6.73503160e-01
6.79799438e-01
6.71809435e-01
6.51955724e-01
6.56573832e-01
6.60026073e-01
6.55048370e-01
6.56792045e-01
6.50588989e-01
6.53207123e-01
6.61351085e-01
6.51147068e-01
6.68982804e-01
6.65198505e-01
6.47388935e-01
6.39188468e-01
6.56457841e-01
6.60178244e-01
6.59391820e-01
6.68518782e-01
6.54225886e-01
6.52779579e-01
6.57822073e-01
6.61120951e-01
6.62459910e-01
6.52018547e-01
6.53466344e-01
6.66307032e-01
6.50856674e-01
6.60765946e-01
6.43155575e-01
6.43447816e-01
6.59313500e-01
6.50011361e-01
6.48341179e-01
6.61518931e-01
6.51164293e-01
6.48022890e-01
6.58549190e-01
6.44907415e-01
6.37749135e-01
6.57411993e-01
6.35672927e-01
6.60064399e-01
6.61114454e-01
6.47445917e-01
6.26351595e-01
6.40645206e-01
6.30958319e-01
6.38439357e-01
6.42500103e-01
6.40067935e-01
6.36993706e-01
6.39632523e-01
6.43065214e-01
6.46319389e-01
6.51020527e-01
6.55561864e-01
6.31259978e-01
6.51180685e-01
6.37340069e-01
6.37251019e-01
6.33870900e-01
6.24968886e-01
6.46555662e-01
6.38066590e-01
6.44708812e-01
6.46399021e-01
6.45484805e-01
6.59701526e-01
6.09678507e-01
6.36937857e-01
6.50119126e-01
6.53968573e-01
6.45033300e-01
6.24935508e-01
6.30203545e-01
6.25002503e-01
6.29860103e-01
6.53543174e-01
6.41412616e-01
6.30793035e-01
6.37172401e-01
6.29790843e-01
6.25568867e-01
6.08815253e-01
6.38433695e-01
6.48523867e-01
6.37645006e-01
6.60570741e-01
6.68696702e-01
6.52551174e-01
6.30073428e-01
6.46464884e-01
6.39835715e-01
6.54019117e-01
6.31747723e-01
6.41584873e-01
6.35204792e-01
6.31086946e-01
6.37399971e-01
6.19033456e-01
6.25588417e-01
6.32445395e-01
6.43305480e-01
6.32682502e-01
5.98105967e-01
6.01163566e-01
6.19232476e-01
6.29062951e-01
6.05906546e-01
6.19267166e-01
6.44598782e-01
6.13552868e-01
6.29997492e-01
6.23385191e-01
6.23516202e-01
6.29873574e-01
6.07123733e-01
6.02013528e-01
6.31299675e-01
6.30958021e-01
6.25496030e-01
6.17901444e-01
6.06823981e-01
6.07356608e-01
6.19787812e-01
6.15258396e-01
6.21529877e-01
6.17918789e-01
5.98412156e-01
6.03589416e-01
6.31422877e-01
6.20913625e-01
6.32102251e-01
6.21707380e-01
6.03084624e-01
6.20204985e-01
6.13862514e-01
6.16394758e-01
6.16974235e-01
6.13086998e-01
6.25153780e-01
6.18627965e-01
6.13859415e-01
6.21815264e-01
6.24678373e-01
6.14453852e-01
6.18054509e-01
6.00184679e-01
6.25072360e-01
6.25373483e-01
6.33904636e-01
6.36028588e-01
5.95604777e-01
5.92691481e-01
6.01349056e-01
5.92654228e-01
6.00253582e-01
6.16043925e-01
6.09427154e-01
6.11688852e-01
6.10647738e-01
6.18088841e-01
6.22069061e-01
6.25559926e-01
6.21093810e-01
6.04140937e-01
6.05731905e-01
6.12371504e-01
6.07295454e-01
6.16893232e-01
6.34117007e-01
6.28685534e-01
5.91394722e-01
5.94920516e-01
6.03666425e-01
5.99321723e-01
6.26831472e-01
6.26803219e-01
6.04791820e-01
6.12931609e-01
6.08592331e-01
6.11957848e-01
6.00129962e-01
5.96791267e-01
6.12131357e-01
6.08339310e-01
5.88026881e-01
5.82236648e-01
5.96058846e-01
6.02914333e-01
5.94256461e-01
6.12757266e-01
6.02745891e-01
6.08357191e-01
6.52769268e-01
6.06400430e-01
5.98719060e-01
6.06161535e-01
6.00612223e-01
6.01969719e-01
5.85986257e-01
5.91403663e-01
5.89844167e-01
6.00687444e-01
6.00204051e-01
5.92754483e-01
6.02748394e-01
5.91229558e-01
5.81850886e-01
5.85561752e-01
6.04634523e-01
6.14712477e-01
6.02628469e-01
5.95205426e-01
5.96228182e-01
6.01980209e-01
6.02378607e-01
5.89755476e-01
5.82295537e-01
5.96075296e-01
5.75894475e-01
5.96124530e-01
6.21820688e-01
5.87681472e-01
5.87146938e-01
6.19435549e-01
6.06181920e-01
6.13049090e-01
6.00342095e-01
5.68310142e-01
5.92125416e-01
5.95832109e-01
5.84497511e-01
5.99982679e-01
5.86842239e-01
5.94992340e-01
5.67803204e-01
5.98597348e-01
6.08107328e-01
5.98880947e-01
5.78384578e-01
5.72252274e-01
5.90294480e-01
5.86228132e-01
5.81152558e-01
5.79066634e-01
5.99420786e-01
5.86207032e-01
5.86888969e-01
5.99404573e-01
5.79868853e-01
5.75386643e-01
5.79431772e-01
5.79302847e-01
5.90599418e-01
5.95117331e-01
5.86140931e-01
5.91036201e-01
5.77357650e-01
5.62867999e-01
6.05692565e-01
6.51760757e-01
5.87211311e-01
5.72106719e-01
5.78551471e-01
5.93683898e-01
5.91804564e-01
5.65034032e-01
5.85927367e-01
5.80399156e-01
5.80418527e-01
6.02965236e-01
5.82852900e-01
5.82210004e-01
5.88101625e-01
5.69154024e-01
5.63421071e-01
5.77816129e-01
5.69504023e-01
5.81041813e-01
5.82106590e-01
5.85295618e-01
5.88121355e-01
5.72990239e-01
5.72791398e-01
5.81948102e-01
5.72970331e-01
5.89474440e-01
5.84636271e-01
5.88213265e-01
5.79099834e-01
5.89749157e-01
5.73936164e-01
5.80223501e-01
5.82706869e-01
5.71905315e-01
5.98015606e-01
5.94831228e-01
5.58596194e-01
5.63278437e-01
5.72946429e-01
5.62330782e-01
5.79003811e-01
6.09822214e-01
6.16284907e-01
5.41837275e-01
5.31529367e-01
5.70250332e-01
5.70420384e-01
5.71431339e-01
5.65976322e-01
5.75472295e-01
5.83789527e-01
5.86654723e-01
5.77081859e-01
4.99094516e-01
5.48595846e-01
5.57595670e-01
5.56974828e-01
5.71987629e-01
5.87809205e-01
5.62908649e-01
5.92563987e-01
5.66701591e-01
5.39053440e-01
5.66780150e-01
5.53609550e-01
5.63559353e-01
5.65301478e-01
5.64210713e-01
5.68936586e-01
5.75881541e-01
5.66088974e-01
5.57983577e-01
5.66067576e-01
5.64453125e-01
5.76676250e-01
5.75691402e-01
5.70715725e-01
5.61194003e-01
5.69847167e-01
5.71171820e-01
5.49279094e-01
5.52765965e-01
5.71427703e-01
5.60179293e-01
5.79604864e-01
5.68663716e-01
5.64718187e-01
5.75372875e-01
5.52910745e-01
5.62338829e-01
5.64839303e-01
5.69771051e-01
5.60611963e-01
5.63823223e-01
5.67955434e-01
5.61277807e-01
5.67989767e-01
5.58769822e-01
5.57918072e-01
5.61239243e-01
5.45266151e-01
5.71554422e-01
5.68015158e-01
5.50100505e-01
5.69266737e-01
5.66657901e-01
5.60041010e-01
5.57068050e-01
5.62876999e-01
5.58551192e-01
5.47618508e-01
5.49328744e-01
5.52341461e-01
5.64500868e-01
5.54262280e-01
5.50866842e-01
5.63102603e-01
5.63616216e-01
5.56614220e-01
5.58285177e-01
5.51159382e-01
5.59814632e-01
5.63677132e-01
5.46579719e-01
5.45325577e-01
5.59853792e-01
5.51461637e-01
5.53383052e-01
5.55906296e-01
5.52541196e-01
5.61294556e-01
5.64096868e-01
5.64581633e-01
5.52648127e-01
5.53302646e-01
5.56853175e-01
5.42165756e-01
5.51940143e-01
5.62244117e-01
5.45215547e-01
5.49941659e-01
5.59187055e-01
5.55660307e-01
5.52522242e-01
5.36915541e-01
5.38426876e-01
5.49354851e-01
5.53443432e-01
5.48293352e-01
5.48075795e-01
5.40639102e-01
5.38362980e-01
5.28016388e-01
5.40665388e-01
5.61243117e-01
5.55776715e-01
5.51299810e-01
5.48404515e-01
5.48057973e-01
5.49391925e-01
5.47363997e-01
5.35208702e-01
5.37524581e-01
5.45800030e-01
5.47532976e-01
5.47714829e-01
5.32778502e-01
5.42197704e-01
5.55433154e-01
5.43051720e-01
5.42313397e-01
5.37493289e-01
5.42987823e-01
5.47146916e-01
5.37379384e-01
5.31630337e-01
5.36338568e-01
5.46871662e-01
5.42051315e-01
5.46141148e-01
5.56375325e-01
5.57037592e-01
5.42524338e-01
5.35490096e-01
5.42293966e-01
5.42754948e-01
5.49302220e-01
5.41552961e-01
5.41887999e-01
5.41256130e-01
5.34705639e-01
5.32553554e-01
5.37367582e-01
5.34435153e-01
5.22280574e-01
5.44906139e-01
5.68529427e-01
5.59849322e-01
5.37643552e-01
5.51834404e-01
5.52733541e-01
5.14683366e-01
5.32135129e-01
5.55938780e-01
5.77148497e-01
5.59370160e-01
5.46306491e-01
5.22513747e-01
5.26237786e-01
5.23301423e-01
5.41150331e-01
5.52312851e-01
5.45295358e-01
5.35363317e-01
5.59884846e-01
5.34030437e-01
5.39143741e-01
5.31601548e-01
5.32546818e-01
5.34445941e-01
5.21592259e-01
5.36181867e-01
5.29667258e-01
5.33641100e-01
5.40878057e-01
5.37830174e-01
5.38969636e-01
5.29666901e-01
5.73644161e-01
6.06869459e-01
5.68322122e-01
4.96353328e-01
5.19327939e-01
5.54401875e-01
5.47198355e-01
5.35877645e-01
5.19998908e-01
5.28463185e-01
5.32908201e-01
5.13141453e-01
5.29162884e-01
5.26443958e-01
5.21446347e-01
5.32797635e-01
5.23387849e-01
5.17539740e-01
5.37683427e-01
5.26959002e-01
5.28683126e-01
5.42474926e-01
5.35369635e-01
5.06679893e-01
5.13984799e-01
5.23377180e-01
5.11672378e-01
5.03740788e-01
5.21469593e-01
5.56637943e-01
5.55144906e-01
5.27786732e-01
5.23006022e-01
5.34004092e-01
5.21023333e-01
5.15558004e-01
5.13262749e-01
5.18973112e-01
5.12692332e-01
5.18736541e-01
5.20017028e-01
5.09400666e-01
5.24307787e-01
5.10409117e-01
4.94205892e-01
4.77251768e-01
5.04594266e-01
5.29128551e-01
5.08076668e-01
5.13552666e-01
5.19341588e-01
5.16744554e-01
5.18656850e-01
5.16454816e-01
5.14447927e-01
5.04704118e-01
5.05282402e-01
5.14773607e-01
5.24611712e-01
5.12662530e-01
5.02556443e-01
5.03342450e-01
5.34633756e-01
5.02874970e-01
5.35082161e-01
5.11377752e-01
5.03528774e-01
5.11439979e-01
5.04374802e-01
5.03451288e-01
5.14565706e-01
5.02255619e-01
4.97079462e-01
5.10460973e-01
5.05981505e-01
4.93498087e-01
5.10387540e-01
5.08295476e-01
5.24462461e-01
5.19683063e-01
5.00070870e-01
4.97336596e-01
5.15194595e-01
4.92410123e-01
5.17589152e-01
5.32583177e-01
4.98532563e-01
5.05565822e-01
5.04062831e-01
5.10703862e-01
5.15679479e-01
5.10633469e-01
5.02394080e-01
5.04601121e-01
5.17058849e-01
4.98965174e-01
5.03241479e-01
5.03044009e-01
5.00973046e-01
5.13312399e-01
5.02203286e-01
4.95782495e-01
4.79628146e-01
4.78571385e-01
4.91410702e-01
4.94638294e-01
5.13219655e-01
4.92100000e-01
4.97115403e-01
5.01623154e-01
4.94556338e-01
5.07159114e-01
5.06735981e-01
4.97005880e-01
5.02231598e-01
5.05589187e-01
4.89517748e-01
4.93361741e-01
4.99098003e-01
4.98196632e-01
5.08033991e-01
4.99498516e-01
4.97691691e-01
4.98046279e-01
4.91256326e-01
4.93777096e-01
5.00379682e-01
5.07657707e-01
4.97027397e-01
4.90647465e-01
4.94837075e-01
5.02197444e-01
4.97477561e-01
4.98755246e-01
5.01006961e-01
4.85518843e-01
4.87156183e-01
4.86061245e-01
4.90505964e-01
4.95872855e-01
5.03391683e-01
5.10206640e-01
4.97049809e-01
4.95651633e-01
5.05501688e-01
5.12302220e-01
5.02679706e-01
5.12725234e-01
5.05548835e-01
5.02624810e-01
4.89560902e-01
4.94147360e-01
5.00566721e-01
4.97457683e-01
4.88694549e-01
4.98795301e-01
4.89083648e-01
4.84068364e-01
4.92101431e-01
4.96062845e-01
5.07612109e-01
5.01646221e-01
4.72431511e-01
4.95472908e-01
4.88717496e-01
4.68977123e-01
4.97482270e-01
4.98131812e-01
4.82748926e-01
4.96027172e-01
4.83952284e-01
4.94799882e-01
4.99154776e-01
5.02386570e-01
4.90705669e-01
4.73550856e-01
4.72028613e-01
4.85662133e-01
4.89343762e-01
4.73980606e-01
4.89135027e-01
4.90047544e-01
4.80267793e-01
4.97643143e-01
4.85666007e-01
4.93022174e-01
4.94410008e-01
4.92397726e-01
4.99242306e-01
4.88654494e-01
4.82880026e-01
4.86512810e-01
4.79677379e-01
4.85500723e-01
4.86019880e-01
4.79719460e-01
4.77020442e-01
4.78011012e-01
4.89930093e-01
4.91861850e-01
4.90987599e-01
4.86170948e-01
4.81528789e-01
4.78124499e-01
4.71735209e-01
4.74998474e-01
4.76538867e-01
4.68381792e-01
4.78848428e-01
4.65542644e-01
4.66898441e-01
4.73518610e-01
4.81013805e-01
5.14965892e-01
4.88159209e-01
4.60412502e-01
5.26457489e-01
5.28055310e-01
4.68004197e-01
4.63900894e-01
4.92941797e-01
5.39444149e-01
5.24194121e-01
4.80696291e-01
4.70303386e-01
4.76686984e-01
4.66878742e-01
4.82710540e-01
4.82295752e-01
4.80981439e-01
4.72449273e-01
4.70615059e-01
4.68404412e-01
4.67417270e-01
4.76020336e-01
4.61401820e-01
4.57492501e-01
4.78932798e-01
4.71154690e-01
4.81060594e-01
4.78975505e-01
4.69473779e-01
4.76169735e-01
4.69731033e-01
4.26178634e-01
5.38609922e-01
5.16776264e-01
4.47847694e-01
4.48602498e-01
4.60749805e-01
5.00947416e-01
4.61147249e-01
4.61010545e-01
4.72762525e-01
4.72346276e-01
4.67820197e-01
4.78230804e-01
4.88484919e-01
4.70642596e-01
4.63776559e-01
4.61573571e-01
4.65043843e-01
4.60856318e-01
4.40647006e-01
4.65728045e-01
4.82285023e-01
4.90834236e-01
4.66680020e-01
4.71949428e-01
4.69965398e-01
4.51499194e-01
4.57299262e-01
4.81141329e-01
4.87826079e-01
5.41159630e-01
4.82720822e-01
4.37139720e-01
4.52658415e-01
4.61888313e-01
4.58672583e-01
4.73861992e-01
4.57605630e-01
4.87923384e-01
5.08621335e-01
4.68332976e-01
4.42062706e-01
4.49234426e-01
4.67483878e-01
4.63141918e-01
4.73147184e-01
4.85509962e-01
5.24711788e-01
4.70269650e-01
4.46259439e-01
4.41767395e-01
4.56495076e-01
4.83528078e-01
4.65317637e-01
4.59857702e-01
4.63850588e-01
4.45690632e-01
4.73913133e-01
4.84506279e-01
4.60088551e-01
4.52951014e-01
4.57198173e-01
4.61985886e-01
4.45976138e-01
4.29172456e-01
4.74729091e-01
4.84389514e-01
4.66954350e-01
4.31594938e-01
4.50820506e-01
4.49834496e-01
4.53203917e-01
4.54422176e-01
4.54842210e-01
4.49808240e-01
4.57708091e-01
4.51711595e-01
4.51961905e-01
4.55387682e-01
4.29435104e-01
4.52065349e-01
4.43997860e-01
4.41647023e-01
4.93723899e-01
5.13908863e-01
4.31115240e-01
4.18626547e-01
4.77461576e-01
