3.35747170e+00
2.90263176e+00
3.03240895e+00
3.04459548e+00
4.40703487e+00
3.45464253e+00
2.81136155e+00
3.70216346e+00
3.13792515e+00
3.90084791e+00
3.08606839e+00
3.29432464e+00
3.32910872e+00
3.29224706e+00
3.82683945e+00
3.46988893e+00
3.17603564e+00
3.35007739e+00
3.28584337e+00
3.47053242e+00
3.01646614e+00
2.46638894e+00
3.12134242e+00
3.20216966e+00
3.48149991e+00
4.14668846e+00
3.38873291e+00
3.25591969e+00
3.65831971e+00
3.20354772e+00
3.33411837e+00
3.19016576e+00
2.41098571e+00
3.95415354e+00
2.92541885e+00
2.66006565e+00
2.66280413e+00
2.59135151e+00
3.18912268e+00
3.41948605e+00
3.18436360e+00
3.01346397e+00
2.98237014e+00
3.00933743e+00
3.41173625e+00
2.45067120e+00
2.92915511e+00
3.28183508e+00
3.01988173e+00
2.92991567e+00
2.84590316e+00
2.54154801e+00
2.81922865e+00
3.29989338e+00
3.05054164e+00
3.46267295e+00
3.59321809e+00
3.37007999e+00
3.51738143e+00
2.61884546e+00
2.80821776e+00
3.29329324e+00
3.45413971e+00
2.51896954e+00
2.88030291e+00
3.70300293e+00
4.07961130e+00
3.23438835e+00
2.90977550e+00
3.55854821e+00
3.43645072e+00
3.33380294e+00
3.10749626e+00
3.37877107e+00
2.98873210e+00
2.47930908e+00
3.00735688e+00
3.40181231e+00
3.86032391e+00
3.47626686e+00
3.42221284e+00
3.42297697e+00
2.93218732e+00
2.92280841e+00
3.02172780e+00
3.15780020e+00
3.25020719e+00
3.49241447e+00
2.79291391e+00
3.56394863e+00
3.75195479e+00
2.88251400e+00
3.16661453e+00
3.00175881e+00
2.91994143e+00
2.74263048e+00
2.84780383e+00
2.79667640e+00
2.80325174e+00
3.11762214e+00
2.92618871e+00
2.87890935e+00
2.77758002e+00
2.46296430e+00
2.77481031e+00
2.62022853e+00
3.26702690e+00
3.22485185e+00
2.62121272e+00
2.40240407e+00
2.65475893e+00
3.01008725e+00
3.20808697e+00
2.96853137e+00
2.68328810e+00
2.41961241e+00
2.96206427e+00
2.99275541e+00
3.31130934e+00
2.88270521e+00
3.28524208e+00
2.68419242e+00
2.77428722e+00
3.48865128e+00
2.37816381e+00
3.84757876e+00
3.73798227e+00
3.41190743e+00
3.54342628e+00
3.21392035e+00
2.98245502e+00
2.97541761e+00
3.49650788e+00
3.46613026e+00
2.91093874e+00
2.64293003e+00
3.08508754e+00
3.53634238e+00
3.77274704e+00
3.98512912e+00
3.70361471e+00
3.22729158e+00
2.68610525e+00
3.52601361e+00
3.62640476e+00
3.45846272e+00
3.30132961e+00
3.18697929e+00
3.21384788e+00
3.72873926e+00
3.05897927e+00
2.90560198e+00
3.56908846e+00
3.38001442e+00
3.52351236e+00
3.65603709e+00
3.43936992e+00
3.63897967e+00
4.19261408e+00
3.70084715e+00
3.13384438e+00
2.95397472e+00
2.93032670e+00
2.80529475e+00
3.45162821e+00
2.92188573e+00
3.20109725e+00
3.05542707e+00
2.91779065e+00
3.10599828e+00
3.23561144e+00
3.21334291e+00
3.10147166e+00
3.26264834e+00
3.22675943e+00
3.10845447e+00
2.67056370e+00
3.25600481e+00
3.68968058e+00
2.53410387e+00
2.45888138e+00
2.35395002e+00
1.47879970e+00
2.94969368e+00
2.73296714e+00
2.63770390e+00
2.53973579e+00
2.01913095e+00
2.21713471e+00
2.78501081e+00
2.33810806e+00
2.05916667e+00
2.24750257e+00
2.33004761e+00
2.08418202e+00
2.25022984e+00
1.92045641e+00
2.40077734e+00
2.59828973e+00
2.31849146e+00
2.07249904e+00
2.23333716e+00
2.76317000e+00
1.87258720e+00
2.25695562e+00
2.80722761e+00
3.18548179e+00
2.79380989e+00
2.68397164e+00
2.21160173e+00
2.89519978e+00
3.12111020e+00
3.05543089e+00
2.31766033e+00
2.74837995e+00
3.18192482e+00
3.11929727e+00
3.38347816e+00
3.08100963e+00
2.35983562e+00
3.10035181e+00
3.28819680e+00
3.40090322e+00
3.76821208e+00
3.63114882e+00
2.89712739e+00
3.18358493e+00
4.51886797e+00
4.00929356e+00
3.02489662e+00
2.95776343e+00
3.01857305e+00
3.15465689e+00
3.51139665e+00
3.63233447e+00
3.43090558e+00
3.70380974e+00
3.50042295e+00
3.57615018e+00
4.12674618e+00
3.50412607e+00
3.03666949e+00
3.04670024e+00
2.76986623e+00
3.82665634e+00
3.35888433e+00
3.58147264e+00
4.10057640e+00
3.34395289e+00
3.51143527e+00
3.55285835e+00
3.48799801e+00
3.90191650e+00
3.49194336e+00
3.34961700e+00
3.20505238e+00
3.12088966e+00
3.83520269e+00
3.83912206e+00
3.57336116e+00
3.51270628e+00
3.42449331e+00
4.07214785e+00
3.84950447e+00
3.55130243e+00
3.56090879e+00
3.43150210e+00
3.67645192e+00
3.12333107e+00
3.15332961e+00
3.78668261e+00
3.91380501e+00
3.31213903e+00
3.52084923e+00
3.50331807e+00
3.61574769e+00
3.80136561e+00
3.72152328e+00
3.58432055e+00
3.18362474e+00
3.31245732e+00
3.31211257e+00
3.52429867e+00
4.01340055e+00
3.33908057e+00
2.75373220e+00
3.69933558e+00
3.64520478e+00
3.39383721e+00
3.27121115e+00
3.10173559e+00
3.12241697e+00
3.37131166e+00
3.28134298e+00
3.46716118e+00
3.69124579e+00
3.26148891e+00
2.96780014e+00
3.69750595e+00
2.54284191e+00
2.73127675e+00
3.38760114e+00
3.18651247e+00
3.09266758e+00
2.70755172e+00
2.91407037e+00
3.00588465e+00
3.00178266e+00
3.08633637e+00
3.13647676e+00
2.66586494e+00
2.93954062e+00
2.53181076e+00
2.47944713e+00
2.99262309e+00
2.95843720e+00
2.61770058e+00
2.34061503e+00
1.96539986e+00
2.18839812e+00
3.06488752e+00
2.33135223e+00
2.97923017e+00
2.90277958e+00
2.79477763e+00
2.49190545e+00
2.27422929e+00
2.43442488e+00
2.21023321e+00
2.25667572e+00
2.22990847e+00
2.01898646e+00
2.07145905e+00
1.74593270e+00
1.49925792e+00
1.37871027e+00
1.48655117e+00
2.00713372e+00
2.24973869e+00
1.91766453e+00
1.80743742e+00
2.52590179e+00
2.59351707e+00
2.04397774e+00
2.24694824e+00
1.92790377e+00
2.89289355e+00
2.43535495e+00
2.58808374e+00
2.51127338e+00
2.29431629e+00
2.90470982e+00
2.75457954e+00
2.58426142e+00
2.95821571e+00
2.83886337e+00
2.48120880e+00
2.83900070e+00
2.38470531e+00
2.36477113e+00
2.55179143e+00
2.35847521e+00
2.74203706e+00
2.90753317e+00
3.05878377e+00
3.18408012e+00
2.62454677e+00
2.96743560e+00
3.54378057e+00
3.23168516e+00
3.26770473e+00
3.34296417e+00
3.21141744e+00
3.19218850e+00
3.33010817e+00
3.22156692e+00
2.94610763e+00
3.69977355e+00
3.62022209e+00
3.56128025e+00
3.52446175e+00
2.96705675e+00
3.37659144e+00
3.37476611e+00
3.37850070e+00
3.02001882e+00
3.40837646e+00
3.43767238e+00
3.30210733e+00
3.30851221e+00
3.78324914e+00
3.98443270e+00
3.40126801e+00
3.49356246e+00
3.68207455e+00
4.28981400e+00
3.73650670e+00
3.49385953e+00
3.54935837e+00
3.61032677e+00
3.33831501e+00
3.41091132e+00
3.88305688e+00
4.16176319e+00
3.59362221e+00
3.64872789e+00
3.67395425e+00
3.70938039e+00
3.88125134e+00
3.32356691e+00
3.57580066e+00
3.78104997e+00
4.12142181e+00
3.67077780e+00
3.61678433e+00
3.57950330e+00
3.26799273e+00
3.77818561e+00
3.63533592e+00
3.70413446e+00
3.93733716e+00
3.79587269e+00
3.92948866e+00
3.22871852e+00
3.62391400e+00
3.67091322e+00
3.92307138e+00
3.86967516e+00
3.66299367e+00
3.93943644e+00
3.63422537e+00
3.48638511e+00
3.18517351e+00
3.53583598e+00
4.23646545e+00
3.75056267e+00
3.99256492e+00
3.90460467e+00
3.85407639e+00
4.00587225e+00
3.96155453e+00
3.95098877e+00
3.93230009e+00
3.72001982e+00
3.75144553e+00
3.89536238e+00
3.90940642e+00
3.25304508e+00
3.40720701e+00
4.12680006e+00
3.80697298e+00
3.47425675e+00
3.90665126e+00
3.75656915e+00
4.02510977e+00
3.91142440e+00
3.79350233e+00
3.66492534e+00
3.30892515e+00
3.26977253e+00
3.25971603e+00
3.90070820e+00
4.15602827e+00
3.92636514e+00
3.65824246e+00
3.93392682e+00
3.67869973e+00
3.62042499e+00
3.32534218e+00
3.30456781e+00
3.48931694e+00
3.59743857e+00
3.86761403e+00
3.89080310e+00
3.96211743e+00
3.90590906e+00
3.44509196e+00
3.64020658e+00
4.04127932e+00
3.33791041e+00
3.30342245e+00
3.80563092e+00
3.26067901e+00
3.45355225e+00
3.63298631e+00
3.17226624e+00
3.77913213e+00
4.01541471e+00
3.72773099e+00
3.55540586e+00
3.27356291e+00
3.65863228e+00
3.48477077e+00
3.47481370e+00
3.34305835e+00
3.95185351e+00
3.39496136e+00
3.39787745e+00
3.76681304e+00
3.66353726e+00
3.11003327e+00
3.67269731e+00
3.52332616e+00
3.49066377e+00
3.44750690e+00
3.35168862e+00
3.86079574e+00
3.49314213e+00
3.63404655e+00
3.64984155e+00
3.51586914e+00
3.51620007e+00
3.47399497e+00
3.30577350e+00
3.40761495e+00
3.09630013e+00
3.43758440e+00
3.48836374e+00
3.17277932e+00
2.96024561e+00
3.29763722e+00
3.16752791e+00
2.85318637e+00
3.14703918e+00
3.30102611e+00
3.21726942e+00
2.66986060e+00
3.09973574e+00
3.26152205e+00
3.45436549e+00
3.53702950e+00
2.81481385e+00
2.75153327e+00
2.68423319e+00
2.94259334e+00
3.05125594e+00
3.23096442e+00
3.43912482e+00
2.98369837e+00
3.10445166e+00
3.07638454e+00
2.84304476e+00
2.97481966e+00
2.67227268e+00
2.83022547e+00
3.06524754e+00
3.09374452e+00
2.98682117e+00
3.26280594e+00
2.90371466e+00
2.82028413e+00
3.09474874e+00
2.99833250e+00
2.69089222e+00
2.72788358e+00
3.04297066e+00
2.52381873e+00
2.30778408e+00
2.49435902e+00
2.66766834e+00
2.59238005e+00
1.94662726e+00
2.37198567e+00
2.28938484e+00
2.30479288e+00
2.44944429e+00
2.61427140e+00
2.48397636e+00
2.51788425e+00
1.95899987e+00
1.62255001e+00
1.85449564e+00
2.01299214e+00
1.97659111e+00
1.61599755e+00
1.90131283e+00
1.78288341e+00
1.92700028e+00
1.83804417e+00
1.50163805e+00
1.40518570e+00
1.32250929e+00
1.41157043e+00
1.34141469e+00
1.22178519e+00
2.13940930e+00
2.18186903e+00
1.85115469e+00
1.65546334e+00
1.64429772e+00
2.00267673e+00
1.66276407e+00
2.17795706e+00
2.75316405e+00
2.41845679e+00
2.27725244e+00
2.40483999e+00
2.04189754e+00
2.14863777e+00
2.00792336e+00
2.32138443e+00
2.23953032e+00
2.41945148e+00
2.40439487e+00
2.29257488e+00
2.33013868e+00
2.54412413e+00
2.69393682e+00
2.60986948e+00
2.94162083e+00
2.77501106e+00
2.82801247e+00
2.57937813e+00
2.55855393e+00
2.67107844e+00
2.89015007e+00
3.46046758e+00
3.06212926e+00
2.78438234e+00
2.93423367e+00
2.83080840e+00
2.74019742e+00
2.77797031e+00
2.89723158e+00
3.01642013e+00
3.03388071e+00
2.92422056e+00
2.80013394e+00
2.91553354e+00
3.22147846e+00
3.48484302e+00
3.06373286e+00
2.59606624e+00
3.07105684e+00
3.32301545e+00
2.79759359e+00
3.18643689e+00
3.25239491e+00
2.94888544e+00
3.09088135e+00
3.18249726e+00
3.17816877e+00
3.17453051e+00
2.82177234e+00
2.92594171e+00
3.01942611e+00
3.03875422e+00
2.54870820e+00
3.14769673e+00
3.24311137e+00
2.66005063e+00
3.26224399e+00
2.97252321e+00
3.26684713e+00
3.25839281e+00
2.97324634e+00
3.11966610e+00
2.94983363e+00
3.24835038e+00
3.49232507e+00
3.31526613e+00
2.98320675e+00
2.98742032e+00
3.32014537e+00
3.81471419e+00
3.16297269e+00
3.04588675e+00
3.22593093e+00
3.53957224e+00
3.10762477e+00
3.18594098e+00
2.80126762e+00
2.82071543e+00
3.44898915e+00
3.35403967e+00
3.34292293e+00
3.42433429e+00
3.33303213e+00
3.14148092e+00
3.21992564e+00
2.93371892e+00
3.29641151e+00
3.12429070e+00
3.14588642e+00
3.10251403e+00
3.16527867e+00
3.49822474e+00
3.23336792e+00
3.55660319e+00
2.70395446e+00
3.03866339e+00
3.29832482e+00
3.19861960e+00
3.25011587e+00
3.54968333e+00
3.49734592e+00
3.38112330e+00
3.24169207e+00
3.30246186e+00
3.50777936e+00
3.36262965e+00
3.34053946e+00
3.53094959e+00
3.63109422e+00
3.37082672e+00
3.57210279e+00
3.54127455e+00
3.19020438e+00
3.07344580e+00
3.09022212e+00
2.89381766e+00
3.33779335e+00
3.40660024e+00
3.16896749e+00
3.11899781e+00
2.91019011e+00
3.16017175e+00
3.15036297e+00
3.12436986e+00
3.48390079e+00
3.55144811e+00
3.57416630e+00
3.38542700e+00
3.04816556e+00
2.99148798e+00
2.80350041e+00
3.29258871e+00
3.14293909e+00
2.96407676e+00
3.15386319e+00
3.57537532e+00
3.40419292e+00
3.35017776e+00
3.39284945e+00
3.21417546e+00
3.37686181e+00
3.51989460e+00
3.19942737e+00
2.95591545e+00
3.13911152e+00
3.43491340e+00
3.79983020e+00
3.18223476e+00
2.81332135e+00
2.81932974e+00
2.95130563e+00
3.18697572e+00
3.34489036e+00
3.18549800e+00
3.06553221e+00
3.06841469e+00
3.12191486e+00
3.16881680e+00
3.41244054e+00
3.46371746e+00
3.30941749e+00
3.11449337e+00
3.07425237e+00
3.30254388e+00
3.34603214e+00
3.18277073e+00
3.64554954e+00
3.40198278e+00
2.99263263e+00
3.38136077e+00
2.83363008e+00
3.30648875e+00
3.23478246e+00
3.57174826e+00
3.28693509e+00
3.23443580e+00
3.34614277e+00
3.12749696e+00
3.50058675e+00
2.87571287e+00
2.70750570e+00
3.34149551e+00
3.10643363e+00
3.35945225e+00
3.24180913e+00
3.28785205e+00
3.34456491e+00
3.32584000e+00
3.09113002e+00
3.42269874e+00
3.37242961e+00
3.25557733e+00
3.17018700e+00
3.06871653e+00
2.75124288e+00
3.24761176e+00
3.35206008e+00
2.95911431e+00
2.84532475e+00
3.28912830e+00
3.30735970e+00
2.91839623e+00
3.34407878e+00
3.14454126e+00
2.97213197e+00
3.60407591e+00
3.17901468e+00
3.01986909e+00
3.16786313e+00
3.08876801e+00
2.91431355e+00
3.44681621e+00
3.11203766e+00
3.31534266e+00
3.52769113e+00
2.92605376e+00
3.11427712e+00
3.54366612e+00
3.19634223e+00
3.10203981e+00
3.20995593e+00
3.38390279e+00
3.31967425e+00
3.51634026e+00
3.15308857e+00
3.17012382e+00
3.37185884e+00
3.27654243e+00
3.14473367e+00
3.36895919e+00
3.00725222e+00
3.05925632e+00
3.05795503e+00
3.27510190e+00
3.18030691e+00
3.19304419e+00
3.43094611e+00
3.08596039e+00
3.23583436e+00
3.02663851e+00
3.07106781e+00
3.27496433e+00
3.23150969e+00
2.87884450e+00
3.13514137e+00
2.90534210e+00
3.17231178e+00
3.34587431e+00
2.98097992e+00
3.22052741e+00
3.29118443e+00
3.23669887e+00
3.05791521e+00
3.13489389e+00
3.19507480e+00
2.90185690e+00
2.91764379e+00
2.95760870e+00
3.21776605e+00
3.09333396e+00
2.54089332e+00
3.25553513e+00
3.06964374e+00
3.18749094e+00
3.33242774e+00
3.02744436e+00
3.08731771e+00
2.64594769e+00
2.58491778e+00
3.06132412e+00
2.88849044e+00
2.80156398e+00
3.00440884e+00
2.98504591e+00
3.36719537e+00
3.15395975e+00
3.24043489e+00
3.11556625e+00
2.69425631e+00
2.63200355e+00
3.16298890e+00
3.01093006e+00
2.68596888e+00
2.93523216e+00
3.04846644e+00
3.00370693e+00
3.18315744e+00
3.03303027e+00
3.08090997e+00
3.23116136e+00
3.21976542e+00
3.05078149e+00
3.01391912e+00
2.81492233e+00
2.85128236e+00
3.08729696e+00
2.93730307e+00
2.97554970e+00
3.03905320e+00
2.73829365e+00
3.12879133e+00
3.22545838e+00
2.58230805e+00
2.82568884e+00
2.96779776e+00
3.22346663e+00
3.08664441e+00
2.93550324e+00
3.21511841e+00
2.85101819e+00
3.13697910e+00
3.33618355e+00
2.92158723e+00
2.78912687e+00
2.93264484e+00
2.87011337e+00
2.36003971e+00
2.80537248e+00
3.36346674e+00
3.10290718e+00
2.82424760e+00
2.57658291e+00
2.68458772e+00
3.20910430e+00
3.27302384e+00
2.95590281e+00
3.33439493e+00
3.06647754e+00
3.12782192e+00
3.05926681e+00
3.02116370e+00
2.84095955e+00
2.71066999e+00
3.15447760e+00
2.82699800e+00
2.92092490e+00
3.11122704e+00
2.76431179e+00
2.59581423e+00
2.91000509e+00
2.71712184e+00
2.62005067e+00
2.94858456e+00
3.06182313e+00
2.66100860e+00
2.87111735e+00
2.54699802e+00
2.54004979e+00
2.89630532e+00
2.88233781e+00
3.01110315e+00
3.11982226e+00
3.02360845e+00
2.79683971e+00
2.62110996e+00
2.68394423e+00
2.84135699e+00
2.91550565e+00
2.60264492e+00
2.95351171e+00
3.17968750e+00
3.01776814e+00
2.84337592e+00
2.71421146e+00
2.77083468e+00
2.43523192e+00
2.52249193e+00
3.01022911e+00
2.62712550e+00
2.54880309e+00
2.73240948e+00
2.45137525e+00
2.69586110e+00
3.05565953e+00
2.47556734e+00
2.84733868e+00
2.66307616e+00
2.70518899e+00
2.88970566e+00
2.82615972e+00
2.72304296e+00
3.42293644e+00
2.90195632e+00
2.67349625e+00
3.00845957e+00
2.97131371e+00
2.86579704e+00
2.80597949e+00
2.82463288e+00
2.78252435e+00
2.68898082e+00
2.65967417e+00
2.78065538e+00
2.83267951e+00
3.14500403e+00
2.61455750e+00
2.47549462e+00
2.66537929e+00
2.39174938e+00
2.82837558e+00
2.82381439e+00
2.37356949e+00
2.57399058e+00
3.08574605e+00
2.59013772e+00
2.94446230e+00
2.32110643e+00
2.36632228e+00
2.83206844e+00
2.61313176e+00
2.52564120e+00
2.35273838e+00
2.86267328e+00
2.70987415e+00
2.45390701e+00
2.42290258e+00
2.53581452e+00
2.54721737e+00
2.57124472e+00
2.51322341e+00
2.46759987e+00
2.31634808e+00
2.51250744e+00
2.22749591e+00
2.63706875e+00
2.50249004e+00
2.09624267e+00
2.58825159e+00
2.46905088e+00
2.25020146e+00
2.27339053e+00
2.23353744e+00
2.59896994e+00
2.62041616e+00
2.43366814e+00
2.39681149e+00
2.37121964e+00
2.32788539e+00
2.33049130e+00
2.45987701e+00
2.13470411e+00
2.16328025e+00
2.24149203e+00
2.16000843e+00
2.19165707e+00
2.44744968e+00
2.39150238e+00
1.77949679e+00
1.85414195e+00
1.94066286e+00
2.15278316e+00
1.95500898e+00
1.88638878e+00
2.19275856e+00
2.10115433e+00
2.03030038e+00
1.77163279e+00
1.55475843e+00
1.78581583e+00
1.75316989e+00
2.19791102e+00
2.48794842e+00
1.97462070e+00
1.70322955e+00
1.83465564e+00
1.86460960e+00
1.66100526e+00
1.55937910e+00
1.62646532e+00
1.62000608e+00
1.62140441e+00
1.42575526e+00
1.22081769e+00
1.27541649e+00
1.60565233e+00
1.44727516e+00
1.57213378e+00
1.56997693e+00
1.36280537e+00
1.65660048e+00
1.46000171e+00
1.13851058e+00
1.64175534e+00
1.59619510e+00
1.42839015e+00
1.63203645e+00
1.81903124e+00
1.83867478e+00
2.06805587e+00
1.69437158e+00
1.84385645e+00
1.86099374e+00
1.63650846e+00
1.66314721e+00
2.08798838e+00
1.86514664e+00
2.02248383e+00
2.10872674e+00
1.97454500e+00
2.01841235e+00
1.72121644e+00
1.88937843e+00
1.83633888e+00
1.88974273e+00
1.98177266e+00
1.84274650e+00
2.22362185e+00
1.57776666e+00
1.86911094e+00
1.94292068e+00
2.01628757e+00
2.25617361e+00
2.19297171e+00
1.81073546e+00
1.94151890e+00
2.28709364e+00
2.33993006e+00
2.20966434e+00
2.25713229e+00
1.97822297e+00
2.19584632e+00
2.47700691e+00
2.14843798e+00
2.06128836e+00
2.06520367e+00
2.21113157e+00
2.06303453e+00
2.32058525e+00
2.47666049e+00
2.19284940e+00
2.21409178e+00
2.58217072e+00
2.73147750e+00
2.65228438e+00
2.52500176e+00
2.64639592e+00
2.28152370e+00
2.30106091e+00
2.62571263e+00
2.73574042e+00
2.40710855e+00
2.41292882e+00
2.31334233e+00
2.20241618e+00
2.56930804e+00
2.60597873e+00
2.42519927e+00
2.33311439e+00
2.70569038e+00
2.36139321e+00
2.34886861e+00
2.54021716e+00
2.51500678e+00
2.56345820e+00
2.44236660e+00
2.10160661e+00
2.36332583e+00
2.58385086e+00
2.39733410e+00
2.18678451e+00
2.24735880e+00
2.68360209e+00
2.53652287e+00
2.37255859e+00
2.50165939e+00
2.32631874e+00
2.34782672e+00
2.51393938e+00
2.32907104e+00
2.24508142e+00
2.37750077e+00
2.40244794e+00
2.48576069e+00
2.60062742e+00
2.53693295e+00
2.53842068e+00
2.51459026e+00
2.31645989e+00
2.37729716e+00
2.46936893e+00
2.52294493e+00
2.40274596e+00
2.47286320e+00
2.55629706e+00
2.30856967e+00
2.66512036e+00
2.27740765e+00
2.30157375e+00
2.42692184e+00
2.39171195e+00
2.77881289e+00
2.58435249e+00
2.58435440e+00
2.45232701e+00
2.43973422e+00
2.31719184e+00
2.70121574e+00
2.64424706e+00
2.44882464e+00
2.35341716e+00
2.49296236e+00
2.58109546e+00
2.22670436e+00
2.39326262e+00
2.37539673e+00
2.62064123e+00
2.51625323e+00
2.36973000e+00
2.82977390e+00
2.68690753e+00
2.47755313e+00
2.25675607e+00
2.36201596e+00
2.49845195e+00
2.54117990e+00
2.59611607e+00
2.48826885e+00
2.19673967e+00
2.30003786e+00
2.61210299e+00
2.31651735e+00
2.37610292e+00
2.68625522e+00
2.60553527e+00
2.53797126e+00
2.67189312e+00
2.73159933e+00
2.57809043e+00
2.39692187e+00
2.53701091e+00
2.57957983e+00
2.67380333e+00
2.91459799e+00
2.64788485e+00
2.54135323e+00
2.45236826e+00
2.51286769e+00
2.39387965e+00
2.39454770e+00
2.30622029e+00
2.55014920e+00
2.39181042e+00
2.50909233e+00
2.83788300e+00
2.48892975e+00
2.56046438e+00
2.73902369e+00
2.49469638e+00
2.37839603e+00
2.53895497e+00
2.72078204e+00
2.56108594e+00
2.46040559e+00
2.39294100e+00
2.42486882e+00
2.49925065e+00
2.39125896e+00
2.43623638e+00
2.33407426e+00
2.36204863e+00
2.60596228e+00
2.49176717e+00
2.58561659e+00
2.49467373e+00
2.71368623e+00
2.53659320e+00
2.03239202e+00
2.34562993e+00
2.19607139e+00
2.24127674e+00
2.31870675e+00
2.29813147e+00
2.51653910e+00
2.44535780e+00
2.20627666e+00
2.78858972e+00
2.30188227e+00
2.42154312e+00
2.67771888e+00
2.29536772e+00
2.60228157e+00
2.51254773e+00
2.46506238e+00
2.45070076e+00
2.38662338e+00
2.43380785e+00
2.47865438e+00
2.44253612e+00
2.47964144e+00
2.43074608e+00
2.39907193e+00
2.53348064e+00
2.54680729e+00
2.26556730e+00
2.38012052e+00
2.53847694e+00
2.43862486e+00
2.26738405e+00
2.60121608e+00
2.59446692e+00
2.65801167e+00
2.68575501e+00
2.47261167e+00
2.42393327e+00
2.51914215e+00
2.34401703e+00
2.35575891e+00
2.48636770e+00
2.34680510e+00
2.32271004e+00
2.57174110e+00
2.71296573e+00
2.53306270e+00
2.26648951e+00
2.46707845e+00
2.60311151e+00
2.24263763e+00
2.55730629e+00
2.43428469e+00
2.39177680e+00
2.49647307e+00
2.36513090e+00
2.37562728e+00
2.40408826e+00
2.32109141e+00
2.44643855e+00
2.59010363e+00
2.36416197e+00
2.39366174e+00
2.57936835e+00
2.22527790e+00
2.36508346e+00
2.50577116e+00
2.27733660e+00
2.40035748e+00
2.64864945e+00
2.31231713e+00
2.30824828e+00
2.45580912e+00
2.26335764e+00
2.38040543e+00
2.28062558e+00
2.58153629e+00
2.56045532e+00
2.29058743e+00
2.24809122e+00
2.24756813e+00
2.67463708e+00
2.56936193e+00
2.43202853e+00
2.43396091e+00
1.98639297e+00
2.28713775e+00
2.24671173e+00
2.35538602e+00
2.37816381e+00
2.25913858e+00
2.41899371e+00
2.24478483e+00
2.34158969e+00
2.45975471e+00
2.30552936e+00
2.32229042e+00
2.66571474e+00
2.29986358e+00
2.40224218e+00
2.57618022e+00
2.35546565e+00
2.21626329e+00
2.33547020e+00
2.27592993e+00
2.62246180e+00
2.42674446e+00
2.42460799e+00
2.64842749e+00
2.30954933e+00
2.34760356e+00
2.37539625e+00
2.52986050e+00
2.67795491e+00
2.42524576e+00
2.38027978e+00
2.26081967e+00
2.41923141e+00
2.57178497e+00
2.35632944e+00
2.11432624e+00
2.24356270e+00
2.52195835e+00
2.58168221e+00
2.26780295e+00
2.32184100e+00
2.41497707e+00
2.28304291e+00
2.36075497e+00
2.27005100e+00
2.40483308e+00
2.27130413e+00
2.30683041e+00
2.36822104e+00
2.14211869e+00
2.33472514e+00
2.27007103e+00
2.43006301e+00
2.44719982e+00
2.30623174e+00
2.65422153e+00
2.21267486e+00
2.51140833e+00
2.69994926e+00
2.35201645e+00
2.10183167e+00
2.55551553e+00
2.31941605e+00
2.55257845e+00
2.37353706e+00
2.09581041e+00
2.32069588e+00
2.25586343e+00
2.26148415e+00
2.15569425e+00
2.01299167e+00
2.09306598e+00
2.10039973e+00
2.09292459e+00
2.07027054e+00
2.26965833e+00
2.25473166e+00
2.24151206e+00
2.34304738e+00
2.16635466e+00
2.16867590e+00
1.98197401e+00
2.32501745e+00
2.29810119e+00
1.76512337e+00
1.96344376e+00
2.02425933e+00
2.23396039e+00
2.36407161e+00
2.42891359e+00
2.25366068e+00
2.24044704e+00
2.39526272e+00
2.35667753e+00
2.09644723e+00
2.18830419e+00
2.20261741e+00
2.27250409e+00
2.35638404e+00
2.22609830e+00
2.16129327e+00
2.13198948e+00
2.18984270e+00
2.27249193e+00
2.41907644e+00
2.22274876e+00
1.92630613e+00
2.07745552e+00
2.32550216e+00
1.92352068e+00
2.24460840e+00
2.27781868e+00
2.08098269e+00
2.35175443e+00
2.54548192e+00
2.19172096e+00
2.30060768e+00
2.25080180e+00
2.30083942e+00
2.29764748e+00
2.22068954e+00
2.40018487e+00
2.34491944e+00
2.16552091e+00
2.12325144e+00
2.13453388e+00
2.28732920e+00
2.42222261e+00
2.38755298e+00
2.19317126e+00
2.16970992e+00
2.26664114e+00
2.11769390e+00
1.81555665e+00
2.24144173e+00
2.28211117e+00
2.04426169e+00
1.98946130e+00
2.12717366e+00
2.19556260e+00
1.98241162e+00
2.13552237e+00
2.18085074e+00
2.09110618e+00
2.30558705e+00
2.21508455e+00
2.25990462e+00
2.29891920e+00
2.29170895e+00
2.16751170e+00
1.95013857e+00
1.84930456e+00
2.05251193e+00
2.19391394e+00
2.27117896e+00
2.24018216e+00
2.29681349e+00
2.23019361e+00
1.92137635e+00
2.24927950e+00
2.27669144e+00
2.05821109e+00
2.19566989e+00
2.38800097e+00
2.21607399e+00
2.10750699e+00
2.25591469e+00
2.35856366e+00
2.32205439e+00
2.09860730e+00
2.09644175e+00
2.59174252e+00
2.18852329e+00
1.87734997e+00
2.33048630e+00
2.25926399e+00
2.04459810e+00
1.90450358e+00
2.03573394e+00
2.17891717e+00
2.14036870e+00
2.17631388e+00
2.01392817e+00
2.05633855e+00
2.18489790e+00
2.14214778e+00
2.20649862e+00
2.23500371e+00
2.11193919e+00
1.97561455e+00
1.97519267e+00
1.97846782e+00
2.20085502e+00
2.41280007e+00
2.30339718e+00
2.43722391e+00
2.26934624e+00
2.02874088e+00
2.11585355e+00
2.26997256e+00
2.42497444e+00
2.30532908e+00
2.10050273e+00
2.05030870e+00
2.32657313e+00
2.19103193e+00
1.89729309e+00
1.93831623e+00
2.18902493e+00
2.24808002e+00
1.82491791e+00
1.96567917e+00
2.24228239e+00
1.96004593e+00
1.80192399e+00
2.15833735e+00
2.20681024e+00
2.02942157e+00
2.52095175e+00
2.05990624e+00
1.85184932e+00
1.86216593e+00
1.84864604e+00
2.07321239e+00
2.10301399e+00
2.26689911e+00
2.07490897e+00
2.09176564e+00
2.16819453e+00
1.98222423e+00
1.96189189e+00
2.33649373e+00
2.10322428e+00
1.95522583e+00
2.01974320e+00
2.00339270e+00
1.98195422e+00
2.46671319e+00
2.43736053e+00
2.04657960e+00
1.81800401e+00
1.91224575e+00
2.24792981e+00
2.03113580e+00
1.97517443e+00
2.11586976e+00
2.20350814e+00
2.13331485e+00
2.15524077e+00
1.73429859e+00
1.88406050e+00
2.27909899e+00
2.12440634e+00
2.06363368e+00
1.76508856e+00
1.89230311e+00
2.18646884e+00
2.19284606e+00
1.94680870e+00
2.00633264e+00
1.83456755e+00
2.10304952e+00
2.00811195e+00
1.95662618e+00
2.27583933e+00
1.99699306e+00
1.79851484e+00
2.05824900e+00
2.19945502e+00
2.09673238e+00
2.28352976e+00
2.28225470e+00
2.10855246e+00
2.18350053e+00
1.85209143e+00
1.83721876e+00
2.13749814e+00
1.95379853e+00
1.82987368e+00
1.99155807e+00
2.12683415e+00
1.94180167e+00
1.69998825e+00
1.89235437e+00
1.87874043e+00
1.66134226e+00
1.97811913e+00
2.00016379e+00
1.79031050e+00
2.19917083e+00
2.05709553e+00
1.99098980e+00
1.94385815e+00
1.78379607e+00
1.73515952e+00
2.08810949e+00
2.24138737e+00
2.01370859e+00
1.99549329e+00
1.93168569e+00
1.90479994e+00
1.99460030e+00
1.87283921e+00
2.18856359e+00
1.88224339e+00
1.57766831e+00
2.05296564e+00
1.95375621e+00
2.00236559e+00
1.88181818e+00
1.90831733e+00
2.03779268e+00
1.67143965e+00
1.72233534e+00
1.92645955e+00
1.82931006e+00
1.70971525e+00
1.96486652e+00
1.99630773e+00
2.02972436e+00
2.08732176e+00
2.79083991e+00
2.59785104e+00
1.45631778e+00
9.62606192e-01
2.52349758e+00
2.21182084e+00
1.83347034e+00
2.06409597e+00
2.06881046e+00
1.90354288e+00
1.87218642e+00
2.05128288e+00
1.86467493e+00
1.82765472e+00
2.01149559e+00
2.10360575e+00
2.01213217e+00
1.99568272e+00
1.95309830e+00
1.84069681e+00
1.69033802e+00
1.74148655e+00
1.91497564e+00
1.60519862e+00
1.86641967e+00
1.93850970e+00
2.04099369e+00
2.06923580e+00
1.84720480e+00
1.91953588e+00
2.02433085e+00
1.93017423e+00
1.89569771e+00
1.87676716e+00
1.62179780e+00
1.86236262e+00
1.95642054e+00
2.00180483e+00
2.12385964e+00
1.94784594e+00
1.76731479e+00
2.30594897e+00
1.83093524e+00
1.69685900e+00
2.05576992e+00
2.09578180e+00
1.95501900e+00
1.96524215e+00
1.71995687e+00
2.04654574e+00
2.15740776e+00
1.78463829e+00
2.07890916e+00
1.93666232e+00
1.96084285e+00
2.10281229e+00
1.95653975e+00
1.81006122e+00
2.05884814e+00
2.09290767e+00
2.22224832e+00
1.92905354e+00
1.62015748e+00
1.75612533e+00
1.81551325e+00
2.04100561e+00
2.03899860e+00
1.72086310e+00
1.68159115e+00
1.86547828e+00
2.01847267e+00
1.97529531e+00
2.20381522e+00
2.17615628e+00
1.94841707e+00
2.04107118e+00
1.94025075e+00
1.66747892e+00
1.85595548e+00
1.83748114e+00
1.61775815e+00
1.72315204e+00
1.77715373e+00
1.77209008e+00
1.94623041e+00
1.96903992e+00
1.78757036e+00
1.92832196e+00
2.11293387e+00
1.74011028e+00
2.05750775e+00
2.00071263e+00
1.92625260e+00
2.03878903e+00
1.65334594e+00
1.80098879e+00
1.91758823e+00
1.98710001e+00
2.03713250e+00
1.98441100e+00
1.92384183e+00
2.02807808e+00
1.47742033e+00
1.65865290e+00
2.03160763e+00
1.96663046e+00
1.91270077e+00
1.73809695e+00
1.73334908e+00
1.88184083e+00
1.89456201e+00
1.86167562e+00
2.11848545e+00
1.82514095e+00
1.63834202e+00
1.82698214e+00
1.97550285e+00
1.60234082e+00
1.80799901e+00
1.77413201e+00
1.79926932e+00
1.79362619e+00
1.74736583e+00
1.91545594e+00
2.08867097e+00
1.88170660e+00
1.76540744e+00
1.60185778e+00
1.77817380e+00
1.80697262e+00
1.69076657e+00
1.83799851e+00
1.75340366e+00
1.63299119e+00
1.59301591e+00
1.60316885e+00
1.94020104e+00
1.82158697e+00
1.80456626e+00
2.00470591e+00
1.93651402e+00
1.67939532e+00
2.01360464e+00
1.91672218e+00
1.86168826e+00
1.72805405e+00
1.78178799e+00
1.99080491e+00
1.52649510e+00
1.90613687e+00
1.97434556e+00
1.73172021e+00
1.72040451e+00
1.77145195e+00
1.87440264e+00
1.89790535e+00
1.95995879e+00
1.82919240e+00
1.80024707e+00
1.81042874e+00
1.62913704e+00
1.84464467e+00
1.61477876e+00
1.72389436e+00
1.97129631e+00
1.90330994e+00
1.46946990e+00
1.59176588e+00
1.62846541e+00
1.51138866e+00
1.58669686e+00
1.56273091e+00
1.80147457e+00
1.42699873e+00
1.82308352e+00
1.90577221e+00
1.70672631e+00
1.69900084e+00
1.88672388e+00
1.76166880e+00
1.90555668e+00
1.84089386e+00
1.66087389e+00
1.76543391e+00
1.67896807e+00
1.83649194e+00
1.39867735e+00
1.21953368e+00
1.59685707e+00
1.70964193e+00
1.45599782e+00
1.74495471e+00
1.51986456e+00
1.63325465e+00
1.84745371e+00
1.40333474e+00
1.95996320e+00
1.52433395e+00
1.79888761e+00
1.90173852e+00
1.67372680e+00
1.76897359e+00
1.47147155e+00
1.94522834e+00
1.86388016e+00
1.52035570e+00
1.44210017e+00
1.68753564e+00
1.32518673e+00
1.63992047e+00
1.71140194e+00
1.74195027e+00
1.81085932e+00
1.62124968e+00
1.89306200e+00
1.55682290e+00
1.59981501e+00
1.55079925e+00
1.53447175e+00
1.63636148e+00
1.62218297e+00
1.73046243e+00
1.80060053e+00
1.82103944e+00
1.76226234e+00
1.87316918e+00
2.02538204e+00
2.05839992e+00
1.61656535e+00
1.58627975e+00
1.78844965e+00
1.83068824e+00
1.62650955e+00
1.43490827e+00
1.47022760e+00
1.69522226e+00
1.74138033e+00
1.70227194e+00
1.58504689e+00
8.88812780e-01
1.25668693e+00
1.78841126e+00
1.74765801e+00
1.42522621e+00
1.51272047e+00
1.67551148e+00
1.39306688e+00
1.70399618e+00
2.12652850e+00
1.73488116e+00
2.03517318e+00
1.55701351e+00
1.79751074e+00
1.66266239e+00
1.37689078e+00
1.79449296e+00
1.78904438e+00
1.77694011e+00
1.89694762e+00
1.84706354e+00
1.84554636e+00
1.89454675e+00
1.27225995e+00
1.49800611e+00
1.81927979e+00
1.72391200e+00
1.75803721e+00
1.91563666e+00
1.47727704e+00
1.34742904e+00
1.48495364e+00
1.66472304e+00
1.71640921e+00
2.01268363e+00
1.75202668e+00
1.72427225e+00
1.66522074e+00
1.76628149e+00
1.68287587e+00
1.57571721e+00
1.78152275e+00
1.67477322e+00
1.80934381e+00
1.81655896e+00
1.57050824e+00
1.73276830e+00
2.06229806e+00
1.62395179e+00
1.46249402e+00
1.66860998e+00
1.67743421e+00
1.64221025e+00
1.80385184e+00
1.70463467e+00
1.93363714e+00
1.99277151e+00
1.77885890e+00
1.62107635e+00
1.48769033e+00
1.63794780e+00
1.72480905e+00
1.66832650e+00
1.46928442e+00
1.66972041e+00
1.76685739e+00
1.63728249e+00
1.73819697e+00
1.74394095e+00
1.62297964e+00
1.57773697e+00
1.70811903e+00
1.35063887e+00
1.66827357e+00
1.69964206e+00
1.42328429e+00
1.92507243e+00
1.91202700e+00
1.77009833e+00
1.89370215e+00
1.62628722e+00
1.36886370e+00
1.55585670e+00
1.46523452e+00
2.01895261e+00
1.84298038e+00
1.92267752e+00
2.18498898e+00
1.80380225e+00
1.66439104e+00
1.70239270e+00
1.87386382e+00
1.63108540e+00
1.60125077e+00
1.82177877e+00
1.51591921e+00
1.47469199e+00
1.83096039e+00
1.70629323e+00
1.38774037e+00
1.64178312e+00
1.50615251e+00
1.66484892e+00
1.66127050e+00
1.48716402e+00
1.39789283e+00
1.49129009e+00
1.70424843e+00
1.39027143e+00
1.44992733e+00
1.71866035e+00
1.71327484e+00
1.68137610e+00
1.20594299e+00
1.74763381e+00
1.48583210e+00
1.30348408e+00
1.60931170e+00
1.76201665e+00
1.63933361e+00
1.43128252e+00
1.63211930e+00
1.58109140e+00
1.43274868e+00
1.60696065e+00
1.44569147e+00
1.86141038e+00
1.54960620e+00
1.46621609e+00
1.71666384e+00
1.46409070e+00
1.45442653e+00
1.75767088e+00
1.86921322e+00
1.78122413e+00
1.49538600e+00
1.20851207e+00
1.73189926e+00
1.54912126e+00
1.55247045e+00
1.87345743e+00
1.83649874e+00
1.34313416e+00
1.48954940e+00
1.32812858e+00
1.50610125e+00
1.76382613e+00
1.68500769e+00
1.43323743e+00
1.79667807e+00
1.74678862e+00
1.74881136e+00
1.43681908e+00
1.32219219e+00
1.96908784e+00
1.83204079e+00
1.47777581e+00
1.28027415e+00
1.33773267e+00
1.55520952e+00
1.81943798e+00
1.55814993e+00
1.59409130e+00
1.55248487e+00
1.62540972e+00
1.65353847e+00
1.32205474e+00
1.47978139e+00
1.60292768e+00
1.64204776e+00
1.57766914e+00
1.59361219e+00
1.71819234e+00
1.63351011e+00
1.50854206e+00
1.67879581e+00
1.68614614e+00
1.43662751e+00
1.44565833e+00
1.62929499e+00
1.71996558e+00
1.62080741e+00
1.46548235e+00
1.40286458e+00
1.68982840e+00
1.61866474e+00
1.45669580e+00
1.37929797e+00
1.57574451e+00
1.54093790e+00
1.48027050e+00
1.67768705e+00
1.74142015e+00
1.23703372e+00
1.00000000e+00
1.37695217e+00
1.22997940e+00
1.53165221e+00
1.37559032e+00
1.48361683e+00
1.62204540e+00
1.54184008e+00
1.40138793e+00
1.19772232e+00
1.24262655e+00
1.31404924e+00
1.25289321e+00
1.45022964e+00
1.64502656e+00
1.18960845e+00
1.39347756e+00
1.49520707e+00
1.42708361e+00
1.20791602e+00
1.36464000e+00
1.62470222e+00
1.47303462e+00
1.42100918e+00
1.56832922e+00
1.66268015e+00
1.37822151e+00
1.41464984e+00
1.65543425e+00
1.55955422e+00
1.50782216e+00
1.52234519e+00
1.72329378e+00
1.06066406e+00
1.40331709e+00
1.39153326e+00
1.30743206e+00
1.37665963e+00
1.37079442e+00
1.80305278e+00
1.79354870e+00
1.62255514e+00
1.40106809e+00
1.23198557e+00
1.21982539e+00
1.72933340e+00
1.32116938e+00
1.22496176e+00
1.41896319e+00
1.58871257e+00
1.46440732e+00
1.39896870e+00
1.46885371e+00
1.36867595e+00
1.35895061e+00
1.65990317e+00
1.70008767e+00
1.69125366e+00
1.39885521e+00
1.40153420e+00
1.22611034e+00
1.13737047e+00
1.48177588e+00
1.55445707e+00
1.15906012e+00
1.30756032e+00
1.51209557e+00
1.52484035e+00
1.38734758e+00
1.64783573e+00
1.19023848e+00
1.30835247e+00
1.53470170e+00
1.42448390e+00
1.47096086e+00
1.26235116e+00
1.40303695e+00
1.37875104e+00
1.22391438e+00
1.35562909e+00
1.30886281e+00
1.42684329e+00
1.77864444e+00
1.63639212e+00
1.45272446e+00
1.46013725e+00
1.62920916e+00
1.41841602e+00
1.75297153e+00
1.51734066e+00
1.08217525e+00
1.26368630e+00
1.59977162e+00
1.31917679e+00
1.55315208e+00
1.64031446e+00
1.22408736e+00
9.94414866e-01
1.46992409e+00
1.51379669e+00
1.26199830e+00
5.67716539e-01
1.04927957e+00
1.78880394e+00
1.71380866e+00
1.66138077e+00
1.13410997e+00
1.18745697e+00
1.28661954e+00
1.26600981e+00
1.57200694e+00
1.38505721e+00
1.35477519e+00
1.44400489e+00
1.48967302e+00
1.33838332e+00
1.30019057e+00
1.52030623e+00
1.21192503e+00
1.43849063e+00
1.51756871e+00
1.25270820e+00
1.34365427e+00
1.39730799e+00
1.63586652e+00
1.53940880e+00
1.41239190e+00
1.46678388e+00
1.33214855e+00
1.34915793e+00
1.42960763e+00
1.27413547e+00
1.14499354e+00
1.32379067e+00
1.49067760e+00
1.56262565e+00
1.25730467e+00
1.34965026e+00
1.46981502e+00
1.19096017e+00
1.38935339e+00
1.39053011e+00
1.12360752e+00
1.24411976e+00
1.20484257e+00
1.15524733e+00
1.66922939e+00
1.29683959e+00
1.48401463e+00
1.40260267e+00
1.41262209e+00
1.39626181e+00
1.06955934e+00
1.49780405e+00
1.24935651e+00
1.40006673e+00
1.35289943e+00
1.24780262e+00
1.33541310e+00
1.40406525e+00
1.30141938e+00
1.28446639e+00
1.33078539e+00
1.26045656e+00
1.10964477e+00
1.38680828e+00
1.34030068e+00
1.30390954e+00
1.28960431e+00
1.23992705e+00
1.35235739e+00
1.18542600e+00
1.33871889e+00
1.54240918e+00
1.37921882e+00
1.34003675e+00
1.53575146e+00
1.42857981e+00
1.32920265e+00
1.20849442e+00
1.07071531e+00
1.38236570e+00
1.52406001e+00
1.30173826e+00
1.27923512e+00
1.09853375e+00
1.23007929e+00
1.31743574e+00
1.13462758e+00
1.52170765e+00
1.34094822e+00
1.06603861e+00
1.22875988e+00
1.43681622e+00
1.48854256e+00
1.41655195e+00
1.28415275e+00
1.53180718e+00
1.58585846e+00
1.28900146e+00
1.26623762e+00
1.25513268e+00
1.15746021e+00
1.32308376e+00
1.36974847e+00
1.17491627e+00
1.07704222e+00
1.34876323e+00
1.22961414e+00
1.21811664e+00
1.28937387e+00
1.23749518e+00
1.14208281e+00
1.63446760e+00
1.31683743e+00
1.18891120e+00
1.29193854e+00
1.25478148e+00
1.31366396e+00
1.28458381e+00
1.23553514e+00
1.06644201e+00
9.26357388e-01
1.15331817e+00
9.94685471e-01
1.20150065e+00
1.15940738e+00
1.19233441e+00
1.20375347e+00
1.25455999e+00
1.34505260e+00
1.33995974e+00
1.15761125e+00
6.86346710e-01
8.61924946e-01
1.35106063e+00
9.65138614e-01
1.07272112e+00
1.53267729e+00
1.37603998e+00
1.14521396e+00
1.29288924e+00
1.33102560e+00
1.02174330e+00
1.12325704e+00
1.11774063e+00
9.91722703e-01
8.90696526e-01
1.04886258e+00
1.01040494e+00
1.23696971e+00
1.20565712e+00
1.01746309e+00
9.89034295e-01
1.16027761e+00
1.15658355e+00
1.37264752e+00
1.19380760e+00
1.06245232e+00
1.10917032e+00
9.74247277e-01
1.00352335e+00
8.40634108e-01
1.05147243e+00
1.14613664e+00
1.02601123e+00
1.10961676e+00
1.15843117e+00
1.05794203e+00
7.85395741e-01
6.42422199e-01
7.57371366e-01
9.87521589e-01
1.06538177e+00
4.82132226e-01
8.39694142e-01
1.25637722e+00
9.53170240e-01
8.01201642e-01
1.02045715e+00
7.89071441e-01
7.81687319e-01
9.49032068e-01
8.37223709e-01
8.42971623e-01
7.37776458e-01
9.92465615e-01
9.50284481e-01
1.06508279e+00
1.02561712e+00
9.85972703e-01
1.13391948e+00
8.35452259e-01
1.00904381e+00
1.21343088e+00
9.57826912e-01
8.75152409e-01
1.17643249e+00
1.00698173e+00
7.65755475e-01
9.07956839e-01
1.05439162e+00
1.09691525e+00
7.59529650e-01
1.01060426e+00
1.17977798e+00
1.16203117e+00
1.19868076e+00
1.27853823e+00
1.36871564e+00
1.07658648e+00
9.69829917e-01
1.07866132e+00
1.12884688e+00
1.14669561e+00
1.04833043e+00
9.22797382e-01
1.30710661e+00
1.30703926e+00
1.15700245e+00
1.26981127e+00
1.22174001e+00
1.19001508e+00
1.10873890e+00
1.32408059e+00
1.33586574e+00
1.07300091e+00
1.09608579e+00
1.04986918e+00
1.13089013e+00
1.28843021e+00
1.53787267e+00
1.28681993e+00
1.16070235e+00
1.00440609e+00
1.18440866e+00
1.08398032e+00
1.02764630e+00
1.29600239e+00
1.26757681e+00
1.09073341e+00
1.12419510e+00
1.09564805e+00
1.05410910e+00
1.20730627e+00
1.37241399e+00
1.21250212e+00
1.16135621e+00
1.24077499e+00
1.29848027e+00
1.16700757e+00
9.43950355e-01
1.04928887e+00
1.30977583e+00
1.28231812e+00
1.28924310e+00
1.34430003e+00
1.15636635e+00
1.14516723e+00
1.17926800e+00
1.31294167e+00
1.20632565e+00
1.10262620e+00
1.45105100e+00
1.10333395e+00
1.35525775e+00
1.20203793e+00
1.05476904e+00
1.34592271e+00
1.07262921e+00
1.22677577e+00
1.14786494e+00
1.10237563e+00
1.02350247e+00
9.76663470e-01
1.15531409e+00
1.19230032e+00
1.14345181e+00
1.23610723e+00
1.32132185e+00
1.31700826e+00
1.03916645e+00
1.03798747e+00
1.18726778e+00
1.17238235e+00
9.88752663e-01
1.22449648e+00
1.19755006e+00
1.21277130e+00
1.13922238e+00
9.74324286e-01
1.14255750e+00
1.09758794e+00
1.16783559e+00
1.16277385e+00
1.17273545e+00
1.10625601e+00
1.16310561e+00
1.11264014e+00
1.30266035e+00
1.19835138e+00
1.14299202e+00
1.22605944e+00
1.02783918e+00
1.18569434e+00
1.35710180e+00
9.75334764e-01
8.53019118e-01
1.13615382e+00
1.32632911e+00
1.14051664e+00
9.70141470e-01
1.16144741e+00
1.16587102e+00
1.21280921e+00
1.20269895e+00
1.30844307e+00
1.50278080e+00
1.14222372e+00
1.58311272e+00
1.48351097e+00
1.18478537e+00
1.16834307e+00
1.06136239e+00
1.14202046e+00
1.15262294e+00
1.08558536e+00
1.02117252e+00
1.30690897e+00
1.04386163e+00
9.05998707e-01
1.08932197e+00
1.17351377e+00
1.06921124e+00
1.07973492e+00
1.14441025e+00
1.16989744e+00
1.32082498e+00
1.15609705e+00
1.06381273e+00
1.21630859e+00
1.01721907e+00
1.01648927e+00
1.16205430e+00
1.39747524e+00
1.26929140e+00
8.64309132e-01
1.13459074e+00
1.05179513e+00
9.36614156e-01
1.07848620e+00
1.09140849e+00
6.55387878e-01
1.20214856e+00
8.95950258e-01
1.15117502e+00
1.29215312e+00
1.08611572e+00
1.14082432e+00
1.13569391e+00
1.06714690e+00
9.93186474e-01
1.07348013e+00
1.05383801e+00
1.08942163e+00
1.22883892e+00
1.13842463e+00
1.03227735e+00
1.14058232e+00
1.10904825e+00
8.17171514e-01
1.01379943e+00
1.03880095e+00
9.23868835e-01
1.14255583e+00
1.25105822e+00
8.45427394e-01
9.94487941e-01
1.30735552e+00
1.00760603e+00
1.02832806e+00
1.29552233e+00
1.05896676e+00
1.36480093e+00
1.33713937e+00
1.18348825e+00
1.09737515e+00
1.13454366e+00
1.18939996e+00
1.11516047e+00
9.47610080e-01
1.11931658e+00
1.28178835e+00
1.04312766e+00
1.05710840e+00
9.99734521e-01
1.03262496e+00
1.17384756e+00
1.20728517e+00
1.12910593e+00
1.19122183e+00
1.18874776e+00
1.07334256e+00
1.02727818e+00
1.00293303e+00
1.05339611e+00
1.31388354e+00
9.49986756e-01
1.06357062e+00
9.45442438e-01
8.58254194e-01
1.13460112e+00
1.16845036e+00
9.73545849e-01
1.19502139e+00
1.23278451e+00
1.02013302e+00
8.72959614e-01
1.19385481e+00
1.11355877e+00
9.54621077e-01
9.07927752e-01
1.10703361e+00
1.19555569e+00
9.01218057e-01
1.08817983e+00
1.04896820e+00
1.05716431e+00
1.09197164e+00
9.62134182e-01
9.00669754e-01
9.64830339e-01
9.27189291e-01
1.10964155e+00
1.05195940e+00
1.00300264e+00
1.25850391e+00
9.67701256e-01
7.79613793e-01
1.01144791e+00
9.94736254e-01
8.45169485e-01
1.22371173e+00
1.02043378e+00
9.69010472e-01
1.21635711e+00
1.10271430e+00
9.05237198e-01
1.10701656e+00
1.13118756e+00
1.09773016e+00
1.04971111e+00
1.04853153e+00
1.01975942e+00
9.14535046e-01
8.92466068e-01
1.07728159e+00
1.11685073e+00
9.84824419e-01
1.08040226e+00
1.21924460e+00
9.13618863e-01
1.05374932e+00
1.03920531e+00
8.98848414e-01
1.02530122e+00
1.04573298e+00
9.31752563e-01
1.01104295e+00
8.81163955e-01
9.71495807e-01
1.15909433e+00
1.01074326e+00
8.38479519e-01
1.06484663e+00
1.24559176e+00
1.15908980e+00
1.01922321e+00
9.90128636e-01
1.07501304e+00
1.05169952e+00
1.14447820e+00
1.03884518e+00
9.81516182e-01
1.13704014e+00
1.10274374e+00
9.84085917e-01
9.81928229e-01
9.21625197e-01
9.70543683e-01
1.06061280e+00
8.08598399e-01
8.90113711e-01
1.02712226e+00
9.71172452e-01
9.21871305e-01
9.09351110e-01
9.08863544e-01
8.37021470e-01
8.63191128e-01
1.02263093e+00
9.39897776e-01
8.53142858e-01
8.46706212e-01
8.95450354e-01
9.91103411e-01
1.13645554e+00
1.05971324e+00
9.42161739e-01
1.03813434e+00
1.05828941e+00
1.01935863e+00
1.08320367e+00
1.10307693e+00
9.62469697e-01
8.46996248e-01
9.76398408e-01
1.02481699e+00
9.13477123e-01
8.46818030e-01
1.01108217e+00
1.14041972e+00
1.07996237e+00
1.02066708e+00
1.07554579e+00
1.17250097e+00
1.08655691e+00
1.02621436e+00
1.05798185e+00
1.07615459e+00
1.08756196e+00
1.02065945e+00
9.61838841e-01
1.08469021e+00
9.19693351e-01
1.01931536e+00
1.04088080e+00
9.33949411e-01
9.99361634e-01
8.03306937e-01
1.00815535e+00
1.05645561e+00
1.03220034e+00
1.05130303e+00
1.06060243e+00
1.00214303e+00
1.06726158e+00
9.28686321e-01
9.05265391e-01
1.01409924e+00
9.39997554e-01
9.36726391e-01
9.64404106e-01
9.23713744e-01
8.36855173e-01
8.18783522e-01
9.55646276e-01
8.49259555e-01
8.47941577e-01
7.94393301e-01
9.28760290e-01
1.02101254e+00
9.50862646e-01
9.98833537e-01
1.13123298e+00
1.02317774e+00
1.07332802e+00
1.13415551e+00
9.33694899e-01
1.18036759e+00
9.44087267e-01
8.00373852e-01
1.01607537e+00
1.03887844e+00
7.90381432e-01
9.06640112e-01
9.75288332e-01
8.41686368e-01
8.71061027e-01
9.62019145e-01
9.60144281e-01
1.06629443e+00
9.22205269e-01
8.33716214e-01
7.55416453e-01
8.77862930e-01
1.11303425e+00
1.20361173e+00
9.02941704e-01
8.80638659e-01
9.67412293e-01
9.41262603e-01
9.49669063e-01
1.21345544e+00
8.51328850e-01
8.70314598e-01
9.14365113e-01
8.95970047e-01
1.05838168e+00
8.55675459e-01
8.20021391e-01
8.54604065e-01
1.01999295e+00
9.81373191e-01
8.22070956e-01
6.94309175e-01
7.11899459e-01
9.98064280e-01
1.01476932e+00
7.53888547e-01
8.94083560e-01
9.88082230e-01
9.45631862e-01
1.02059543e+00
9.87933159e-01
8.89166415e-01
1.00268006e+00
9.15515184e-01
9.42599475e-01
8.84501338e-01
8.91548514e-01
1.02647817e+00
1.17496812e+00
9.86334741e-01
1.05681682e+00
9.41549003e-01
7.10415661e-01
8.33331347e-01
1.03895080e+00
7.21815586e-01
8.52452457e-01
9.82566357e-01
9.77084637e-01
9.28778589e-01
8.30548465e-01
6.81441128e-01
9.94141102e-01
1.13175583e+00
1.00137603e+00
9.14888620e-01
9.77148652e-01
7.79109538e-01
9.11791623e-01
9.61697400e-01
9.84622538e-01
1.12034762e+00
1.02370644e+00
6.65036917e-01
7.01119065e-01
7.58390665e-01
9.22767520e-01
9.30676162e-01
1.15773618e+00
9.72764790e-01
9.22466815e-01
1.03567934e+00
8.45220625e-01
8.07276130e-01
1.05364156e+00
9.10701334e-01
1.15894854e+00
1.17967176e+00
1.03213704e+00
8.13257754e-01
8.34303021e-01
8.78284574e-01
9.31681156e-01
1.11573637e+00
1.04442024e+00
9.20870304e-01
9.49497342e-01
1.04350793e+00
9.83094811e-01
8.92929852e-01
8.53548110e-01
7.42080331e-01
1.03402090e+00
8.31207156e-01
6.56468689e-01
9.18431997e-01
8.76158059e-01
6.87261045e-01
9.30860281e-01
9.18610573e-01
8.20984364e-01
8.74597251e-01
9.36351955e-01
9.52357531e-01
1.04827261e+00
8.14458907e-01
8.18938375e-01
1.00797296e+00
1.01713121e+00
9.45245385e-01
8.83525908e-01
8.23482215e-01
1.12120891e+00
9.55574691e-01
7.73035526e-01
8.41404855e-01
8.45736027e-01
9.25420702e-01
1.00391531e+00
8.54739606e-01
8.74160230e-01
1.04376614e+00
8.81913662e-01
9.88312125e-01
9.31838870e-01
9.91678298e-01
9.02434945e-01
7.95186937e-01
9.74131644e-01
9.87642765e-01
7.90018737e-01
8.54831994e-01
8.60618770e-01
7.47404039e-01
9.47065532e-01
8.38562369e-01
8.23536932e-01
7.23961711e-01
8.67252529e-01
1.06120384e+00
8.76525640e-01
8.34292531e-01
1.04912806e+00
1.10266399e+00
9.65370774e-01
8.90646100e-01
9.80372727e-01
9.69680905e-01
7.83444762e-01
7.79296339e-01
8.43613684e-01
7.99908698e-01
8.22240472e-01
9.50317502e-01
9.42171693e-01
8.43295038e-01
8.69350195e-01
1.00618565e+00
1.07162952e+00
7.20601141e-01
6.35239363e-01
8.12098801e-01
9.36748862e-01
8.72378469e-01
7.72904634e-01
8.06181073e-01
8.96106422e-01
8.20507824e-01
8.58316600e-01
1.04382777e+00
9.21595395e-01
9.24979091e-01
9.13732767e-01
1.03667998e+00
9.17125404e-01
7.27741659e-01
8.83320987e-01
9.97875094e-01
7.79485941e-01
9.92930114e-01
1.05010164e+00
7.75065482e-01
8.05950940e-01
8.69009078e-01
8.64988983e-01
8.45706046e-01
9.46899235e-01
9.55024481e-01
7.50022233e-01
8.13649237e-01
7.47482955e-01
8.54148984e-01
8.95186603e-01
8.35879028e-01
1.11057281e+00
9.42449808e-01
9.33049619e-01
1.02410197e+00
9.34029579e-01
8.36004555e-01
8.11731279e-01
8.08513522e-01
9.70301807e-01
9.32671010e-01
8.52441967e-01
8.24996471e-01
8.57044935e-01
6.82209909e-01
8.15830171e-01
8.29048038e-01
9.25879180e-01
1.08268988e+00
7.91487515e-01
8.52253735e-01
8.17704558e-01
5.65876842e-01
7.02252090e-01
9.57585156e-01
7.07236588e-01
8.46395195e-01
7.84174502e-01
8.42409730e-01
8.49126935e-01
8.22251797e-01
8.36763203e-01
7.65539229e-01
7.04302847e-01
7.52488375e-01
9.85607445e-01
7.77352750e-01
4.41797465e-01
1.04131353e+00
1.07106900e+00
1.07174718e+00
1.11554003e+00
8.60758960e-01
6.61923289e-01
7.96545625e-01
4.46785331e-01
7.28640199e-01
9.32264149e-01
5.86153924e-01
1.08325577e+00
4.73522305e-01
9.36415076e-01
9.22583282e-01
6.97423756e-01
6.80312037e-01
4.91277903e-01
1.15464103e+00
6.45939410e-01
4.73574668e-01
6.72877014e-01
7.01862752e-01
8.35542202e-01
5.88801682e-01
8.18763077e-01
7.23310828e-01
7.47712195e-01
9.48346615e-01
9.61098373e-01
8.94325614e-01
8.34711552e-01
8.29912007e-01
8.36848497e-01
6.99743211e-01
8.10423017e-01
8.47705364e-01
7.71070600e-01
6.63459837e-01
7.44018614e-01
8.39965284e-01
7.44998753e-01
6.53856218e-01
7.49353707e-01
7.52262294e-01
8.55670094e-01
9.31853235e-01
8.32588732e-01
8.16514790e-01
8.13316226e-01
9.56847429e-01
9.29293156e-01
7.71369278e-01
7.80118465e-01
6.58353925e-01
8.20946097e-01
9.52196360e-01
8.31074119e-01
7.37614810e-01
1.03418982e+00
9.11482990e-01
6.02242768e-01
7.21850038e-01
8.20360839e-01
8.65658462e-01
5.53156257e-01
8.33892763e-01
7.68322349e-01
6.53817654e-01
7.79807210e-01
8.73944700e-01
8.97293210e-01
9.03319836e-01
9.08773601e-01
8.37557673e-01
9.07235980e-01
1.06687653e+00
9.53968287e-01
7.14057267e-01
8.69535804e-01
9.71720994e-01
8.78996074e-01
7.54644573e-01
9.73634899e-01
9.33949411e-01
1.00551426e+00
9.29700494e-01
9.06795800e-01
9.76265550e-01
7.47091591e-01
1.00827491e+00
7.92230546e-01
6.82139277e-01
7.69932210e-01
8.29471648e-01
7.86778152e-01
9.02010918e-01
8.33217263e-01
9.29992080e-01
8.45458984e-01
6.38006032e-01
7.18592465e-01
9.67759252e-01
7.49526322e-01
7.13269055e-01
7.40663052e-01
7.97830105e-01
1.10370934e+00
6.88242495e-01
8.50733578e-01
9.40733612e-01
9.40913081e-01
8.42136264e-01
4.49800938e-01
8.60631049e-01
8.37727010e-01
7.15779781e-01
7.47543514e-01
7.63929009e-01
7.21639872e-01
8.58565748e-01
5.42895734e-01
6.41955256e-01
8.64004672e-01
7.90128052e-01
8.05435419e-01
7.43375957e-01
8.56475234e-01
8.32012534e-01
7.49491274e-01
8.76737297e-01
8.32901478e-01
8.32001448e-01
7.20578313e-01
7.72892296e-01
7.60698259e-01
6.70493424e-01
9.24368441e-01
8.66984487e-01
8.65701139e-01
9.10592437e-01
8.65844131e-01
8.02536130e-01
8.94982457e-01
7.43940890e-01
5.45589328e-01
6.39972627e-01
7.46100664e-01
9.12589312e-01
9.84944224e-01
8.72061670e-01
7.66176045e-01
8.77444208e-01
9.01146650e-01
8.15699160e-01
8.95559847e-01
7.42607236e-01
9.02810872e-01
7.65383601e-01
7.86003888e-01
9.01462138e-01
4.67578322e-01
6.69738173e-01
7.53066599e-01
7.67311692e-01
7.63618052e-01
7.23139942e-01
6.71004057e-01
6.68005705e-01
7.03864276e-01
9.12504733e-01
9.60255802e-01
7.25354850e-01
6.35793328e-01
1.21412814e+00
8.37673664e-01
9.04532254e-01
7.00721204e-01
4.25313801e-01
8.37815523e-01
6.40328526e-01
6.38070762e-01
8.04610789e-01
8.40697587e-01
8.35530281e-01
8.31727266e-01
6.94203496e-01
7.92165935e-01
8.12245131e-01
8.24183285e-01
8.29618037e-01
8.28280330e-01
6.30458295e-01
7.94750690e-01
9.08887446e-01
8.83506894e-01
6.67073548e-01
6.24048889e-01
8.87649357e-01
6.93384588e-01
6.04722440e-01
8.35415304e-01
9.81065810e-01
8.77901018e-01
7.15973377e-01
7.88213134e-01
8.23065102e-01
8.07515442e-01
7.49514461e-01
7.52490163e-01
9.66434360e-01
9.12124515e-01
9.14025486e-01
7.91610003e-01
6.34035647e-01
7.88736761e-01
6.41730666e-01
8.16721320e-01
9.52378035e-01
1.01882613e+00
9.84564662e-01
8.20156217e-01
7.71446586e-01
7.69446313e-01
7.49373198e-01
7.65398800e-01
7.70566642e-01
5.33771396e-01
2.80047446e-01
5.18789291e-01
7.22849965e-01
8.54719877e-01
7.50733733e-01
5.58718383e-01
4.83984977e-01
6.73601747e-01
1.05990887e+00
8.70675802e-01
8.38555932e-01
1.28568017e+00
6.14556484e-02
4.59023565e-01
8.01482558e-01
6.71865046e-01
7.56663322e-01
7.88230240e-01
8.60960066e-01
7.82286584e-01
6.08122468e-01
6.64183438e-01
8.26397896e-01
6.78938985e-01
8.22135687e-01
7.84743726e-01
5.57217300e-01
5.20643413e-01
8.24312210e-01
8.99515748e-01
7.43087590e-01
8.15359592e-01
7.97495723e-01
6.83739722e-01
6.70735478e-01
8.70619655e-01
9.07483459e-01
7.14095831e-01
7.25052357e-01
8.68829072e-01
8.36292386e-01
7.59182036e-01
8.00258279e-01
6.64280772e-01
5.93888640e-01
7.77912915e-01
8.60402465e-01
5.59872150e-01
8.93843591e-01
9.60681736e-01
7.48911977e-01
6.73827529e-01
7.34124780e-01
7.50405192e-01
8.55241716e-01
8.53810608e-01
6.93456829e-01
7.85430729e-01
9.87352192e-01
6.52516782e-01
9.64040339e-01
7.71605968e-01
7.10945845e-01
8.32300723e-01
8.51435542e-01
6.48567975e-01
8.97699535e-01
6.96696162e-01
7.79804766e-01
8.66564274e-01
7.03828096e-01
7.37653732e-01
7.55953968e-01
8.87158990e-01
7.71367192e-01
7.37237155e-01
9.47761416e-01
7.84601867e-01
8.36145222e-01
7.92801499e-01
6.80481315e-01
7.56939709e-01
7.96507418e-01
6.02501690e-01
5.35531402e-01
8.31238449e-01
8.07267666e-01
6.82638228e-01
7.33344257e-01
5.97092271e-01
5.83253145e-01
6.98146999e-01
7.17740417e-01
6.81954801e-01
7.99874902e-01
7.53338575e-01
6.55227065e-01
6.94236517e-01
7.68958449e-01
7.04795837e-01
6.58736825e-01
8.11307132e-01
7.35081196e-01
7.30917633e-01
7.33570337e-01
6.87153697e-01
6.21357918e-01
8.07331741e-01
7.73810863e-01
6.40424311e-01
6.98247492e-01
7.14044750e-01
6.46723866e-01
6.09325528e-01
8.16641390e-01
7.72331893e-01
7.21337140e-01
7.52585709e-01
6.87464356e-01
5.93519986e-01
6.24203086e-01
6.66546524e-01
6.43072188e-01
7.15499222e-01
7.40142405e-01
6.55044615e-01
7.89932370e-01
7.26470530e-01
7.31263936e-01
7.27557659e-01
5.38380623e-01
5.86560547e-01
8.14392447e-01
8.50268185e-01
7.55285740e-01
6.05700076e-01
5.59135199e-01
5.74375570e-01
6.12208366e-01
6.83126390e-01
3.07041764e-01
2.61562288e-01
7.61799514e-01
6.29268289e-01
6.06812954e-01
6.28589153e-01
5.18855631e-01
7.50892103e-01
1.04606664e+00
7.31951416e-01
9.06777561e-01
6.06052220e-01
3.94709140e-01
7.62967587e-01
9.81087983e-01
6.97358429e-01
8.38734746e-01
6.22248292e-01
5.78699052e-01
7.00412333e-01
6.72563314e-01
5.90800703e-01
6.68054521e-01
7.23395526e-01
8.52807462e-01
7.22709775e-01
5.51047385e-01
8.52072716e-01
5.79105198e-01
5.55504858e-01
6.46481335e-01
7.10361123e-01
6.90386236e-01
6.81791008e-01
5.70203185e-01
-4.28628892e-01
3.33316833e-01
1.46879017e+00
1.05280006e+00
5.83040774e-01
7.20685959e-01
9.19330418e-01
7.96430945e-01
5.77490568e-01
5.99646509e-01
7.96379149e-01
6.79072917e-01
6.17164493e-01
6.52328491e-01
7.46554852e-01
7.77609527e-01
6.52593911e-01
8.04057062e-01
8.42637241e-01
6.17487550e-01
5.08101881e-01
8.09967160e-01
9.28972602e-01
8.12812448e-01
7.61802435e-01
6.25730634e-01
4.42612350e-01
5.49113154e-01
8.14673305e-01
6.61962330e-01
4.94881004e-01
7.51778722e-01
7.88510501e-01
6.37972653e-01
8.58441174e-01
6.06045008e-01
6.93277895e-01
7.86169410e-01
7.42733121e-01
7.28914678e-01
7.12157667e-01
7.58164525e-01
5.97634673e-01
6.09546781e-01
6.27452791e-01
3.53789598e-01
1.33493081e-01
7.25577831e-01
7.82739520e-01
6.91392839e-01
6.50655925e-01
7.97572196e-01
8.67978096e-01
7.80734897e-01
6.76574826e-01
8.03064764e-01
6.70060277e-01
4.54407454e-01
9.04036760e-01
7.44127810e-01
7.66662657e-01
8.78261507e-01
8.41313481e-01
4.21830267e-01
3.48037243e-01
6.77401960e-01
6.32144034e-01
6.50710642e-01
6.75202072e-01
5.63557446e-01
5.78826427e-01
6.01763904e-01
6.45211637e-01
7.57886112e-01
7.35002935e-01
5.37173927e-01
7.40513802e-01
6.60565674e-01
7.23754644e-01
7.81279385e-01
6.27579510e-01
5.89658737e-01
7.68624425e-01
2.27795228e-01
5.62669039e-01
7.42382109e-01
6.23251081e-01
7.33253837e-01
6.38925791e-01
8.00902009e-01
7.90554345e-01
8.90539885e-01
8.31514537e-01
5.64220905e-01
8.13784182e-01
8.05211425e-01
6.55075073e-01
5.94892800e-01
5.82841635e-01
5.93106389e-01
7.20261335e-01
6.03064120e-01
5.79049945e-01
7.58571446e-01
7.11402953e-01
5.25081098e-01
6.56233907e-01
5.49544513e-01
6.43908083e-01
5.87393343e-01
6.38039649e-01
7.47031033e-01
4.89075661e-01
7.41875947e-01
7.46899366e-01
6.03180885e-01
6.41613901e-01
8.00489962e-01
7.50009298e-01
5.95526636e-01
5.38378000e-01
6.00180209e-01
6.52864397e-01
5.84953189e-01
6.54272020e-01
6.75723016e-01
6.08836055e-01
6.60490751e-01
7.86224425e-01
7.48489320e-01
4.95507538e-01
5.67133486e-01
7.32609868e-01
6.57769859e-01
6.32175028e-01
6.83026850e-01
6.30215526e-01
6.77865267e-01
6.95681036e-01
7.24981785e-01
7.30462790e-01
7.50254273e-01
7.11329937e-01
6.05476975e-01
7.14888155e-01
8.01312208e-01
7.85786927e-01
7.69235790e-01
7.24324763e-01
5.62306941e-01
6.07073724e-01
6.10049665e-01
6.56323791e-01
8.98348510e-01
9.10923064e-01
7.88136899e-01
5.33513367e-01
6.05052114e-01
7.62358904e-01
6.67983174e-01
5.76459050e-01
4.88824397e-01
6.67755485e-01
6.07536972e-01
4.41152751e-01
6.22424185e-01
6.96244895e-01
6.48128092e-01
8.18841040e-01
5.89058578e-01
4.58381861e-01
8.73043180e-01
6.37251198e-01
6.42415047e-01
7.49395549e-01
7.27375269e-01
6.96091473e-01
7.12473094e-01
6.98908687e-01
6.93192124e-01
7.27624893e-01
5.83664298e-01
6.00929976e-01
7.40769982e-01
5.69710135e-01
5.86936355e-01
6.27051055e-01
5.92796743e-01
6.19706929e-01
7.34460831e-01
7.11237729e-01
5.93579173e-01
6.64718986e-01
7.31697261e-01
7.00387418e-01
6.63875639e-01
6.35337651e-01
7.14412987e-01
5.98965585e-01
5.23436248e-01
6.07770979e-01
6.60246015e-01
7.35555291e-01
7.05838323e-01
6.88724041e-01
5.68406582e-01
4.99785393e-01
6.04971170e-01
6.18302464e-01
6.50891125e-01
5.11870503e-01
2.56355882e-01
1.49380147e-01
5.97485363e-01
4.89420682e-01
3.16378206e-01
7.09736228e-01
8.83172333e-01
6.76765025e-01
4.67733175e-01
3.27666312e-01
3.23051065e-01
8.60006511e-01
7.89946735e-01
5.22267818e-01
6.19718075e-01
5.93515217e-01
5.90580702e-01
3.86776567e-01
6.77784026e-01
7.10313022e-01
5.42978585e-01
7.54140198e-01
6.66074455e-01
6.77355349e-01
6.53214097e-01
5.33384979e-01
5.42738676e-01
5.59157670e-01
6.48568451e-01
7.30278194e-01
6.97105169e-01
5.60477614e-01
4.34852928e-01
-4.52509262e-02
-4.11604345e-01
5.44440866e-01
9.54747677e-01
5.40808380e-01
3.00102174e-01
5.52392721e-01
7.46907532e-01
6.82704568e-01
5.65280735e-01
6.41251206e-01
6.46341503e-01
4.59574461e-01
6.82430804e-01
6.68656588e-01
5.98919690e-01
5.80438316e-01
6.08470500e-01
7.05239475e-01
4.19992536e-01
4.76818681e-01
6.56717718e-01
7.29569495e-01
7.61812508e-01
6.62710488e-01
5.90142667e-01
5.29722452e-01
7.97726214e-01
6.24826968e-01
-2.52224982e-01
1.28801495e-01
1.02398610e+00
1.00168407e+00
6.51220620e-01
5.60225844e-01
7.47325838e-01
6.88161433e-01
5.56871176e-01
4.96437758e-01
8.80674660e-01
9.01119351e-01
4.50465560e-01
6.32736862e-01
5.60444534e-01
8.08533788e-01
2.42141634e-02
-5.55538952e-01
3.02505165e-01
1.24001515e+00
7.79929519e-01
6.35968745e-01
7.32053757e-01
5.30960023e-01
4.55393642e-01
5.98681390e-01
6.65738761e-01
5.24587452e-01
3.64845634e-01
2.57878393e-01
5.71904302e-01
7.69936919e-01
6.83576226e-01
7.70442009e-01
5.88247061e-01
1.01758033e-01
-1.03028007e-01
7.40847230e-01
8.17036092e-01
7.14641333e-01
6.64410710e-01
5.28804719e-01
5.81403196e-01
5.59378028e-01
6.76523447e-01
4.40006346e-01
4.33570862e-01
5.20352185e-01
5.39029002e-01
4.34389293e-01
3.73850882e-01
4.39664692e-01
6.28762662e-01
5.15069962e-01
4.90876287e-01
6.48555875e-01
2.67935365e-01
1.04603758e-02
6.47645175e-01
