2.56672835e+00
2.54999328e+00
2.53819442e+00
2.55386925e+00
2.57849002e+00
2.60363078e+00
2.61587715e+00
2.63194108e+00
2.61399293e+00
2.64121509e+00
2.61130357e+00
2.65196419e+00
2.64415503e+00
2.66062641e+00
2.67259288e+00
2.63429213e+00
2.66013241e+00
2.68872547e+00
2.65109062e+00
2.66630864e+00
2.70044136e+00
2.65002060e+00
2.66264439e+00
2.67447662e+00
2.64541292e+00
2.63821530e+00
2.62697482e+00
2.63191700e+00
2.63550949e+00
2.62129664e+00
2.60012269e+00
2.59280229e+00
2.55895400e+00
2.56549788e+00
2.58069301e+00
2.56110215e+00
2.55213428e+00
2.52674127e+00
2.50649714e+00
2.47898078e+00
2.44778228e+00
2.43497300e+00
2.39367509e+00
2.39555526e+00
2.41210842e+00
2.39333582e+00
2.38380241e+00
2.44226360e+00
2.45657492e+00
2.51178384e+00
2.52517176e+00
2.51587987e+00
2.55257845e+00
2.55061507e+00
2.58735943e+00
2.59519386e+00
2.59636045e+00
2.64991570e+00
2.62818861e+00
2.64075470e+00
2.65227580e+00
2.64249921e+00
2.66722798e+00
2.68755507e+00
2.64988613e+00
2.64712882e+00
2.65602350e+00
2.63412189e+00
2.62533808e+00
2.63582468e+00
2.64599824e+00
2.63545799e+00
2.59412718e+00
2.61950469e+00
2.65282488e+00
2.61178350e+00
2.61433148e+00
2.62628889e+00
2.61021709e+00
2.61421680e+00
2.59320736e+00
2.56608677e+00
2.53915834e+00
2.51387286e+00
2.54095268e+00
2.51693749e+00
2.48280406e+00
2.47345471e+00
2.45841599e+00
2.43488765e+00
2.42025590e+00
2.39219356e+00
2.36876845e+00
2.34525204e+00
2.29623437e+00
2.26322842e+00
2.24791670e+00
2.25411415e+00
2.19856620e+00
2.17040014e+00
2.11731172e+00
2.09829187e+00
2.08539057e+00
2.05256295e+00
2.03397155e+00
2.02573276e+00
2.06619215e+00
2.09849787e+00
2.14148617e+00
2.14560342e+00
2.18151546e+00
2.21835089e+00
2.24265432e+00
2.29961491e+00
2.30713034e+00
2.32455611e+00
2.39463043e+00
2.40600681e+00
2.39411139e+00
2.43983221e+00
2.46827030e+00
2.49097419e+00
2.49103713e+00
2.49650621e+00
2.55574298e+00
2.57205725e+00
2.57424903e+00
2.60667849e+00
2.59297490e+00
2.64764094e+00
2.66165352e+00
2.64687157e+00
2.64897704e+00
2.64311743e+00
2.65774846e+00
2.68372488e+00
2.66915250e+00
2.66892171e+00
2.68375707e+00
2.68324947e+00
2.69748640e+00
2.70444584e+00
2.69594145e+00
2.67273259e+00
2.68105221e+00
2.70065594e+00
2.68006968e+00
2.66122890e+00
2.66709399e+00
2.68019891e+00
2.68143964e+00
2.64831018e+00
2.60043788e+00
2.58490133e+00
2.58461499e+00
2.61860275e+00
2.65981007e+00
2.62556481e+00
2.62428594e+00
2.63442183e+00
2.60465550e+00
2.61132574e+00
2.58480811e+00
2.53696275e+00
2.53374743e+00
2.52481771e+00
2.51181722e+00
2.50300622e+00
2.46822381e+00
2.44953966e+00
2.43314648e+00
2.40209365e+00
2.39543605e+00
2.36901021e+00
2.34360933e+00
2.32809377e+00
2.31575298e+00
2.26358366e+00
2.24142861e+00
2.22692609e+00
2.17796826e+00
2.16046691e+00
2.13769484e+00
2.07324505e+00
2.04922843e+00
2.01342225e+00
1.96664751e+00
1.93891180e+00
1.89751244e+00
1.82774734e+00
1.78341532e+00
1.72957087e+00
1.66612208e+00
1.65583003e+00
1.67062545e+00
1.71627951e+00
1.73974013e+00
1.79273927e+00
1.83673573e+00
1.88049555e+00
1.93757606e+00
1.98143065e+00
1.99679732e+00
2.05444551e+00
2.07072878e+00
2.08234692e+00
2.11124182e+00
2.16233587e+00
2.18333483e+00
2.19821072e+00
2.21676397e+00
2.28508949e+00
2.29808354e+00
2.32490110e+00
2.35549951e+00
2.37802315e+00
2.40230989e+00
2.41128445e+00
2.43789482e+00
2.48379874e+00
2.49434566e+00
2.48759937e+00
2.51654315e+00
2.54303765e+00
2.55722046e+00
2.58360147e+00
2.59109735e+00
2.60579395e+00
2.63196468e+00
2.65320778e+00
2.66237020e+00
2.68380427e+00
2.68857622e+00
2.70966554e+00
2.69590759e+00
2.70042157e+00
2.71187186e+00
2.71396685e+00
2.71773553e+00
2.71887183e+00
2.75213838e+00
2.76582456e+00
2.75919390e+00
2.75257254e+00
2.74791574e+00
2.72314215e+00
2.74005055e+00
2.78732324e+00
2.78299689e+00
2.76988697e+00
2.78469253e+00
2.79252505e+00
2.80409765e+00
2.81103277e+00
2.79190278e+00
2.78487492e+00
2.79254174e+00
2.82340074e+00
2.83142519e+00
2.80515933e+00
2.84067917e+00
2.83133125e+00
2.82061768e+00
2.81789804e+00
2.82391763e+00
2.83457613e+00
2.81474996e+00
2.82089424e+00
2.82105732e+00
2.80808806e+00
2.79852557e+00
2.80166364e+00
2.80122781e+00
2.78318644e+00
2.75994897e+00
2.76044941e+00
2.77612114e+00
2.75739098e+00
2.75623107e+00
2.75755763e+00
2.72837162e+00
2.74669075e+00
2.71661735e+00
2.71031737e+00
2.73061895e+00
2.73697734e+00
2.70549870e+00
2.69848704e+00
2.67929244e+00
2.65106773e+00
2.66212940e+00
2.64277387e+00
2.61687350e+00
2.59881210e+00
2.59680223e+00
2.58032584e+00
2.55313253e+00
2.54077172e+00
2.53174090e+00
2.51818538e+00
2.50732446e+00
2.47840238e+00
2.45669103e+00
2.42939758e+00
2.40905786e+00
2.39836907e+00
2.37508225e+00
2.35158253e+00
2.33026481e+00
2.31417871e+00
2.29009891e+00
2.26032925e+00
2.22404671e+00
2.19728827e+00
2.16843057e+00
2.14243031e+00
2.11868310e+00
2.10254049e+00
2.07211781e+00
2.05035043e+00
2.02374506e+00
1.98010027e+00
1.94816005e+00
1.90653443e+00
1.87545764e+00
1.84688580e+00
1.79545224e+00
1.75433469e+00
1.70944774e+00
1.67157269e+00
1.64410555e+00
1.59313822e+00
1.52665031e+00
1.48422182e+00
1.41741920e+00
1.38269162e+00
1.39228666e+00
1.42589223e+00
1.49540663e+00
1.55346453e+00
1.59818077e+00
1.64600420e+00
1.68720412e+00
1.70702577e+00
1.73272586e+00
1.79141510e+00
1.83068025e+00
1.84861302e+00
1.89706540e+00
1.92711270e+00
1.96019483e+00
2.01569510e+00
1.99690211e+00
2.03962827e+00
2.09275532e+00
2.10306764e+00
2.12122560e+00
2.14661741e+00
2.15120935e+00
2.19742465e+00
2.19656992e+00
2.21577311e+00
2.25295901e+00
2.25268722e+00
2.29574275e+00
2.30718946e+00
2.32116938e+00
2.35326004e+00
2.35584283e+00
2.36426592e+00
2.36828136e+00
2.39524937e+00
2.40594959e+00
2.43096542e+00
2.45635748e+00
2.45310020e+00
2.46317339e+00
2.48507237e+00
2.49016476e+00
2.50259733e+00
2.53322768e+00
2.52614403e+00
2.53356481e+00
2.56315470e+00
2.57476997e+00
2.59059453e+00
2.58705044e+00
2.59396982e+00
2.62024999e+00
2.62739134e+00
2.62582588e+00
2.62989616e+00
2.63294530e+00
2.65080404e+00
2.67334032e+00
2.67807293e+00
2.65981865e+00
2.67355657e+00
2.65775967e+00
2.65196180e+00
2.68512845e+00
2.68756175e+00
2.69389844e+00
2.68937778e+00
2.68769622e+00
2.69555545e+00
2.70472717e+00
2.72262645e+00
2.71545935e+00
2.73934031e+00
2.77061820e+00
2.74706173e+00
2.74265003e+00
2.74840021e+00
2.75023079e+00
2.74366093e+00
2.75362182e+00
2.75964522e+00
2.76143742e+00
2.76305509e+00
2.73443031e+00
2.73988390e+00
2.75838304e+00
2.75533009e+00
2.74129295e+00
2.72054076e+00
2.72923589e+00
2.75028634e+00
2.74989080e+00
2.77350855e+00
2.76871157e+00
2.74120498e+00
2.75110149e+00
2.74143648e+00
2.73341846e+00
2.74430966e+00
2.74468613e+00
2.74697185e+00
2.75732660e+00
2.76165795e+00
2.75800824e+00
2.76437950e+00
2.75324082e+00
2.77198887e+00
2.77944708e+00
2.76172829e+00
2.77035236e+00
2.76855135e+00
2.75247383e+00
2.74168324e+00
2.75522470e+00
2.74260926e+00
2.73763561e+00
2.74657393e+00
2.75942850e+00
2.75716424e+00
2.73288870e+00
2.73542643e+00
2.73367715e+00
2.74692726e+00
2.73775816e+00
2.71759892e+00
2.73716044e+00
2.72805166e+00
2.70182586e+00
2.72985172e+00
2.72448874e+00
2.69681239e+00
2.71991587e+00
2.71134186e+00
2.70037603e+00
2.70945954e+00
2.71771145e+00
2.72462273e+00
2.71644902e+00
2.70305347e+00
2.69364786e+00
2.67701340e+00
2.69576120e+00
2.70450115e+00
2.69208717e+00
2.69545436e+00
2.67673993e+00
2.66805816e+00
2.67395949e+00
2.67752981e+00
2.64963317e+00
2.67286801e+00
2.64333463e+00
2.65611386e+00
2.64798212e+00
2.62879181e+00
2.63374448e+00
2.64405584e+00
2.63817596e+00
2.63263059e+00
2.63033104e+00
2.62061810e+00
2.61782598e+00
2.61357093e+00
2.60400128e+00
2.61268187e+00
2.60042524e+00
2.57933235e+00
2.59164643e+00
2.58061314e+00
2.56717801e+00
2.56469941e+00
2.55754447e+00
2.53901148e+00
2.53550148e+00
2.53107285e+00
2.52772045e+00
2.51086378e+00
2.50531960e+00
2.50457454e+00
2.50336957e+00
2.50126410e+00
2.48318601e+00
2.47729516e+00
2.46651721e+00
2.46659207e+00
2.46168661e+00
2.44780278e+00
2.42635107e+00
2.43389893e+00
2.43055654e+00
2.40378976e+00
2.39597249e+00
2.40146446e+00
2.39726210e+00
2.38708591e+00
2.36364627e+00
2.34779954e+00
2.33626938e+00
2.33799791e+00
2.33123112e+00
2.30006766e+00
2.28998804e+00
2.28432465e+00
2.26428390e+00
2.24029422e+00
2.23539662e+00
2.22347665e+00
2.19858241e+00
2.18435192e+00
2.17501831e+00
2.15657115e+00
2.14757729e+00
2.12381577e+00
2.10685372e+00
2.09350657e+00
2.05474424e+00
2.05022740e+00
2.03784513e+00
2.00506711e+00
1.99715912e+00
1.98060358e+00
1.95664704e+00
1.93512976e+00
1.90175593e+00
1.88381398e+00
1.86094356e+00
1.81633377e+00
1.79805696e+00
1.78254259e+00
1.74681854e+00
1.73243392e+00
1.70998955e+00
1.66267765e+00
1.62343812e+00
1.58445752e+00
1.55973637e+00
1.53418815e+00
1.48807573e+00
1.43195736e+00
1.40830338e+00
1.36353910e+00
1.28659153e+00
1.22113240e+00
1.15197730e+00
1.12895715e+00
1.16862881e+00
1.22293174e+00
1.28682351e+00
1.34245515e+00
1.39403462e+00
1.42678761e+00
1.46797764e+00
1.52247775e+00
1.53981388e+00
1.56383383e+00
1.60639715e+00
1.63657188e+00
1.65799463e+00
1.68899584e+00
1.72381520e+00
1.76288223e+00
1.77909732e+00
1.78898144e+00
1.80674136e+00
1.82119548e+00
1.85497856e+00
1.88600659e+00
1.87999284e+00
1.89120400e+00
1.93212903e+00
1.94703019e+00
1.97835946e+00
1.99669683e+00
1.99373758e+00
2.00497532e+00
2.03081250e+00
2.05551434e+00
2.06353712e+00
2.06574345e+00
2.08245587e+00
2.10875368e+00
2.11911297e+00
2.14161897e+00
2.14170599e+00
2.15162969e+00
2.15248418e+00
2.16480255e+00
2.17745805e+00
2.19124818e+00
2.20239949e+00
2.20658469e+00
2.19391823e+00
2.21869349e+00
2.22178674e+00
2.21727204e+00
2.25011468e+00
2.25550318e+00
2.25783706e+00
2.25313377e+00
2.27445507e+00
2.28007817e+00
2.28934765e+00
2.29441094e+00
2.29116559e+00
2.28952718e+00
2.29891062e+00
2.29541135e+00
2.30196810e+00
2.31406569e+00
2.31358790e+00
2.32335019e+00
2.32627392e+00
2.33043218e+00
2.33698177e+00
2.34087133e+00
2.34438181e+00
2.34877110e+00
2.34872246e+00
2.34644270e+00
2.34244752e+00
2.35982609e+00
2.36413813e+00
2.36592722e+00
2.35420656e+00
2.37073159e+00
2.38288307e+00
2.36837530e+00
2.36423516e+00
2.37381721e+00
2.37126207e+00
2.38190937e+00
2.38396716e+00
2.38222408e+00
2.38974094e+00
2.37388802e+00
2.38565993e+00
2.37562156e+00
2.37455344e+00
2.38823819e+00
2.37378049e+00
2.39278221e+00
2.38685536e+00
2.37887883e+00
2.39240670e+00
2.38915968e+00
2.38133383e+00
2.37462974e+00
2.36553049e+00
2.36855984e+00
2.37438750e+00
2.37893677e+00
2.36560702e+00
2.37730718e+00
2.37856483e+00
2.38132477e+00
2.37625480e+00
2.38059235e+00
2.36983347e+00
2.37324190e+00
2.39657044e+00
2.39437819e+00
2.38085985e+00
2.39696789e+00
2.39862084e+00
2.40624642e+00
2.39369774e+00
2.40121222e+00
2.40310931e+00
2.37978053e+00
2.39671206e+00
2.38384891e+00
2.39223170e+00
2.39793634e+00
2.38335752e+00
2.39270544e+00
2.38858414e+00
2.38803768e+00
2.39805388e+00
2.39803720e+00
2.39317966e+00
2.39634037e+00
2.39011502e+00
2.38361502e+00
2.38470149e+00
2.39310622e+00
2.39871120e+00
2.40008926e+00
2.39483142e+00
2.38607478e+00
2.38845134e+00
2.37593532e+00
2.38349366e+00
2.39154077e+00
2.38320637e+00
2.39595056e+00
2.38555813e+00
2.37255621e+00
2.38737535e+00
2.37459993e+00
2.37934828e+00
2.37205005e+00
2.36309671e+00
2.36650467e+00
2.37691188e+00
2.36492395e+00
2.34975958e+00
2.37461019e+00
2.36023068e+00
2.36560178e+00
2.36311150e+00
2.34248924e+00
2.35407329e+00
2.37383842e+00
2.36199808e+00
2.35898900e+00
2.34834862e+00
2.33637977e+00
2.35962129e+00
2.36100292e+00
2.35698366e+00
2.35251284e+00
2.36311746e+00
2.35942078e+00
2.35743475e+00
2.36674261e+00
2.35759664e+00
2.35389161e+00
2.35373116e+00
2.36276889e+00
2.35584736e+00
2.35765457e+00
2.35462999e+00
2.33926749e+00
2.33825970e+00
2.33990574e+00
2.33533740e+00
2.34003925e+00
2.33468270e+00
2.33361101e+00
2.33458734e+00
2.33460021e+00
2.33437109e+00
2.31178093e+00
2.32599044e+00
2.32651281e+00
2.32485914e+00
2.33666611e+00
2.33332133e+00
2.31370592e+00
2.33401608e+00
2.33523560e+00
2.33330393e+00
2.32385206e+00
2.33064175e+00
2.32915998e+00
2.31933975e+00
2.32312155e+00
2.32070136e+00
2.31706882e+00
2.31086946e+00
2.30122328e+00
2.29509783e+00
2.29942846e+00
2.29538393e+00
2.30503011e+00
2.28982592e+00
2.29690719e+00
2.28911328e+00
2.27299213e+00
2.29500127e+00
2.28128910e+00
2.27891970e+00
2.29023194e+00
2.27458096e+00
2.27729249e+00
2.28012872e+00
2.27695966e+00
2.26751018e+00
2.26444435e+00
2.27373075e+00
2.28959417e+00
2.26363611e+00
2.26526117e+00
2.28084946e+00
2.27020502e+00
2.26079106e+00
2.27787924e+00
2.27284479e+00
2.27293372e+00
2.26399112e+00
2.25404739e+00
2.26515746e+00
2.26902604e+00
2.25534368e+00
2.25384188e+00
2.25980616e+00
2.24882555e+00
2.25715876e+00
2.25385833e+00
2.23711419e+00
2.23295641e+00
2.23965669e+00
2.23287416e+00
2.23830533e+00
2.23092318e+00
2.23261166e+00
2.22759581e+00
2.22490597e+00
2.23378706e+00
2.23486161e+00
2.22349620e+00
2.21563911e+00
2.22563028e+00
2.21752381e+00
2.22093058e+00
2.22211432e+00
2.21962786e+00
2.21675992e+00
2.21714020e+00
2.22004938e+00
2.21948647e+00
2.20463276e+00
2.20769119e+00
2.20206499e+00
2.19442201e+00
2.19644094e+00
2.20299077e+00
2.19942927e+00
2.20118737e+00
2.21584821e+00
2.19331455e+00
2.19073176e+00
2.18907738e+00
2.20100522e+00
2.21640325e+00
2.20876026e+00
2.19219565e+00
2.19727111e+00
2.20320749e+00
2.18100286e+00
2.18425870e+00
2.19537091e+00
2.19009995e+00
2.17433333e+00
2.19225955e+00
2.18599010e+00
2.17686749e+00
2.17671013e+00
2.16324472e+00
2.17759132e+00
2.17620659e+00
2.18135738e+00
2.17655158e+00
2.16519284e+00
2.17868924e+00
2.17383671e+00
2.17091990e+00
2.19802403e+00
2.17275810e+00
2.16098189e+00
2.17942262e+00
2.16289949e+00
2.16229463e+00
2.18336558e+00
2.16347027e+00
2.14463139e+00
2.16228271e+00
2.14669824e+00
2.14814162e+00
2.14114451e+00
2.12568164e+00
2.14012837e+00
2.13579130e+00
2.13373303e+00
2.13666630e+00
2.12660956e+00
2.13049102e+00
2.13649368e+00
2.12488675e+00
2.13235784e+00
2.12606144e+00
2.11360025e+00
2.11871624e+00
2.11626530e+00
2.13163233e+00
2.13652825e+00
2.12448478e+00
2.13454556e+00
2.12290335e+00
2.12001991e+00
2.11590123e+00
2.10472155e+00
2.11794496e+00
2.11907840e+00
2.10184002e+00
2.10219669e+00
2.10158014e+00
2.09532142e+00
2.09420276e+00
2.08280134e+00
2.08250952e+00
2.09226370e+00
2.07781553e+00
2.08888340e+00
2.07659292e+00
2.08213186e+00
2.07771087e+00
2.07003808e+00
2.06888938e+00
2.05875325e+00
2.05368400e+00
2.04792666e+00
2.05081558e+00
2.05765343e+00
2.06015444e+00
2.05341816e+00
2.05062723e+00
2.06081700e+00
2.05584717e+00
2.05155826e+00
2.04030967e+00
2.04054713e+00
2.03872991e+00
2.03594899e+00
2.03523397e+00
2.02829313e+00
2.02802515e+00
2.02087450e+00
2.00967932e+00
2.02185249e+00
2.02698660e+00
2.00302315e+00
2.00048971e+00
2.00162125e+00
2.00675130e+00
2.01452112e+00
2.00640297e+00
2.00484252e+00
1.99057126e+00
1.99265289e+00
2.00228214e+00
1.98723960e+00
1.98401749e+00
1.98179936e+00
1.97463131e+00
1.97149587e+00
1.97120559e+00
1.95345473e+00
1.96437287e+00
1.95692408e+00
1.94761884e+00
1.95766926e+00
1.96006024e+00
1.95106769e+00
1.94384742e+00
1.93477261e+00
1.93916237e+00
1.94192314e+00
1.92403150e+00
1.91483140e+00
1.91109908e+00
1.90935194e+00
1.89842844e+00
1.90837824e+00
1.88763964e+00
1.89141059e+00
1.89196992e+00
1.88163376e+00
1.87927449e+00
1.86977041e+00
1.86915994e+00
1.85640979e+00
1.85604322e+00
1.85872591e+00
1.85420370e+00
1.83590174e+00
1.83998585e+00
1.83513737e+00
1.82293975e+00
1.81320441e+00
1.80760181e+00
1.80718815e+00
1.79144108e+00
1.79324472e+00
1.79365730e+00
1.78100479e+00
1.77069783e+00
1.76953137e+00
1.76575005e+00
1.75609851e+00
1.74610901e+00
1.72350311e+00
1.73012769e+00
1.70894086e+00
1.70464814e+00
1.69355392e+00
1.67747891e+00
1.67552292e+00
1.66742599e+00
1.65167403e+00
1.66044486e+00
1.63669443e+00
1.61625302e+00
1.61740804e+00
1.60778451e+00
1.59706712e+00
1.57853830e+00
1.57166493e+00
1.55828893e+00
1.53588164e+00
1.53624296e+00
1.53280747e+00
1.51006389e+00
1.50136459e+00
1.48077881e+00
1.46183455e+00
1.44750655e+00
1.42970574e+00
1.41356063e+00
1.40283298e+00
1.37644696e+00
1.35204697e+00
1.32353115e+00
1.31864750e+00
1.30274999e+00
1.27255654e+00
1.26099682e+00
1.24115384e+00
1.21181381e+00
1.17439330e+00
1.14303970e+00
1.11854458e+00
1.07476401e+00
1.02513015e+00
9.71828640e-01
9.08948183e-01
8.76073539e-01
8.87656629e-01
9.39651251e-01
1.00701439e+00
1.05482745e+00
1.09597123e+00
1.12687087e+00
1.15790510e+00
1.18251491e+00
1.20839310e+00
1.22657382e+00
1.25355256e+00
1.27295327e+00
1.29171729e+00
1.31350470e+00
1.33333170e+00
1.34664941e+00
1.36017013e+00
1.37879694e+00
1.39215362e+00
1.40447521e+00
1.42564380e+00
1.43131196e+00
1.45536065e+00
1.47230387e+00
1.48210287e+00
1.48337269e+00
1.49952018e+00
1.51779497e+00
1.53430784e+00
1.53285706e+00
1.55182326e+00
1.56730652e+00
1.55735099e+00
1.56414425e+00
1.58241987e+00
1.57920814e+00
1.58578753e+00
1.59878874e+00
1.61097932e+00
1.61061168e+00
1.61895907e+00
1.62205911e+00
1.64198661e+00
1.63877535e+00
1.63822746e+00
1.64921379e+00
1.66537654e+00
1.66149282e+00
1.67282426e+00
1.67190075e+00
1.67256975e+00
1.68106663e+00
1.68029261e+00
1.68154335e+00
1.68872428e+00
1.69564700e+00
1.69831133e+00
1.71640015e+00
1.72869051e+00
1.72179246e+00
1.72109473e+00
1.72877526e+00
1.72805130e+00
1.72846150e+00
1.73258138e+00
1.73132384e+00
1.74618959e+00
1.73842216e+00
1.73852289e+00
1.73818326e+00
1.73337233e+00
1.73855436e+00
1.75461626e+00
1.74119556e+00
1.75000870e+00
1.75147128e+00
1.73621869e+00
1.75230193e+00
1.75503874e+00
1.74730611e+00
1.75738430e+00
1.75334013e+00
1.75666642e+00
1.75738382e+00
1.75746632e+00
1.75761640e+00
1.75177228e+00
1.73984587e+00
1.75168037e+00
1.77228451e+00
1.75532830e+00
1.75365865e+00
1.76099277e+00
1.76950097e+00
1.76002276e+00
1.75880289e+00
1.76370597e+00
1.76145411e+00
1.76170540e+00
1.76065075e+00
1.77003467e+00
1.76507056e+00
1.76041937e+00
1.77373457e+00
1.77452326e+00
1.76441956e+00
1.77871895e+00
1.77733850e+00
1.76966155e+00
1.76945794e+00
1.76828361e+00
1.77384520e+00
1.77511263e+00
1.76773965e+00
1.76419067e+00
1.76760745e+00
1.76706910e+00
1.75855100e+00
1.77200711e+00
1.76443624e+00
1.76010978e+00
1.75607622e+00
1.75556397e+00
1.76669335e+00
1.76584291e+00
1.76152277e+00
1.75913346e+00
1.75556290e+00
1.75750852e+00
1.75555182e+00
1.76949441e+00
1.76054883e+00
1.76469529e+00
1.75339544e+00
1.74796617e+00
1.76272845e+00
1.76621366e+00
1.75888717e+00
1.75728345e+00
1.76443529e+00
1.76360118e+00
1.75607646e+00
1.76213503e+00
1.76269567e+00
1.76380146e+00
1.76598728e+00
1.75436926e+00
1.75270760e+00
1.76622629e+00
1.76585293e+00
1.75704813e+00
1.75240314e+00
1.74866748e+00
1.75346351e+00
1.74629545e+00
1.75537360e+00
1.75709844e+00
1.74669206e+00
1.74483144e+00
1.75352275e+00
1.74445736e+00
1.74849629e+00
1.74878860e+00
1.75080884e+00
1.74251544e+00
1.74492431e+00
1.74939537e+00
1.74777663e+00
1.74418092e+00
1.73794925e+00
1.74308515e+00
1.74659121e+00
1.73986804e+00
1.73447418e+00
1.74470592e+00
1.73905766e+00
1.73211050e+00
1.73475850e+00
1.72930336e+00
1.72266662e+00
1.73472369e+00
1.73302925e+00
1.72856748e+00
1.73450351e+00
1.73679805e+00
1.72335875e+00
1.73685884e+00
1.74506271e+00
1.72373223e+00
1.72461164e+00
1.73077488e+00
1.72497559e+00
1.72463274e+00
1.73220479e+00
1.72673631e+00
1.71541405e+00
1.71536732e+00
1.71645713e+00
1.72283721e+00
1.71447718e+00
1.72227180e+00
1.70457196e+00
1.71318865e+00
1.71322608e+00
1.71419847e+00
1.71395993e+00
1.70460057e+00
1.71221054e+00
1.71874189e+00
1.70581102e+00
1.70850885e+00
1.70996106e+00
1.71319592e+00
1.71776617e+00
1.70901310e+00
1.70431256e+00
1.70326078e+00
1.70742023e+00
1.70316207e+00
1.69746172e+00
1.69674599e+00
1.69235575e+00
1.69668138e+00
1.69397938e+00
1.68982363e+00
1.68590403e+00
1.68707919e+00
1.68705964e+00
1.68620121e+00
1.68083847e+00
1.68334556e+00
1.68833303e+00
1.68204474e+00
1.68566442e+00
1.69163585e+00
1.68869853e+00
1.69332075e+00
1.68302417e+00
1.68532801e+00
1.68149078e+00
1.67855370e+00
1.67762995e+00
1.68019605e+00
1.67778456e+00
1.66855323e+00
1.66994548e+00
1.66317344e+00
1.66753030e+00
1.67463982e+00
1.65471804e+00
1.66530991e+00
1.66917014e+00
1.66676450e+00
1.66878247e+00
1.67038238e+00
1.66541135e+00
1.65741789e+00
1.66813278e+00
1.66540587e+00
1.65768802e+00
1.66874325e+00
1.67036128e+00
1.65718544e+00
1.65035713e+00
1.64807832e+00
1.64839184e+00
1.63951302e+00
1.63307023e+00
1.63263190e+00
1.63381505e+00
1.62958384e+00
1.63471806e+00
1.63187897e+00
1.63130271e+00
1.63000107e+00
1.63123059e+00
1.62014413e+00
1.61722016e+00
1.62400579e+00
1.62213039e+00
1.62121630e+00
1.62380540e+00
1.62117445e+00
1.62681842e+00
1.61980951e+00
1.62165332e+00
1.62542558e+00
1.62353420e+00
1.63069165e+00
1.62617254e+00
1.61829507e+00
1.61836255e+00
1.62589037e+00
1.62966740e+00
1.62415302e+00
1.63006437e+00
1.62986040e+00
1.61301088e+00
1.61294079e+00
1.61712062e+00
1.61393273e+00
1.61532462e+00
1.62074697e+00
1.62643278e+00
1.60942769e+00
1.60791361e+00
1.60990345e+00
1.61355138e+00
1.61155069e+00
1.61533701e+00
1.60845602e+00
1.59802639e+00
1.60971236e+00
1.60961139e+00
1.59890223e+00
1.60358214e+00
1.60022330e+00
1.60482609e+00
1.60669589e+00
1.60691178e+00
1.59990609e+00
1.59208786e+00
1.59777224e+00
1.59579408e+00
1.59264159e+00
1.59077787e+00
1.58781874e+00
1.58741987e+00
1.58091390e+00
1.57980549e+00
1.58794689e+00
1.58661425e+00
1.57769740e+00
1.57582307e+00
1.58076036e+00
1.58498609e+00
1.57356656e+00
1.56482518e+00
1.57286131e+00
1.57686675e+00
1.57779288e+00
1.57213211e+00
1.57066655e+00
1.57432616e+00
1.57238698e+00
1.56914568e+00
1.57399452e+00
1.57274592e+00
1.55208910e+00
1.56338024e+00
1.57320404e+00
1.56803071e+00
1.56926107e+00
1.55813980e+00
1.56661761e+00
1.57145905e+00
1.57288706e+00
1.56588292e+00
1.56018698e+00
1.55663204e+00
1.55114794e+00
1.55371702e+00
1.54883826e+00
1.55160153e+00
1.53915274e+00
1.54292369e+00
1.54448390e+00
1.54331028e+00
1.54284942e+00
1.55212915e+00
1.53563237e+00
1.53595924e+00
1.53674746e+00
1.53637362e+00
1.54106581e+00
1.54159451e+00
1.53782177e+00
1.54043245e+00
1.53562379e+00
1.53410637e+00
1.53647792e+00
1.53324759e+00
1.53510261e+00
1.53611302e+00
1.53736103e+00
1.52730918e+00
1.51550078e+00
1.53628159e+00
1.53253138e+00
1.52006590e+00
1.52590275e+00
1.52209461e+00
1.51871574e+00
1.52156436e+00
1.52235961e+00
1.52109075e+00
1.51907039e+00
1.50778043e+00
1.49883235e+00
1.50199926e+00
1.50602984e+00
1.50304759e+00
1.50761962e+00
1.50050879e+00
1.50266623e+00
1.50549209e+00
1.50042212e+00
1.49753284e+00
1.48827922e+00
1.49900031e+00
1.49946856e+00
1.49543476e+00
1.49821496e+00
1.49670386e+00
1.50300598e+00
1.50689721e+00
1.49803305e+00
1.50519061e+00
1.50572646e+00
1.50257170e+00
1.49907529e+00
1.48814881e+00
1.49562645e+00
1.49912560e+00
1.48944056e+00
1.49169290e+00
1.49270988e+00
1.49359667e+00
1.49469686e+00
1.49018121e+00
1.48473322e+00
1.48656750e+00
1.49032211e+00
1.48896778e+00
1.48196125e+00
1.48438585e+00
1.47586286e+00
1.47758031e+00
1.47942615e+00
1.47282529e+00
1.47677398e+00
1.47268248e+00
1.47652221e+00
1.47985888e+00
1.47774422e+00
1.47106707e+00
1.47596204e+00
1.48579848e+00
1.47980857e+00
1.46719933e+00
1.46525455e+00
1.47051811e+00
1.47019780e+00
1.46243262e+00
1.45602465e+00
1.46149790e+00
1.46253514e+00
1.45849323e+00
1.45629799e+00
1.45972359e+00
1.45602930e+00
1.45779097e+00
1.45489705e+00
1.45589197e+00
1.45125449e+00
1.45320821e+00
1.45328188e+00
1.44580770e+00
1.45184827e+00
1.44894862e+00
1.45154881e+00
1.45296991e+00
1.44550133e+00
1.44532800e+00
1.45027852e+00
1.45137751e+00
1.44145989e+00
1.44508421e+00
1.44606149e+00
1.45303416e+00
1.43494058e+00
1.43580151e+00
1.43897617e+00
1.44049895e+00
1.43695319e+00
1.43129373e+00
1.43709397e+00
1.43195534e+00
1.43438709e+00
1.42964172e+00
1.43226242e+00
1.43804061e+00
1.43172443e+00
1.43793941e+00
1.42751932e+00
1.42796528e+00
1.42663431e+00
1.42553806e+00
1.43133211e+00
1.42480326e+00
1.42062318e+00
1.42011821e+00
1.41518915e+00
1.40887916e+00
1.41352689e+00
1.41335809e+00
1.41124010e+00
1.41521192e+00
1.41098619e+00
1.41398227e+00
1.41531384e+00
1.41947317e+00
1.41193807e+00
1.40928984e+00
1.41682708e+00
1.40952504e+00
1.40819311e+00
1.41000473e+00
1.40969002e+00
1.40493894e+00
1.40454423e+00
1.41175330e+00
1.41317475e+00
1.40380871e+00
1.39224720e+00
1.39173126e+00
1.38229668e+00
1.38540661e+00
1.38166749e+00
1.38491619e+00
1.38923860e+00
1.38045776e+00
1.37975180e+00
1.39342546e+00
1.39644384e+00
1.38631570e+00
1.38719952e+00
1.38132501e+00
1.38426769e+00
1.38346207e+00
1.37822950e+00
1.38369536e+00
1.39002693e+00
1.38001084e+00
1.37409174e+00
1.37916470e+00
1.37910032e+00
1.37875044e+00
1.37140024e+00
1.37649560e+00
1.37168050e+00
1.36982596e+00
1.37493253e+00
1.37534440e+00
1.37938583e+00
1.37022460e+00
1.36948085e+00
1.37172985e+00
1.36850798e+00
1.36958814e+00
1.36216927e+00
1.36970448e+00
1.37259555e+00
1.36715186e+00
1.36380529e+00
1.36571109e+00
1.36270702e+00
1.35672081e+00
1.36184013e+00
1.36186993e+00
1.35361826e+00
1.35533929e+00
1.35362875e+00
1.35416067e+00
1.35168695e+00
1.35620892e+00
1.36307049e+00
1.34738708e+00
1.35189915e+00
1.35813212e+00
1.35100055e+00
1.34861422e+00
1.34343314e+00
1.35331321e+00
1.34647393e+00
1.34070098e+00
1.34583521e+00
1.34211373e+00
1.35312343e+00
1.35128319e+00
1.34357607e+00
1.33850098e+00
1.34005904e+00
1.26201069e+00
1.31563938e+00
1.31257224e+00
1.21818769e+00
1.28194892e+00
1.35613298e+00
1.32952178e+00
1.33195996e+00
1.33302939e+00
1.33263505e+00
1.32653356e+00
1.33281410e+00
1.32913852e+00
1.33382022e+00
1.32850051e+00
1.32659137e+00
1.33560395e+00
1.33059204e+00
1.32804680e+00
1.32741559e+00
1.32012749e+00
1.31828535e+00
1.31755280e+00
1.31873119e+00
1.32533574e+00
1.31924081e+00
1.31481600e+00
1.31429148e+00
1.31163800e+00
1.30347073e+00
1.30149972e+00
1.31346941e+00
1.31549346e+00
1.30627930e+00
1.30668378e+00
1.30959225e+00
1.30485749e+00
1.31428444e+00
1.30672562e+00
1.29717398e+00
1.30114603e+00
1.30065167e+00
1.30267739e+00
1.29999161e+00
1.30219519e+00
1.29429030e+00
1.29372692e+00
1.29560971e+00
1.30299234e+00
1.29898810e+00
1.29224765e+00
1.30348253e+00
1.29671741e+00
1.28779411e+00
1.29545963e+00
1.29415810e+00
1.27685201e+00
1.26290071e+00
1.28131497e+00
1.29419351e+00
1.28080595e+00
1.28932536e+00
1.28592432e+00
1.27937961e+00
1.28719687e+00
1.28532279e+00
1.27827752e+00
1.27108896e+00
1.27810490e+00
1.27795756e+00
1.27299869e+00
1.28001785e+00
1.28625846e+00
1.27334297e+00
1.27135801e+00
1.26801777e+00
1.27382731e+00
1.27248704e+00
1.26471281e+00
1.26527500e+00
1.26771688e+00
1.27367711e+00
1.27501202e+00
1.26423991e+00
1.26434565e+00
1.26345789e+00
1.26568854e+00
1.26961970e+00
1.26675296e+00
1.26071465e+00
1.25481093e+00
1.25754833e+00
1.26632166e+00
1.25524557e+00
1.25378335e+00
1.25764394e+00
1.25176430e+00
1.25884771e+00
1.25241339e+00
1.25177753e+00
1.25440753e+00
1.25519192e+00
1.25799119e+00
1.25192094e+00
1.25237918e+00
1.25025463e+00
1.25016105e+00
1.25473654e+00
1.24609017e+00
1.24565637e+00
1.25302589e+00
1.24922311e+00
1.23301697e+00
1.23593771e+00
1.24732518e+00
1.23380899e+00
1.22789669e+00
1.24452317e+00
1.23696589e+00
1.23211849e+00
1.23572898e+00
1.23856044e+00
1.22243965e+00
1.22951508e+00
1.23067880e+00
1.23225844e+00
1.22616637e+00
1.22473657e+00
1.22153389e+00
1.22515416e+00
1.21978414e+00
1.21522689e+00
1.21825469e+00
1.21622837e+00
1.21627331e+00
1.21960616e+00
1.20969462e+00
1.21612036e+00
1.22565174e+00
1.21240187e+00
1.21791005e+00
1.21609795e+00
1.21573353e+00
1.21591449e+00
1.21921587e+00
1.21048176e+00
1.20779777e+00
1.21600795e+00
1.21153557e+00
1.21477759e+00
1.21285892e+00
1.21198988e+00
1.21006870e+00
1.21584415e+00
1.21610343e+00
1.21440196e+00
1.20323038e+00
1.20807290e+00
1.21169460e+00
1.21260881e+00
1.20557046e+00
1.20413864e+00
1.21186590e+00
1.20907903e+00
1.20028365e+00
1.19947672e+00
1.19508171e+00
1.20321512e+00
1.19278252e+00
1.19540560e+00
1.19667852e+00
1.19102943e+00
1.18903291e+00
1.19592619e+00
1.19029140e+00
1.19157743e+00
1.19397283e+00
1.19197977e+00
1.19286692e+00
1.18389153e+00
1.18808401e+00
1.18781686e+00
1.18950403e+00
1.19525397e+00
1.18305504e+00
1.17804730e+00
1.18009651e+00
1.17555320e+00
1.17813563e+00
1.18871224e+00
1.19068694e+00
1.17295825e+00
1.17438865e+00
1.17312908e+00
1.16947246e+00
1.17459548e+00
1.18294752e+00
1.17450535e+00
1.16660905e+00
1.17875922e+00
1.17203295e+00
1.15558231e+00
1.16699219e+00
1.17034185e+00
1.16037369e+00
1.17183065e+00
1.16954041e+00
1.16559994e+00
1.16156435e+00
1.16347814e+00
1.16416824e+00
1.16166294e+00
1.16555274e+00
1.16625142e+00
1.17067480e+00
1.15754485e+00
1.15900016e+00
1.15910709e+00
1.15407848e+00
1.15682328e+00
1.15807140e+00
1.14124143e+00
1.15116060e+00
1.15174246e+00
1.14736831e+00
1.15355730e+00
1.14158177e+00
1.14977443e+00
1.13823295e+00
1.14524174e+00
1.15221310e+00
1.14487743e+00
1.14542997e+00
1.14469635e+00
1.13932598e+00
1.13960719e+00
1.13856769e+00
1.12366307e+00
1.12411129e+00
1.11344290e+00
1.10343969e+00
1.12430239e+00
1.12599635e+00
1.12002182e+00
1.10584211e+00
1.11135375e+00
1.12235713e+00
1.12490416e+00
1.12925613e+00
1.13697827e+00
1.13735390e+00
1.13868988e+00
1.13320434e+00
1.12872934e+00
1.13214147e+00
1.13910925e+00
1.13291466e+00
1.12295473e+00
1.13216126e+00
1.12740493e+00
1.12230635e+00
1.12349463e+00
1.12385070e+00
1.10991645e+00
1.11178601e+00
1.11694002e+00
1.12205207e+00
1.12080514e+00
1.13276196e+00
1.12540925e+00
1.11570823e+00
1.11781716e+00
1.11856091e+00
1.11376512e+00
1.12006307e+00
1.11593413e+00
1.11090052e+00
1.10457015e+00
1.10446751e+00
1.10933101e+00
1.11254895e+00
1.10628498e+00
1.10803187e+00
1.10309255e+00
1.11500001e+00
1.11245477e+00
1.10112107e+00
1.10478318e+00
1.10661888e+00
1.10156190e+00
1.10703659e+00
1.10086834e+00
1.10078764e+00
1.09468877e+00
1.10222459e+00
1.10530531e+00
1.09466052e+00
1.09407187e+00
1.09783947e+00
1.10300028e+00
1.09809947e+00
1.10168374e+00
1.09998691e+00
1.08904886e+00
1.08979630e+00
1.08949876e+00
1.08870769e+00
1.08570826e+00
1.09595060e+00
1.10182178e+00
1.10038292e+00
1.08981133e+00
1.08023119e+00
1.08776307e+00
1.09057248e+00
1.08071172e+00
1.08388293e+00
1.08742654e+00
1.08432937e+00
1.07295883e+00
1.08127952e+00
1.08254600e+00
1.09085429e+00
1.08631873e+00
1.07846761e+00
1.08617795e+00
1.07951188e+00
1.07585156e+00
1.08255196e+00
1.07920933e+00
1.07855177e+00
1.08150327e+00
1.07776988e+00
1.07190371e+00
1.07925987e+00
1.07278764e+00
1.07191241e+00
1.07142282e+00
1.06662548e+00
1.06794012e+00
1.06819439e+00
1.06914711e+00
1.07631791e+00
1.07025993e+00
1.05602276e+00
1.06803155e+00
1.07100379e+00
1.07167923e+00
1.04694092e+00
1.05700612e+00
1.06498849e+00
1.05440593e+00
1.05093527e+00
1.05721962e+00
1.06394637e+00
1.06235337e+00
1.06349432e+00
1.06095994e+00
1.06121969e+00
1.04986119e+00
1.05489671e+00
1.05644226e+00
1.05767763e+00
1.05160069e+00
1.04892635e+00
1.05759847e+00
1.05690110e+00
1.05367255e+00
1.04555929e+00
1.04998660e+00
1.05019474e+00
1.04019666e+00
1.04390395e+00
1.04544199e+00
1.04562080e+00
1.03824377e+00
1.04485023e+00
1.04501128e+00
1.03960609e+00
1.04827940e+00
1.04388487e+00
1.04105830e+00
1.04896891e+00
1.04247212e+00
1.03864837e+00
1.03842700e+00
1.03675318e+00
1.03384018e+00
1.03482735e+00
1.04096818e+00
1.03561783e+00
1.03132880e+00
1.03739130e+00
1.03251398e+00
1.03323662e+00
1.03777063e+00
1.03787482e+00
1.03557992e+00
1.03071284e+00
1.02881837e+00
1.02590692e+00
1.02527189e+00
1.03279531e+00
1.01783895e+00
1.02318704e+00
1.02928746e+00
1.03046536e+00
1.02328277e+00
1.01598597e+00
1.01079535e+00
1.01461732e+00
1.02057171e+00
1.01162183e+00
1.01908445e+00
1.01793826e+00
1.01360917e+00
1.01734412e+00
1.01749027e+00
1.01764894e+00
1.02613080e+00
1.01987779e+00
1.01275241e+00
1.01494288e+00
1.01656878e+00
1.01903236e+00
1.00458527e+00
1.01577938e+00
1.00888360e+00
1.00850546e+00
1.00870407e+00
1.00480151e+00
1.00049710e+00
1.00354409e+00
1.00000000e+00
1.00357223e+00
9.97442544e-01
9.95549679e-01
9.87794280e-01
9.92693543e-01
1.00250113e+00
1.00169659e+00
9.99786854e-01
1.00285172e+00
1.00023389e+00
9.97684062e-01
9.92523134e-01
9.93110776e-01
1.00265193e+00
9.95124519e-01
9.90370691e-01
9.90846455e-01
9.98176336e-01
9.98568296e-01
9.90213573e-01
9.90358412e-01
1.00267839e+00
9.85080540e-01
9.86071825e-01
9.80175495e-01
9.86314356e-01
9.96603489e-01
9.85344470e-01
9.84335840e-01
9.81787503e-01
9.87703800e-01
9.85264599e-01
9.81423259e-01
9.79221821e-01
9.74578500e-01
9.77824211e-01
9.70502317e-01
9.77568328e-01
9.76150632e-01
9.79962230e-01
9.85140681e-01
9.70033407e-01
9.70835149e-01
9.72489893e-01
9.71466541e-01
9.84812140e-01
9.68510687e-01
9.64620590e-01
9.73609924e-01
9.75107431e-01
9.71889138e-01
9.71813679e-01
9.63278949e-01
9.65420961e-01
9.67187822e-01
9.68213201e-01
9.69415843e-01
9.65767086e-01
9.63783979e-01
9.62631047e-01
9.66796637e-01
9.62456942e-01
9.57477152e-01
9.66816604e-01
9.60655153e-01
9.54503417e-01
9.54621971e-01
9.57115769e-01
9.45894718e-01
9.46243465e-01
9.58096683e-01
9.51204062e-01
9.51203525e-01
9.60608959e-01
9.58712220e-01
9.48630333e-01
9.45190668e-01
9.54199672e-01
9.47766125e-01
9.51656640e-01
9.53336716e-01
9.43111062e-01
9.42183614e-01
9.42931175e-01
9.47822571e-01
9.50554550e-01
9.57471430e-01
9.57002342e-01
9.53886509e-01
9.49670196e-01
9.47943032e-01
9.43354845e-01
9.43015456e-01
9.36151206e-01
9.33433175e-01
9.35622871e-01
9.08534884e-01
9.21961069e-01
1.03784418e+00
9.71229196e-01
8.04588556e-01
8.88457179e-01
1.03167915e+00
1.02918005e+00
9.40119386e-01
8.95391107e-01
8.91427815e-01
9.07057464e-01
9.45918500e-01
9.32796478e-01
9.23687518e-01
9.22212541e-01
9.23921049e-01
9.31238711e-01
9.23089504e-01
9.22547638e-01
9.15308356e-01
9.18873727e-01
9.22826350e-01
9.27984893e-01
9.27216172e-01
9.11238730e-01
9.14225936e-01
9.16030943e-01
9.17520165e-01
9.14076447e-01
9.15554166e-01
9.13526416e-01
9.20016348e-01
9.27022696e-01
9.11151767e-01
9.11521912e-01
9.13021564e-01
9.06440318e-01
9.06707287e-01
9.11516190e-01
9.08325195e-01
9.07701969e-01
9.07316387e-01
9.01896238e-01
8.89375985e-01
8.97850633e-01
9.07894492e-01
9.10277247e-01
9.14338350e-01
9.06186938e-01
8.91665518e-01
9.04815733e-01
9.01586533e-01
8.96479666e-01
8.98490787e-01
9.00353730e-01
9.00496304e-01
9.01788175e-01
8.88840616e-01
8.86872351e-01
8.95567417e-01
8.97207141e-01
8.96193326e-01
8.90791059e-01
8.84276152e-01
8.88311386e-01
8.89928818e-01
8.89173687e-01
8.90983403e-01
8.86897147e-01
8.88190866e-01
8.87707710e-01
8.82854879e-01
8.80811512e-01
8.78026307e-01
8.88263762e-01
8.84385645e-01
8.73342156e-01
8.78038764e-01
8.84854257e-01
8.76798451e-01
8.80608797e-01
8.79429579e-01
8.77720296e-01
8.72394681e-01
8.66927862e-01
8.65631044e-01
8.71322334e-01
8.70055735e-01
8.64774048e-01
8.61468732e-01
8.63816977e-01
8.62490654e-01
8.59192312e-01
8.62062037e-01
8.59511077e-01
8.56128931e-01
8.54208469e-01
8.58056545e-01
8.55582356e-01
8.55989993e-01
8.55007350e-01
8.54627252e-01
8.47674847e-01
8.47698152e-01
8.50625932e-01
8.46286893e-01
8.42009127e-01
8.42377663e-01
8.41398656e-01
8.40704799e-01
8.40714276e-01
8.39469373e-01
8.38861763e-01
8.30693185e-01
8.30761313e-01
8.31781983e-01
8.32663000e-01
8.28289449e-01
8.31188738e-01
8.29230428e-01
8.26445580e-01
8.18157136e-01
8.16196203e-01
8.20444703e-01
8.17169368e-01
8.14073086e-01
8.16695154e-01
8.06309342e-01
8.03998888e-01
8.05944264e-01
8.03360820e-01
8.00394535e-01
7.90970385e-01
7.95232117e-01
7.98704684e-01
7.90944815e-01
7.97343671e-01
7.88002491e-01
7.82495856e-01
7.82668710e-01
7.69630849e-01
7.70275295e-01
7.73779333e-01
7.70961523e-01
7.67683625e-01
7.59334087e-01
7.59427071e-01
7.52339602e-01
7.49793470e-01
7.57205486e-01
7.49362707e-01
7.46424615e-01
7.37846315e-01
7.32165635e-01
7.31756985e-01
7.26220369e-01
7.19051778e-01
7.13701308e-01
7.09725618e-01
7.00584888e-01
7.01112986e-01
6.92331016e-01
6.79577351e-01
6.69749320e-01
6.69698477e-01
6.60328388e-01
6.55816138e-01
6.51492476e-01
6.24089897e-01
6.26035511e-01
6.17019653e-01
6.05031371e-01
6.00593746e-01
5.89303076e-01
5.72642982e-01
5.51129341e-01
5.20598590e-01
4.59080011e-01
4.46557671e-01
4.49320942e-01
4.65996474e-01
5.19559503e-01
5.50608099e-01
5.67124546e-01
5.77984571e-01
5.89987576e-01
6.01316273e-01
6.05914056e-01
6.17753029e-01
6.26604021e-01
6.37329221e-01
6.34651244e-01
6.35700464e-01
6.49381101e-01
6.59474075e-01
6.63653731e-01
6.73852682e-01
6.78378642e-01
6.79960132e-01
6.89959645e-01
6.95403934e-01
6.96658611e-01
6.95886910e-01
6.99667633e-01
7.05447555e-01
7.07617462e-01
7.15132356e-01
7.15203762e-01
7.13122547e-01
7.23652959e-01
7.24965215e-01
7.24757791e-01
7.27768719e-01
7.33511090e-01
7.35520303e-01
7.29607940e-01
7.35360801e-01
7.35502899e-01
7.37290084e-01
7.43285000e-01
7.36320198e-01
7.39427269e-01
7.41215706e-01
7.48056412e-01
7.51207352e-01
7.49319851e-01
7.53489971e-01
7.60516346e-01
7.50135005e-01
7.55831361e-01
7.56436944e-01
7.57028162e-01
7.58009493e-01
7.58784115e-01
7.59300649e-01
7.64106214e-01
7.63846278e-01
7.61135459e-01
7.62368381e-01
7.62414336e-01
7.63923228e-01
7.62144685e-01
7.64124215e-01
7.63504446e-01
7.63042569e-01
7.63193607e-01
7.63512015e-01
7.67015576e-01
7.67579675e-01
7.63546348e-01
7.63320744e-01
7.59476423e-01
7.63810277e-01
7.63779461e-01
7.64326632e-01
7.64803946e-01
7.64584839e-01
7.69005775e-01
7.72118330e-01
7.70586252e-01
7.70402789e-01
7.68587470e-01
7.66026914e-01
7.68672228e-01
7.64933288e-01
7.67870307e-01
7.70543218e-01
7.63878584e-01
7.64912665e-01
7.62493193e-01
7.61839151e-01
7.64968753e-01
7.71330476e-01
7.69491136e-01
7.68115878e-01
7.63149679e-01
7.55291164e-01
7.56696641e-01
7.54211009e-01
7.58822799e-01
7.62251735e-01
7.60729909e-01
7.65437663e-01
7.62911499e-01
7.59162188e-01
7.60590553e-01
7.59790540e-01
7.53106892e-01
7.45969057e-01
7.51811981e-01
7.59718120e-01
7.58626997e-01
7.55103230e-01
7.59820342e-01
7.61323392e-01
7.60065794e-01
7.60286629e-01
7.59555697e-01
7.59375751e-01
7.61473954e-01
7.55381942e-01
7.54115999e-01
7.59867311e-01
7.57215619e-01
7.55000651e-01
7.58399487e-01
7.52777517e-01
7.54203022e-01
7.55992830e-01
7.49909878e-01
7.51295805e-01
7.57197976e-01
7.50901520e-01
7.50633776e-01
7.51740456e-01
7.51849473e-01
7.51597822e-01
7.53608763e-01
7.48502254e-01
7.45502889e-01
7.53310442e-01
7.48713315e-01
7.45973766e-01
7.51990139e-01
7.49668002e-01
7.50802934e-01
7.37858355e-01
7.41387963e-01
7.44991243e-01
7.43397117e-01
7.48572588e-01
7.44731367e-01
7.44227409e-01
7.44946003e-01
7.44218171e-01
7.42691278e-01
7.45734811e-01
7.46568203e-01
7.39993274e-01
7.42646694e-01
7.45442212e-01
7.45417774e-01
7.45017767e-01
7.45414019e-01
7.42573619e-01
7.33052671e-01
7.35746324e-01
7.36869514e-01
7.33766198e-01
7.36393154e-01
7.35379517e-01
7.40953028e-01
7.38328755e-01
7.26547003e-01
7.29439318e-01
7.36543417e-01
7.40711629e-01
7.32293248e-01
7.33929813e-01
7.38528907e-01
7.39345193e-01
7.32309401e-01
7.32517660e-01
7.30137348e-01
7.30877340e-01
7.34632015e-01
7.26600349e-01
7.33216763e-01
7.27805674e-01
7.23575413e-01
7.20623791e-01
7.21682131e-01
7.26242781e-01
7.30843306e-01
7.35860348e-01
7.30525792e-01
7.26458967e-01
7.29053438e-01
7.21128345e-01
7.22750545e-01
7.19331026e-01
7.25953162e-01
7.24824488e-01
7.19286144e-01
7.19632089e-01
7.24202335e-01
7.13360727e-01
7.17858016e-01
7.24250615e-01
7.20867336e-01
7.17873633e-01
7.14959264e-01
7.20053732e-01
7.17487216e-01
7.15417981e-01
7.15945363e-01
7.20519900e-01
7.25380301e-01
7.19637752e-01
7.15178311e-01
7.17347622e-01
7.16117740e-01
7.09609747e-01
7.12402940e-01
7.13107288e-01
7.17804909e-01
7.12743044e-01
7.10230052e-01
7.12359071e-01
7.02449739e-01
7.04299629e-01
7.15992749e-01
7.17761219e-01
7.13364542e-01
7.08018482e-01
7.08834529e-01
7.14778662e-01
7.08164632e-01
7.08046198e-01
7.08340228e-01
7.07531750e-01
7.04352915e-01
7.06114769e-01
7.06173062e-01
7.04087257e-01
7.00968206e-01
6.99411452e-01
6.98175550e-01
7.07748234e-01
7.02935159e-01
7.02073157e-01
7.02383637e-01
7.01573193e-01
7.04262793e-01
6.97794020e-01
6.98429883e-01
7.04228401e-01
6.97039545e-01
6.91739976e-01
7.00017095e-01
6.96431220e-01
6.95166230e-01
6.94387555e-01
6.99695110e-01
6.97219133e-01
6.97049797e-01
6.95889235e-01
6.88892484e-01
6.90810025e-01
6.92355096e-01
6.90896273e-01
6.92550182e-01
6.91414952e-01
6.91013396e-01
6.87542737e-01
6.93523765e-01
6.93537176e-01
6.87270463e-01
6.89211786e-01
6.90646887e-01
6.86083257e-01
6.88631237e-01
6.93963587e-01
6.90781593e-01
6.86226428e-01
6.81687295e-01
6.88353479e-01
6.89487636e-01
6.88938737e-01
6.85599387e-01
6.84445977e-01
6.79822028e-01
6.84922576e-01
6.84584737e-01
6.83398783e-01
6.81189418e-01
6.81479037e-01
6.77859545e-01
6.81394458e-01
6.83677733e-01
6.78046405e-01
6.81564689e-01
6.77029788e-01
6.76104665e-01
6.79895818e-01
6.71394587e-01
6.75667822e-01
6.74344480e-01
6.77033007e-01
6.75228238e-01
6.71096146e-01
6.74828529e-01
6.72956109e-01
6.72278643e-01
6.71937764e-01
6.76093638e-01
6.74562275e-01
6.69771850e-01
6.69802070e-01
6.69691086e-01
6.71974778e-01
6.72158122e-01
6.66071117e-01
6.65688872e-01
6.68111682e-01
6.66243374e-01
6.69149280e-01
6.65106177e-01
6.64625466e-01
6.67487562e-01
6.63009942e-01
6.63344681e-01
6.60863101e-01
6.60411060e-01
6.62327409e-01
6.63993418e-01
6.58376396e-01
6.61888003e-01
6.61679983e-01
6.63755298e-01
6.64618552e-01
6.60530448e-01
6.60724163e-01
6.59911811e-01
6.58413649e-01
6.51976228e-01
6.55673862e-01
6.61475658e-01
6.57368422e-01
6.58261061e-01
6.58734381e-01
6.54586256e-01
6.56286955e-01
6.54542625e-01
6.50459826e-01
6.51941299e-01
6.47225916e-01
6.52953625e-01
6.53858125e-01
6.49427235e-01
6.51084423e-01
6.51591480e-01
6.45188868e-01
6.41753078e-01
6.46643400e-01
6.48995519e-01
6.48872077e-01
6.48366094e-01
6.48981869e-01
6.46678746e-01
6.44363701e-01
6.47322118e-01
6.43265367e-01
6.41938508e-01
6.44897044e-01
6.40803337e-01
6.36989832e-01
6.46390438e-01
6.47110999e-01
6.44493341e-01
6.46659613e-01
6.41039431e-01
6.40631080e-01
6.38370395e-01
6.37112260e-01
6.41969204e-01
6.42815471e-01
6.37473941e-01
6.34562135e-01
6.40390337e-01
6.37619853e-01
6.39832377e-01
6.39771640e-01
6.33117139e-01
6.35482430e-01
6.35161757e-01
6.38179362e-01
6.35205328e-01
6.35745704e-01
6.35538161e-01
6.37496114e-01
6.35355473e-01
6.38188899e-01
6.39713705e-01
6.36278450e-01
6.37740672e-01
6.33042932e-01
6.33458912e-01
6.32060945e-01
6.29848242e-01
6.31967783e-01
6.29969001e-01
6.31434441e-01
6.35072768e-01
6.30864501e-01
6.29014671e-01
6.36070728e-01
6.27124846e-01
6.21297181e-01
6.25946522e-01
6.23511255e-01
6.24661386e-01
6.26571000e-01
6.22573197e-01
6.21028006e-01
6.18009865e-01
6.25934541e-01
6.39186680e-01
6.30229354e-01
6.29564047e-01
6.26523852e-01
6.25877380e-01
6.23882771e-01
6.22625411e-01
6.22395933e-01
6.17195964e-01
6.19327903e-01
6.21315897e-01
6.14478230e-01
6.12584352e-01
6.12764418e-01
6.16048992e-01
6.17754459e-01
6.17305398e-01
6.05742395e-01
6.04819477e-01
6.14810705e-01
6.18936837e-01
6.14485383e-01
6.14924371e-01
6.08992398e-01
6.11800432e-01
6.07032180e-01
6.09248221e-01
6.10263109e-01
6.10647976e-01
6.03499770e-01
6.10978246e-01
6.11429691e-01
6.07727289e-01
6.06843650e-01
6.07222497e-01
6.08418941e-01
6.12269402e-01
6.14393234e-01
6.12570941e-01
6.04620576e-01
6.05204940e-01
6.00178421e-01
5.88179290e-01
6.00614727e-01
6.14486098e-01
6.07706964e-01
6.07095420e-01
6.05647147e-01
6.04123414e-01
6.00904047e-01
6.01097703e-01
6.05008304e-01
6.04592979e-01
6.01761639e-01
5.99496663e-01
6.00130618e-01
5.88336408e-01
5.84650576e-01
6.06655896e-01
6.04675949e-01
6.03175521e-01
6.00534201e-01
5.98680437e-01
5.99234223e-01
5.93473077e-01
5.92951894e-01
5.96206486e-01
5.95919073e-01
6.00670576e-01
6.04599774e-01
5.99269152e-01
5.99714637e-01
5.92788994e-01
5.96508384e-01
6.03071153e-01
5.99478841e-01
5.98412395e-01
5.93981922e-01
5.96611261e-01
5.94793618e-01
5.90823829e-01
5.92976034e-01
5.94912827e-01
5.97570539e-01
5.92425585e-01
5.88065267e-01
5.88407338e-01
5.92806876e-01
5.97149789e-01
5.93680680e-01
5.91439009e-01
5.88859499e-01
5.82511187e-01
5.85459471e-01
5.89260042e-01
5.94004273e-01
5.88211894e-01
5.87400436e-01
5.85331321e-01
5.86509466e-01
5.88735998e-01
5.81842780e-01
5.82911968e-01
5.81810653e-01
5.79062819e-01
5.85389972e-01
5.77779353e-01
5.76196730e-01
5.79123557e-01
5.78476429e-01
5.85907459e-01
5.82923234e-01
5.83278894e-01
5.75079858e-01
5.71662486e-01
5.83473265e-01
5.82693517e-01
5.74837863e-01
5.76197982e-01
5.78794539e-01
5.74872255e-01
5.77562869e-01
5.75267851e-01
5.77849329e-01
5.75321376e-01
5.73779047e-01
5.76248825e-01
5.71388662e-01
5.71932971e-01
5.76735854e-01
5.74207962e-01
5.77921867e-01
5.71451902e-01
5.69090426e-01
5.70820987e-01
5.62023044e-01
5.68573356e-01
5.72676897e-01
5.61171889e-01
5.77337980e-01
5.66179693e-01
5.61963260e-01
5.65113604e-01
5.69995224e-01
5.70232570e-01
5.66303253e-01
5.70645809e-01
5.67961037e-01
5.68884909e-01
5.70635617e-01
5.63659966e-01
5.60840428e-01
5.62461495e-01
5.62531590e-01
5.65924048e-01
5.63154221e-01
5.62054217e-01
5.65293252e-01
5.64113379e-01
5.65574586e-01
5.60759246e-01
5.57463586e-01
5.56565404e-01
5.51892042e-01
5.56412160e-01
5.64465940e-01
5.56162000e-01
5.61882257e-01
5.62514961e-01
5.56528568e-01
5.56243539e-01
5.54146051e-01
5.53283155e-01
5.56228697e-01
5.53238571e-01
5.57353377e-01
5.55202186e-01
5.57178319e-01
5.57369411e-01
5.51838815e-01
5.56268334e-01
5.57710469e-01
5.52715242e-01
5.54059625e-01
5.51763535e-01
5.51136374e-01
5.54319143e-01
5.51865160e-01
5.53523123e-01
5.51597357e-01
5.48968732e-01
5.42410195e-01
5.40373266e-01
5.58504760e-01
5.55839181e-01
5.54365337e-01
5.47970831e-01
5.49136519e-01
5.50218463e-01
5.46553969e-01
5.48856854e-01
5.47337770e-01
5.42378008e-01
5.43114364e-01
5.50720930e-01
5.47453463e-01
5.34669638e-01
5.31599402e-01
5.41856050e-01
5.44444144e-01
5.38753510e-01
5.39741397e-01
5.43861032e-01
5.36146402e-01
5.43796718e-01
5.40298581e-01
5.34166932e-01
5.36256254e-01
5.42714953e-01
5.43460071e-01
5.39934218e-01
5.39471149e-01
5.39824486e-01
5.32437146e-01
5.31560779e-01
5.43538094e-01
5.47648847e-01
5.37094057e-01
5.26304781e-01
5.33651114e-01
5.44156790e-01
5.24349809e-01
5.36257803e-01
5.40303469e-01
5.30867159e-01
5.38049698e-01
5.32831252e-01
5.32074928e-01
5.39962173e-01
5.36571324e-01
5.28491557e-01
5.39628029e-01
5.33823252e-01
5.31186759e-01
5.46447933e-01
5.37054956e-01
5.33179283e-01
5.31126380e-01
5.30624211e-01
5.29465199e-01
5.35279393e-01
5.33046424e-01
5.27045369e-01
5.31273603e-01
5.25657535e-01
5.29417694e-01
5.29787302e-01
5.27701437e-01
5.23266435e-01
5.22986829e-01
5.24952054e-01
5.29859841e-01
5.31046987e-01
5.24568141e-01
5.26906371e-01
5.31169474e-01
5.25178909e-01
5.24391532e-01
5.21512568e-01
5.24888217e-01
5.14208257e-01
5.12111127e-01
5.28499544e-01
5.22899628e-01
5.18872142e-01
5.19055068e-01
5.14156461e-01
5.16143918e-01
5.17312109e-01
5.19371271e-01
5.20103157e-01
5.21104455e-01
5.19480884e-01
5.18385231e-01
5.15485644e-01
5.18932283e-01
5.18521011e-01
5.17306924e-01
5.14089525e-01
5.14993072e-01
5.18619120e-01
5.11380494e-01
5.09625852e-01
5.08733809e-01
5.16763330e-01
5.20901144e-01
5.12039125e-01
5.06616592e-01
5.11066318e-01
5.14113724e-01
5.10626554e-01
5.09628952e-01
5.10905921e-01
5.09007454e-01
5.16883552e-01
5.11535287e-01
5.08042634e-01
5.14108181e-01
5.14302909e-01
5.05282521e-01
5.02037764e-01
5.06667435e-01
5.07654309e-01
5.09996891e-01
5.12026370e-01
5.09042263e-01
5.10788679e-01
4.96275723e-01
4.87816811e-01
5.09441733e-01
5.08770585e-01
5.04349768e-01
5.04109561e-01
5.02769709e-01
5.01289427e-01
4.99983758e-01
5.00009298e-01
5.01643121e-01
5.02430439e-01
4.98920113e-01
5.03767192e-01
5.05703390e-01
4.91285741e-01
4.91584361e-01
5.08322239e-01
5.05641341e-01
5.00601709e-01
4.95758504e-01
4.95303094e-01
5.02755463e-01
4.93169338e-01
4.94582832e-01
4.93785799e-01
4.84447777e-01
4.93992209e-01
5.02497613e-01
4.88170058e-01
4.96417969e-01
4.97427970e-01
4.99096483e-01
4.88579720e-01
4.95166332e-01
4.99193668e-01
4.85893130e-01
4.89187151e-01
4.97886747e-01
4.93167400e-01
4.90545034e-01
4.93234009e-01
4.82549191e-01
4.84593481e-01
5.02261937e-01
4.91187155e-01
4.88746673e-01
4.80393708e-01
4.77136642e-01
4.85032171e-01
4.88960177e-01
4.86998528e-01
4.89039034e-01
4.85065818e-01
4.83384699e-01
4.93011832e-01
4.83589321e-01
4.84128147e-01
4.86505687e-01
4.87502009e-01
4.86546963e-01
4.84989852e-01
4.86450523e-01
4.86134022e-01
4.80230063e-01
4.64378357e-01
4.62838948e-01
4.83709455e-01
5.02281427e-01
4.81809735e-01
4.70992655e-01
4.84090120e-01
4.97450799e-01
4.84185845e-01
4.81482655e-01
4.78412420e-01
4.82678771e-01
4.85509098e-01
4.82990652e-01
4.79586005e-01
4.76232022e-01
4.74342495e-01
4.78229403e-01
4.74887729e-01
4.74791795e-01
4.74281996e-01
4.68347371e-01
4.82587397e-01
4.79027510e-01
4.76289868e-01
4.76189524e-01
4.72524643e-01
4.68956798e-01
4.70556736e-01
4.61920083e-01
4.82763320e-01
4.98103946e-01
4.78503108e-01
4.74928409e-01
4.76830751e-01
4.72156107e-01
4.64137495e-01
4.66206729e-01
4.77273107e-01
4.72631484e-01
4.70346451e-01
4.70666856e-01
4.68829095e-01
4.63799417e-01
4.56964612e-01
4.66479212e-01
4.86684591e-01
4.74941522e-01
4.68184829e-01
4.66666073e-01
4.68640953e-01
4.68164891e-01
4.65776920e-01
4.66801822e-01
4.69272375e-01
4.66042370e-01
4.51647818e-01
4.60668117e-01
4.62094843e-01
4.57652360e-01
4.60968822e-01
4.60547447e-01
4.54966486e-01
4.66197461e-01
4.64333743e-01
4.61814374e-01
4.66772676e-01
4.55870718e-01
4.54282463e-01
4.61284339e-01
4.64659452e-01
4.64284271e-01
4.58551079e-01
4.56462264e-01
4.60359573e-01
4.62887794e-01
4.63235617e-01
4.65666175e-01
4.61239040e-01
4.66310024e-01
4.62197810e-01
4.61473703e-01
4.64279354e-01
4.56859797e-01
4.59165126e-01
4.63890165e-01
4.63066190e-01
4.65257496e-01
4.58453476e-01
4.58077431e-01
4.59073991e-01
4.61792946e-01
4.57435787e-01
4.59741831e-01
4.56338853e-01
4.56105202e-01
4.57743973e-01
4.56962645e-01
4.57624137e-01
4.56264257e-01
4.53491449e-01
4.54581678e-01
4.52275008e-01
4.51976836e-01
4.54116344e-01
4.49667484e-01
4.50715780e-01
4.53883529e-01
4.57377940e-01
4.53753948e-01
4.50356334e-01
4.49742824e-01
4.50975358e-01
4.48097557e-01
4.47334230e-01
4.48905438e-01
4.47498053e-01
4.48356062e-01
4.45485413e-01
4.47203696e-01
4.47300851e-01
4.52869952e-01
4.47792470e-01
4.42195088e-01
4.47451651e-01
4.48284358e-01
4.43761408e-01
4.42956209e-01
4.44224596e-01
4.39706713e-01
4.45901096e-01
4.45964098e-01
4.43042994e-01
4.44800586e-01
4.48805362e-01
4.49708045e-01
4.47422922e-01
4.43219870e-01
4.41662550e-01
4.45365280e-01
4.40799743e-01
4.42412525e-01
4.44908649e-01
4.44439501e-01
4.40508664e-01
4.38842893e-01
4.40918982e-01
4.43430752e-01
4.42433745e-01
4.46140170e-01
4.42585260e-01
4.38034534e-01
4.40446436e-01
4.39607441e-01
4.37748969e-01
4.42976445e-01
4.40366924e-01
4.40030247e-01
4.34096903e-01
4.36209947e-01
4.37068969e-01
4.38723981e-01
4.41207647e-01
4.38837141e-01
4.36927348e-01
4.39165682e-01
4.36679929e-01
4.35923666e-01
4.34270114e-01
4.33504492e-01
4.32990402e-01
4.32788819e-01
4.26230133e-01
4.29343849e-01
4.33536381e-01
4.37480003e-01
4.31577682e-01
4.31439668e-01
4.30807620e-01
4.30290759e-01
4.29524451e-01
4.34037387e-01
4.37440604e-01
4.31263477e-01
4.30321217e-01
4.30389225e-01
4.26432341e-01
4.26883608e-01
4.31650221e-01
4.33515012e-01
4.38032925e-01
4.35742408e-01
4.29186434e-01
4.28233892e-01
4.27460253e-01
4.23775584e-01
4.22434717e-01
4.24795270e-01
4.18922901e-01
4.20123488e-01
4.29141909e-01
4.23746914e-01
4.18472230e-01
4.19928730e-01
4.18625295e-01
4.26446736e-01
4.15133595e-01
4.21605945e-01
4.31414008e-01
4.21826124e-01
4.20106292e-01
4.19162214e-01
4.19539750e-01
4.23876703e-01
4.23986256e-01
4.24113989e-01
4.23405886e-01
4.21500862e-01
4.19128567e-01
4.22050923e-01
4.15855318e-01
4.19846565e-01
4.20626253e-01
4.22429740e-01
4.21450764e-01
4.20614183e-01
4.20331597e-01
4.18445587e-01
4.20806974e-01
4.18033212e-01
4.19210136e-01
4.34411615e-01
4.24873292e-01
4.33088034e-01
4.11388695e-01
4.09976810e-01
4.18612182e-01
4.07716095e-01
4.11700159e-01
4.12567645e-01
4.17633623e-01
4.15302306e-01
4.15037394e-01
4.09595817e-01
4.12814558e-01
4.14785683e-01
4.14471060e-01
4.14531440e-01
4.09382403e-01
4.15378958e-01
4.12660778e-01
4.06239003e-01
4.06868666e-01
4.10696894e-01
4.10058439e-01
4.08253103e-01
4.11090493e-01
4.04417932e-01
4.15850073e-01
4.20326740e-01
4.06686395e-01
4.05530363e-01
4.11751002e-01
4.05757904e-01
4.10439551e-01
4.10329074e-01
4.03051227e-01
4.05784309e-01
4.04464602e-01
4.05673146e-01
4.00486410e-01
4.05979276e-01
4.02459383e-01
4.06864107e-01
4.10786182e-01
3.92277449e-01
3.81046891e-01
3.96213621e-01
4.09505874e-01
4.03721005e-01
3.99846345e-01
4.02462453e-01
4.04999316e-01
4.01898921e-01
4.02697653e-01
4.04602140e-01
3.97531778e-01
3.90871525e-01
3.96814495e-01
4.00290966e-01
3.98646683e-01
3.98699969e-01
3.97984147e-01
3.91024351e-01
3.82093042e-01
4.19751823e-01
4.09132719e-01
3.95126760e-01
3.99270117e-01
3.98808956e-01
3.99983734e-01
4.01072472e-01
3.96382064e-01
3.96682322e-01
3.94830376e-01
3.94600838e-01
3.98716688e-01
3.97996128e-01
3.90317947e-01
3.99453551e-01
3.98371905e-01
3.92403483e-01
3.92444253e-01
3.89927596e-01
3.85329187e-01
3.99278015e-01
4.05872315e-01
3.91918123e-01
3.90329152e-01
3.96080494e-01
3.91521990e-01
3.94136220e-01
3.93670022e-01
3.89885992e-01
3.88636947e-01
3.86953533e-01
3.87983441e-01
3.89563680e-01
3.95230085e-01
3.92411679e-01
3.88977498e-01
3.85442793e-01
3.83375973e-01
3.86787057e-01
3.88672113e-01
3.84826213e-01
3.86547834e-01
3.88471782e-01
3.83762628e-01
3.85491192e-01
3.87387782e-01
3.86491776e-01
3.89299184e-01
3.87077332e-01
3.84540945e-01
3.85958076e-01
3.87735933e-01
3.83642763e-01
3.87347132e-01
3.82142484e-01
3.83438289e-01
3.86465281e-01
3.77625585e-01
3.80117089e-01
3.82669181e-01
3.86141360e-01
3.81242692e-01
3.78596663e-01
3.83973986e-01
3.78092945e-01
3.80595028e-01
3.84003967e-01
3.76932859e-01
3.76919150e-01
3.79289985e-01
3.80208254e-01
3.82552356e-01
3.78751993e-01
3.80360931e-01
3.79276872e-01
3.78739625e-01
3.81052196e-01
3.84266913e-01
3.77059072e-01
3.75028849e-01
3.86750668e-01
3.81601930e-01
3.80430102e-01
3.79086673e-01
3.79237831e-01
3.69906366e-01
3.76444697e-01
3.74865979e-01
3.76496494e-01
3.80872756e-01
3.75578523e-01
3.74025673e-01
3.82390857e-01
3.78047049e-01
3.84578019e-01
3.84110391e-01
3.78874987e-01
3.85745674e-01
3.73862982e-01
3.73568267e-01
3.70430052e-01
3.70402157e-01
3.76711518e-01
3.74522954e-01
3.69479239e-01
3.70480597e-01
3.72400284e-01
3.71494025e-01
3.73526722e-01
3.68732303e-01
3.74637932e-01
3.71096253e-01
3.68447363e-01
3.64438921e-01
3.65782142e-01
3.67794156e-01
3.69428575e-01
3.72436553e-01
3.74160618e-01
3.69596839e-01
3.67180318e-01
3.70305210e-01
3.69052410e-01
3.68570268e-01
3.67139637e-01
3.63928735e-01
3.67647320e-01
3.67834985e-01
3.66257370e-01
3.66599202e-01
3.64923358e-01
3.67563933e-01
3.69566828e-01
3.65027905e-01
3.65666896e-01
3.63905668e-01
3.63618553e-01
3.63709927e-01
3.62040907e-01
3.65778774e-01
3.62687558e-01
3.61185461e-01
3.60445648e-01
3.60599160e-01
3.60887438e-01
3.59129399e-01
3.62214416e-01
3.66691649e-01
3.60109717e-01
3.74424249e-01
3.75574321e-01
3.75875115e-01
3.54357332e-01
3.58001024e-01
3.71902913e-01
3.64415944e-01
3.66643697e-01
3.53460282e-01
3.62686247e-01
3.58957648e-01
3.49695474e-01
3.58781427e-01
3.54885221e-01
3.53115648e-01
3.61055940e-01
3.61028105e-01
3.57097894e-01
3.58205259e-01
3.56994927e-01
3.56400579e-01
3.57605547e-01
3.54603678e-01
3.56316715e-01
3.56170893e-01
3.58747214e-01
3.56869251e-01
3.52068931e-01
3.49695593e-01
3.53557140e-01
3.54043037e-01
3.39554071e-01
3.50782365e-01
3.69938284e-01
3.45771402e-01
3.50015938e-01
3.32230747e-01
3.41671973e-01
3.47552866e-01
3.43440652e-01
3.53866309e-01
3.54057819e-01
3.51794630e-01
3.56501818e-01
3.57196867e-01
3.49690199e-01
3.50037664e-01
3.52459252e-01
3.49117815e-01
3.49817753e-01
3.46431702e-01
3.40936899e-01
3.41894954e-01
3.47575754e-01
3.44339162e-01
3.46823037e-01
3.47166508e-01
3.44263256e-01
3.43057781e-01
3.42023939e-01
3.47534031e-01
3.90506774e-01
3.67398590e-01
3.39287966e-01
3.44862968e-01
3.45198423e-01
3.46196115e-01
3.45678955e-01
3.35921377e-01
3.44540566e-01
3.53618294e-01
3.44234973e-01
3.42233598e-01
3.42490256e-01
3.46120089e-01
3.42217058e-01
3.55650753e-01
3.55988771e-01
3.46560836e-01
3.34728330e-01
3.40350628e-01
3.41131091e-01
3.40412080e-01
3.45716864e-01
3.40054274e-01
3.39012653e-01
3.43680441e-01
3.43235970e-01
3.47430050e-01
3.41264695e-01
3.34181011e-01
3.39861423e-01
3.37705165e-01
3.39596599e-01
3.40085804e-01
3.45456868e-01
3.33582252e-01
3.05611908e-01
3.33974957e-01
3.35659057e-01
3.32599491e-01
3.32294285e-01
3.36134046e-01
3.39049011e-01
3.35148871e-01
3.34664285e-01
3.36923748e-01
3.35895300e-01
3.33967119e-01
3.37336838e-01
3.33578229e-01
3.16174030e-01
3.09520572e-01
3.25445384e-01
3.62174034e-01
3.65965039e-01
3.51494521e-01
3.05179507e-01
3.08083385e-01
