1.46181631e+00
1.44707596e+00
1.42294979e+00
1.45059383e+00
1.46456325e+00
1.48459506e+00
1.50785434e+00
1.47448885e+00
1.49344015e+00
1.49979246e+00
1.47770929e+00
1.49245548e+00
1.50265718e+00
1.42948794e+00
1.46274853e+00
1.36345661e+00
1.44250607e+00
1.50958920e+00
1.45691788e+00
1.45406604e+00
1.47015727e+00
1.38859105e+00
1.46075571e+00
1.41265774e+00
1.41711605e+00
1.39088678e+00
1.41524208e+00
1.42848003e+00
1.37224042e+00
1.33681500e+00
1.39133871e+00
1.38446963e+00
1.44469702e+00
1.40593088e+00
1.38455486e+00
1.43554306e+00
1.42861235e+00
1.34415650e+00
1.34782660e+00
1.43839419e+00
1.37108386e+00
1.32054234e+00
1.34669304e+00
1.39119768e+00
1.41385138e+00
1.37388384e+00
1.33989215e+00
1.35247803e+00
1.31844330e+00
1.37871778e+00
1.42580962e+00
1.35309470e+00
1.38416445e+00
1.31935680e+00
1.42788029e+00
1.34398961e+00
1.31570566e+00
1.39612007e+00
1.42549825e+00
1.39258957e+00
1.38583302e+00
1.35841179e+00
1.38794911e+00
1.38581526e+00
1.34134948e+00
1.30516410e+00
1.34775496e+00
1.33024812e+00
1.32302797e+00
1.32306159e+00
1.27566302e+00
1.26786089e+00
1.25750232e+00
1.28571463e+00
1.33373797e+00
1.32975554e+00
1.31483567e+00
1.30814409e+00
1.28852069e+00
1.28654850e+00
1.29261780e+00
1.29069471e+00
1.22894478e+00
1.22782731e+00
1.27921999e+00
1.26957810e+00
1.23465252e+00
1.20286512e+00
1.22234261e+00
1.27834058e+00
1.21786642e+00
1.19064391e+00
1.21894038e+00
1.17465115e+00
1.18973720e+00
1.14388549e+00
1.16267335e+00
1.21333051e+00
1.14395761e+00
1.13219738e+00
1.15730786e+00
1.14047503e+00
1.15164256e+00
1.17069519e+00
1.17821383e+00
1.16948390e+00
1.13327706e+00
1.14683986e+00
1.17237127e+00
1.16297269e+00
1.12480974e+00
1.14102089e+00
1.13901353e+00
1.17587471e+00
1.21967959e+00
1.16549623e+00
1.18827569e+00
1.16543365e+00
1.19752812e+00
1.20429635e+00
1.21957207e+00
1.22498560e+00
1.21138966e+00
1.24060822e+00
1.27375638e+00
1.23917639e+00
1.20842516e+00
1.20341170e+00
1.24800837e+00
1.20682371e+00
1.25657022e+00
1.26331079e+00
1.25616384e+00
1.20540798e+00
1.23202348e+00
1.23227489e+00
1.20785701e+00
1.24620414e+00
1.22445452e+00
1.23138332e+00
1.22252023e+00
1.23349619e+00
1.20948458e+00
1.21942008e+00
1.21263456e+00
1.19070995e+00
1.20923138e+00
1.23638380e+00
1.23218453e+00
1.19347036e+00
1.20564103e+00
1.17436087e+00
1.14243662e+00
1.15416622e+00
1.12925076e+00
1.15454447e+00
1.17849612e+00
1.14083791e+00
1.21574175e+00
1.21629643e+00
1.18276191e+00
1.14303696e+00
1.14704192e+00
1.12423015e+00
1.10725057e+00
1.11691248e+00
1.10066915e+00
1.09968674e+00
1.11459541e+00
1.15922463e+00
1.14447749e+00
1.07992494e+00
1.08106089e+00
1.06651759e+00
1.05803072e+00
1.06387484e+00
1.07834065e+00
1.05076098e+00
1.07180309e+00
1.08141208e+00
1.03846562e+00
1.00704300e+00
1.03023684e+00
1.00168681e+00
9.91151750e-01
9.73903775e-01
9.83763158e-01
9.79415715e-01
9.53588307e-01
9.49033082e-01
9.22782660e-01
9.33394670e-01
9.20505583e-01
9.23275709e-01
9.42812800e-01
9.34984028e-01
9.85906065e-01
9.65172827e-01
9.51156676e-01
9.67378855e-01
9.42036748e-01
9.77567971e-01
9.82885480e-01
9.91460800e-01
1.00155270e+00
1.01626217e+00
9.96220171e-01
1.01735258e+00
1.00092709e+00
1.02532911e+00
1.01317751e+00
1.03718066e+00
1.03070807e+00
1.06369877e+00
1.08170044e+00
1.04725409e+00
1.06630242e+00
1.05848444e+00
1.07200968e+00
1.09389126e+00
1.06855321e+00
1.06407654e+00
1.07860076e+00
1.10786831e+00
1.07813573e+00
1.05212307e+00
1.10977542e+00
1.11699462e+00
1.09096014e+00
1.10207629e+00
1.10494173e+00
1.12537825e+00
1.11022699e+00
1.14519119e+00
1.14285290e+00
1.11353457e+00
1.14081061e+00
1.13293004e+00
1.15044177e+00
1.14065766e+00
1.16285181e+00
1.15652239e+00
1.12814867e+00
1.11624908e+00
1.12686300e+00
1.13865650e+00
1.10748255e+00
1.10879135e+00
1.10946763e+00
1.12195659e+00
1.13907444e+00
1.16778088e+00
1.15387392e+00
1.13061821e+00
1.13776946e+00
1.14173222e+00
1.12243485e+00
1.15227199e+00
1.15286767e+00
1.15168154e+00
1.16407573e+00
1.17056572e+00
1.16472185e+00
1.11804473e+00
1.12739456e+00
1.11848903e+00
1.12195265e+00
1.17310512e+00
1.14282501e+00
1.09580219e+00
1.13891745e+00
1.11745644e+00
1.11515462e+00
1.11923182e+00
1.10572052e+00
1.14911389e+00
1.13678300e+00
1.11454284e+00
1.11337626e+00
1.07984900e+00
1.09003174e+00
1.10102236e+00
1.09731722e+00
1.09333384e+00
1.10772610e+00
1.09942985e+00
1.09159446e+00
1.08128488e+00
1.06790125e+00
1.07378447e+00
1.08036864e+00
1.04701853e+00
1.05469251e+00
1.05411851e+00
1.05075109e+00
1.04907441e+00
1.03562307e+00
9.92550254e-01
9.99729156e-01
1.01008558e+00
1.01117003e+00
1.01476240e+00
1.00745106e+00
9.93035555e-01
9.72667396e-01
9.64762509e-01
9.57292676e-01
9.36650038e-01
9.46885765e-01
9.59563553e-01
9.32323873e-01
9.18156445e-01
9.00583267e-01
9.04545188e-01
8.91590893e-01
8.58370364e-01
8.65123987e-01
8.74984682e-01
8.64226341e-01
8.71163666e-01
8.72604370e-01
8.60247493e-01
8.20521176e-01
8.30919325e-01
8.16392243e-01
8.29890430e-01
8.05680871e-01
7.83309519e-01
8.17417800e-01
7.68345118e-01
7.49456227e-01
7.58001864e-01
7.64863670e-01
7.54544854e-01
7.37538397e-01
7.58125544e-01
7.81009972e-01
7.60755956e-01
7.64790475e-01
7.59307086e-01
7.62409091e-01
7.76980460e-01
8.16866755e-01
7.65688360e-01
7.80372381e-01
7.86812842e-01
8.01245928e-01
8.18050563e-01
8.31649184e-01
8.08767736e-01
8.24698150e-01
8.20228577e-01
8.07063460e-01
8.13041806e-01
8.47231090e-01
8.45874846e-01
8.39101255e-01
8.45895946e-01
8.48944902e-01
8.55662525e-01
8.66961420e-01
8.88677061e-01
8.71510684e-01
8.76341999e-01
8.97228539e-01
8.78860056e-01
8.98713529e-01
9.00018930e-01
8.93644810e-01
8.94598901e-01
9.14503157e-01
9.14713085e-01
9.21598613e-01
9.19328749e-01
9.16525245e-01
9.03512657e-01
9.10873234e-01
9.43316877e-01
9.30100203e-01
9.44072008e-01
9.48241293e-01
9.35498178e-01
9.57244635e-01
9.65815127e-01
9.82219279e-01
9.51808393e-01
9.57872450e-01
9.71150577e-01
9.44330573e-01
9.76841271e-01
9.57637489e-01
9.57856536e-01
9.40922797e-01
9.78564799e-01
9.98058081e-01
9.74437833e-01
9.86673355e-01
9.62303281e-01
9.72736657e-01
9.76042211e-01
9.80720580e-01
9.78134394e-01
9.75777686e-01
1.00292909e+00
9.62021112e-01
9.68715250e-01
1.00947261e+00
9.88446951e-01
9.71670210e-01
9.71623778e-01
1.00129437e+00
1.00595522e+00
1.01210618e+00
1.00039721e+00
9.89097357e-01
9.82068896e-01
9.83240306e-01
9.94165182e-01
9.78941619e-01
9.85881031e-01
9.61856365e-01
9.99630809e-01
1.01546383e+00
9.90914345e-01
9.67874587e-01
9.84543383e-01
9.72705424e-01
9.88723397e-01
9.75964248e-01
9.90809441e-01
9.98807728e-01
9.85379159e-01
9.72242653e-01
9.81389999e-01
9.68007028e-01
9.59899247e-01
9.75582421e-01
9.79165435e-01
9.77504551e-01
9.97704744e-01
9.81628656e-01
9.83336270e-01
9.80808556e-01
9.57656264e-01
9.88517582e-01
9.76601005e-01
9.79366958e-01
9.79473710e-01
9.59819555e-01
9.72572982e-01
9.75939810e-01
9.54124987e-01
9.57910895e-01
9.65510845e-01
9.71436083e-01
9.64143038e-01
9.61462140e-01
9.78624284e-01
9.57483292e-01
9.73622501e-01
9.59680974e-01
9.53072727e-01
9.54543054e-01
9.40844178e-01
9.38085258e-01
9.56011534e-01
9.71161962e-01
9.55817401e-01
9.46723998e-01
9.36995924e-01
9.30805385e-01
9.30971801e-01
9.45067108e-01
9.49587286e-01
9.46706116e-01
9.55915034e-01
9.43988383e-01
9.36358511e-01
9.41902518e-01
9.18772638e-01
9.21974003e-01
9.20040369e-01
9.33938265e-01
9.12378132e-01
9.14523482e-01
9.18982923e-01
9.02542412e-01
9.16357160e-01
9.18984592e-01
9.21260834e-01
9.22030091e-01
9.33874846e-01
9.33220327e-01
9.16692913e-01
8.99752736e-01
9.07684565e-01
9.05570984e-01
8.96535814e-01
8.89622986e-01
8.80071104e-01
8.91342759e-01
9.04540598e-01
8.94376457e-01
8.92500043e-01
8.96770179e-01
8.84979308e-01
8.75007212e-01
8.76308441e-01
8.86428237e-01
8.84482622e-01
8.51074934e-01
8.48687470e-01
8.71190727e-01
8.54511321e-01
8.44146907e-01
8.39800417e-01
8.44435215e-01
8.68631899e-01
8.73584092e-01
8.34319830e-01
8.26974988e-01
8.40285420e-01
8.36733699e-01
8.33249867e-01
8.17929387e-01
8.23481381e-01
8.32831562e-01
8.24091196e-01
8.03311169e-01
8.03282142e-01
8.13463390e-01
8.03945601e-01
7.89842069e-01
7.91828156e-01
7.96162844e-01
8.02717626e-01
8.16168070e-01
7.94861019e-01
7.85817921e-01
7.87955225e-01
7.46373653e-01
7.66124070e-01
7.58492649e-01
7.51010478e-01
7.66678870e-01
7.49926031e-01
7.38035560e-01
7.43865728e-01
7.35935748e-01
7.35658824e-01
7.25675225e-01
7.14284897e-01
7.14570463e-01
6.98537350e-01
7.09651530e-01
6.90676987e-01
7.11280525e-01
6.91628635e-01
6.72008872e-01
6.76599741e-01
6.72669768e-01
6.77208602e-01
6.49913251e-01
6.43681169e-01
6.54938221e-01
6.45295382e-01
6.41444027e-01
6.30044281e-01
6.20803058e-01
6.22370660e-01
5.98558605e-01
5.91614962e-01
5.90326428e-01
5.83501101e-01
5.87055266e-01
5.73716283e-01
5.70682228e-01
5.77159822e-01
5.66142738e-01
5.52240133e-01
5.74785948e-01
5.66449344e-01
5.59421301e-01
5.59159935e-01
5.92600524e-01
5.62868893e-01
5.62054694e-01
5.76288223e-01
5.79136789e-01
5.80076158e-01
5.71412265e-01
5.86936891e-01
5.99653244e-01
5.98136723e-01
6.05569720e-01
5.96335113e-01
6.28836393e-01
6.38589323e-01
6.43146038e-01
6.42049551e-01
6.45797431e-01
6.43544257e-01
6.37084723e-01
6.33928061e-01
6.37280405e-01
6.32424712e-01
6.40914679e-01
6.63430512e-01
6.62368953e-01
6.80029750e-01
6.64527953e-01
6.61010504e-01
6.63367152e-01
6.84849679e-01
7.02242196e-01
6.83164001e-01
6.75893068e-01
6.67508960e-01
6.89095020e-01
7.09363163e-01
7.00984359e-01
7.00374246e-01
6.94920838e-01
6.81706369e-01
6.91821337e-01
7.11511791e-01
7.16150939e-01
7.05837488e-01
7.11352170e-01
7.05301940e-01
7.00746000e-01
7.16288984e-01
7.31264830e-01
7.11767972e-01
7.29521751e-01
7.30970621e-01
7.15572894e-01
7.42020249e-01
7.27611244e-01
7.34164298e-01
7.23072767e-01
7.26373017e-01
7.20654547e-01
7.15543449e-01
7.36180484e-01
7.49639869e-01
7.26915658e-01
7.38407791e-01
7.55484939e-01
7.42460728e-01
7.33322740e-01
7.46638298e-01
7.49482334e-01
7.30042338e-01
7.25792944e-01
7.31829703e-01
7.37587750e-01
7.38584399e-01
7.38537073e-01
7.50927031e-01
7.25607693e-01
7.38863051e-01
7.44332671e-01
7.19633043e-01
7.13881910e-01
7.30721891e-01
7.41705537e-01
7.22350121e-01
7.39206672e-01
7.39706099e-01
7.34551966e-01
7.37940133e-01
7.35609055e-01
7.45627642e-01
7.25324154e-01
7.28402257e-01
7.43496120e-01
7.31230617e-01
7.49505520e-01
7.41990626e-01
7.34137416e-01
7.42539465e-01
7.30514586e-01
7.37374425e-01
7.29310691e-01
7.31038392e-01
7.27913678e-01
7.23358452e-01
7.40559220e-01
7.28411853e-01
7.30391622e-01
7.25136340e-01
7.26973355e-01
7.39417017e-01
7.33641386e-01
7.25272655e-01
7.18854666e-01
7.14963198e-01
7.13326037e-01
7.19990492e-01
7.24182010e-01
7.29091227e-01
7.31565177e-01
7.23320842e-01
7.27173626e-01
7.22555101e-01
7.41205633e-01
7.43692279e-01
7.18898535e-01
7.33170152e-01
7.26185381e-01
7.28380799e-01
7.24424779e-01
7.40639985e-01
7.44099677e-01
7.23515987e-01
7.34803975e-01
7.34543562e-01
7.20585585e-01
7.21377194e-01
7.25962996e-01
7.23979175e-01
7.20656931e-01
7.25828409e-01
7.20029771e-01
7.21124470e-01
7.12151825e-01
7.14551210e-01
7.26351738e-01
7.20788777e-01
7.33789802e-01
7.29143977e-01
7.10384429e-01
7.24533916e-01
7.25521684e-01
7.09817111e-01
7.15532601e-01
7.05269814e-01
7.16898382e-01
7.06269681e-01
7.11719394e-01
7.00011015e-01
6.85953617e-01
7.03934669e-01
6.98236406e-01
7.17469633e-01
6.87157512e-01
6.95768654e-01
7.01248586e-01
6.83320761e-01
6.93542182e-01
6.96814537e-01
6.82304800e-01
6.83136642e-01
6.99168980e-01
6.96899176e-01
6.88523531e-01
6.81817472e-01
6.99899495e-01
6.98239923e-01
6.92663848e-01
7.16924369e-01
7.00696766e-01
6.93918705e-01
6.99576199e-01
7.16615021e-01
7.02709079e-01
6.92174733e-01
6.94568634e-01
6.85730100e-01
6.90927267e-01
6.89279616e-01
6.82243466e-01
6.90655291e-01
6.86931133e-01
6.72674596e-01
6.78570271e-01
6.84879363e-01
6.74348116e-01
6.73619688e-01
6.65922761e-01
6.69772565e-01
6.88627124e-01
6.67234302e-01
6.56026185e-01
6.63247228e-01
6.67639554e-01
6.69130802e-01
6.63850427e-01
6.75088346e-01
6.65230572e-01
6.54941201e-01
6.57596827e-01
6.73274994e-01
6.73734903e-01
6.70757353e-01
6.58021390e-01
6.59143150e-01
6.67999148e-01
6.61734104e-01
6.56368852e-01
6.75754845e-01
6.53251529e-01
6.67745292e-01
6.65492117e-01
6.50564015e-01
6.46108210e-01
6.52365744e-01
6.62483811e-01
6.57046676e-01
6.49988532e-01
6.51767790e-01
6.43462479e-01
6.48414731e-01
6.46750331e-01
6.42774940e-01
6.50227368e-01
6.48647606e-01
6.46235824e-01
6.47768140e-01
6.49360240e-01
6.46249115e-01
6.52302206e-01
6.41487896e-01
6.37252092e-01
6.32745326e-01
6.52604461e-01
6.44058406e-01
6.46417797e-01
6.31216586e-01
6.30883753e-01
6.36207461e-01
6.42726243e-01
6.31017923e-01
6.38837814e-01
6.25950396e-01
6.27913117e-01
6.24339700e-01
6.27293527e-01
6.34303510e-01
6.40582502e-01
6.25303686e-01
6.23104751e-01
6.23303115e-01
6.07421577e-01
6.23846471e-01
6.30552649e-01
6.44614041e-01
6.19538963e-01
6.35088503e-01
6.22691870e-01
6.29582524e-01
6.35622263e-01
6.21347606e-01
6.09497666e-01
6.16747558e-01
6.13970757e-01
6.01590872e-01
6.18890285e-01
6.20710790e-01
6.14582300e-01
6.12761259e-01
6.10912144e-01
6.11895680e-01
6.16257071e-01
6.12951815e-01
6.07692540e-01
6.17005527e-01
6.18032157e-01
6.10899508e-01
6.04356170e-01
6.06601477e-01
5.96874475e-01
5.93953669e-01
5.99838316e-01
6.02376103e-01
5.98803580e-01
5.94007373e-01
6.03630483e-01
6.01934910e-01
5.82340181e-01
6.02687597e-01
5.96110642e-01
5.94211102e-01
6.04591310e-01
5.87088764e-01
5.99643350e-01
5.92103004e-01
5.88736355e-01
5.98579288e-01
5.81333578e-01
5.76961875e-01
5.75481832e-01
5.87246716e-01
5.98284125e-01
5.77507377e-01
5.88024318e-01
5.96341848e-01
5.79960883e-01
5.78296781e-01
5.82615256e-01
5.85409939e-01
5.80798209e-01
5.88552773e-01
5.80346704e-01
5.83186567e-01
5.78751624e-01
5.72530150e-01
5.87227523e-01
5.77905893e-01
5.64471841e-01
5.67221999e-01
5.59806705e-01
5.56160808e-01
5.85858107e-01
5.75675070e-01
5.77655137e-01
5.75913191e-01
5.68721235e-01
5.71126878e-01
5.59112072e-01
5.58159232e-01
5.82553804e-01
5.75279891e-01
5.66822350e-01
5.60663283e-01
5.69999099e-01
5.65746605e-01
5.51812232e-01
5.49318731e-01
5.59452891e-01
5.58316290e-01
5.57242930e-01
5.54218709e-01
5.44267297e-01
5.63166201e-01
5.49152851e-01
5.45031250e-01
5.60740829e-01
5.61626017e-01
5.53595304e-01
5.39340138e-01
5.48503339e-01
5.45950770e-01
5.41237175e-01
5.47475100e-01
5.33296525e-01
5.37121773e-01
5.61995804e-01
5.36015153e-01
5.33419013e-01
5.44325769e-01
5.34738719e-01
5.48583806e-01
5.36055565e-01
5.46634257e-01
5.44132769e-01
5.27705550e-01
5.40631592e-01
5.36287129e-01
5.45307398e-01
5.34811020e-01
5.30302644e-01
5.29377460e-01
5.33225596e-01
5.23788631e-01
5.29089510e-01
5.45345604e-01
5.21502018e-01
5.24488866e-01
5.19792080e-01
5.18338859e-01
5.20535290e-01
5.22832930e-01
5.24103642e-01
5.13055682e-01
5.12856543e-01
5.18818080e-01
5.14983833e-01
5.03250659e-01
4.99935150e-01
5.18892229e-01
5.11781633e-01
5.13217628e-01
5.06306112e-01
5.09893417e-01
5.04075050e-01
4.92394894e-01
5.14356256e-01
5.13481200e-01
4.98138249e-01
4.99507546e-01
4.99753356e-01
5.09777963e-01
5.00973940e-01
4.82600927e-01
4.91685569e-01
4.90361005e-01
4.88983244e-01
4.90839869e-01
4.84485000e-01
4.88638669e-01
4.80016202e-01
4.72345412e-01
4.79309142e-01
4.77313668e-01
4.78492737e-01
4.83732492e-01
4.62648332e-01
4.68121111e-01
4.76415008e-01
4.69742388e-01
4.61406857e-01
4.73105013e-01
4.73348141e-01
4.63058859e-01
4.60794598e-01
4.51368511e-01
4.51882869e-01
4.64283049e-01
4.55151021e-01
4.56108183e-01
4.47885394e-01
4.55168813e-01
4.49054569e-01
4.57787991e-01
4.46370661e-01
4.34996158e-01
4.22092438e-01
4.36254114e-01
4.36071098e-01
4.33614999e-01
4.35563773e-01
4.23860073e-01
4.30126518e-01
4.21892643e-01
4.19181079e-01
4.28153843e-01
4.34522599e-01
4.33269173e-01
4.12115395e-01
4.10895377e-01
4.22435850e-01
4.14236039e-01
4.12374496e-01
4.10814643e-01
3.93449336e-01
4.02190238e-01
3.93410116e-01
3.91291440e-01
4.05751437e-01
3.90140533e-01
3.82847071e-01
3.82706285e-01
3.81170213e-01
3.90159994e-01
3.78019542e-01
3.74799311e-01
3.82009119e-01
3.70212317e-01
3.63685638e-01
3.57220978e-01
3.60121191e-01
3.55676174e-01
3.47080439e-01
3.50290954e-01
3.58191609e-01
3.55688691e-01
3.46215367e-01
3.38200301e-01
3.27542365e-01
3.36062551e-01
3.50425899e-01
3.95226449e-01
3.74662638e-01
3.38110209e-01
3.40904593e-01
3.44303757e-01
3.39396656e-01
3.41068596e-01
3.45489085e-01
3.42342526e-01
3.44820917e-01
3.40530127e-01
3.54911923e-01
3.57528657e-01
3.49664986e-01
3.47986013e-01
3.65759015e-01
3.66976231e-01
3.70969564e-01
3.67395759e-01
3.61406922e-01
3.54667544e-01
3.80186170e-01
3.81344795e-01
3.80974144e-01
3.69450092e-01
3.75779241e-01
3.72508109e-01
3.72683555e-01
3.97652417e-01
3.81310165e-01
3.87506425e-01
3.90439361e-01
3.93233597e-01
3.87197614e-01
3.86402071e-01
3.92697394e-01
3.96281451e-01
3.87672037e-01
3.90645146e-01
3.92167985e-01
3.99811536e-01
4.07881677e-01
4.08731669e-01
4.04822826e-01
4.03267264e-01
3.98464471e-01
3.91599953e-01
4.03253675e-01
4.16604072e-01
3.89873207e-01
3.91066611e-01
3.91461462e-01
3.95548671e-01
3.95605534e-01
4.11476195e-01
4.12905395e-01
4.02620524e-01
3.95990998e-01
4.16461349e-01
4.32883799e-01
4.06195462e-01
4.17333126e-01
4.14544702e-01
4.12559360e-01
4.07376498e-01
4.17327464e-01
4.04712319e-01
4.17365909e-01
4.11451221e-01
3.95147443e-01
3.99468690e-01
4.11535978e-01
4.18180972e-01
4.18007553e-01
3.97175789e-01
3.96527022e-01
4.17984515e-01
4.13473129e-01
4.09222901e-01
4.05216068e-01
4.04477417e-01
4.06700462e-01
4.14081931e-01
4.00707066e-01
4.10719246e-01
4.28980798e-01
4.13160682e-01
4.08661038e-01
4.05849099e-01
4.13415194e-01
4.12335187e-01
4.09571797e-01
4.03636664e-01
4.06732708e-01
4.12087560e-01
4.04418796e-01
4.10795122e-01
4.14301634e-01
3.98942113e-01
4.22717005e-01
4.22747254e-01
3.97916317e-01
4.18141186e-01
4.04081732e-01
4.03535157e-01
4.04316187e-01
4.01871681e-01
4.05673683e-01
4.17145848e-01
4.03853625e-01
4.06529963e-01
4.12162691e-01
4.05146509e-01
4.18858081e-01
4.13071334e-01
3.99833500e-01
4.09546196e-01
4.06126201e-01
4.07892883e-01
4.22967851e-01
4.08218056e-01
4.17894602e-01
4.10850406e-01
4.00567561e-01
4.08503920e-01
4.00495976e-01
4.05090928e-01
4.03722793e-01
4.16220754e-01
4.06465560e-01
4.08378780e-01
4.06996697e-01
3.91767085e-01
3.97819847e-01
3.97249818e-01
3.92388880e-01
3.97611886e-01
4.00695384e-01
4.09552127e-01
4.05427486e-01
3.95460725e-01
3.98623377e-01
3.95777017e-01
4.02242810e-01
3.90113026e-01
3.88162673e-01
4.07032758e-01
3.98273110e-01
3.96984220e-01
3.94519389e-01
4.09122378e-01
4.07249570e-01
3.94175142e-01
4.01980162e-01
3.96138608e-01
3.92638057e-01
3.94489229e-01
3.99970949e-01
3.89775425e-01
3.98999393e-01
3.92680943e-01
3.94824058e-01
3.90582442e-01
3.89047533e-01
3.98942292e-01
4.09630984e-01
3.91839325e-01
3.98930371e-01
3.90213817e-01
3.81819189e-01
3.92603904e-01
3.97901744e-01
3.84324312e-01
3.89480889e-01
3.83868039e-01
3.88663322e-01
3.86995375e-01
3.94242734e-01
4.02668685e-01
3.78959656e-01
3.80477667e-01
3.84477764e-01
3.79585952e-01
3.76108021e-01
3.82048100e-01
3.83051544e-01
3.81986320e-01
3.86344105e-01
3.81538481e-01
3.78307164e-01
3.73265505e-01
3.68562490e-01
3.84917706e-01
3.79291207e-01
3.89152706e-01
3.88277084e-01
3.82866532e-01
3.72255147e-01
3.80301595e-01
3.76862615e-01
3.73082548e-01
3.91647696e-01
3.75836551e-01
3.87895674e-01
3.93307626e-01
3.84918213e-01
3.72777432e-01
3.73385727e-01
3.71796012e-01
3.65929335e-01
3.72071356e-01
3.79554868e-01
3.61176282e-01
3.62396657e-01
3.90277147e-01
3.64009231e-01
3.73793840e-01
3.76335829e-01
3.73982251e-01
3.68120313e-01
3.76387358e-01
3.71284604e-01
3.68095398e-01
3.72853279e-01
3.78495425e-01
3.67270559e-01
3.56319577e-01
3.89284402e-01
3.59472334e-01
3.47329289e-01
3.73243302e-01
3.59643579e-01
3.78888696e-01
3.58767837e-01
3.63789678e-01
3.57542604e-01
3.65393132e-01
3.75520706e-01
3.74324918e-01
3.76759529e-01
3.46213490e-01
3.63186866e-01
3.71929497e-01
3.55910897e-01
3.62928212e-01
3.68747860e-01
3.71733695e-01
3.65319937e-01
3.52922946e-01
3.48622203e-01
3.53534341e-01
3.55148733e-01
3.53423893e-01
3.51568520e-01
3.51418287e-01
3.62193644e-01
3.69672745e-01
3.55048537e-01
3.48016113e-01
3.60090464e-01
3.59252006e-01
3.59349608e-01
3.55814099e-01
3.49174857e-01
3.56562674e-01
3.46651644e-01
3.57808232e-01
3.45461875e-01
3.43111336e-01
3.57797503e-01
3.53813708e-01
3.38390321e-01
3.46307456e-01
3.49577159e-01
3.38663548e-01
3.60873133e-01
3.52424532e-01
3.39163154e-01
3.48381996e-01
3.51139665e-01
3.39794964e-01
3.40507179e-01
3.40795130e-01
3.43365341e-01
3.38347256e-01
3.47307742e-01
3.38811696e-01
3.49013388e-01
3.53940696e-01
3.47990125e-01
3.59330773e-01
3.41967165e-01
3.39968473e-01
3.35558474e-01
3.51607114e-01
3.46535295e-01
3.48054737e-01
3.43595624e-01
3.35863531e-01
3.53299737e-01
3.41615915e-01
3.34779173e-01
3.26735675e-01
3.31021070e-01
3.49374950e-01
3.36197168e-01
3.28268915e-01
3.32835674e-01
3.49647492e-01
3.48910093e-01
3.37923408e-01
3.39229763e-01
3.31704259e-01
3.42633784e-01
3.37463170e-01
3.33060801e-01
3.40431154e-01
3.41505468e-01
3.31297100e-01
3.38578671e-01
3.42669547e-01
3.36687237e-01
3.29136789e-01
3.35026771e-01
3.35986346e-01
3.39238316e-01
3.38662744e-01
3.27546746e-01
3.33202690e-01
3.25776279e-01
3.20794076e-01
3.47106129e-01
3.25212032e-01
3.20635825e-01
3.26763928e-01
3.24170560e-01
3.34558368e-01
3.30487996e-01
3.23599011e-01
3.23934317e-01
3.25146317e-01
3.46566677e-01
3.39429885e-01
3.30135733e-01
3.17150354e-01
3.29617590e-01
3.22023779e-01
3.19000363e-01
3.23048145e-01
3.03200960e-01
3.26246768e-01
3.29364777e-01
3.09447199e-01
3.25060576e-01
3.19376767e-01
3.32964838e-01
3.20303231e-01
3.20758164e-01
3.16478193e-01
3.23711216e-01
3.42893183e-01
3.27389628e-01
3.14061612e-01
3.15169603e-01
3.03971589e-01
3.17188084e-01
3.30647409e-01
3.31700981e-01
3.14253628e-01
3.18156481e-01
3.22549641e-01
3.04735988e-01
3.17079693e-01
3.21152806e-01
3.14628631e-01
3.13537896e-01
3.15393120e-01
3.17397177e-01
3.16758841e-01
3.07428658e-01
3.05961788e-01
3.13164562e-01
3.14467818e-01
3.06344509e-01
3.28005999e-01
3.15546960e-01
3.05282116e-01
3.01709771e-01
3.13132524e-01
3.19934338e-01
3.12592834e-01
3.13022763e-01
3.02317470e-01
3.07820648e-01
3.07751358e-01
3.12958151e-01
3.16780269e-01
3.11236769e-01
3.03406417e-01
2.96461582e-01
2.99445748e-01
2.96888173e-01
2.99338609e-01
3.13224047e-01
3.06197852e-01
3.10149848e-01
3.04015934e-01
2.93912590e-01
2.96044648e-01
3.09806824e-01
2.99281657e-01
3.01158279e-01
2.93977529e-01
3.03864539e-01
2.94374317e-01
2.98170060e-01
2.96439439e-01
2.95084864e-01
3.06719005e-01
3.02051902e-01
3.04772526e-01
2.92273492e-01
3.05917054e-01
2.87054569e-01
3.00293475e-01
3.02961081e-01
2.98921764e-01
2.90450633e-01
3.01884234e-01
2.97003090e-01
2.87180185e-01
2.90153533e-01
3.07364941e-01
2.96101779e-01
3.01325798e-01
2.95559973e-01
2.88914740e-01
2.95650393e-01
2.95492411e-01
3.04569304e-01
2.97945261e-01
2.78622895e-01
2.84659922e-01
2.90557206e-01
2.95610428e-01
2.95124352e-01
2.95796901e-01
2.85952508e-01
2.96690553e-01
2.88805306e-01
2.90892512e-01
2.97428966e-01
2.90716588e-01
2.98099816e-01
2.77209163e-01
2.96569318e-01
3.03682446e-01
2.81376511e-01
2.80212104e-01
2.85411119e-01
2.78303087e-01
2.82415509e-01
2.86139935e-01
2.97289073e-01
2.83380806e-01
2.83478647e-01
2.81483799e-01
2.75909334e-01
2.82601297e-01
2.80166775e-01
2.69211382e-01
2.68381387e-01
2.85625309e-01
2.97534227e-01
2.76623636e-01
2.90675640e-01
2.86657602e-01
2.86988467e-01
3.00538719e-01
2.83885390e-01
2.85184711e-01
2.78613210e-01
2.75074840e-01
2.77069092e-01
2.86840975e-01
2.77086198e-01
2.77811259e-01
2.94104367e-01
2.82426089e-01
2.75465190e-01
2.75789380e-01
2.71140337e-01
2.83584893e-01
2.83749968e-01
2.93256700e-01
2.73795962e-01
2.65051663e-01
2.81708658e-01
2.80744970e-01
2.81172246e-01
2.73583114e-01
2.82137603e-01
2.72602320e-01
2.70373344e-01
2.79125065e-01
2.86261886e-01
2.96114892e-01
2.90008247e-01
2.93020427e-01
2.73931444e-01
2.76283145e-01
2.78612167e-01
2.79623121e-01
2.82521456e-01
2.72714376e-01
2.81703025e-01
2.86523134e-01
2.73578882e-01
2.84157664e-01
2.79933631e-01
2.74105936e-01
2.73610026e-01
2.75559068e-01
2.75473803e-01
2.70742416e-01
2.71423876e-01
2.79761881e-01
2.66078889e-01
2.69352645e-01
2.56083369e-01
2.70582646e-01
2.73250371e-01
2.57383913e-01
2.65783757e-01
2.76765853e-01
2.79063165e-01
2.67774224e-01
2.77151257e-01
2.70775676e-01
2.54239827e-01
2.53856272e-01
2.67398953e-01
2.68053114e-01
2.71944195e-01
2.69954681e-01
2.69898951e-01
2.77714849e-01
2.62151092e-01
2.56271631e-01
2.57635146e-01
2.50970602e-01
2.73834974e-01
2.58216470e-01
2.62850881e-01
2.78169036e-01
2.67540067e-01
2.56218404e-01
2.66033113e-01
2.63753742e-01
2.60825932e-01
2.60355264e-01
2.58643001e-01
2.64879286e-01
2.70578325e-01
2.87523896e-01
2.66437441e-01
2.50964314e-01
2.63378531e-01
2.66704887e-01
2.65939116e-01
2.75666744e-01
2.52125949e-01
2.58310258e-01
2.73051232e-01
2.83308089e-01
2.66338110e-01
2.58346915e-01
2.58957863e-01
2.58821487e-01
2.63270378e-01
2.69810885e-01
2.52371192e-01
2.67365783e-01
2.69065946e-01
2.58997172e-01
2.72010654e-01
2.62918532e-01
2.56578982e-01
2.60124385e-01
2.49814898e-01
2.50181377e-01
2.58644581e-01
2.68499225e-01
3.61760676e-01
1.34305704e+00
1.18992662e+00
1.89722800e+00
1.72307503e+00
1.13947594e+00
7.61213124e-01
2.72650838e-01
2.44533256e-01
2.44828418e-01
2.55627692e-01
2.64580309e-01
2.48641327e-01
2.48724565e-01
2.46471167e-01
2.53510863e-01
2.56869197e-01
2.59120435e-01
2.54330695e-01
2.50227571e-01
2.42268473e-01
2.36739978e-01
2.42868468e-01
2.44523227e-01
2.39224687e-01
2.33768821e-01
2.56186247e-01
2.54443198e-01
2.37280145e-01
2.45953724e-01
2.62725204e-01
2.52658606e-01
2.51918435e-01
2.50846833e-01
2.47784272e-01
2.47050002e-01
2.54853785e-01
2.43588328e-01
2.54981130e-01
2.54909545e-01
2.52326220e-01
2.51693130e-01
2.45518446e-01
2.47850448e-01
2.44895309e-01
2.49705940e-01
2.52007991e-01
2.51386613e-01
2.46714860e-01
2.54388154e-01
2.38985598e-01
2.43866697e-01
2.52266616e-01
2.30170399e-01
2.43051693e-01
2.45864645e-01
2.68623203e-01
2.66789973e-01
3.96531016e-01
4.11527753e-01
2.61150718e-01
2.40301698e-01
2.42814034e-01
2.45877892e-01
2.44422317e-01
2.45911092e-01
2.37462386e-01
2.81909466e-01
2.78019071e-01
2.46345341e-01
2.43952811e-01
2.42382839e-01
2.37313524e-01
2.39626631e-01
2.32848361e-01
2.43450016e-01
2.57428855e-01
2.48476237e-01
2.46673211e-01
2.45668456e-01
2.55611300e-01
2.48443469e-01
2.43309990e-01
2.31690899e-01
2.42878705e-01
2.55912662e-01
2.51671374e-01
2.51544893e-01
2.50138789e-01
2.63066709e-01
2.36528710e-01
2.45303094e-01
2.45520905e-01
2.52697319e-01
2.48715520e-01
2.48106822e-01
2.38708481e-01
2.26702362e-01
2.49071851e-01
2.40191028e-01
2.24741444e-01
2.29990035e-01
2.38736197e-01
2.26963118e-01
2.36442298e-01
2.41723344e-01
2.44914114e-01
2.32249528e-01
2.31538996e-01
2.44369209e-01
2.38673151e-01
2.38558173e-01
2.37626344e-01
2.39045322e-01
2.30427146e-01
2.41479844e-01
2.31600702e-01
2.35117018e-01
2.38339424e-01
2.30200276e-01
2.33609691e-01
2.19678015e-01
2.24345133e-01
2.29589641e-01
2.26731151e-01
2.37935111e-01
2.34263942e-01
2.26793572e-01
2.20812768e-01
2.24538282e-01
2.34650552e-01
2.37563089e-01
2.34470084e-01
2.18504608e-01
2.18050539e-01
2.22980529e-01
2.30884939e-01
2.27407098e-01
2.23484144e-01
2.39337578e-01
2.30665445e-01
2.18100026e-01
2.28281409e-01
2.38906115e-01
2.23836735e-01
2.31257468e-01
2.19837844e-01
2.32556760e-01
2.40443692e-01
2.28896260e-01
2.27427572e-01
2.32744157e-01
2.32302487e-01
2.26176769e-01
2.36932248e-01
2.25261003e-01
2.21718788e-01
2.21310943e-01
2.26297632e-01
2.26919055e-01
2.34076917e-01
2.27231398e-01
2.25604340e-01
2.21660122e-01
2.35779673e-01
2.37089306e-01
2.45675102e-01
2.18415916e-01
2.23679155e-01
2.21279204e-01
2.24007308e-01
2.21770078e-01
2.21249565e-01
2.08138347e-01
2.28301242e-01
2.38714084e-01
2.18542114e-01
2.12730065e-01
2.15010822e-01
2.14891031e-01
2.29242474e-01
2.15417117e-01
2.25648150e-01
2.41509646e-01
2.43719444e-01
2.25203067e-01
2.23737180e-01
2.25675851e-01
2.15038002e-01
2.17435926e-01
2.44764745e-01
2.33330399e-01
2.10371435e-01
2.35209405e-01
2.32271761e-01
2.21533328e-01
2.19237939e-01
2.24547476e-01
2.29939073e-01
2.08338395e-01
2.21084878e-01
2.24798724e-01
2.02596784e-01
2.13770300e-01
2.24517599e-01
2.16373831e-01
2.17547491e-01
2.04605728e-01
2.24343687e-01
2.18935385e-01
2.20013842e-01
2.27710620e-01
2.12184161e-01
2.22925976e-01
2.30214357e-01
2.26808384e-01
2.43953556e-01
2.15216607e-01
2.06284642e-01
2.20137969e-01
2.19927385e-01
2.17042759e-01
2.15260684e-01
2.36451820e-01
2.29342625e-01
2.23012581e-01
2.20924899e-01
2.10165277e-01
2.43985832e-01
2.12787598e-01
2.26410061e-01
2.27078676e-01
2.13340744e-01
2.13084579e-01
2.02868134e-01
2.12916896e-01
2.30150446e-01
2.24672630e-01
2.72427857e-01
3.26291710e-01
4.48094010e-01
3.59951258e-01
3.36939156e-01
3.27090681e-01
2.96578705e-01
3.39593202e-01
2.69378692e-01
2.44898379e-01
2.19988659e-01
2.07355618e-01
2.05558971e-01
2.07659051e-01
2.22623274e-01
2.07913637e-01
2.28973344e-01
2.25378200e-01
2.22494274e-01
2.46369496e-01
2.14565679e-01
2.26451233e-01
2.12426469e-01
2.13746339e-01
2.08129585e-01
2.19151020e-01
2.02728108e-01
2.01334074e-01
2.17000052e-01
2.21284777e-01
2.16252103e-01
2.21690923e-01
2.40329191e-01
2.27963284e-01
2.35553414e-01
2.32807085e-01
2.00246930e-01
2.07289964e-01
2.24053949e-01
2.13887960e-01
2.10375845e-01
2.06426293e-01
2.22996294e-01
2.09259793e-01
2.19305247e-01
2.08863050e-01
2.31639147e-01
2.16167659e-01
2.10009024e-01
2.39059433e-01
2.17771456e-01
2.11408138e-01
2.07458004e-01
2.09995300e-01
2.01609612e-01
2.12010264e-01
2.09560066e-01
2.10343897e-01
2.17242718e-01
2.07732841e-01
2.18423039e-01
2.09573194e-01
2.10807130e-01
2.16369689e-01
2.18609303e-01
2.13499457e-01
2.06213757e-01
2.12034196e-01
2.08002299e-01
1.94720313e-01
1.85154781e-01
2.17421874e-01
2.24319965e-01
2.06481576e-01
1.99846521e-01
2.13039115e-01
2.06379578e-01
2.13594049e-01
2.02536747e-01
2.16466039e-01
1.98793888e-01
2.01690331e-01
2.10188672e-01
1.98797345e-01
2.01145589e-01
2.18816191e-01
2.19536960e-01
1.97247431e-01
2.03583598e-01
2.14901268e-01
1.95730597e-01
1.92399547e-01
2.13260412e-01
1.93426654e-01
2.05630645e-01
2.13849917e-01
2.15816319e-01
2.12825000e-01
1.88378498e-01
1.85562998e-01
2.13097811e-01
2.07409799e-01
2.05209613e-01
2.05712631e-01
1.96668491e-01
2.22977236e-01
2.15498477e-01
2.05331281e-01
2.25066543e-01
2.17614174e-01
2.18697518e-01
1.98277518e-01
1.95324585e-01
2.00940713e-01
1.92094699e-01
1.98250681e-01
2.08368555e-01
1.97645187e-01
2.00152636e-01
1.90611780e-01
1.96542501e-01
2.10874364e-01
1.90530792e-01
1.99580088e-01
1.96706325e-01
2.05458075e-01
1.95528924e-01
2.07322463e-01
1.78762183e-01
1.89143732e-01
1.94910392e-01
1.83713391e-01
1.93316340e-01
2.02812225e-01
1.95900708e-01
2.05326408e-01
1.80800840e-01
1.82237267e-01
1.89979732e-01
1.84265390e-01
1.82154611e-01
1.87926933e-01
1.87531978e-01
1.83049157e-01
1.83887869e-01
2.01172814e-01
2.01567322e-01
1.92129701e-01
1.87055930e-01
1.86709642e-01
1.90858200e-01
2.00159773e-01
1.89218059e-01
1.89473465e-01
1.85936153e-01
2.02217057e-01
2.04826877e-01
1.86537847e-01
1.86068624e-01
2.05990851e-01
1.87436894e-01
1.96890458e-01
1.95838898e-01
1.84032053e-01
1.86323360e-01
1.96888149e-01
1.89997181e-01
1.86666638e-01
1.92423612e-01
1.98025852e-01
1.76836923e-01
1.95239007e-01
1.97921097e-01
1.88543469e-01
1.83654115e-01
1.76884070e-01
1.96244627e-01
1.81406036e-01
1.84134036e-01
1.83590993e-01
1.97293103e-01
1.77558020e-01
1.92655548e-01
1.90499082e-01
1.83601126e-01
1.86519191e-01
1.87200129e-01
1.98042393e-01
1.84006929e-01
1.75094396e-01
1.80969119e-01
1.75310746e-01
1.85631499e-01
1.87641114e-01
1.89177185e-01
1.61659673e-01
0.00000000e+00
1.60178527e-01
1.94614410e-01
1.66873723e-01
1.79260850e-01
1.78064853e-01
1.85734212e-01
1.75929606e-01
1.77889094e-01
2.00211644e-01
1.88071772e-01
1.78546965e-01
1.81843147e-01
1.82985738e-01
1.77071944e-01
1.75111592e-01
1.90600917e-01
1.90908358e-01
1.81219816e-01
1.85659736e-01
1.99334592e-01
1.82980418e-01
1.83431283e-01
1.76673070e-01
1.76735461e-01
1.65181533e-01
1.73430100e-01
1.86205119e-01
1.78468898e-01
1.89648956e-01
1.88383996e-01
1.92423522e-01
1.81299195e-01
1.81792155e-01
1.72109649e-01
1.79185003e-01
1.80738792e-01
1.62469864e-01
1.84213281e-01
1.94123253e-01
2.00150326e-01
1.81949928e-01
1.72637090e-01
1.87815219e-01
1.97356150e-01
1.81658953e-01
1.84486851e-01
1.73720300e-01
1.70395240e-01
1.79494649e-01
1.76830336e-01
1.86720416e-01
1.83621600e-01
2.00799823e-01
2.03234971e-01
2.07919911e-01
2.01885149e-01
1.96607620e-01
2.00091809e-01
1.87573746e-01
1.81316480e-01
1.71302319e-01
1.66734338e-01
1.66137055e-01
1.80211440e-01
1.78637415e-01
1.60795182e-01
1.67367324e-01
1.78640440e-01
1.82917595e-01
1.95146382e-01
2.07046598e-01
1.72000393e-01
1.73754796e-01
2.03228772e-01
1.89797938e-01
1.73801094e-01
1.78003758e-01
1.70770973e-01
1.84715301e-01
2.00947866e-01
1.74665138e-01
1.80283964e-01
1.90168008e-01
1.66583732e-01
1.65937260e-01
1.83737561e-01
1.77701920e-01
1.85670793e-01
1.89427778e-01
1.85487866e-01
1.94886640e-01
1.85524210e-01
1.70911670e-01
1.75058573e-01
1.93339631e-01
2.98552275e-01
4.33732599e-01
4.36298043e-01
5.51920235e-01
4.63525742e-01
3.13554317e-01
2.21498698e-01
2.33580679e-01
2.36851871e-01
1.84620708e-01
1.78725138e-01
1.68171793e-01
1.70786247e-01
1.67472154e-01
1.65009931e-01
1.70911759e-01
1.78243175e-01
1.68948948e-01
1.80846751e-01
1.82306305e-01
1.74271330e-01
1.79575548e-01
1.75935909e-01
1.86956078e-01
1.84754282e-01
1.78039953e-01
1.71576813e-01
1.66574582e-01
1.63060799e-01
1.59601867e-01
1.70567721e-01
1.66169181e-01
1.77040830e-01
1.60419434e-01
1.81010827e-01
1.70217365e-01
1.69742614e-01
1.81646660e-01
1.67276964e-01
1.77993044e-01
1.80125013e-01
1.69053853e-01
1.78486601e-01
1.73837155e-01
2.05157414e-01
2.21701309e-01
2.44073004e-01
2.32653797e-01
2.11895421e-01
1.74266577e-01
1.68398872e-01
1.61832973e-01
1.59733489e-01
1.65300176e-01
1.61759734e-01
1.65881202e-01
1.68079436e-01
1.60287917e-01
1.71344057e-01
1.56836435e-01
1.58715785e-01
1.72473162e-01
1.78860277e-01
1.64386168e-01
1.57521904e-01
1.66145563e-01
1.56213328e-01
1.54300168e-01
1.56505689e-01
1.57194197e-01
1.65454134e-01
1.67762026e-01
1.50431886e-01
1.58441633e-01
1.61061183e-01
1.57544792e-01
1.71371758e-01
1.55900836e-01
1.46631911e-01
1.64454520e-01
1.62212938e-01
1.55933022e-01
1.66910216e-01
1.71495467e-01
1.55383527e-01
1.61737666e-01
1.65861592e-01
1.61190599e-01
1.65464610e-01
1.62306726e-01
1.68051749e-01
1.55562729e-01
1.62038699e-01
1.66754946e-01
1.66036442e-01
1.56213731e-01
1.52497783e-01
1.60133839e-01
1.47088990e-01
1.53634146e-01
1.67279035e-01
1.63831547e-01
1.59398124e-01
1.59796342e-01
1.58872709e-01
1.61905423e-01
1.57737464e-01
1.61795169e-01
1.64871827e-01
1.55189231e-01
1.58625469e-01
1.58892840e-01
1.51717886e-01
1.57421052e-01
1.59767374e-01
1.63784757e-01
1.60603762e-01
1.66431114e-01
1.74131200e-01
1.65910572e-01
1.70932174e-01
1.56380743e-01
1.58297539e-01
1.64125577e-01
1.54504463e-01
1.66923732e-01
1.56082198e-01
1.56036124e-01
1.49619833e-01
1.54961884e-01
1.51274890e-01
1.62468210e-01
1.59563288e-01
1.57839775e-01
1.49783999e-01
1.51497811e-01
1.64721340e-01
1.87725663e-01
1.68308809e-01
1.75491989e-01
1.52053788e-01
1.58362940e-01
1.57310605e-01
1.52877167e-01
1.49148747e-01
1.49517462e-01
1.44416869e-01
1.56097069e-01
1.60014659e-01
1.50927827e-01
1.55678734e-01
1.66745052e-01
1.57049865e-01
1.55179277e-01
1.62058145e-01
1.46353006e-01
1.44400045e-01
1.48782894e-01
1.58804908e-01
1.75283507e-01
1.77515298e-01
1.69440031e-01
1.58619046e-01
1.57669872e-01
1.42522082e-01
1.52736202e-01
1.48787618e-01
1.58567771e-01
1.65576592e-01
1.65198773e-01
2.35456556e-01
1.98529854e-01
1.86736614e-01
1.69111401e-01
1.69588625e-01
1.58006147e-01
1.51486635e-01
1.88549638e-01
2.29287133e-01
5.43436229e-01
3.66723120e-01
4.13072556e-01
5.99820852e-01
1.69415563e-01
1.54432163e-01
1.62530795e-01
1.44813210e-01
1.43837482e-01
1.53007925e-01
1.64901152e-01
1.64686188e-01
1.52779937e-01
1.62281945e-01
1.88109130e-01
2.37394527e-01
1.98064864e-01
1.57193094e-01
1.58964649e-01
1.51363835e-01
1.41856134e-01
1.48879647e-01
1.49530008e-01
1.45961538e-01
1.56080708e-01
1.51019990e-01
1.54901564e-01
1.54824689e-01
1.56821012e-01
1.55757919e-01
1.44274354e-01
1.41795501e-01
1.51373878e-01
1.48358405e-01
1.44546330e-01
1.47138730e-01
1.59720689e-01
1.60637617e-01
1.48193821e-01
1.48726389e-01
1.52122363e-01
1.43994838e-01
1.46095887e-01
1.52953193e-01
1.48047984e-01
1.50175318e-01
1.53730422e-01
1.47212014e-01
1.48912072e-01
1.50008783e-01
1.46453053e-01
1.45920843e-01
1.38394043e-01
1.44552782e-01
1.53351158e-01
1.42938510e-01
1.54307008e-01
1.53698802e-01
1.36368036e-01
1.51048362e-01
1.52388945e-01
1.47336736e-01
1.50436327e-01
1.45466030e-01
1.40576720e-01
1.44597173e-01
1.39080346e-01
1.51986763e-01
1.41304895e-01
1.31699383e-01
1.41739056e-01
1.46546781e-01
1.43213242e-01
1.37274981e-01
1.43613085e-01
1.45430237e-01
1.48562014e-01
1.50899246e-01
1.38023153e-01
1.39785901e-01
1.57022506e-01
1.40197456e-01
1.38345167e-01
1.53872728e-01
1.56037197e-01
1.51033893e-01
1.43612385e-01
1.49466604e-01
1.45728439e-01
1.46346390e-01
1.42256424e-01
1.31231040e-01
1.36595339e-01
1.53566018e-01
1.38765350e-01
1.49816886e-01
1.42443433e-01
1.41144842e-01
1.42477781e-01
1.37637302e-01
1.57432079e-01
2.32514471e-01
2.09690526e-01
1.54495806e-01
1.53093159e-01
1.37322843e-01
1.48909658e-01
1.36282057e-01
1.41485572e-01
1.43010810e-01
1.84190348e-01
2.19405636e-01
1.69130221e-01
1.72545359e-01
1.34747073e-01
1.41894981e-01
1.34480730e-01
1.40311718e-01
1.41793534e-01
1.38404131e-01
1.46409333e-01
1.47157252e-01
1.38285711e-01
1.36154920e-01
1.46163225e-01
1.56490639e-01
1.38086498e-01
1.44921079e-01
1.41996592e-01
1.33082435e-01
1.44784197e-01
1.44390121e-01
1.37922898e-01
1.47680402e-01
1.42488152e-01
1.43000275e-01
1.51414171e-01
1.48869276e-01
1.47405043e-01
1.43225297e-01
1.49587661e-01
1.43043742e-01
1.45365864e-01
1.38418451e-01
1.34522036e-01
1.39437005e-01
1.31111979e-01
1.37716055e-01
1.51678264e-01
1.29955187e-01
1.41217291e-01
1.33679107e-01
1.34738937e-01
1.38444513e-01
1.39657274e-01
1.46486893e-01
1.45528197e-01
1.37304932e-01
1.38433695e-01
1.53414354e-01
1.59262553e-01
1.38928443e-01
1.43653214e-01
1.39336526e-01
1.41945526e-01
1.47923931e-01
1.38384253e-01
1.43529862e-01
1.31316349e-01
1.27240464e-01
1.38131350e-01
1.39009103e-01
1.57832727e-01
1.66214138e-01
2.00121090e-01
1.90212980e-01
1.66635066e-01
1.74252957e-01
1.70424402e-01
1.47280395e-01
1.38384491e-01
1.37115017e-01
1.47176027e-01
1.44582242e-01
1.38722256e-01
1.37339592e-01
1.38337657e-01
1.36629939e-01
1.35807559e-01
1.32226601e-01
1.43718898e-01
1.39444247e-01
1.32362783e-01
1.42475188e-01
1.63846731e-01
1.89633578e-01
2.49762833e-01
2.15732753e-01
1.75496295e-01
1.62274539e-01
1.53477758e-01
1.47864252e-01
1.47777736e-01
1.50483549e-01
1.35344163e-01
1.37670413e-01
1.38050914e-01
1.40930116e-01
1.36960536e-01
1.42007872e-01
1.38694435e-01
1.54604852e-01
1.55358508e-01
1.61464483e-01
1.41899854e-01
1.53061375e-01
1.43948540e-01
1.46570250e-01
1.54782787e-01
1.59646451e-01
1.64831862e-01
1.56148344e-01
1.48678139e-01
1.46592513e-01
1.49666131e-01
1.47110447e-01
1.50247708e-01
1.53017342e-01
1.70162410e-01
1.44984454e-01
1.38063326e-01
1.68495312e-01
1.71466723e-01
1.85645223e-01
1.77858591e-01
1.57497332e-01
1.42657161e-01
1.35306522e-01
1.53888434e-01
1.36815712e-01
1.52777165e-01
1.50733963e-01
1.38955861e-01
1.45892888e-01
1.51787952e-01
1.55791298e-01
1.40882358e-01
1.43897727e-01
1.57532141e-01
1.79802328e-01
1.88487783e-01
1.60010844e-01
1.37592480e-01
1.41306102e-01
1.38360545e-01
1.33418843e-01
1.36340231e-01
1.49570063e-01
1.44384369e-01
1.38899490e-01
1.36401474e-01
1.41062215e-01
1.45547345e-01
1.41456693e-01
1.43816575e-01
1.45472795e-01
1.49224639e-01
1.49493381e-01
1.55042976e-01
1.48495674e-01
1.44796625e-01
1.30456686e-01
1.34216219e-01
1.31738678e-01
1.31491587e-01
1.42350733e-01
1.56215638e-01
1.43852189e-01
1.30364984e-01
1.30722150e-01
1.35781437e-01
1.34795725e-01
1.45090908e-01
1.34100884e-01
1.37565628e-01
1.40002593e-01
1.33317754e-01
1.39932737e-01
1.43495560e-01
1.36099949e-01
1.29585236e-01
1.29568517e-01
1.31929606e-01
1.34989277e-01
1.36465475e-01
1.33760840e-01
1.25323936e-01
1.31267801e-01
1.38374135e-01
1.30546808e-01
1.30432934e-01
1.38006896e-01
1.37446478e-01
1.32395789e-01
1.31235763e-01
1.36979774e-01
1.34545267e-01
1.44077644e-01
1.45860270e-01
1.37962744e-01
1.52135178e-01
1.36016533e-01
1.36499226e-01
1.30495861e-01
1.37681201e-01
1.32929102e-01
1.31961450e-01
1.35575086e-01
1.38569489e-01
1.36066392e-01
1.27966031e-01
1.43681049e-01
1.33701220e-01
1.38270274e-01
1.42346755e-01
1.32202968e-01
1.38214439e-01
1.41364023e-01
1.27746686e-01
1.33173987e-01
1.35201648e-01
1.37121841e-01
1.38111755e-01
1.39327332e-01
1.29732490e-01
1.44290179e-01
1.42252848e-01
1.30791038e-01
1.35802180e-01
1.33706942e-01
1.32446378e-01
1.33105263e-01
1.40629068e-01
1.28119990e-01
1.23978868e-01
1.38536811e-01
1.42767102e-01
1.42656356e-01
1.40560210e-01
1.33936405e-01
1.37898564e-01
1.46930948e-01
1.26213863e-01
1.36601567e-01
1.36978596e-01
1.29941002e-01
1.30227134e-01
1.39702946e-01
1.40973270e-01
1.37424350e-01
1.39210969e-01
1.32174209e-01
1.28884420e-01
1.34111360e-01
1.43394530e-01
1.46510676e-01
1.28590778e-01
1.35601863e-01
1.36396438e-01
1.33488193e-01
1.46579310e-01
1.32649362e-01
1.33032948e-01
1.32132858e-01
1.30892426e-01
1.31685659e-01
1.35890335e-01
1.35341465e-01
1.30864769e-01
1.24804974e-01
1.24616697e-01
1.43123046e-01
1.39874548e-01
1.36788949e-01
1.25851229e-01
1.41978160e-01
1.32748589e-01
1.38422012e-01
1.37491971e-01
1.41621828e-01
1.30211294e-01
1.33460119e-01
1.34781629e-01
1.37549654e-01
1.38901830e-01
1.40320614e-01
1.32249191e-01
1.29681379e-01
1.30940944e-01
1.40877172e-01
1.35929063e-01
1.34898990e-01
1.29696459e-01
1.30997658e-01
1.31279543e-01
1.45105019e-01
1.73929065e-01
1.41928300e-01
1.38215661e-01
1.48268715e-01
1.45057008e-01
1.40471190e-01
1.24408387e-01
1.27196968e-01
1.35229602e-01
1.38222530e-01
1.39148816e-01
1.32043764e-01
1.40972421e-01
1.49752185e-01
1.25598550e-01
1.31205797e-01
1.32803127e-01
1.32270694e-01
1.45284712e-01
1.52850822e-01
1.90667078e-01
2.17833042e-01
2.37818718e-01
2.29829088e-01
2.28286937e-01
2.41261825e-01
1.91546068e-01
1.62749261e-01
1.42968312e-01
1.44580856e-01
1.42645910e-01
1.47779241e-01
1.34317681e-01
1.30381674e-01
1.22828975e-01
1.28687918e-01
1.27001569e-01
1.46704227e-01
1.37168258e-01
1.33617818e-01
1.39484897e-01
1.79760024e-01
2.67495036e-01
3.13881338e-01
2.85395771e-01
2.17544228e-01
1.71879977e-01
1.67639971e-01
1.94419220e-01
1.63955957e-01
1.52027741e-01
1.32379383e-01
1.23046406e-01
1.38026178e-01
1.45132542e-01
1.39440134e-01
1.40735656e-01
1.29930481e-01
1.42962962e-01
1.59902051e-01
1.69989347e-01
1.50035128e-01
1.40196875e-01
1.34751573e-01
1.33212537e-01
1.62822604e-01
2.28276998e-01
2.62319088e-01
2.59258568e-01
1.76693618e-01
1.37597516e-01
1.31281585e-01
1.38262555e-01
1.50629312e-01
1.71209067e-01
1.73173055e-01
1.56089485e-01
1.41718403e-01
1.32055953e-01
1.50662228e-01
2.23207116e-01
2.64484435e-01
3.10507059e-01
2.32012823e-01
1.58768222e-01
1.48652062e-01
1.35678157e-01
1.30978480e-01
1.31885231e-01
1.25159651e-01
1.46961257e-01
1.58585057e-01
1.73142135e-01
1.83294341e-01
1.98320895e-01
2.10120797e-01
1.79408327e-01
2.15623304e-01
2.36218855e-01
2.47404814e-01
2.10687935e-01
1.49145097e-01
1.30817175e-01
1.34263575e-01
1.32942751e-01
1.32860914e-01
1.53221190e-01
1.64761141e-01
1.31656513e-01
1.33430943e-01
1.37605518e-01
1.46002010e-01
1.74682572e-01
1.55049473e-01
1.38306603e-01
1.38725683e-01
1.67750582e-01
1.98262572e-01
2.10886881e-01
1.69687465e-01
1.37972087e-01
1.32826686e-01
1.29475176e-01
1.26264378e-01
1.33711591e-01
1.27787262e-01
1.30832404e-01
1.31359428e-01
1.30549580e-01
1.34542555e-01
1.36537403e-01
1.25087321e-01
1.33567393e-01
1.37618512e-01
1.43504694e-01
1.42989948e-01
1.43173233e-01
1.42486870e-01
1.49093613e-01
1.61123380e-01
1.58839419e-01
1.32695332e-01
1.26449302e-01
1.36940598e-01
1.33097544e-01
1.33878917e-01
1.34700492e-01
1.27751321e-01
1.38927758e-01
1.42570481e-01
1.32640749e-01
1.29768610e-01
1.34528756e-01
1.36082113e-01
1.30972147e-01
1.37031138e-01
1.45539522e-01
1.44517004e-01
1.43333316e-01
1.49281949e-01
1.39333829e-01
1.58687979e-01
1.45634383e-01
1.52519420e-01
1.53659835e-01
1.49221718e-01
1.51203185e-01
1.32338777e-01
1.39900923e-01
1.28091186e-01
1.47459000e-01
1.37657255e-01
1.34516224e-01
1.34953409e-01
1.36448279e-01
1.37542292e-01
1.27975509e-01
1.25847578e-01
1.31386578e-01
1.32816672e-01
1.36167571e-01
1.32799551e-01
1.35252029e-01
1.34873822e-01
1.28534362e-01
1.32808164e-01
1.43255770e-01
1.72903866e-01
2.08977550e-01
2.01825947e-01
1.78624675e-01
1.58270061e-01
1.54901683e-01
1.52911574e-01
1.39012575e-01
1.32226348e-01
1.32577717e-01
1.37867823e-01
1.26362652e-01
1.34006947e-01
1.34640366e-01
1.26898944e-01
1.26925722e-01
1.27105072e-01
1.29211038e-01
1.33839771e-01
1.30584076e-01
1.40112892e-01
1.38396114e-01
1.35522857e-01
1.34962499e-01
1.32082179e-01
1.29434824e-01
1.28469616e-01
1.39098406e-01
1.57201454e-01
1.86197490e-01
1.69236988e-01
1.43524110e-01
1.31994769e-01
1.34486735e-01
1.30721241e-01
1.28831163e-01
1.30584717e-01
1.39699280e-01
1.40245825e-01
1.33157074e-01
1.29384652e-01
1.36466920e-01
1.49865195e-01
1.89586908e-01
2.65246898e-01
2.70597249e-01
2.77916342e-01
3.26871723e-01
2.60626197e-01
2.47604519e-01
2.50394493e-01
2.13416070e-01
2.39247978e-01
2.27500603e-01
1.57054767e-01
1.62272394e-01
1.51489556e-01
1.49923995e-01
1.63259819e-01
1.56914219e-01
1.80005535e-01
2.19601050e-01
2.14707613e-01
1.79974809e-01
1.84156254e-01
1.60002023e-01
1.56010300e-01
1.42464533e-01
1.39362425e-01
1.52809471e-01
1.54949933e-01
1.47314414e-01
1.44771188e-01
1.34121388e-01
1.46377206e-01
1.69542715e-01
1.51272267e-01
1.43891141e-01
1.34092957e-01
1.33063301e-01
1.54496148e-01
1.60177156e-01
1.51995301e-01
1.48283318e-01
1.30496964e-01
1.33393168e-01
1.29173234e-01
1.36763439e-01
1.43901885e-01
1.26419440e-01
1.36987999e-01
1.32903814e-01
1.33927628e-01
1.49108812e-01
1.40630290e-01
1.36025652e-01
1.40832230e-01
1.35756582e-01
1.27546817e-01
1.29633948e-01
1.26990095e-01
1.33405760e-01
1.40239850e-01
1.48556620e-01
1.33316994e-01
1.29994556e-01
1.48164019e-01
1.69138744e-01
2.20787376e-01
2.64994919e-01
2.52941251e-01
2.73534298e-01
2.99237162e-01
2.16993898e-01
1.62613466e-01
1.52836502e-01
1.60221115e-01
1.49894759e-01
1.54058710e-01
1.31826371e-01
1.38337612e-01
1.32167682e-01
1.35865822e-01
1.43094584e-01
1.34620041e-01
1.27589867e-01
1.30413845e-01
1.37232319e-01
1.62062317e-01
2.74729937e-01
3.66642237e-01
3.80503923e-01
2.54676908e-01
1.68730482e-01
1.62615150e-01
1.77719593e-01
1.92594931e-01
1.66170374e-01
1.44954830e-01
1.28966600e-01
1.28159791e-01
1.31504074e-01
1.47939444e-01
1.42862648e-01
1.51173770e-01
1.32966995e-01
1.48017958e-01
1.72191724e-01
1.68671146e-01
1.75091565e-01
1.35681391e-01
1.32266030e-01
1.41571373e-01
1.83009833e-01
2.53658831e-01
2.88098007e-01
2.10603267e-01
1.58909664e-01
1.28741637e-01
1.29733220e-01
1.40169472e-01
1.48753628e-01
1.77879497e-01
1.75388351e-01
1.57149047e-01
1.42584607e-01
1.30044237e-01
1.32876307e-01
1.84869468e-01
2.71093488e-01
3.38292241e-01
2.64683545e-01
2.01389909e-01
1.36814192e-01
1.28161266e-01
1.31767184e-01
1.31189048e-01
1.32298276e-01
1.34196073e-01
1.45926461e-01
1.60478666e-01
1.81483194e-01
1.60509273e-01
1.51325658e-01
1.38176426e-01
1.57579765e-01
2.26384193e-01
3.05517316e-01
3.12058359e-01
2.63775796e-01
2.16859862e-01
2.06318498e-01
1.99956149e-01
1.77456841e-01
1.55722544e-01
1.74588919e-01
1.85073897e-01
2.01559454e-01
2.03503817e-01
1.61633521e-01
1.46346986e-01
1.55360088e-01
1.73886374e-01
1.73420981e-01
1.51685476e-01
1.47195950e-01
1.71892822e-01
1.95459753e-01
2.30036348e-01
1.86117962e-01
1.53807700e-01
1.33373156e-01
1.26385733e-01
1.48443520e-01
1.32801980e-01
1.37719572e-01
1.36464834e-01
1.32725373e-01
1.45648181e-01
2.50645876e-01
3.48117858e-01
4.26971376e-01
3.39882731e-01
2.58282751e-01
2.03838304e-01
2.19157457e-01
2.00275332e-01
1.80181399e-01
1.39172867e-01
1.60493508e-01
1.80171549e-01
1.91644624e-01
1.61146805e-01
1.47596568e-01
1.36885688e-01
1.31262988e-01
1.35139197e-01
1.26474872e-01
1.32940769e-01
1.49763763e-01
1.65170282e-01
1.65400639e-01
1.46297216e-01
1.36472225e-01
1.35948449e-01
1.31115243e-01
1.36109412e-01
2.26983473e-01
2.95513272e-01
3.41686875e-01
2.71316499e-01
1.84135646e-01
1.39485404e-01
1.34622440e-01
1.35497853e-01
1.52669609e-01
1.79966673e-01
1.90523833e-01
1.77303344e-01
1.44923374e-01
1.29646435e-01
1.32947937e-01
1.59411907e-01
3.08214515e-01
3.44144732e-01
3.69143993e-01
2.54127115e-01
1.65918812e-01
1.46667108e-01
1.37597188e-01
1.32465586e-01
1.36394292e-01
1.36623621e-01
1.34140819e-01
1.59218773e-01
2.24214196e-01
2.43350863e-01
1.76497206e-01
1.58099651e-01
1.52851760e-01
2.69292831e-01
3.70167404e-01
4.03931558e-01
3.20305139e-01
2.00650454e-01
1.55359164e-01
1.44675270e-01
1.42614231e-01
1.34576976e-01
1.41558185e-01
1.32363558e-01
1.56386644e-01
1.45349070e-01
1.31888658e-01
1.35078758e-01
1.55686140e-01
1.93559453e-01
1.74758866e-01
1.44139484e-01
1.44846886e-01
1.75905019e-01
1.91190466e-01
1.81801379e-01
1.62576005e-01
1.44955501e-01
1.31463096e-01
1.33045882e-01
1.29921988e-01
1.29329786e-01
1.29468396e-01
1.42090425e-01
1.30418122e-01
1.43246323e-01
1.35147110e-01
1.28848329e-01
1.35703310e-01
1.37172371e-01
1.42052084e-01
1.42299458e-01
1.42614022e-01
1.31184787e-01
1.26562849e-01
1.44930631e-01
1.63951293e-01
1.53304562e-01
1.37086689e-01
1.29917622e-01
1.31231248e-01
1.41585559e-01
1.26573056e-01
1.28106922e-01
1.28779337e-01
1.28086850e-01
1.24129348e-01
1.26634344e-01
1.46107659e-01
1.30575061e-01
1.22871466e-01
1.31010190e-01
1.29077509e-01
1.36755064e-01
1.33669823e-01
1.46725401e-01
1.28177568e-01
1.27370253e-01
1.35105476e-01
1.36457220e-01
1.39713049e-01
1.38861448e-01
1.31106034e-01
1.24011159e-01
1.35059595e-01
1.42419532e-01
1.33523047e-01
1.35779053e-01
1.28061652e-01
1.36131272e-01
1.41244963e-01
1.30617991e-01
1.28044844e-01
1.33144841e-01
1.27321333e-01
1.30259201e-01
1.33177802e-01
1.35797605e-01
1.36337027e-01
1.36148334e-01
1.34940073e-01
1.39465570e-01
1.48331150e-01
1.39691845e-01
1.35310575e-01
1.40652210e-01
1.45807296e-01
1.43285081e-01
1.35979250e-01
1.36551246e-01
1.46463796e-01
1.33192524e-01
1.28655344e-01
1.26689032e-01
1.39302328e-01
1.31664515e-01
1.31683707e-01
1.33120209e-01
1.27273709e-01
1.25731394e-01
1.31291717e-01
1.26307279e-01
1.35720417e-01
1.30767331e-01
1.31596386e-01
1.32837847e-01
1.34481877e-01
1.47007510e-01
1.29758164e-01
1.21911399e-01
1.33885816e-01
1.37217283e-01
1.31996229e-01
1.34394705e-01
1.48456380e-01
1.35960221e-01
1.33302361e-01
1.45568117e-01
1.31749019e-01
1.30673632e-01
1.34703889e-01
1.39584899e-01
2.19025224e-01
1.33238435e-01
1.26362607e-01
1.27456337e-01
1.39242008e-01
1.36389732e-01
1.58509761e-01
1.81441396e-01
2.48827353e-01
2.61510253e-01
2.16978014e-01
2.26221487e-01
2.51214921e-01
3.05394083e-01
2.62386024e-01
1.87571734e-01
2.19628692e-01
2.66651630e-01
3.41328144e-01
3.17140728e-01
2.14990467e-01
1.49034917e-01
1.36481404e-01
1.57241553e-01
1.95744231e-01
1.94749698e-01
1.34251699e-01
1.40137985e-01
1.33727312e-01
1.32230639e-01
1.31003678e-01
1.32797644e-01
1.28802106e-01
1.32919833e-01
1.31251186e-01
1.33753538e-01
1.28375605e-01
1.31317347e-01
1.39952302e-01
1.41693324e-01
2.88066238e-01
5.31800747e-01
6.20018542e-01
5.21138608e-01
4.06849086e-01
2.72780627e-01
2.95670062e-01
2.91035563e-01
1.92605734e-01
1.43706053e-01
1.40026540e-01
1.50174364e-01
1.67572692e-01
1.73606560e-01
1.52781785e-01
1.35681629e-01
1.31439939e-01
1.33787557e-01
1.26157403e-01
1.33723915e-01
1.76948860e-01
2.29494140e-01
2.19244808e-01
1.93232089e-01
1.51868775e-01
1.32018030e-01
1.33592024e-01
1.32944956e-01
1.69736087e-01
3.18129063e-01
5.28996587e-01
4.32081014e-01
3.59991074e-01
2.13033214e-01
1.35128453e-01
1.28872558e-01
1.28720745e-01
1.62289828e-01
2.54927456e-01
2.46792436e-01
2.24768564e-01
1.53704956e-01
1.33654162e-01
1.31680816e-01
1.63234651e-01
3.55698496e-01
5.37308037e-01
5.12323797e-01
4.17401165e-01
2.04579681e-01
1.39608547e-01
1.21674970e-01
1.24205075e-01
1.30975053e-01
1.31954744e-01
1.38543040e-01
1.59361303e-01
2.14382768e-01
2.52570719e-01
1.89918250e-01
1.56651452e-01
1.21928006e-01
1.51283845e-01
2.93631017e-01
3.82568568e-01
3.91094357e-01
3.22731376e-01
1.85578361e-01
1.36967212e-01
1.37219787e-01
1.42214060e-01
1.47446588e-01
1.28008530e-01
1.34384438e-01
1.28006235e-01
1.22115552e-01
1.43216133e-01
1.47788167e-01
1.63906872e-01
2.09169477e-01
1.73044801e-01
1.36823982e-01
1.33141801e-01
1.84090018e-01
2.48748317e-01
2.85016984e-01
2.23806843e-01
1.55703768e-01
1.24071665e-01
1.29582226e-01
1.37057304e-01
1.38397112e-01
1.34789854e-01
1.28947169e-01
1.35652527e-01
1.28885403e-01
1.26183897e-01
1.28500417e-01
1.31512195e-01
1.23218372e-01
1.34326205e-01
1.35860056e-01
1.57320440e-01
1.50020689e-01
1.30642965e-01
1.36836708e-01
1.65755093e-01
1.94529161e-01
1.64686158e-01
1.36547998e-01
1.25258282e-01
1.26373485e-01
1.30880132e-01
1.30704850e-01
1.30152568e-01
1.32585704e-01
1.27655864e-01
1.27979562e-01
1.21947348e-01
1.27887964e-01
1.31228641e-01
1.31136954e-01
1.27693534e-01
1.20642029e-01
1.27819762e-01
1.31582484e-01
1.31021693e-01
1.40459061e-01
1.36767015e-01
1.23479068e-01
1.37009218e-01
1.40701190e-01
1.41121820e-01
1.30587310e-01
1.24529421e-01
1.26473829e-01
1.31353855e-01
1.31531224e-01
1.71570450e-01
1.46155909e-01
1.36665061e-01
1.47241384e-01
1.61451831e-01
1.73061624e-01
1.78227752e-01
2.06963181e-01
2.08067954e-01
1.98081717e-01
1.98719874e-01
2.29351059e-01
1.95032462e-01
1.79223314e-01
1.67431623e-01
1.57060429e-01
1.58232480e-01
1.39091641e-01
1.48609668e-01
1.69331774e-01
1.83833435e-01
1.98088259e-01
1.98480889e-01
2.12083906e-01
2.07363188e-01
2.06477061e-01
2.03549951e-01
1.95369363e-01
2.06181839e-01
2.09896281e-01
2.18821332e-01
1.73355252e-01
1.82018325e-01
1.73247412e-01
1.57121152e-01
1.55818865e-01
1.50826827e-01
1.41648442e-01
1.36982813e-01
1.43016130e-01
1.41943783e-01
1.27766833e-01
1.27558038e-01
1.30073026e-01
1.36397213e-01
1.48400620e-01
1.31903172e-01
1.32519305e-01
1.33466601e-01
1.31209493e-01
1.27887219e-01
1.31907836e-01
1.35080963e-01
1.35972485e-01
1.30142868e-01
1.34919241e-01
1.24052644e-01
1.27584144e-01
1.28749162e-01
1.38834864e-01
1.26355037e-01
1.25725061e-01
1.30599350e-01
1.29339784e-01
1.29254296e-01
1.30172759e-01
1.28374696e-01
1.33240461e-01
1.42414823e-01
1.29397884e-01
1.21299371e-01
1.29769847e-01
1.28535405e-01
1.57029375e-01
2.32038170e-01
3.56726319e-01
3.97643715e-01
3.36213887e-01
3.78799826e-01
4.23321456e-01
3.61404061e-01
2.57785708e-01
2.41492197e-01
4.41783369e-01
4.69998181e-01
3.80668670e-01
2.59078681e-01
1.66721374e-01
1.26097828e-01
1.58568725e-01
2.27660254e-01
2.03472778e-01
1.62464529e-01
1.42147511e-01
1.25544056e-01
1.25659719e-01
1.24837831e-01
1.20119534e-01
1.28380820e-01
1.42433852e-01
1.35580793e-01
1.37352556e-01
1.28049001e-01
1.27374500e-01
1.28315702e-01
1.34017795e-01
2.45238677e-01
6.03275895e-01
9.75980461e-01
7.74140179e-01
6.44068897e-01
3.30686897e-01
3.28037411e-01
3.71442765e-01
3.08632195e-01
2.29697883e-01
1.51134893e-01
1.33876517e-01
1.60876200e-01
1.85087904e-01
1.96432188e-01
1.51018023e-01
1.30190879e-01
1.33236960e-01
1.29773408e-01
1.37145877e-01
1.49425656e-01
2.21754953e-01
2.92144507e-01
2.58716553e-01
2.09660947e-01
1.50493443e-01
1.30657449e-01
1.22745752e-01
1.44299194e-01
2.64970094e-01
4.52514529e-01
7.49912560e-01
5.35742760e-01
3.61307442e-01
1.77212730e-01
1.36177868e-01
1.37495935e-01
1.52168334e-01
2.32820287e-01
3.40543985e-01
3.20036024e-01
2.31778190e-01
1.58659071e-01
1.26803249e-01
1.34338543e-01
1.62719533e-01
4.32211787e-01
7.00100124e-01
7.24861681e-01
5.34660220e-01
2.98985660e-01
1.36625290e-01
1.33707330e-01
1.27687544e-01
1.30593926e-01
1.38110086e-01
1.36219114e-01
1.55499935e-01
2.63111323e-01
2.86899805e-01
2.49814898e-01
1.84798181e-01
1.40961662e-01
1.34218201e-01
1.87297553e-01
5.00743330e-01
6.12576485e-01
5.59836686e-01
3.95879716e-01
2.03679010e-01
1.36625767e-01
1.20134048e-01
1.25150055e-01
1.46230847e-01
1.27778098e-01
1.28176585e-01
1.33862987e-01
1.29974723e-01
1.30704910e-01
1.48588657e-01
2.34834298e-01
3.06025952e-01
2.10839748e-01
1.85357213e-01
1.48071855e-01
1.80229455e-01
3.24546784e-01
4.00428802e-01
3.13739628e-01
