7.42350483e+00
6.71811438e+00
3.77369785e+00
6.50113535e+00
1.29498281e+01
9.22256947e+00
5.77140093e+00
4.35421801e+00
7.33527994e+00
7.89708376e+00
5.27931118e+00
4.61895752e+00
4.75127220e+00
5.21781921e+00
5.36608219e+00
4.22945261e+00
5.06396341e+00
4.01003170e+00
3.95734334e+00
4.33970499e+00
3.66136765e+00
4.22569895e+00
5.04032850e+00
3.72920752e+00
6.66948891e+00
8.44464111e+00
3.64288878e+00
4.19499111e+00
6.06334162e+00
4.05366373e+00
5.27118969e+00
5.36506796e+00
3.36731672e+00
7.12568617e+00
5.50753880e+00
3.91019893e+00
2.91009808e+00
2.76866150e+00
4.49480581e+00
5.65121365e+00
3.98583722e+00
4.76501322e+00
3.54197121e+00
3.90855575e+00
6.75196171e+00
2.80515099e+00
4.20261955e+00
4.44788647e+00
4.85738420e+00
3.97669172e+00
4.28517723e+00
3.82490730e+00
5.77430534e+00
5.79496908e+00
4.39498138e+00
4.06846189e+00
6.64045668e+00
5.40848970e+00
5.20681763e+00
2.80300045e+00
3.98918462e+00
4.95637083e+00
3.85153770e+00
3.25425553e+00
2.78064442e+00
4.42588711e+00
9.09972191e+00
6.50668144e+00
4.72860575e+00
6.89008904e+00
4.74552393e+00
3.20925832e+00
4.17624664e+00
5.34484100e+00
4.44341516e+00
4.16028643e+00
4.33162594e+00
7.31001282e+00
6.89578915e+00
5.30996752e+00
4.40777969e+00
4.57026339e+00
4.18394661e+00
2.55733037e+00
4.95386362e+00
5.28741693e+00
3.65192914e+00
8.01223946e+00
3.41159844e+00
7.49115038e+00
7.61210108e+00
3.33735704e+00
3.98538017e+00
6.36476994e+00
5.92491388e+00
4.26846695e+00
3.13125539e+00
4.00314617e+00
4.23328018e+00
5.57210016e+00
3.78871775e+00
4.46184778e+00
3.30215764e+00
2.67062163e+00
5.00840855e+00
3.97625399e+00
6.50729418e+00
4.04825163e+00
3.70488548e+00
2.94243503e+00
3.84903264e+00
4.42174959e+00
7.05593061e+00
4.55059624e+00
3.05127978e+00
2.82025838e+00
4.83308840e+00
3.61387658e+00
3.35671043e+00
3.43249488e+00
3.74829793e+00
2.59608579e+00
3.09761333e+00
5.44234610e+00
5.31934738e+00
1.07602119e+01
7.83261967e+00
3.99446225e+00
9.22880745e+00
3.95472956e+00
3.64196825e+00
2.96891308e+00
3.68411303e+00
5.17452860e+00
3.50676560e+00
3.60957932e+00
4.85966682e+00
5.81277514e+00
5.50114727e+00
6.36769819e+00
6.61654139e+00
4.83181906e+00
3.87902117e+00
4.40842485e+00
5.01533222e+00
4.03251266e+00
5.03152466e+00
3.69081140e+00
3.05485725e+00
5.20401716e+00
2.48290277e+00
4.19099283e+00
4.51192856e+00
5.38790798e+00
4.17442369e+00
5.72992373e+00
5.51820087e+00
5.05349064e+00
8.27981186e+00
5.25920820e+00
2.59887910e+00
3.39750218e+00
4.09240103e+00
3.26387143e+00
4.19372082e+00
3.07168126e+00
3.58180976e+00
3.04680848e+00
2.66447306e+00
4.33579206e+00
4.78007793e+00
4.80404949e+00
5.56031466e+00
4.56401396e+00
4.87741280e+00
4.51342297e+00
3.21278858e+00
5.94661951e+00
7.96677971e+00
2.39842606e+00
2.29370689e+00
3.35145402e+00
6.90086031e+00
4.08423567e+00
2.17465663e+00
2.72923279e+00
3.07199454e+00
2.00758648e+00
3.94533968e+00
5.97027302e+00
2.47963452e+00
2.40411997e+00
2.44357824e+00
2.89573765e+00
3.21946716e+00
4.40066290e+00
2.13366008e+00
3.87203526e+00
3.36242342e+00
1.73613644e+00
1.98269820e+00
1.87251592e+00
5.22686434e+00
3.87250185e+00
2.84947634e+00
4.07207012e+00
4.95579386e+00
4.21421862e+00
2.88350177e+00
3.37901258e+00
3.71543884e+00
3.90106797e+00
5.87450838e+00
4.47513580e+00
2.53523731e+00
3.92576218e+00
4.89319754e+00
4.81797981e+00
3.45911407e+00
5.49888945e+00
4.14051294e+00
4.36067677e+00
5.24724293e+00
6.80842733e+00
5.30995560e+00
2.67727232e+00
3.95877528e+00
1.12058811e+01
8.12079906e+00
4.23397350e+00
3.87753415e+00
3.52195835e+00
3.75195718e+00
5.87583399e+00
5.56571531e+00
4.64394665e+00
5.48806620e+00
3.73259521e+00
6.73039484e+00
9.06717205e+00
4.42196560e+00
3.47819972e+00
4.26207066e+00
4.31781769e+00
7.24569607e+00
4.46985292e+00
4.68595028e+00
8.77121639e+00
4.72129965e+00
3.74041939e+00
3.57589579e+00
3.98310208e+00
4.52391624e+00
3.55395436e+00
4.98613834e+00
3.62279725e+00
3.43891597e+00
6.28932285e+00
7.09704208e+00
4.74496651e+00
2.87341642e+00
3.76365471e+00
7.69613171e+00
4.58457088e+00
4.51932621e+00
3.82633591e+00
3.20728493e+00
6.31408644e+00
3.67914057e+00
4.08161020e+00
7.17608595e+00
6.76921463e+00
4.95181990e+00
2.98100901e+00
3.19854832e+00
4.42574787e+00
6.43722105e+00
5.69585180e+00
3.27533460e+00
3.20912409e+00
3.81355166e+00
4.20544863e+00
5.16812801e+00
6.99932384e+00
3.27734685e+00
3.37536764e+00
7.58191967e+00
5.38613129e+00
3.29008889e+00
3.27721643e+00
4.58691931e+00
3.71527171e+00
3.63707519e+00
3.55254650e+00
5.09550047e+00
6.37441206e+00
4.35678101e+00
4.01394939e+00
7.65421772e+00
2.54947901e+00
3.39265323e+00
6.28783131e+00
2.97608161e+00
4.48072243e+00
4.24036360e+00
2.44809747e+00
3.27756953e+00
4.24801445e+00
4.28795862e+00
4.82672167e+00
2.84433603e+00
2.73028946e+00
2.63083839e+00
2.66525888e+00
4.48482037e+00
4.21485233e+00
2.47863483e+00
2.43522573e+00
6.95917940e+00
2.07393932e+00
1.08665657e+01
3.15313911e+00
5.67016077e+00
4.46751451e+00
5.92558670e+00
6.47377872e+00
2.73600030e+00
3.97993398e+00
3.74018240e+00
4.67348242e+00
3.68669868e+00
2.35175991e+00
3.71042442e+00
3.13515759e+00
1.23365867e+00
2.13174629e+00
1.75960219e+00
2.83792162e+00
2.83871055e+00
1.48001039e+00
2.66024756e+00
5.24423552e+00
5.38124847e+00
2.72116590e+00
3.33788013e+00
2.58903050e+00
4.69186592e+00
2.33487082e+00
3.02372026e+00
3.42446685e+00
2.14000654e+00
6.00979137e+00
3.35185170e+00
2.83432055e+00
6.01555681e+00
6.17548800e+00
3.38378453e+00
5.06667280e+00
2.04454637e+00
1.90224326e+00
2.67285323e+00
2.32550502e+00
2.33987427e+00
3.29237008e+00
4.56679678e+00
4.21709871e+00
2.18727875e+00
3.84461355e+00
6.09367132e+00
4.90598679e+00
4.98492861e+00
4.74511290e+00
4.42269945e+00
3.07775140e+00
3.86741710e+00
5.28977776e+00
4.25327444e+00
6.85232258e+00
5.16217089e+00
5.07320786e+00
6.47802877e+00
2.95954776e+00
3.71279120e+00
5.26574087e+00
3.88345289e+00
3.09286523e+00
3.75452590e+00
3.66860390e+00
5.38592672e+00
3.79102421e+00
7.28443766e+00
8.83852196e+00
3.41767740e+00
4.53043175e+00
5.75789261e+00
8.46353817e+00
7.20298910e+00
4.33449030e+00
4.23200560e+00
6.85939264e+00
3.28322649e+00
4.27413988e+00
7.77203321e+00
9.16581821e+00
5.28685045e+00
4.91333389e+00
5.36168528e+00
6.28377390e+00
4.83574247e+00
3.15582585e+00
4.61512470e+00
5.05880213e+00
7.29620600e+00
5.13066626e+00
4.67228556e+00
4.41576385e+00
3.65663886e+00
5.51535320e+00
5.06311417e+00
5.64880514e+00
5.16150618e+00
5.65895939e+00
5.84358501e+00
4.12522697e+00
4.90409517e+00
6.30483770e+00
6.85363436e+00
5.49207973e+00
4.45525837e+00
7.83740807e+00
4.99485970e+00
4.19214773e+00
2.82190251e+00
3.14219618e+00
8.16025352e+00
5.21472931e+00
8.59689331e+00
6.86782980e+00
6.73872185e+00
8.04128933e+00
6.97902441e+00
6.22729540e+00
6.74874878e+00
5.67517757e+00
5.76095963e+00
6.51144886e+00
5.78077602e+00
2.62449527e+00
3.23920107e+00
7.01656628e+00
5.53544474e+00
5.83979177e+00
9.70352268e+00
5.38456535e+00
6.66489983e+00
6.10563612e+00
6.12471676e+00
5.41886568e+00
3.34940314e+00
3.20107698e+00
3.18204784e+00
5.85990334e+00
9.57395744e+00
8.06202888e+00
4.84313917e+00
6.83716106e+00
5.15797853e+00
4.84400940e+00
3.77804732e+00
3.78180265e+00
5.75922728e+00
4.80924940e+00
5.39673615e+00
5.24077606e+00
7.05245161e+00
6.31044436e+00
3.46598935e+00
4.89411068e+00
6.14486504e+00
3.67370915e+00
4.09821081e+00
5.69724369e+00
3.09201360e+00
4.23609161e+00
5.49755096e+00
4.65399837e+00
5.98601723e+00
6.33430099e+00
6.06608582e+00
5.38685226e+00
3.22739673e+00
7.15186071e+00
5.95976925e+00
3.64564896e+00
4.38646030e+00
7.62593508e+00
3.87085843e+00
4.00785065e+00
8.11477470e+00
6.43466759e+00
2.59773707e+00
6.74048615e+00
5.79002857e+00
5.31437731e+00
4.49524164e+00
4.14223194e+00
7.49486494e+00
3.96304893e+00
7.11614132e+00
7.78812027e+00
4.91432428e+00
4.44056129e+00
5.92933369e+00
4.85558224e+00
4.04770088e+00
2.40337491e+00
4.29528666e+00
6.02249908e+00
5.07302475e+00
2.95002842e+00
4.42297935e+00
3.46064544e+00
3.02423000e+00
4.90076494e+00
5.80708313e+00
4.83618784e+00
2.85875463e+00
3.50400019e+00
4.36272717e+00
6.32747555e+00
9.15379524e+00
2.40979409e+00
3.53450704e+00
3.27949762e+00
3.44098711e+00
4.93866730e+00
3.52448082e+00
6.09000778e+00
5.30296755e+00
4.15368700e+00
3.85372686e+00
2.85272503e+00
3.57486963e+00
3.61047244e+00
3.41126227e+00
5.86311579e+00
4.92540836e+00
4.32878304e+00
7.53809309e+00
4.23190832e+00
4.38379288e+00
6.38105106e+00
4.62438679e+00
4.42650080e+00
6.00878954e+00
6.22956800e+00
3.02204442e+00
2.84144616e+00
2.93307543e+00
3.67606020e+00
5.28254414e+00
2.83777142e+00
4.39416790e+00
3.11977720e+00
2.77547431e+00
2.96240735e+00
4.14446449e+00
5.58683634e+00
5.24521160e+00
1.77544892e+00
1.72284055e+00
1.76372552e+00
1.94882905e+00
2.21479201e+00
1.40627909e+00
1.70298493e+00
1.85125291e+00
2.57491064e+00
2.05273199e+00
1.61149132e+00
2.20983481e+00
1.35827696e+00
1.87614453e+00
2.35589981e+00
3.46160316e+00
4.62054682e+00
4.31516027e+00
3.29617953e+00
2.03051329e+00
2.30481720e+00
1.85601151e+00
2.76124048e+00
2.33659291e+00
6.08509922e+00
3.36274886e+00
2.59334040e+00
3.72653842e+00
2.18726301e+00
2.74686837e+00
4.73852444e+00
2.41717649e+00
1.58700359e+00
3.11401629e+00
3.02672982e+00
1.89782858e+00
2.23447728e+00
3.14409637e+00
3.48736024e+00
2.51126909e+00
4.68551588e+00
4.30088234e+00
6.35428238e+00
3.96881866e+00
3.46691656e+00
3.87522674e+00
5.66840839e+00
8.66357899e+00
6.32549667e+00
4.50662184e+00
4.17312336e+00
2.56050253e+00
2.26911998e+00
2.96278191e+00
3.76392293e+00
4.95501375e+00
4.81320429e+00
3.59289908e+00
3.57822323e+00
4.20030785e+00
5.52195740e+00
6.90664387e+00
4.42119217e+00
3.02291155e+00
3.63098025e+00
6.59145927e+00
4.05393744e+00
4.58890629e+00
6.47069550e+00
4.16802740e+00
4.38037634e+00
6.95968580e+00
5.88635397e+00
3.54696679e+00
2.50686622e+00
3.59999704e+00
3.47352743e+00
3.70615149e+00
3.41219211e+00
4.90775728e+00
5.75586653e+00
2.35638309e+00
6.10828781e+00
2.79998875e+00
6.78148031e+00
6.12119675e+00
3.15934324e+00
3.60920286e+00
2.99509096e+00
4.95264673e+00
7.47253132e+00
6.51278496e+00
3.02543283e+00
2.93949580e+00
5.87997055e+00
9.34108353e+00
3.82610607e+00
4.53044605e+00
4.81850195e+00
6.20952034e+00
3.68441629e+00
5.22242451e+00
3.10509801e+00
2.09836197e+00
4.98801088e+00
4.96156645e+00
6.25787926e+00
5.43967438e+00
5.46836758e+00
6.38322020e+00
5.78424978e+00
2.99735355e+00
4.94932318e+00
4.47218466e+00
3.90192509e+00
4.00967789e+00
5.43150330e+00
7.63953447e+00
4.88043261e+00
6.82022905e+00
2.79679179e+00
3.86697268e+00
7.01492310e+00
4.75931644e+00
4.06851006e+00
8.24238300e+00
6.48037529e+00
5.38531303e+00
4.36772108e+00
5.28122044e+00
7.19532537e+00
5.44085693e+00
5.54758263e+00
7.92590237e+00
7.63460732e+00
4.70981932e+00
6.73845387e+00
7.49856520e+00
4.67208242e+00
2.97762656e+00
4.20821095e+00
3.41473508e+00
4.89636421e+00
7.38553381e+00
6.90795755e+00
5.00815010e+00
4.09318113e+00
3.90684319e+00
3.53554440e+00
5.45568752e+00
6.85706758e+00
6.86102390e+00
6.70347786e+00
5.31457949e+00
3.68430281e+00
4.27083731e+00
4.19186115e+00
4.99556112e+00
4.37888527e+00
3.33475804e+00
3.77624083e+00
6.95277596e+00
6.74383640e+00
6.17077303e+00
5.42897987e+00
5.11397314e+00
6.30891800e+00
7.52947712e+00
5.88351679e+00
4.62545300e+00
5.52893734e+00
5.78996468e+00
8.49106789e+00
4.57304382e+00
2.89695263e+00
2.56453586e+00
3.31641340e+00
6.90291452e+00
6.64846182e+00
4.28650045e+00
3.60149956e+00
4.67354441e+00
3.84649515e+00
3.98418760e+00
6.00063658e+00
6.18906307e+00
6.02968073e+00
4.19733095e+00
3.80406356e+00
4.64901543e+00
5.66307306e+00
4.52440834e+00
6.93830299e+00
5.17255640e+00
3.29458427e+00
5.66246891e+00
3.88545513e+00
5.61371899e+00
4.94932222e+00
6.76209688e+00
6.52151918e+00
3.91117978e+00
4.96502972e+00
5.17731714e+00
6.83448887e+00
2.96751428e+00
2.58443379e+00
5.34995079e+00
4.22700071e+00
6.61567068e+00
5.70924091e+00
5.25093699e+00
6.02130270e+00
5.64710951e+00
4.31886148e+00
6.58477163e+00
5.94229126e+00
4.29168320e+00
4.47136450e+00
4.03405476e+00
2.80791569e+00
5.21084833e+00
5.89670420e+00
3.70768166e+00
3.19080091e+00
5.03780174e+00
6.43796682e+00
2.86167979e+00
8.23997498e+00
4.66809416e+00
2.78742123e+00
8.90446281e+00
6.13631773e+00
4.24404383e+00
4.89361620e+00
4.72829819e+00
4.47030067e+00
6.84774351e+00
4.53039074e+00
5.47675085e+00
6.84174967e+00
3.85385036e+00
4.28089762e+00
8.10214806e+00
5.73186255e+00
4.53745365e+00
6.18607092e+00
6.96606159e+00
7.44618225e+00
8.38871002e+00
5.74862432e+00
5.18329382e+00
5.80237627e+00
5.69117212e+00
5.10857821e+00
6.61902142e+00
4.19196653e+00
4.72311544e+00
5.17720079e+00
5.85355234e+00
5.33678484e+00
5.22493172e+00
7.12669373e+00
4.40056419e+00
4.83303928e+00
4.73125601e+00
4.95461464e+00
6.74062252e+00
6.67877483e+00
2.78461075e+00
4.67202902e+00
3.54572606e+00
4.92341661e+00
7.47222710e+00
4.44479179e+00
6.03676605e+00
7.09324694e+00
5.84727192e+00
5.02133799e+00
6.17251444e+00
6.06520176e+00
4.04228592e+00
4.09738636e+00
4.37826633e+00
6.32761669e+00
5.26409006e+00
2.78319001e+00
5.96340847e+00
5.05383444e+00
5.78940964e+00
7.78598833e+00
5.60249710e+00
4.60959148e+00
2.68745565e+00
1.89714348e+00
4.25776148e+00
3.63677955e+00
2.93318582e+00
5.04249477e+00
3.99901295e+00
6.04779196e+00
5.81278801e+00
5.35277033e+00
5.41727877e+00
3.18108225e+00
2.48790884e+00
6.24984360e+00
5.74956560e+00
2.89632058e+00
4.05133772e+00
4.55647659e+00
4.44721222e+00
5.28791285e+00
5.16230917e+00
4.86855412e+00
6.22291613e+00
6.47103405e+00
5.52482176e+00
4.58252668e+00
3.33926272e+00
3.79256558e+00
5.53180218e+00
4.86693239e+00
3.96849680e+00
5.16720915e+00
3.38003612e+00
4.15644264e+00
6.63643694e+00
2.74864364e+00
3.45304704e+00
4.48399019e+00
6.76813745e+00
5.33302879e+00
3.69453859e+00
7.48427057e+00
3.46355224e+00
5.93995094e+00
6.60525036e+00
3.48541546e+00
3.10034609e+00
5.09647989e+00
4.76891994e+00
3.17453146e+00
3.08941126e+00
8.60881615e+00
6.09574986e+00
3.10877800e+00
2.42741990e+00
2.34811473e+00
5.55587482e+00
8.03887558e+00
5.31635427e+00
6.84599257e+00
4.72362947e+00
6.83008099e+00
6.85445213e+00
4.39658499e+00
3.26520801e+00
3.24018288e+00
6.79623508e+00
3.97922015e+00
4.02084732e+00
5.85968447e+00
3.26825953e+00
2.06871533e+00
5.28205872e+00
3.23294234e+00
2.37937856e+00
4.39487267e+00
5.33169985e+00
3.27617955e+00
4.84348059e+00
3.00502586e+00
3.16098619e+00
4.81038713e+00
4.22559929e+00
6.94347715e+00
7.13953400e+00
6.71976519e+00
4.50317621e+00
2.60385799e+00
3.16422987e+00
3.89242887e+00
5.75399637e+00
3.02677202e+00
4.31230783e+00
6.64910841e+00
6.04371023e+00
4.57349205e+00
4.11023140e+00
3.99917173e+00
2.11894536e+00
2.38869834e+00
5.34111881e+00
3.08618307e+00
2.45655417e+00
3.81535649e+00
2.49491501e+00
4.39426136e+00
7.16407585e+00
2.45313716e+00
4.91425562e+00
4.36702585e+00
4.22346687e+00
6.07730579e+00
5.03605318e+00
2.83963704e+00
1.02355738e+01
5.68481398e+00
4.35880852e+00
7.05467939e+00
5.75476885e+00
5.08328009e+00
4.75143766e+00
5.35736084e+00
5.09797859e+00
3.68245554e+00
3.66867876e+00
4.83589029e+00
4.42209482e+00
6.47992039e+00
4.20284653e+00
2.59300184e+00
4.23419762e+00
2.35016513e+00
5.19835138e+00
5.54630947e+00
2.82758522e+00
3.69341636e+00
7.95487309e+00
3.96651292e+00
7.66269636e+00
2.71157026e+00
2.29254889e+00
5.32572031e+00
3.62371492e+00
4.10307264e+00
3.03514266e+00
6.18822670e+00
5.72742128e+00
2.94919872e+00
2.57779956e+00
3.27719092e+00
3.80074620e+00
3.61786222e+00
3.41352844e+00
3.06702518e+00
2.19334388e+00
4.47906160e+00
1.91963482e+00
5.51182032e+00
3.63166666e+00
1.63163304e+00
5.00333357e+00
3.96736288e+00
2.64707088e+00
3.27651381e+00
3.00572109e+00
5.06595373e+00
6.44581223e+00
4.34977722e+00
3.60284185e+00
4.50337458e+00
3.63844895e+00
3.82700610e+00
4.80566931e+00
1.64785624e+00
2.13587570e+00
3.60451865e+00
2.62942195e+00
2.00939274e+00
5.30757713e+00
5.64649868e+00
1.73308277e+00
1.79851949e+00
2.01605153e+00
2.99086070e+00
1.90670061e+00
2.37380099e+00
3.73811054e+00
3.07639527e+00
2.83216739e+00
1.40975583e+00
1.77582502e+00
1.59266329e+00
1.27645540e+00
4.26367140e+00
6.07279539e+00
3.40741587e+00
1.20149314e+00
3.23588538e+00
2.80244184e+00
2.23116112e+00
1.27973115e+00
1.91754997e+00
2.12427878e+00
1.45400667e+00
1.24651384e+00
3.70428205e+00
1.44173360e+00
2.80192900e+00
1.73189783e+00
4.08471823e+00
3.91908813e+00
2.61063862e+00
3.49847436e+00
2.74121380e+00
8.96207631e-01
3.55012560e+00
2.81831169e+00
1.40522695e+00
3.95730233e+00
5.16958523e+00
3.53819513e+00
5.75666571e+00
2.70350814e+00
3.31950617e+00
3.67749238e+00
1.85777509e+00
1.33311915e+00
4.19422150e+00
2.41008067e+00
3.84741640e+00
3.74784184e+00
2.77063036e+00
3.31565762e+00
1.37523091e+00
1.54872715e+00
1.42802536e+00
2.17699337e+00
2.17729974e+00
2.98070717e+00
4.29657841e+00
1.99393284e+00
1.57494164e+00
2.46774435e+00
2.75625420e+00
4.48566055e+00
4.33705711e+00
1.91236579e+00
1.78691065e+00
3.95824313e+00
4.25521469e+00
3.24973178e+00
3.62137985e+00
2.42861223e+00
4.20545387e+00
4.71398878e+00
2.11001396e+00
2.02720523e+00
2.30982327e+00
2.77961469e+00
2.23911643e+00
3.75169468e+00
5.28721666e+00
2.59779978e+00
2.66260886e+00
5.97560549e+00
8.49723816e+00
5.81721067e+00
4.62258101e+00
7.08622408e+00
3.47447586e+00
2.53820968e+00
6.21271896e+00
5.43855762e+00
3.03190470e+00
3.70182753e+00
2.77854514e+00
1.97097731e+00
4.34394407e+00
5.37498951e+00
3.67109275e+00
2.95372772e+00
5.71290684e+00
3.62100959e+00
3.05328202e+00
3.78306651e+00
4.30096436e+00
5.07507372e+00
4.21753168e+00
2.64961457e+00
3.84727740e+00
4.83396006e+00
3.86545181e+00
2.49272704e+00
2.92901802e+00
6.17999697e+00
4.13276625e+00
3.60019755e+00
4.61902046e+00
3.52143788e+00
3.53458500e+00
4.50855875e+00
3.14324951e+00
2.59599829e+00
3.46196795e+00
3.42820930e+00
3.52163315e+00
5.47572803e+00
4.55910158e+00
3.92472434e+00
3.91145444e+00
3.13537431e+00
2.85328126e+00
4.17238760e+00
4.36559439e+00
3.22878909e+00
3.83240271e+00
5.43409395e+00
2.82349706e+00
3.94902849e+00
2.94893646e+00
3.58530998e+00
3.57883167e+00
2.80598807e+00
6.71272135e+00
4.40657806e+00
4.19412756e+00
3.92515516e+00
3.07106161e+00
2.50622964e+00
5.13476706e+00
6.55751848e+00
3.58898306e+00
2.93188381e+00
4.77246284e+00
5.61683846e+00
2.08489323e+00
3.44065714e+00
4.10935736e+00
5.38489246e+00
4.87738419e+00
3.20370531e+00
6.99863529e+00
6.29131460e+00
3.55047369e+00
2.29597640e+00
3.05113411e+00
3.95275545e+00
4.53071499e+00
6.16998148e+00
5.00022602e+00
2.16472626e+00
2.65400553e+00
5.64821529e+00
3.37887144e+00
2.77317262e+00
6.36388063e+00
5.55649567e+00
3.81304407e+00
5.53925896e+00
6.18679237e+00
4.55746508e+00
3.84434557e+00
5.48039770e+00
5.87440968e+00
5.28889322e+00
7.08505583e+00
5.87865543e+00
6.34522152e+00
5.64697170e+00
4.11754227e+00
3.30750418e+00
4.05098104e+00
2.80890965e+00
4.75646305e+00
4.87379360e+00
4.38441181e+00
8.08804226e+00
4.25968122e+00
4.51188850e+00
5.33144903e+00
4.38286781e+00
3.45432472e+00
4.31721735e+00
6.48980999e+00
4.60892534e+00
3.85889721e+00
3.66105747e+00
4.53996515e+00
5.61525631e+00
3.38656521e+00
3.76187038e+00
3.48605371e+00
4.02232361e+00
5.00463820e+00
4.60808134e+00
5.31094933e+00
3.64078546e+00
6.20326471e+00
4.13467360e+00
1.95405972e+00
3.50971746e+00
2.34404278e+00
2.52636671e+00
2.46829605e+00
3.34576893e+00
4.88064051e+00
4.28415918e+00
2.80431271e+00
6.13657188e+00
2.55119967e+00
3.38066268e+00
5.82777166e+00
2.97315001e+00
5.78764343e+00
4.60899878e+00
4.44462633e+00
4.12954187e+00
3.86667967e+00
4.67063046e+00
5.14689779e+00
4.40224600e+00
4.37785816e+00
4.41161776e+00
4.56785393e+00
5.32335520e+00
4.93983936e+00
2.94211745e+00
3.21310401e+00
5.31104612e+00
5.04689217e+00
2.86392760e+00
6.08651686e+00
5.37955570e+00
5.99335241e+00
5.74332571e+00
4.81277847e+00
4.47765303e+00
4.58315992e+00
3.56681466e+00
3.99124098e+00
4.26963091e+00
3.33505154e+00
3.42553401e+00
5.66623163e+00
6.60536623e+00
4.65854120e+00
3.65758348e+00
5.33980799e+00
5.72271872e+00
2.41496849e+00
5.34946728e+00
4.29154778e+00
3.98654723e+00
4.66626215e+00
3.43023753e+00
3.46523333e+00
3.65941167e+00
3.19928765e+00
4.75470018e+00
5.55323315e+00
3.87020397e+00
3.63489962e+00
5.22367430e+00
2.95124340e+00
3.80563116e+00
5.37791967e+00
4.18831825e+00
5.31383848e+00
6.19292307e+00
3.89164519e+00
4.13765907e+00
4.87719250e+00
3.39863396e+00
4.60993862e+00
3.06703043e+00
6.22782087e+00
5.91416264e+00
3.46310949e+00
3.15682006e+00
3.42445469e+00
6.84700346e+00
4.56753206e+00
4.51914740e+00
4.59410667e+00
1.88023841e+00
4.33382368e+00
3.21958971e+00
4.60313892e+00
4.37341213e+00
3.64554930e+00
5.14439964e+00
3.19924188e+00
4.08307076e+00
5.08180952e+00
3.43899965e+00
3.97865844e+00
7.79657936e+00
4.75105953e+00
5.15598440e+00
6.68276119e+00
4.82143497e+00
2.99726272e+00
3.33842015e+00
2.71242905e+00
6.25047493e+00
4.04707766e+00
4.60884714e+00
6.34138584e+00
4.11042547e+00
5.83795834e+00
3.95658708e+00
6.26764059e+00
6.45367336e+00
4.60519695e+00
5.36880684e+00
3.37613583e+00
5.06939697e+00
5.95837688e+00
4.33047390e+00
2.82401490e+00
3.67093420e+00
7.06150770e+00
6.20370102e+00
2.99830461e+00
4.00327444e+00
5.39547443e+00
4.11904383e+00
4.52480507e+00
3.64734316e+00
3.63635945e+00
3.99889207e+00
4.39749241e+00
4.47986937e+00
3.16458154e+00
4.19605780e+00
4.13109159e+00
5.52369165e+00
5.81560707e+00
3.94276643e+00
7.76038313e+00
3.86618257e+00
5.88046265e+00
8.08654404e+00
5.06480265e+00
2.11080241e+00
5.90307999e+00
5.09566259e+00
6.13520718e+00
4.45923996e+00
2.68165731e+00
3.78324819e+00
3.92763877e+00
4.04009533e+00
2.98983049e+00
2.35946321e+00
2.78326273e+00
2.77312231e+00
3.30293083e+00
2.84008646e+00
3.28567266e+00
3.89241815e+00
4.02707863e+00
3.74227095e+00
2.41346169e+00
3.65382004e+00
2.40280342e+00
3.63221979e+00
4.35423803e+00
1.41981459e+00
2.72375655e+00
2.28255439e+00
3.11072254e+00
4.92830896e+00
5.52996778e+00
4.37203741e+00
4.13148117e+00
4.52137709e+00
3.97118568e+00
3.65016103e+00
4.24718285e+00
4.03589010e+00
4.17492294e+00
4.75570154e+00
3.75290561e+00
3.61688328e+00
3.73064709e+00
3.54987955e+00
4.08905125e+00
5.12934065e+00
3.81247878e+00
1.90941203e+00
2.83595181e+00
5.06494999e+00
2.21184111e+00
4.24706697e+00
4.02280474e+00
3.33969212e+00
5.31913376e+00
6.69247246e+00
4.04306459e+00
5.37476206e+00
4.63171959e+00
4.14017296e+00
3.94759941e+00
3.88163233e+00
5.28706408e+00
4.76210451e+00
3.33149934e+00
2.85633421e+00
2.79355192e+00
4.81639814e+00
5.74551296e+00
5.31437397e+00
4.24534655e+00
3.77396703e+00
4.33061504e+00
3.85625434e+00
1.31119907e+00
4.71932220e+00
5.20877981e+00
3.64883280e+00
2.70659351e+00
3.72841692e+00
4.60081673e+00
2.00484776e+00
3.29001212e+00
3.57879257e+00
3.76589084e+00
6.38818502e+00
3.74815369e+00
4.53282213e+00
4.88639927e+00
4.51322937e+00
3.72586370e+00
2.85762858e+00
1.67260635e+00
3.31779075e+00
4.08327532e+00
4.01597500e+00
4.14740038e+00
5.44385147e+00
5.15863514e+00
2.46584463e+00
4.89276552e+00
4.93002462e+00
2.53688860e+00
3.83771658e+00
6.69557142e+00
4.06305313e+00
3.19408178e+00
4.54623508e+00
5.70336390e+00
4.86459923e+00
3.79867053e+00
4.01031351e+00
7.03826571e+00
4.35123253e+00
2.25943971e+00
6.53154421e+00
4.77785158e+00
2.45785427e+00
1.95316148e+00
3.14013433e+00
4.71888924e+00
4.78162479e+00
4.74126577e+00
2.85441780e+00
3.66531992e+00
4.43117189e+00
3.92667413e+00
4.85038280e+00
4.54875755e+00
3.64016557e+00
2.46321797e+00
2.75760651e+00
3.80163383e+00
4.36465549e+00
4.70436621e+00
5.54487801e+00
6.44667816e+00
5.07374477e+00
3.20452595e+00
3.20063090e+00
5.17630434e+00
6.48937702e+00
5.91485405e+00
3.77198219e+00
3.03084350e+00
5.35152435e+00
4.14947319e+00
2.11724448e+00
1.97406030e+00
4.85541725e+00
5.81241131e+00
2.09005165e+00
3.22114968e+00
5.00737762e+00
2.32893634e+00
2.01095414e+00
4.21928883e+00
4.36212158e+00
2.69038677e+00
6.73701906e+00
4.55427837e+00
1.98751283e+00
1.62178266e+00
1.98324549e+00
3.80175376e+00
5.89041805e+00
5.44238377e+00
3.89305854e+00
3.99019265e+00
4.85336494e+00
2.83896422e+00
3.94794965e+00
5.95763779e+00
5.62346411e+00
3.75771880e+00
2.88127899e+00
3.24073148e+00
3.49133134e+00
7.41530943e+00
6.71919727e+00
3.02474952e+00
2.01783800e+00
2.50076485e+00
5.14644098e+00
4.31304359e+00
2.79997516e+00
3.10225654e+00
4.65926027e+00
4.50098038e+00
4.90409374e+00
1.25293529e+00
2.20627666e+00
6.37352419e+00
4.64958096e+00
4.28532267e+00
1.70764256e+00
2.62685442e+00
5.76444960e+00
5.75430536e+00
2.86439896e+00
3.35132170e+00
1.80021524e+00
4.24702311e+00
4.04390001e+00
3.01555753e+00
5.24567175e+00
3.26554537e+00
2.22917938e+00
4.52506924e+00
4.93168068e+00
4.10848188e+00
5.10294342e+00
5.29001141e+00
5.52469063e+00
4.67752266e+00
2.84505916e+00
3.12167215e+00
5.16291904e+00
4.35704231e+00
3.43322492e+00
4.32723808e+00
4.63207960e+00
2.91261387e+00
1.44594002e+00
2.59804726e+00
2.33120632e+00
1.44250560e+00
3.14385962e+00
3.52043176e+00
1.73542833e+00
6.75061226e+00
4.40805817e+00
3.77072597e+00
3.37199235e+00
2.44413280e+00
3.25448251e+00
5.53399515e+00
5.19735050e+00
4.82144499e+00
4.30855656e+00
3.18216395e+00
3.03128886e+00
4.54164934e+00
2.63390017e+00
5.38250303e+00
3.65740561e+00
1.08058786e+00
3.92726874e+00
3.27132630e+00
6.13079643e+00
3.81581044e+00
3.75329328e+00
4.10231876e+00
1.89360404e+00
2.12876797e+00
4.07918024e+00
2.36545372e+00
2.17805719e+00
3.65046787e+00
3.74061465e+00
4.81097317e+00
5.63347483e+00
7.05379486e+00
4.40269089e+00
7.04799604e+00
5.55477142e+00
4.78546333e+00
2.65630579e+00
3.29309773e+00
4.85292435e+00
4.12883377e+00
3.94216108e+00
3.26151681e+00
4.04918194e+00
3.31593585e+00
2.68639827e+00
3.87856269e+00
5.20314169e+00
4.21564865e+00
3.45136690e+00
3.46319151e+00
3.22193503e+00
2.42921114e+00
2.94423747e+00
4.02195644e+00
2.57593441e+00
3.26976681e+00
4.24863243e+00
4.83642197e+00
5.37742805e+00
2.94786978e+00
3.31131887e+00
3.77644372e+00
3.37487912e+00
3.20206094e+00
3.23355889e+00
1.88759840e+00
4.00222445e+00
4.90752459e+00
4.90067959e+00
4.93368626e+00
3.88349628e+00
2.04603124e+00
6.94164515e+00
4.01353312e+00
2.63390636e+00
5.40707350e+00
5.44511795e+00
3.32385802e+00
3.83886480e+00
3.07986236e+00
4.96594524e+00
5.86454630e+00
2.62531042e+00
5.11155653e+00
4.77015066e+00
4.17216682e+00
4.73588085e+00
4.30119944e+00
2.80453873e+00
5.56910038e+00
4.60655117e+00
5.21156549e+00
3.91857648e+00
1.62975967e+00
2.26007104e+00
3.29108644e+00
6.22540617e+00
4.79336309e+00
2.74508119e+00
2.61608911e+00
3.07578182e+00
4.40235329e+00
4.54034901e+00
6.42232466e+00
5.19595957e+00
3.18795800e+00
4.92192459e+00
3.94044161e+00
2.20809793e+00
4.39998436e+00
3.56504273e+00
1.61988151e+00
2.37075520e+00
2.74042273e+00
2.97686768e+00
4.32725191e+00
4.69964790e+00
3.63218689e+00
3.65839887e+00
5.04625940e+00
3.09833241e+00
4.44580364e+00
4.48267651e+00
3.95478034e+00
4.70609665e+00
2.03002310e+00
2.99624062e+00
3.76725769e+00
4.35228872e+00
4.89866924e+00
4.11378002e+00
3.58763194e+00
4.50998640e+00
1.09851503e+00
1.88660514e+00
6.53765726e+00
5.13320875e+00
3.35260749e+00
3.00117970e+00
2.29868150e+00
3.12057829e+00
4.12073565e+00
3.65670109e+00
6.02355576e+00
3.37732410e+00
1.53279352e+00
3.95383620e+00
5.08247471e+00
1.40374553e+00
3.54781413e+00
3.08535147e+00
2.69651675e+00
3.05385685e+00
3.19334126e+00
3.18655014e+00
4.88166618e+00
4.11130142e+00
2.38766146e+00
1.71408832e+00
2.41338205e+00
2.54222083e+00
2.52352214e+00
4.15901423e+00
3.10517359e+00
1.92625892e+00
1.49543095e+00
2.26371431e+00
5.23889351e+00
3.59513450e+00
3.47443080e+00
5.15633678e+00
5.08120680e+00
3.66464710e+00
6.02248812e+00
4.64033651e+00
4.32845402e+00
3.15215135e+00
2.93367124e+00
5.44420290e+00
2.78770280e+00
4.88136053e+00
4.71505547e+00
2.86077905e+00
2.32861400e+00
3.30460429e+00
4.41156435e+00
4.57732248e+00
4.00985050e+00
3.31386685e+00
3.59607220e+00
4.07966185e+00
2.50169516e+00
3.38919616e+00
1.59911656e+00
2.55656338e+00
5.77683735e+00
3.86436224e+00
3.16692948e+00
2.19060063e+00
2.14906859e+00
1.95600939e+00
3.38295364e+00
2.01860356e+00
3.04672527e+00
9.15072441e-01
3.20642138e+00
4.21301270e+00
3.44254994e+00
3.14396214e+00
3.75883794e+00
3.88184905e+00
4.97505856e+00
4.12216663e+00
2.85974646e+00
3.74271750e+00
3.02104568e+00
4.91799498e+00
1.06954396e+00
1.09579396e+00
3.35859537e+00
4.02277613e+00
1.50550592e+00
3.54693055e+00
2.24688625e+00
2.41470075e+00
4.08226252e+00
7.82700479e-01
4.58594465e+00
1.80782187e+00
3.22864032e+00
3.91379809e+00
2.93897772e+00
3.15879297e+00
2.00648952e+00
5.58999968e+00
4.47343349e+00
1.18328595e+00
1.40029740e+00
3.13476419e+00
1.86352742e+00
2.73123169e+00
2.87858677e+00
3.90821385e+00
4.38263416e+00
1.68959761e+00
4.16299486e+00
2.06344008e+00
2.03529358e+00
2.07073212e+00
2.11561012e+00
2.47244501e+00
3.38202763e+00
3.91531181e+00
4.42372561e+00
4.58028221e+00
4.35236406e+00
4.31489563e+00
6.18771505e+00
5.78087759e+00
3.45557952e+00
2.75050664e+00
3.70169330e+00
4.64253998e+00
3.28153014e+00
1.89976823e+00
2.40912676e+00
2.79506087e+00
2.45151424e+00
3.28603315e+00
1.55321217e+00
3.38988638e+00
1.75495148e+00
4.10050821e+00
3.60625148e+00
3.10951567e+00
2.65928936e+00
2.95885587e+00
1.16996479e+00
4.24053955e+00
8.06854248e+00
4.14300060e+00
5.57558918e+00
2.54979491e+00
4.27574348e+00
3.45726919e+00
1.84203100e+00
5.29894114e+00
4.41452074e+00
3.58635664e+00
4.04096127e+00
4.12554026e+00
4.50083447e+00
4.70558882e+00
1.28601253e+00
2.31597900e+00
4.17623186e+00
4.21840525e+00
4.93096781e+00
6.01805878e+00
2.41257119e+00
9.07009602e-01
2.38519549e+00
2.79089451e+00
3.63360572e+00
6.84824944e+00
3.60613108e+00
3.24420071e+00
2.92211819e+00
3.09252906e+00
3.09496713e+00
2.67798829e+00
4.36024714e+00
2.88447952e+00
4.99477530e+00
4.28739166e+00
1.85082340e+00
4.57421589e+00
7.90392017e+00
2.84866166e+00
1.27366197e+00
2.66814995e+00
3.73292089e+00
3.68420696e+00
4.10755301e+00
3.16305256e+00
5.25996542e+00
5.95157909e+00
3.77002907e+00
2.26644373e+00
1.57362854e+00
2.82304120e+00
4.82103920e+00
3.44336557e+00
1.81831515e+00
2.90402317e+00
3.89496326e+00
4.33316374e+00
5.15137005e+00
4.34878540e+00
2.58068085e+00
2.68218851e+00
4.34496546e+00
1.26731515e+00
3.46871471e+00
3.10227799e+00
1.58391964e+00
6.19381571e+00
5.35126305e+00
3.56202030e+00
4.68103790e+00
2.85917306e+00
1.42775130e+00
4.29535818e+00
1.45777833e+00
6.94774437e+00
4.13327312e+00
4.61110115e+00
6.73580027e+00
4.22001362e+00
3.93387413e+00
3.17506528e+00
4.88152599e+00
2.27801991e+00
2.06063771e+00
4.02111244e+00
2.78392601e+00
2.48858595e+00
5.51099825e+00
4.19530582e+00
1.14265263e+00
3.12003350e+00
1.80679500e+00
3.82269239e+00
4.29395390e+00
2.53471947e+00
1.28601718e+00
2.26147151e+00
4.55396891e+00
1.19438422e+00
1.38059437e+00
3.23693299e+00
3.78592682e+00
3.02545261e+00
2.09448361e+00
4.97035265e+00
2.18380213e+00
1.96299469e+00
2.84891343e+00
4.05518675e+00
3.60637808e+00
1.76835358e+00
3.51599407e+00
2.70519853e+00
1.45507383e+00
2.84520245e+00
1.64459610e+00
5.43030643e+00
2.69071603e+00
1.84903204e+00
4.15210199e+00
1.79103827e+00
1.86887002e+00
4.46982956e+00
5.72423840e+00
4.53524828e+00
1.95237279e+00
8.04768920e-01
4.30019665e+00
1.96031797e+00
4.04906416e+00
6.79911184e+00
5.02033615e+00
1.89876413e+00
2.52246118e+00
1.34651351e+00
2.29908442e+00
5.16918373e+00
4.64059639e+00
1.42843854e+00
5.08545589e+00
4.74981165e+00
3.99630284e+00
1.54553545e+00
1.26515651e+00
6.44704723e+00
4.63468218e+00
2.83070946e+00
1.31714618e+00
1.50651360e+00
4.01819468e+00
6.22781467e+00
2.14597702e+00
2.82569957e+00
2.24193430e+00
3.63489199e+00
4.96226740e+00
1.39137948e+00
2.16324759e+00
3.83000302e+00
3.83810234e+00
3.39769006e+00
4.05032158e+00
5.29866505e+00
4.05156422e+00
2.08898664e+00
4.35775995e+00
5.13520050e+00
2.47154331e+00
1.69119084e+00
3.36250877e+00
4.93602085e+00
4.28139734e+00
2.34523988e+00
1.89031088e+00
3.93616223e+00
3.65879416e+00
2.89037347e+00
1.84592438e+00
2.70686054e+00
3.08662605e+00
2.29059601e+00
5.29950190e+00
4.81605387e+00
8.19609761e-01
0.00000000e+00
1.80469632e+00
1.19151938e+00
2.67971301e+00
1.67241704e+00
3.10936260e+00
4.29273319e+00
3.36199331e+00
2.33073545e+00
8.61258090e-01
9.27464843e-01
1.68835080e+00
1.71842313e+00
2.45549321e+00
3.71079302e+00
1.33885217e+00
1.66070616e+00
3.54938412e+00
2.65416455e+00
7.25097835e-01
1.35743117e+00
3.95828629e+00
2.95061779e+00
1.37563288e+00
2.92743540e+00
4.52595234e+00
1.94154811e+00
2.31422091e+00
4.15141535e+00
3.49156928e+00
2.14920592e+00
3.12345457e+00
6.46251154e+00
1.97820938e+00
2.30983782e+00
2.16161942e+00
1.10078311e+00
1.86952448e+00
2.22075343e+00
4.55211067e+00
5.36071634e+00
4.16668558e+00
1.98336875e+00
1.72119629e+00
1.37140906e+00
5.41202879e+00
1.46681368e+00
7.26271629e-01
2.67267990e+00
3.82787490e+00
2.27651954e+00
2.38046932e+00
2.18433857e+00
1.55453157e+00
2.24866700e+00
4.35708237e+00
4.35762310e+00
4.79041719e+00
2.80319071e+00
1.67826116e+00
9.16375995e-01
1.59612834e+00
2.93156290e+00
3.41593003e+00
1.17528093e+00
1.08919656e+00
3.15021253e+00
3.35858440e+00
3.14037418e+00
5.07725286e+00
1.21751559e+00
1.46128082e+00
3.78951406e+00
2.71988654e+00
1.93593478e+00
1.37042272e+00
2.51846290e+00
2.38548946e+00
1.21884644e+00
1.88895190e+00
2.27042365e+00
2.39254522e+00
4.98866463e+00
4.57243633e+00
2.97490454e+00
3.09435558e+00
4.36365414e+00
2.36859632e+00
5.04067802e+00
2.46553326e+00
1.58615220e+00
1.28489697e+00
3.84554505e+00
1.18949378e+00
2.67789483e+00
4.37674856e+00
1.59462488e+00
2.00753641e+00
3.98676515e+00
2.67960715e+00
1.69602883e+00
2.24446249e+00
1.14744925e+00
3.64226460e+00
3.49340749e+00
5.07246113e+00
9.30508018e-01
1.27671278e+00
2.44482875e+00
2.46799517e+00
4.48459721e+00
3.07167196e+00
3.00112176e+00
3.30749273e+00
3.17234516e+00
2.21912336e+00
2.07037282e+00
3.72509980e+00
9.82481599e-01
2.79757357e+00
3.15031338e+00
1.37396288e+00
3.41212082e+00
2.59036255e+00
4.57394266e+00
3.16211414e+00
1.97047198e+00
2.69668198e+00
2.12712431e+00
2.14832520e+00
2.81417203e+00
1.23249173e+00
9.79723334e-01
1.97838044e+00
3.25310302e+00
5.12730217e+00
1.68684697e+00
2.08563161e+00
2.54878044e+00
1.51164901e+00
2.79976058e+00
2.03054500e+00
1.78593934e+00
2.20561695e+00
1.48549211e+00
1.56054342e+00
6.01499271e+00
1.59274554e+00
3.03424120e+00
2.47016430e+00
2.24414468e+00
2.79359126e+00
1.45295453e+00
3.67498255e+00
1.98646414e+00
2.62903976e+00
3.02413034e+00
2.13691211e+00
2.68294287e+00
2.41065478e+00
1.94852102e+00
2.06935263e+00
2.74884748e+00
1.75243163e+00
2.09993339e+00
2.96272397e+00
2.15218210e+00
2.06678438e+00
1.81442916e+00
1.67595255e+00
3.08226681e+00
1.62405276e+00
2.76408768e+00
4.03043413e+00
4.13586521e+00
3.38111281e+00
3.24122238e+00
3.06557822e+00
2.16287661e+00
1.79080486e+00
9.59840894e-01
2.11765218e+00
4.27546120e+00
2.55665398e+00
2.81373644e+00
1.16896808e+00
2.12179303e+00
3.14998603e+00
9.22294974e-01
4.68965673e+00
1.98159444e+00
1.16891360e+00
2.08434987e+00
3.24152493e+00
4.11428070e+00
3.59279633e+00
2.93021750e+00
4.69887781e+00
4.89742136e+00
2.74197865e+00
1.96570754e+00
2.08698463e+00
1.59060562e+00
3.17786026e+00
3.29739237e+00
1.36101055e+00
1.05106974e+00
2.64990067e+00
1.96765625e+00
1.61617279e+00
2.30862689e+00
2.29858112e+00
1.15614021e+00
6.07582664e+00
2.97707081e+00
1.82094610e+00
2.33515477e+00
2.40700412e+00
3.14555383e+00
2.73122144e+00
2.66151619e+00
1.80625927e+00
6.67457581e-01
1.52170599e+00
1.01466060e+00
3.02803016e+00
1.43848681e+00
2.11755037e+00
1.49360335e+00
1.91579139e+00
2.86825395e+00
2.79237962e+00
1.15789652e+00
3.12049460e+00
1.47432327e+00
3.16914129e+00
8.49820256e-01
1.21808088e+00
5.50718069e+00
4.10483408e+00
1.98242247e+00
2.75817060e+00
2.64256525e+00
1.21115208e+00
1.72145295e+00
2.31454587e+00
8.67355287e-01
9.54233229e-01
9.86103833e-01
9.85229909e-01
2.70364594e+00
2.98806977e+00
1.20259106e+00
9.31967378e-01
2.96209669e+00
2.71517324e+00
5.41086864e+00
3.27767611e+00
1.94265759e+00
2.77680588e+00
1.38249624e+00
1.61900306e+00
1.01202679e+00
2.13139248e+00
3.05878758e+00
2.39638615e+00
3.09959102e+00
3.20006776e+00
2.42257881e+00
7.86022007e-01
1.68822682e+00
6.91280901e-01
2.84337544e+00
3.11633754e+00
1.68674934e+00
1.23018432e+00
4.78003168e+00
3.61834335e+00
1.79810083e+00
3.46959448e+00
1.34011233e+00
2.22648335e+00
2.43914604e+00
1.16049981e+00
1.68440640e+00
1.00251126e+00
2.32425189e+00
2.66950464e+00
2.05748248e+00
2.31338096e+00
2.60158181e+00
2.88101816e+00
1.32539213e+00
3.01529121e+00
3.54686975e+00
7.10565686e-01
7.70407259e-01
2.63297200e+00
9.74465072e-01
1.25040710e+00
7.79099464e-01
2.28608537e+00
1.84218431e+00
2.10358119e+00
1.62576556e+00
3.18851924e+00
2.67054725e+00
2.57497072e+00
3.22443390e+00
4.16098547e+00
1.55034769e+00
8.46099079e-01
1.64565933e+00
2.07617617e+00
1.54593301e+00
1.25620329e+00
1.05123472e+00
3.38152647e+00
3.81290245e+00
1.81641030e+00
4.04344559e+00
2.58330870e+00
2.21900487e+00
2.14325595e+00
3.73298645e+00
3.76704097e+00
1.34534109e+00
1.90688312e+00
1.16067374e+00
1.76777697e+00
4.29915857e+00
5.60630608e+00
2.98534203e+00
2.61329603e+00
1.48189402e+00
2.45890069e+00
2.10607743e+00
1.37026227e+00
2.77391911e+00
3.04148149e+00
1.19870937e+00
1.95390964e+00
2.30778933e+00
1.56077492e+00
2.20035625e+00
3.97090030e+00
2.89570928e+00
2.56776381e+00
3.10119939e+00
3.06583261e+00
1.65358329e+00
6.36994123e-01
1.38358402e+00
3.32511759e+00
3.20434380e+00
2.70650387e+00
3.17172313e+00
1.93123007e+00
2.02612209e+00
2.19497466e+00
3.27017236e+00
3.17502642e+00
1.19370663e+00
5.30677652e+00
2.39289021e+00
3.70358181e+00
2.85876751e+00
1.06247246e+00
3.93813324e+00
1.63288414e+00
2.50128293e+00
2.71582222e+00
1.77988946e+00
8.07940423e-01
1.25136554e+00
1.59450722e+00
2.20718646e+00
2.47142339e+00
2.65766811e+00
2.56512713e+00
2.55267620e+00
1.11369348e+00
1.05325663e+00
2.76531029e+00
1.82281470e+00
6.62410915e-01
2.60977626e+00
2.26477027e+00
2.98884535e+00
1.95110619e+00
6.98893964e-01
2.24415112e+00
1.53058517e+00
1.95376468e+00
1.96530497e+00
2.00092435e+00
1.84076953e+00
1.84253454e+00
1.94692850e+00
4.17228794e+00
2.39358830e+00
2.50249290e+00
2.52328348e+00
1.07348871e+00
1.85087407e+00
3.40473509e+00
1.01278758e+00
7.06407070e-01
2.29268765e+00
3.96293736e+00
2.36273289e+00
1.20497072e+00
2.43435740e+00
2.46905804e+00
2.74157357e+00
3.07839131e+00
3.08206415e+00
4.93450308e+00
1.79906476e+00
6.54474783e+00
3.65880227e+00
2.28188705e+00
2.40123987e+00
1.58651423e+00
1.83638215e+00
2.27519321e+00
1.64854741e+00
1.08194125e+00
3.70290661e+00
1.31781077e+00
6.07655704e-01
2.06077027e+00
2.84269476e+00
1.58064568e+00
1.64419889e+00
2.57943749e+00
2.40977955e+00
2.85446310e+00
2.49182844e+00
2.53395677e+00
2.90510893e+00
1.16478407e+00
1.10375154e+00
2.54181981e+00
4.58166647e+00
3.29383302e+00
1.50002480e+00
1.34476435e+00
1.50799274e+00
9.48189557e-01
1.95420170e+00
2.40677190e+00
3.78653383e+00
3.18928671e+00
7.30226219e-01
1.66488421e+00
3.86834788e+00
2.41209793e+00
2.30078483e+00
2.26940346e+00
2.56580138e+00
1.63226128e+00
1.41362941e+00
1.96817875e+00
1.52668357e+00
2.70641780e+00
3.24776769e+00
1.62730694e+00
2.22370815e+00
3.00888824e+00
6.90135777e-01
2.30484128e+00
2.47067881e+00
1.38255477e+00
2.30388880e+00
3.31363177e+00
7.12274253e-01
1.43797040e+00
4.07444954e+00
1.36883473e+00
1.24768662e+00
3.24378633e+00
1.38160706e+00
3.73663998e+00
3.96334791e+00
2.49737144e+00
1.65184665e+00
1.97296321e+00
3.00861168e+00
2.31117272e+00
8.64725649e-01
2.94003129e+00
3.41583323e+00
1.14385462e+00
1.24072564e+00
1.28465033e+00
1.66747463e+00
3.74909925e+00
3.18035746e+00
1.50254405e+00
3.08947682e+00
3.39500189e+00
1.88909924e+00
1.73210359e+00
1.65081787e+00
2.05201054e+00
4.47179794e+00
1.24227226e+00
1.56846213e+00
1.02654922e+00
5.72301269e-01
2.57436156e+00
2.80817771e+00
1.24715352e+00
2.82129741e+00
3.53084612e+00
1.42802525e+00
5.68986893e-01
3.61936283e+00
2.66240001e+00
1.61465621e+00
8.98273408e-01
2.08794665e+00
2.60328412e+00
1.30790401e+00
2.89936972e+00
2.29781580e+00
1.85712922e+00
2.27478361e+00
1.78335738e+00
7.64831543e-01
1.18232083e+00
9.91249442e-01
1.97043538e+00
1.58853376e+00
1.32950389e+00
3.46985006e+00
9.81814981e-01
9.88369524e-01
1.85696220e+00
1.29205954e+00
1.34055781e+00
3.25643921e+00
1.45984256e+00
1.23778307e+00
2.63066578e+00
2.43809581e+00
5.87945282e-01
1.88332748e+00
2.01790833e+00
2.38625908e+00
2.06168461e+00
2.08383799e+00
2.27299881e+00
8.52758706e-01
8.02045345e-01
1.87887120e+00
2.22723508e+00
1.50036526e+00
1.84689391e+00
3.14910340e+00
7.88349032e-01
1.93104291e+00
1.47475445e+00
8.63126934e-01
1.15150809e+00
1.55246377e+00
8.43263090e-01
1.55119467e+00
1.04793406e+00
1.33436263e+00
2.53672075e+00
1.70996201e+00
8.59209836e-01
2.46981263e+00
4.00655794e+00
2.99343896e+00
1.73917282e+00
1.63810480e+00
1.79636252e+00
2.05492735e+00
2.81292343e+00
2.10889673e+00
1.46679854e+00
2.82432008e+00
2.17610455e+00
1.58470857e+00
1.20773363e+00
7.85559833e-01
1.22250330e+00
1.75018585e+00
8.41422737e-01
7.46474028e-01
1.58546078e+00
1.85468698e+00
1.32018101e+00
1.09069431e+00
1.00260413e+00
8.14525783e-01
8.56972635e-01
1.68040502e+00
1.41747570e+00
7.12432742e-01
8.90352368e-01
9.42214668e-01
2.27428174e+00
2.83535051e+00
1.82176793e+00
1.18166220e+00
1.94674575e+00
2.88659430e+00
2.45439959e+00
2.54911256e+00
3.08918309e+00
1.98254395e+00
6.54882491e-01
1.62836385e+00
1.41643929e+00
7.38830805e-01
7.00653851e-01
1.87512267e+00
2.73080730e+00
2.70791221e+00
1.58396327e+00
1.61224699e+00
3.31623626e+00
3.17790341e+00
2.19032025e+00
2.09200692e+00
2.49413776e+00
2.44347501e+00
1.56907666e+00
1.37261236e+00
2.70064712e+00
1.16208053e+00
1.90914452e+00
2.26416230e+00
1.28477752e+00
1.42361891e+00
8.95517528e-01
1.76336074e+00
2.64944792e+00
1.97141254e+00
2.06911135e+00
2.66229725e+00
1.64780366e+00
2.04400468e+00
1.20904255e+00
9.93523538e-01
1.57227635e+00
1.26743805e+00
1.55571485e+00
2.02290082e+00
1.05915582e+00
1.15505159e+00
9.42821681e-01
2.09890938e+00
1.00262940e+00
9.83870208e-01
6.91783667e-01
1.00732696e+00
1.94917476e+00
1.53421366e+00
1.37116039e+00
3.15695572e+00
2.52134752e+00
2.49888921e+00
3.16322899e+00
1.39961815e+00
4.17009258e+00
1.52086163e+00
6.88212931e-01
2.28179932e+00
2.89668441e+00
4.72683638e-01
1.45654392e+00
1.59461713e+00
9.41159964e-01
1.15745544e+00
1.85117018e+00
1.79855418e+00
2.38911033e+00
1.96993852e+00
7.98410714e-01
9.19233859e-01
8.80307436e-01
2.91715598e+00
3.87895107e+00
1.13307774e+00
1.22480762e+00
2.32478523e+00
1.95890796e+00
1.89393687e+00
4.50602341e+00
1.20622790e+00
1.11306202e+00
1.36897016e+00
1.10000002e+00
2.69386387e+00
1.08614123e+00
1.17647982e+00
1.12551022e+00
2.00948501e+00
1.64490759e+00
8.43241453e-01
7.07684100e-01
7.04144597e-01
2.44824719e+00
2.39364433e+00
7.41761923e-01
1.60322535e+00
1.62220359e+00
1.87438500e+00
2.49776816e+00
1.61529839e+00
1.04915977e+00
2.75978231e+00
1.39026153e+00
1.31950140e+00
1.28664577e+00
1.12559760e+00
2.54672194e+00
3.20190620e+00
1.56063986e+00
2.59178448e+00
2.40680718e+00
8.71986449e-01
8.57638180e-01
2.38915324e+00
7.03158915e-01
1.59376311e+00
2.70800853e+00
2.31737137e+00
1.39869094e+00
9.53053653e-01
1.27263212e+00
2.39865375e+00
3.59346437e+00
2.21819472e+00
1.29508078e+00
1.54446733e+00
7.26948380e-01
1.36827815e+00
1.53473318e+00
2.19042277e+00
3.26832438e+00
1.82483041e+00
3.56786036e+00
1.03069329e+00
2.23655391e+00
1.56085217e+00
1.44664276e+00
4.26303577e+00
1.54269195e+00
1.54846537e+00
2.13759565e+00
1.58594728e+00
1.09081900e+00
2.55057073e+00
1.18117654e+00
3.66546130e+00
2.85397363e+00
1.32972229e+00
1.78834319e+00
2.09404731e+00
1.48038781e+00
2.45691609e+00
2.69158864e+00
1.90803933e+00
1.81468093e+00
2.13920164e+00
2.52340412e+00
1.93987048e+00
2.59128881e+00
1.50966513e+00
8.44056249e-01
3.03624129e+00
1.16881704e+00
1.43078566e+00
1.26735210e+00
1.47021258e+00
6.68462634e-01
1.95664561e+00
1.33569777e+00
5.97301424e-01
1.41237628e+00
2.00852132e+00
1.99241114e+00
2.86753130e+00
7.22860098e-01
1.45763898e+00
2.23641944e+00
2.15580606e+00
2.08178091e+00
2.31806970e+00
1.21505630e+00
3.29593754e+00
1.63579452e+00
8.32155883e-01
2.21556425e+00
1.22664738e+00
2.01048875e+00
2.17763448e+00
8.94625485e-01
1.08391798e+00
3.09420013e+00
1.73675036e+00
1.87706769e+00
1.48723316e+00
2.32349920e+00
2.24845099e+00
1.13896072e+00
1.96299589e+00
3.06334925e+00
8.97936940e-01
1.39393377e+00
1.88623691e+00
9.33509231e-01
1.45884240e+00
1.18360221e+00
1.91522717e+00
5.61198294e-01
1.03919053e+00
3.17608809e+00
1.04928815e+00
8.73887360e-01
2.99165416e+00
3.33701301e+00
2.30296659e+00
2.03526807e+00
2.40510988e+00
2.40634084e+00
1.30737484e+00
1.15744686e+00
1.47755837e+00
1.29363966e+00
1.46623087e+00
3.03605103e+00
1.65827370e+00
1.16855192e+00
2.33052850e+00
3.29443407e+00
3.43047762e+00
5.61943352e-01
1.07441604e+00
8.39920044e-01
1.78451264e+00
2.53632092e+00
8.89849424e-01
8.21113288e-01
1.46787500e+00
8.31581354e-01
1.38955379e+00
3.23514032e+00
2.41391134e+00
2.15309310e+00
2.10638404e+00
2.99191332e+00
2.09551454e+00
5.60442090e-01
1.75940967e+00
2.40767956e+00
6.09879971e-01
2.37011099e+00
3.13324475e+00
8.47782850e-01
1.36657524e+00
1.43537319e+00
1.77197695e+00
1.72807229e+00
2.50242066e+00
2.95049715e+00
8.50645363e-01
1.31439257e+00
1.37215936e+00
2.23536110e+00
2.11443472e+00
1.52798796e+00
3.40665770e+00
2.51426482e+00
2.08563566e+00
2.90906191e+00
2.46257472e+00
1.23620737e+00
1.58408165e+00
1.08138895e+00
2.12480927e+00
2.08009815e+00
1.57165897e+00
1.75063825e+00
1.63740408e+00
8.96498024e-01
9.28959548e-01
1.21022832e+00
1.97887862e+00
2.85130572e+00
1.14360523e+00
1.50574303e+00
1.43702149e+00
1.36574697e+00
5.77760160e-01
2.79283953e+00
6.29562020e-01
1.59317195e+00
8.57321858e-01
9.14757133e-01
1.47867310e+00
1.30379272e+00
1.46600103e+00
7.72612870e-01
7.48350084e-01
1.64998484e+00
2.70152020e+00
8.89435053e-01
2.08789301e+00
4.55420494e+00
2.21591139e+00
3.71274686e+00
5.00485849e+00
1.32883644e+00
9.73072231e-01
1.21233690e+00
3.86945319e+00
9.17656183e-01
1.81685555e+00
1.17038250e+00
4.56158543e+00
2.62881494e+00
1.85954070e+00
1.56809008e+00
1.17459893e+00
8.34087074e-01
9.27402616e-01
5.20862293e+00
9.38806772e-01
1.82497191e+00
6.60972714e-01
1.07641280e+00
9.72455859e-01
1.70477808e+00
1.45714378e+00
1.39057910e+00
9.70965385e-01
2.44353652e+00
3.14245987e+00
2.40174246e+00
1.75241172e+00
1.61313987e+00
1.56873035e+00
1.74740779e+00
1.77910125e+00
2.02102232e+00
1.26628733e+00
5.98677337e-01
9.17355835e-01
1.68554866e+00
1.50274408e+00
6.63673043e-01
7.02202499e-01
1.15297544e+00
1.90563357e+00
2.52605224e+00
1.71657550e+00
1.26955998e+00
1.15902340e+00
2.33439469e+00
2.58458400e+00
1.13579738e+00
8.75728428e-01
5.56850553e-01
1.35336828e+00
3.13447261e+00
1.85001278e+00
7.57455885e-01
3.45718265e+00
2.30791163e+00
1.01480603e+00
1.29533231e+00
2.12693095e+00
1.77303183e+00
8.65595043e-01
2.15401959e+00
8.15817237e-01
6.00897491e-01
1.58580768e+00
2.30602551e+00
2.26710105e+00
1.86453164e+00
1.95607531e+00
2.03914857e+00
2.77660990e+00
3.67244697e+00
2.80948663e+00
1.12429237e+00
2.17229867e+00
3.24668002e+00
1.89912224e+00
1.29443502e+00
2.41395521e+00
1.92751157e+00
2.05410790e+00
2.13670182e+00
2.18249846e+00
2.68923402e+00
1.33676672e+00
2.75560546e+00
1.71778798e+00
4.42842722e-01
1.24903083e+00
2.44291806e+00
1.02340937e+00
2.43286896e+00
1.62882733e+00
2.77326131e+00
2.92118859e+00
9.66646075e-01
6.65624797e-01
2.64171052e+00
1.01430500e+00
8.88933420e-01
9.76134181e-01
2.06071496e+00
5.06292248e+00
1.34775078e+00
1.66850078e+00
2.31626892e+00
2.59096479e+00
1.95365739e+00
1.35898769e+00
2.32188964e+00
1.43538415e+00
7.18512058e-01
1.27874553e+00
9.95911539e-01
6.55954361e-01
2.17457509e+00
1.13560247e+00
9.50858593e-01
1.87932825e+00
1.76017022e+00
1.67369318e+00
1.08487713e+00
1.86501551e+00
1.29147899e+00
1.03855872e+00
2.34435558e+00
2.40454078e+00
1.66718245e+00
1.19099104e+00
1.56577396e+00
1.22238111e+00
4.43493873e-01
2.78554177e+00
1.70925677e+00
1.58348727e+00
1.45483398e+00
2.09767532e+00
2.60973382e+00
2.20736837e+00
1.03173435e+00
1.27247083e+00
6.36089325e-01
1.39867854e+00
2.02218747e+00
3.04841399e+00
2.14389920e+00
1.42934537e+00
2.01481318e+00
2.27180648e+00
2.06540465e+00
2.69582939e+00
1.18147671e+00
3.10661864e+00
1.47778976e+00
9.61858630e-01
2.26968908e+00
1.13859630e+00
1.70592904e+00
1.26149929e+00
1.16761756e+00
1.46480072e+00
1.05598462e+00
5.02715409e-01
8.71018052e-01
1.12114763e+00
2.46305060e+00
3.06715703e+00
1.32140481e+00
1.77470529e+00
5.52006769e+00
3.71627259e+00
2.04368997e+00
9.94227827e-01
2.00790691e+00
3.07219219e+00
1.05822611e+00
3.80330712e-01
1.08433843e+00
1.81528044e+00
2.29459834e+00
3.25191522e+00
9.15598214e-01
1.15120482e+00
2.15952492e+00
2.12333536e+00
1.91208482e+00
2.53828192e+00
5.29735804e-01
2.10614443e+00
3.22402215e+00
1.98657882e+00
5.94612420e-01
7.87297308e-01
1.70661545e+00
1.00911820e+00
1.14898205e+00
3.21220374e+00
2.94064689e+00
3.26017118e+00
9.46579456e-01
1.88290000e+00
1.94816411e+00
1.47675598e+00
1.55055666e+00
7.82452762e-01
2.99010563e+00
3.43980622e+00
3.24871588e+00
1.87995374e+00
6.49730861e-01
1.40709960e+00
2.09901309e+00
2.00627589e+00
4.52440596e+00
4.52437592e+00
2.83253956e+00
2.07210279e+00
1.49695194e+00
1.42456877e+00
1.38474441e+00
1.17454433e+00
1.03835082e+00
1.49080193e+00
2.24590874e+00
7.54305065e-01
1.99097335e+00
2.30243826e+00
1.65619028e+00
1.11602020e+00
1.54343390e+00
2.00462389e+00
4.06038666e+00
2.81036377e+00
2.94037509e+00
6.92809582e+00
5.55058861e+00
1.55855763e+00
1.79646325e+00
7.81044304e-01
1.25405550e+00
2.03103256e+00
2.40126133e+00
1.49851882e+00
6.64028585e-01
1.18298531e+00
3.01690006e+00
1.08851564e+00
1.93559206e+00
2.01474166e+00
8.93798530e-01
7.13071048e-01
2.89247894e+00
2.38697529e+00
1.69866419e+00
2.15097737e+00
1.75505555e+00
7.07402110e-01
7.15340555e-01
2.65707946e+00
3.65934682e+00
1.43529868e+00
1.86221111e+00
3.00565529e+00
2.22880268e+00
1.77038300e+00
1.99129403e+00
6.22564673e-01
4.72151399e-01
1.80165172e+00
2.45836949e+00
8.00326586e-01
2.70782375e+00
3.81317329e+00
1.64674258e+00
8.02777171e-01
1.88829410e+00
1.76754916e+00
3.35744858e+00
2.49320817e+00
8.42235744e-01
1.89118659e+00
4.03367949e+00
9.77418721e-01
4.20231867e+00
2.24577427e+00
1.13583541e+00
2.35250783e+00
2.36146331e+00
6.98475599e-01
3.54176378e+00
9.92460430e-01
1.96998394e+00
3.31826949e+00
1.32154512e+00
1.77384531e+00
1.27810931e+00
3.06983304e+00
1.91563880e+00
1.70418251e+00
3.70712185e+00
1.64376569e+00
2.08600903e+00
1.93983078e+00
1.45026457e+00
1.57883227e+00
1.91709018e+00
7.20206499e-01
1.29968810e+00
2.27981806e+00
2.56775498e+00
1.63011014e+00
1.81888950e+00
5.30952573e-01
6.76307619e-01
1.52559149e+00
1.75810671e+00
1.64671946e+00
1.99851131e+00
1.68540502e+00
1.18639123e+00
1.12684178e+00
1.60542870e+00
1.22571945e+00
9.84025657e-01
2.20365167e+00
1.53847444e+00
1.36667788e+00
1.62812650e+00
1.23986793e+00
8.56708705e-01
2.32716656e+00
2.13008690e+00
9.41652954e-01
1.05579138e+00
1.43164468e+00
9.02005613e-01
5.54061532e-01
2.37765217e+00
1.86904716e+00
1.93807006e+00
2.12651896e+00
1.30923474e+00
1.09229767e+00
9.80294526e-01
9.12931502e-01
1.44583654e+00
1.84196472e+00
1.51774335e+00
1.00869048e+00
2.57441020e+00
1.95169473e+00
1.77923393e+00
1.50753367e+00
4.56845015e-01
8.98389220e-01
2.94901609e+00
2.38345337e+00
1.63856876e+00
8.08078527e-01
6.14985526e-01
3.56036693e-01
5.02343595e-01
1.26315057e+00
2.32827425e+00
3.66729426e+00
1.20089674e+00
1.74612617e+00
1.04464471e+00
1.11893094e+00
2.81693530e+00
1.95257306e+00
5.00617695e+00
1.44027090e+00
2.21235538e+00
1.57126498e+00
1.86693275e+00
2.82660723e+00
4.62242365e+00
1.35802686e+00
3.67776275e+00
6.20067656e-01
8.98746312e-01
2.25220037e+00
7.84138620e-01
5.59874415e-01
1.61700690e+00
1.63942206e+00
2.21777344e+00
1.23419535e+00
4.72516775e-01
2.69782066e+00
6.15361869e-01
5.17564535e-01
9.08260584e-01
1.34753013e+00
1.36625791e+00
7.49859929e-01
7.98494816e-01
1.03062038e+01
2.86765289e+00
7.82870674e+00
3.51117969e+00
1.57748389e+00
2.27055597e+00
3.07556486e+00
1.54517484e+00
6.25245392e-01
8.68072510e-01
2.83308721e+00
1.65094578e+00
1.08390236e+00
1.03129518e+00
1.72908545e+00
2.25666308e+00
1.74941266e+00
2.38299179e+00
2.71300054e+00
9.34373200e-01
6.13076091e-01
2.28898335e+00
3.18846464e+00
2.89721799e+00
2.60393548e+00
8.52366865e-01
1.15174174e+00
6.15330219e-01
3.76849008e+00
2.67550993e+00
2.05434036e+00
1.29542685e+00
1.61667073e+00
7.92524695e-01
3.03026962e+00
7.93334246e-01
2.13223600e+00
3.00526023e+00
2.51497078e+00
1.92629600e+00
1.23764169e+00
2.28810620e+00
8.14743698e-01
1.21481049e+00
3.48620033e+00
1.81280565e+00
5.42469692e+00
1.24974382e+00
2.23212719e+00
1.52910376e+00
1.05182397e+00
1.88809609e+00
2.99828839e+00
2.59956765e+00
1.55547142e+00
2.14674711e+00
1.61562717e+00
6.66783988e-01
3.40480494e+00
2.13352776e+00
2.24271226e+00
3.44537020e+00
2.44840479e+00
1.24503374e+00
1.20403790e+00
2.03344154e+00
1.59085870e+00
1.49770725e+00
1.61634421e+00
1.13689625e+00
8.93016040e-01
1.03809941e+00
1.48649156e+00
2.40619040e+00
1.83831561e+00
6.60699010e-01
2.18449283e+00
1.40203953e+00
2.64430571e+00
2.73088813e+00
1.31508958e+00
8.47745240e-01
1.43241763e+00
2.33173537e+00
1.97837305e+00
2.27491570e+00
1.11490834e+00
1.97964966e+00
2.01860476e+00
2.99513173e+00
2.45292807e+00
3.39533544e+00
2.99887919e+00
6.70896232e-01
2.08571815e+00
2.51546955e+00
1.38912165e+00
1.23550642e+00
1.34646893e+00
8.77773166e-01
1.32613671e+00
1.12352002e+00
1.48516846e+00
2.45344687e+00
1.65171933e+00
6.32363558e-01
2.66258144e+00
5.43780923e-01
8.06495249e-01
7.94148982e-01
1.36358559e+00
2.36614227e+00
5.68654358e-01
2.01277208e+00
1.90914607e+00
6.22117519e-01
1.17367768e+00
2.83457279e+00
2.16456747e+00
6.28411829e-01
5.07003367e-01
8.91558290e-01
1.15056050e+00
7.22684979e-01
1.18883443e+00
1.80716240e+00
1.46919823e+00
1.38242280e+00
2.45903635e+00
2.86322570e+00
4.33951050e-01
1.03079069e+00
1.95410967e+00
1.42782032e+00
1.24413860e+00
1.83726227e+00
1.59372044e+00
2.29167938e+00
1.77230287e+00
1.88531554e+00
2.11971760e+00
1.97751534e+00
1.85118425e+00
1.37984455e+00
2.54529834e+00
2.87119579e+00
2.50879598e+00
2.90113378e+00
1.82204473e+00
1.64188695e+00
1.22362161e+00
1.06400633e+00
1.82419443e+00
3.40674210e+00
3.86010313e+00
2.31495976e+00
9.15198386e-01
1.96898282e+00
3.30539417e+00
1.96535754e+00
1.56622493e+00
6.84435844e-01
2.61453748e+00
1.19689226e+00
7.75740921e-01
2.04159212e+00
2.36974978e+00
1.30676079e+00
2.80717206e+00
1.47193301e+00
1.08680379e+00
3.12268066e+00
1.05645609e+00
1.73975170e+00
2.24720120e+00
1.97791183e+00
2.13521600e+00
2.72191858e+00
1.58527744e+00
1.70241201e+00
2.06477880e+00
1.00858819e+00
1.35714185e+00
2.99397135e+00
9.18654740e-01
9.54782069e-01
1.84632599e+00
8.77985358e-01
8.31491828e-01
2.76576519e+00
2.34530306e+00
1.45832825e+00
2.10720873e+00
2.28522444e+00
2.04409266e+00
1.90299988e+00
1.39435077e+00
2.09300208e+00
9.31243598e-01
6.56148851e-01
1.01363230e+00
1.75930214e+00
2.14837527e+00
2.07562637e+00
2.10332346e+00
7.85572588e-01
4.07799751e-01
1.18840158e+00
1.21032655e+00
1.79836833e+00
8.23811293e-01
1.75341916e+00
1.89832056e+00
1.36181080e+00
1.11329818e+00
2.35916042e+00
3.32897830e+00
3.49906206e+00
1.13602674e+00
8.04817438e-01
2.63778901e+00
2.31376839e+00
3.02839446e+00
2.20258689e+00
7.04782009e-01
1.40156877e+00
9.87444043e-01
1.62310207e+00
8.84252250e-01
9.55745935e-01
2.27865434e+00
1.30157113e+00
2.40125370e+00
1.73974776e+00
1.85994422e+00
1.86899602e+00
1.26335943e+00
7.61699021e-01
8.65882397e-01
1.43002439e+00
2.28426194e+00
2.01853657e+00
6.85276687e-01
1.87843060e+00
4.54258347e+00
8.81014442e+00
3.23372006e+00
2.72875643e+00
9.47438717e-01
1.74283719e+00
1.82078969e+00
3.11874413e+00
1.87285554e+00
1.36162651e+00
1.97741699e+00
1.50701082e+00
9.97524559e-01
1.89683199e+00
1.47255409e+00
1.51062548e+00
1.58767962e+00
1.17626584e+00
2.26828289e+00
5.41237831e-01
7.00567126e-01
2.00709462e+00
3.32518411e+00
2.84590435e+00
1.52148950e+00
1.31775105e+00
9.53392029e-01
3.62974715e+00
1.12695372e+00
7.34254551e+00
3.68777537e+00
6.45175838e+00
5.24152803e+00
1.27455115e+00
7.66419232e-01
2.82342219e+00
2.04121518e+00
1.57031202e+00
1.99347270e+00
3.34208393e+00
3.88264036e+00
5.57424545e-01
1.93794823e+00
1.35625565e+00
3.01621246e+00
4.06891918e+00
8.78593445e+00
2.11359024e+00
5.34393740e+00
1.88893199e+00
1.71038306e+00
1.94204831e+00
6.60897493e-01
5.86803734e-01
1.28290200e+00
2.43688607e+00
6.00738287e-01
1.66170049e+00
1.06465852e+00
1.33542514e+00
2.07023406e+00
1.65623069e+00
2.65961647e+00
1.30321860e+00
2.99693465e+00
3.27871943e+00
4.34099579e+00
2.42870951e+00
2.50702596e+00
2.10446072e+00
1.11135483e+00
1.43993855e+00
1.06763077e+00
2.20852828e+00
5.96175730e-01
9.79148686e-01
9.18648899e-01
9.78879273e-01
4.31863695e-01
1.19621730e+00
1.64045072e+00
2.08159065e+00
1.14886105e+00
7.31319010e-01
7.55617380e-01
1.85502958e+00
1.55917895e+00
1.74492478e+00
