5.69365807e+01
6.35657024e+00
-2.49977088e+00
6.07711411e+01
1.31344223e+02
7.96438980e+01
1.81339512e+01
2.47430649e+01
6.20888977e+01
5.05923538e+01
4.04494019e+01
2.60525990e+01
2.31881142e+01
3.54585648e+01
4.41329956e+01
3.34231567e+01
3.64696655e+01
2.12521381e+01
9.82397175e+00
2.70266495e+01
2.61484623e+01
-3.02932453e+01
3.61147118e+01
2.28842239e+01
6.68180161e+01
8.35087128e+01
2.71261501e+01
2.81058598e+01
3.14179955e+01
2.23454285e+01
4.09592972e+01
2.59825382e+01
3.46329212e+00
7.21635361e+01
4.67361679e+01
2.87471199e+01
9.18581009e+00
-1.41435041e+01
-2.49883461e+00
4.61911736e+01
-6.65856695e+00
2.95329494e+01
1.89497585e+01
2.70273914e+01
6.40521545e+01
5.75060272e+00
2.84534702e+01
1.45987654e+01
3.02243977e+01
2.01102791e+01
-1.73746643e+01
6.23260927e+00
-3.12668247e+01
4.19690514e+01
2.18640270e+01
1.72350140e+01
6.76324768e+01
6.43222284e+00
3.83349037e+01
1.38905430e+01
2.66560669e+01
4.72344742e+01
2.05115795e+01
-1.15710516e+01
7.52462244e+00
2.93462772e+01
9.21545105e+01
6.28376083e+01
-1.85838909e+01
6.07057304e+01
4.08533287e+01
1.39533958e+01
1.34584551e+01
3.28655624e+01
2.89154682e+01
-1.60779285e+01
3.09670448e+01
7.29038925e+01
6.71620560e+01
4.31272812e+01
3.42776299e+01
3.64054642e+01
2.33386097e+01
3.82834375e-01
3.57218971e+01
4.05568504e+01
2.21981640e+01
8.23985138e+01
-1.18094606e+01
7.63611374e+01
7.77232895e+01
2.44081860e+01
3.51567612e+01
5.59385490e+01
6.06449661e+01
-1.61787090e+01
2.10861473e+01
3.68601189e+01
-1.30290623e+01
5.35213089e+01
2.46701069e+01
3.64928398e+01
2.40800438e+01
2.21285763e+01
4.44314270e+01
2.76194744e+01
4.28531685e+01
3.33272934e+01
3.21998482e+01
2.02636051e+01
-7.95320749e+00
3.43427730e+00
6.15810890e+01
6.84516525e+00
-6.45011520e+00
2.28907585e+00
-4.19320011e+00
3.04485931e+01
2.74902649e+01
1.20623541e+01
2.15181694e+01
1.15783272e+01
3.19916201e+00
5.05650673e+01
-3.13659878e+01
1.06791878e+02
7.29914703e+01
2.70304909e+01
9.39356766e+01
1.99972382e+01
-5.89012527e+00
-1.25566893e+01
2.91205997e+01
4.38665619e+01
-1.74873686e+00
-2.21805153e+01
4.76448059e+00
3.80541878e+01
4.97313423e+01
5.67166977e+01
6.81902695e+01
4.77063103e+01
-2.96005173e+01
4.08720589e+01
4.14068794e+01
1.97650928e+01
4.88438568e+01
3.07296448e+01
8.52346325e+00
4.48082085e+01
-1.39842498e+00
-2.93809032e+01
3.17754402e+01
5.47626686e+01
3.42207718e+01
4.69600906e+01
3.87830276e+01
4.61033936e+01
7.07582779e+01
3.66566734e+01
1.68294697e+01
1.17274761e+01
-1.88433189e+01
-1.33467617e+01
2.92130928e+01
1.46579132e+01
1.77263165e+01
9.61991882e+00
5.51614761e+00
1.29246435e+01
2.53329239e+01
3.68549995e+01
4.78551903e+01
3.00976127e-01
2.00526810e+01
4.22802849e+01
2.38269501e+01
5.97452202e+01
8.29515915e+01
8.35612583e+00
1.90210991e+01
-3.76422453e+00
-6.60835190e+01
4.02588882e+01
1.22007246e+01
2.20510368e+01
2.10318508e+01
-6.26388741e+00
-2.48402739e+00
5.27661324e+01
1.15804148e+01
-1.43822498e+01
5.70560217e+00
2.62454700e+01
3.04050732e+01
4.24617691e+01
1.19607658e+01
3.91241684e+01
2.99305458e+01
3.39220715e+00
3.42968285e-01
4.65757656e+00
5.44405899e+01
4.50344896e+00
1.47685966e+01
4.20408630e+01
2.44886227e+01
3.09305992e+01
1.42066936e+01
-2.38898683e+00
2.29163570e+01
3.84182358e+01
5.31080842e-01
-4.00647392e+01
-5.03950357e+00
3.01644421e+01
4.14764671e+01
4.81114502e+01
2.93966675e+01
-3.59426575e+01
1.20557528e+01
3.85127525e+01
5.47078323e+01
6.14157028e+01
4.50144157e+01
2.14289761e+01
3.87874718e+01
1.10194557e+02
6.57503967e+01
1.21429920e+01
3.07699299e+01
5.59347773e+00
8.96478081e+00
5.47161179e+01
4.24833260e+01
3.32306900e+01
5.07091675e+01
1.47308035e+01
6.06501541e+01
8.97939911e+01
2.85659046e+01
-1.43321295e+01
-5.55990887e+00
-3.11005650e+01
7.58868790e+01
2.52479076e+01
3.11890163e+01
6.60030823e+01
3.90440025e+01
2.26062031e+01
2.42067604e+01
2.84796085e+01
2.95750523e+01
9.57370567e+00
-2.05650692e+01
-1.55887823e+01
1.78598366e+01
5.99014435e+01
6.33622551e+01
3.96464615e+01
1.91480179e+01
2.23130913e+01
7.50084229e+01
2.44205818e+01
2.48348179e+01
2.78832817e+01
4.75791216e+00
5.69079514e+01
1.68139076e+01
3.47082367e+01
7.46978607e+01
5.98406792e+01
6.95349026e+00
7.77313709e+00
2.12856865e+01
4.25021896e+01
6.19943810e+01
4.61607895e+01
1.30280514e+01
2.50039749e+01
2.16498699e+01
2.96222095e+01
4.84237633e+01
5.48755074e+01
2.13527164e+01
-2.02060070e+01
7.71526947e+01
4.81229019e+01
2.52270927e+01
1.69369850e+01
-5.13522446e-01
2.93414936e+01
2.97712231e+01
1.66823406e+01
4.75069733e+01
6.46742859e+01
1.78270302e+01
-1.41154795e+01
7.94815521e+01
-8.12916851e+00
1.97351151e+01
6.51500931e+01
1.65322475e+01
3.73468437e+01
-2.33452797e+01
5.66939259e+00
2.78135567e+01
2.51693592e+01
3.39642410e+01
3.83939857e+01
-9.70769748e-02
9.71039200e+00
-7.15761042e+00
-9.91498375e+00
3.14266853e+01
3.65562325e+01
7.87331057e+00
-3.75567555e+00
-6.87871323e+01
-8.42584991e+00
1.17169670e+02
-1.39595938e+01
5.77431602e+01
4.40240631e+01
6.15564995e+01
6.94325027e+01
2.38910828e+01
2.97535744e+01
2.87449646e+01
4.81681747e+01
3.48426323e+01
2.23316174e+01
3.61089859e+01
2.65507736e+01
4.25601244e+00
-1.01547403e+01
-4.84431648e+00
1.34223471e+01
2.11451607e+01
5.72625017e+00
1.92243443e+01
5.50040436e+01
3.57464867e+01
2.27042885e+01
3.15088730e+01
-1.32425461e+01
4.63411980e+01
1.79039621e+00
1.06992626e+01
2.83669033e+01
1.16981039e+01
6.09068184e+01
2.68118858e+01
2.14260120e+01
6.19150238e+01
6.59113312e+01
3.22319832e+01
4.88786850e+01
-8.48944378e+00
2.14182645e-01
1.88324738e+00
-7.55217505e+00
6.27764368e+00
3.04735851e+01
4.44739342e+01
3.13183594e+01
9.08469296e+00
2.30343838e+01
5.90984344e+01
4.72910614e+01
4.38158340e+01
4.45134125e+01
2.95138168e+01
1.74950485e+01
3.11642933e+01
5.34864807e+01
3.86491013e+01
6.00166397e+01
3.78513489e+01
3.84980011e+01
6.56394424e+01
-2.77230835e+00
2.40656948e+01
4.46902504e+01
2.82731972e+01
1.90195503e+01
3.24265366e+01
3.18152542e+01
5.15005875e+01
2.85353203e+01
7.23717041e+01
8.75486755e+01
2.68947468e+01
3.68032646e+01
4.94703674e+01
8.38617096e+01
7.01095352e+01
3.01217976e+01
3.29125862e+01
7.23723755e+01
1.56461105e+01
2.85533066e+01
8.36084137e+01
9.44173508e+01
5.39755592e+01
4.26123352e+01
5.03761749e+01
6.21712875e+01
3.31709366e+01
1.76723576e+01
4.31031647e+01
4.95594902e+01
7.01762314e+01
5.44029999e+00
4.88684464e+00
3.51138496e+01
3.16344433e+01
4.81217575e+01
3.92112732e+01
5.31014137e+01
4.56684761e+01
5.19560509e+01
5.73865204e+01
-1.01360798e+01
4.51767006e+01
6.62295074e+01
6.60156860e+01
5.04792442e+01
4.28109970e+01
7.95630646e+01
3.54094543e+01
2.99247513e+01
1.21525574e+00
1.95144234e+01
8.26073456e+01
4.65499649e+01
8.81731567e+01
7.20773087e+01
6.95180588e+01
8.03519211e+01
6.93988190e+01
5.87258987e+01
6.63968430e+01
5.40045280e+01
5.57897377e+01
6.42101974e+01
4.73027840e+01
1.02603712e+01
2.11565456e+01
5.81331444e+01
4.72030830e+01
6.07671700e+01
1.04132927e+02
5.31891251e+01
6.61063614e+01
5.93260651e+01
5.95671043e+01
4.93314552e+01
2.13213234e+01
2.00549030e+01
1.17192574e+01
5.06546669e+01
9.78348465e+01
8.08908539e+01
3.49687424e+01
7.14925690e+01
4.98814354e+01
4.35689354e+01
2.93522053e+01
3.53573799e+01
6.08141212e+01
4.04689369e+01
4.44141808e+01
4.85314789e+01
6.84893799e+01
6.39824982e+01
3.16989803e+01
4.37473221e+01
5.39865417e+01
1.93829231e+01
4.03056412e+01
5.37410583e+01
1.76000729e+01
3.57641373e+01
5.21254768e+01
3.43214874e+01
4.40528297e+01
6.14691925e+01
5.48212090e+01
4.47887383e+01
1.46112289e+01
7.45860367e+01
6.24755135e+01
1.69635277e+01
4.06423378e+01
7.86313858e+01
2.95961380e+01
3.35157852e+01
8.38273544e+01
6.59989090e+01
5.26868391e+00
6.69445953e+01
5.64295807e+01
5.16161194e+01
2.73112736e+01
3.90301933e+01
7.56632233e+01
2.87112141e+01
7.40929108e+01
8.30465775e+01
4.82024612e+01
3.72192497e+01
6.00690498e+01
4.78370667e+01
3.85077019e+01
6.40228510e+00
2.58360176e+01
6.00737000e+01
4.74940376e+01
2.11284542e+01
4.20866737e+01
1.21221085e+01
1.20023981e-01
2.84482155e+01
5.93848114e+01
5.00321999e+01
-8.41897869e+00
2.17360992e+01
2.90549850e+01
5.75132370e+01
9.79776611e+01
-1.07227743e+00
-5.54034567e+00
-3.93873024e+00
3.04832191e+01
4.78914986e+01
3.20647812e+01
6.11627426e+01
4.91276054e+01
4.17043037e+01
2.80768242e+01
2.18615360e+01
2.10771885e+01
-1.13828969e+00
2.99239426e+01
6.26856956e+01
3.90041237e+01
4.05682373e+01
8.06234055e+01
3.47110672e+01
3.87927284e+01
6.73202362e+01
3.97807236e+01
2.26576042e+01
6.35637474e+01
6.50649414e+01
8.31220245e+00
2.17403431e+01
2.07388744e+01
3.58882942e+01
5.70707092e+01
-1.91637802e+01
4.55904655e+01
3.16587620e+01
3.65849280e+00
1.10075989e+01
3.66008263e+01
5.66138954e+01
5.59312744e+01
1.91578531e+00
-3.27006507e+00
1.30341816e+01
4.51494169e+00
1.38858271e+01
3.05521345e+00
1.16279087e+01
1.56993980e+01
1.85194225e+01
1.92907677e+01
-7.35485935e+00
-1.55645981e+01
8.89168835e+00
1.68177471e+01
-1.75150566e+01
-3.28463631e+01
4.56810074e+01
4.26572685e+01
3.25707016e+01
-9.36022186e+00
-1.66960831e+01
1.53581867e+01
-2.34353485e+01
2.40858383e+01
6.44692230e+01
3.44425430e+01
1.55362368e+01
3.79088821e+01
6.55230331e+00
2.75195026e+01
4.48847351e+01
2.00467529e+01
5.18650389e+00
2.85653648e+01
2.89873486e+01
1.22501717e+01
1.65648537e+01
2.93751087e+01
2.56941433e+01
1.90705452e+01
4.50085564e+01
3.82767677e+01
6.76654892e+01
4.08199158e+01
1.00017519e+01
3.74423676e+01
5.77603378e+01
8.93891220e+01
6.23981094e+01
4.72208672e+01
4.17168312e+01
2.10361614e+01
1.59605103e+01
2.16153107e+01
2.80553341e+01
4.65585899e+01
5.06237450e+01
3.14589539e+01
3.17404099e+01
4.30587044e+01
5.52875862e+01
7.10021439e+01
4.08357468e+01
-1.28224487e+01
2.84911270e+01
6.68977127e+01
3.03560314e+01
4.37691498e+01
6.87130356e+01
4.10220146e+01
3.73360634e+01
7.21069489e+01
6.23312798e+01
2.48822441e+01
8.06200409e+00
1.52505360e+01
8.12970734e+00
3.02668381e+01
3.57543015e+00
4.59207649e+01
5.91331291e+01
6.00532866e+00
6.44196396e+01
2.33564625e+01
7.12217560e+01
6.55284195e+01
2.86656742e+01
3.11068287e+01
1.52020321e+01
5.11443520e+01
7.65430298e+01
6.09570732e+01
2.66131554e+01
1.69297771e+01
5.54035263e+01
9.91377106e+01
3.37776375e+01
5.75345230e+00
4.20070457e+01
6.09010925e+01
3.25145836e+01
5.18431435e+01
3.40380764e+00
1.35888090e+01
4.78912964e+01
4.26537628e+01
6.46290131e+01
5.45154343e+01
5.05159607e+01
6.82845840e+01
5.75884857e+01
2.07216969e+01
4.06715736e+01
3.14262142e+01
3.78947334e+01
3.65193825e+01
5.70603333e+01
7.94539261e+01
2.26278954e+01
6.43969345e+01
2.28768139e+01
3.80195618e+01
7.41953049e+01
4.67171021e+01
4.06175461e+01
8.86784058e+01
6.57164383e+01
4.30632172e+01
4.51357422e+01
5.54726410e+01
7.47760086e+01
5.42464409e+01
5.36239052e+01
8.22018051e+01
7.42397690e+01
3.39356117e+01
6.74074707e+01
7.41697083e+01
3.52484474e+01
2.57516747e+01
3.34833794e+01
2.85063534e+01
4.58330536e+01
7.60202637e+01
7.43852844e+01
5.18154564e+01
3.88313293e+01
3.81279564e+01
2.76300507e+01
5.15073891e+01
6.91246414e+01
6.98730850e+01
6.63362122e+01
5.42304726e+01
2.07980213e+01
3.94126320e+01
3.95582123e+01
4.06700249e+01
4.12167053e+01
2.83424511e+01
2.65357513e+01
6.94075775e+01
6.97268982e+01
5.85581589e+01
5.08476715e+01
4.70822258e+01
6.40976257e+01
7.76040497e+01
5.10387878e+01
4.50939102e+01
5.18028603e+01
5.81511955e+01
9.01685486e+01
4.25791893e+01
2.07858295e+01
1.12343540e+01
3.00867672e+01
7.40033112e+01
6.82919922e+01
3.77247696e+01
3.52601700e+01
4.04067574e+01
3.77040176e+01
3.88173828e+01
5.76344299e+01
6.00633926e+01
6.39074516e+01
4.04656372e+01
2.32891636e+01
4.36349564e+01
5.65820312e+01
3.95455475e+01
7.20220718e+01
4.33215675e+01
2.68453007e+01
5.62164345e+01
-1.13195057e+01
5.48677597e+01
4.90349770e+01
6.06589775e+01
6.96467285e+01
3.37046127e+01
3.88830643e+01
4.27527924e+01
6.78534393e+01
1.82995377e+01
-6.54859114e+00
5.06152573e+01
3.59716911e+01
6.61762161e+01
4.65329895e+01
4.57685165e+01
6.26437950e+01
5.12582016e+01
3.23357277e+01
6.69509964e+01
5.49219894e+01
3.31081505e+01
3.77887650e+01
3.75200424e+01
-6.12065315e+00
4.32481384e+01
5.58556862e+01
3.39691582e+01
2.16586285e+01
4.13405914e+01
6.49601212e+01
2.41601429e+01
8.76200790e+01
4.68022537e+01
1.14334221e+01
9.06495438e+01
6.04898872e+01
4.23308105e+01
4.89688911e+01
4.01566925e+01
4.46367607e+01
6.54749298e+01
3.58197136e+01
5.56638947e+01
6.80993271e+01
3.46585884e+01
3.30557404e+01
8.16648941e+01
5.75056915e+01
4.62969360e+01
6.27505684e+01
7.04733124e+01
7.94781799e+01
8.96174927e+01
5.83945236e+01
5.28843575e+01
6.05385284e+01
4.82942848e+01
4.92789764e+01
6.63455124e+01
3.28908272e+01
4.47584229e+01
5.28297234e+01
5.86478233e+01
5.51141205e+01
5.14916954e+01
7.58100815e+01
4.53389206e+01
4.65706482e+01
4.92434082e+01
5.11266365e+01
6.78237991e+01
6.86288223e+01
1.67297668e+01
3.66477814e+01
3.56327057e+01
3.84388504e+01
7.25603256e+01
4.34579849e+01
6.35851021e+01
7.29975357e+01
5.65713882e+01
4.73945389e+01
6.15329895e+01
6.16403046e+01
3.48334694e+01
2.77719250e+01
4.24794197e+01
6.49523010e+01
5.38260727e+01
-7.96836472e+00
6.01052933e+01
5.16816673e+01
6.11735229e+01
7.88826599e+01
5.22797470e+01
4.05217514e+01
1.11984482e+01
1.09826059e+01
3.00340195e+01
3.03804855e+01
1.99677982e+01
4.89835091e+01
3.08043537e+01
5.32932053e+01
5.80543251e+01
5.02832069e+01
5.46738777e+01
2.93291664e+01
4.41523266e+00
6.10974655e+01
6.06469879e+01
2.76041813e+01
4.08084641e+01
4.51886940e+01
4.33656921e+01
5.21325493e+01
4.84119720e+01
4.66777611e+01
6.25021210e+01
6.76937790e+01
5.80011063e+01
4.01715164e+01
2.81643333e+01
3.70289421e+01
5.56794586e+01
4.69905434e+01
3.59130821e+01
4.65356178e+01
2.94798641e+01
3.75710373e+01
7.02671738e+01
4.87105399e-01
1.26776114e+01
4.30064926e+01
6.87898331e+01
5.43699913e+01
2.80237408e+01
7.85505447e+01
3.31018867e+01
6.14865723e+01
6.65494919e+01
3.34942284e+01
2.75773029e+01
4.98493004e+01
4.66149063e+01
-2.08304920e+01
1.96744175e+01
9.21167831e+01
6.42677307e+01
2.69866352e+01
1.66821384e+01
1.20987320e+01
5.90131493e+01
8.61501465e+01
5.53700447e+01
7.27017975e+01
4.35839577e+01
7.19210205e+01
7.36644592e+01
4.39659271e+01
2.74307137e+01
1.95127392e+01
6.73886108e+01
3.66367340e+01
3.94979172e+01
6.16241379e+01
3.29581261e+01
1.37268429e+01
5.42603188e+01
2.94427452e+01
1.75714417e+01
4.38761940e+01
5.48429680e+01
2.79033566e+01
4.79038277e+01
1.75517712e+01
2.49918480e+01
4.76906128e+01
4.16074295e+01
7.39130402e+01
7.44701614e+01
6.82064362e+01
4.18670578e+01
1.95110550e+01
2.43579311e+01
3.35085068e+01
6.04739914e+01
2.63184948e+01
3.38514023e+01
6.88962708e+01
6.32622833e+01
4.61745987e+01
4.00875778e+01
4.10374413e+01
1.15791349e+01
1.07924309e+01
5.60907974e+01
3.12775364e+01
1.11047411e+01
2.01854591e+01
2.16029148e+01
4.58207932e+01
7.63880844e+01
1.32931385e+01
4.82847176e+01
4.19852180e+01
4.25216599e+01
6.20028687e+01
5.17844696e+01
2.15534687e+01
1.08717880e+02
5.69281616e+01
4.30250854e+01
7.51418076e+01
5.82710419e+01
5.02518845e+01
4.82944870e+01
5.41327934e+01
4.91166229e+01
3.63669319e+01
3.46426201e+01
4.66931190e+01
4.19621811e+01
6.58201218e+01
4.08874855e+01
1.88492470e+01
4.37304115e+01
1.86444530e+01
5.52214317e+01
5.85904922e+01
2.38635960e+01
3.51451073e+01
8.38381348e+01
3.70135803e+01
8.26174545e+01
2.42228622e+01
2.05822468e+01
5.24695854e+01
3.16063519e+01
4.38766670e+01
2.92826157e+01
6.57105103e+01
5.92348518e+01
2.05722103e+01
1.72936230e+01
3.03680229e+01
3.59400291e+01
2.96364231e+01
3.44089966e+01
3.10034904e+01
2.00561161e+01
4.69316635e+01
1.08814220e+01
5.75471230e+01
3.62557106e+01
3.13411975e+00
5.18132324e+01
4.24295692e+01
2.49710331e+01
2.08872833e+01
3.09626656e+01
5.33255424e+01
6.81842041e+01
4.51831017e+01
3.54931908e+01
4.53737488e+01
3.83311310e+01
3.81874390e+01
4.94736671e+01
8.54785061e+00
1.49822149e+01
3.70751534e+01
2.15853996e+01
1.55132647e+01
5.69449348e+01
5.98723412e+01
-6.34380436e+00
7.83053339e-02
1.60817699e+01
6.28363276e+00
1.41117072e+00
2.20195770e+01
3.43691826e+01
3.05749054e+01
2.41478825e+01
8.79010010e+00
-1.11752062e+01
-1.62551033e+00
9.26227093e+00
4.43846741e+01
5.98117104e+01
3.45708771e+01
8.45070839e+00
3.49627457e+01
2.88699970e+01
8.92449570e+00
6.39073181e+00
1.69307880e+01
2.05781384e+01
1.32065048e+01
-2.93434477e+00
-3.43734932e+01
-8.96343327e+00
2.41013317e+01
1.51144552e+01
4.40535698e+01
4.07637329e+01
2.04194221e+01
3.09218407e+01
2.88218975e+01
-3.25595856e-01
3.68435478e+01
2.69603615e+01
1.07092333e+01
3.75358734e+01
5.60492973e+01
3.86147461e+01
6.27676811e+01
2.90288467e+01
3.45715485e+01
4.03365631e+01
1.80136356e+01
6.23753405e+00
4.47999878e+01
2.07353706e+01
4.07220345e+01
3.72406731e+01
2.29249134e+01
3.42552643e+01
1.25531855e+01
1.38887920e+01
3.81759882e+00
2.28997192e+01
1.93524742e+01
-1.47872572e+01
4.01661911e+01
-1.08814888e+01
4.25426102e+00
2.37959614e+01
2.83913574e+01
4.82674026e+01
4.55236397e+01
-8.73283863e+00
8.28195477e+00
4.08690262e+01
4.35025139e+01
3.44613380e+01
3.80461044e+01
5.26386738e+00
4.53311043e+01
4.84650574e+01
1.67820435e+01
1.70868092e+01
1.69784832e+01
2.14608402e+01
1.15145979e+01
3.69014816e+01
5.34675484e+01
2.07751179e+01
2.46588573e+01
6.31257324e+01
9.20292130e+01
6.17460022e+01
4.39409332e+01
7.43569870e+01
3.39467278e+01
2.07142181e+01
6.58042221e+01
5.46703072e+01
2.09777565e+01
3.55739632e+01
2.66588974e+01
1.49415264e+01
3.99421310e+01
5.41037560e+01
3.14311981e+01
1.46700392e+01
5.80386963e+01
3.66566048e+01
3.06918526e+01
3.63667297e+01
4.48659401e+01
5.33534317e+01
4.18337135e+01
2.44173489e+01
3.65485497e+01
4.71404305e+01
3.75187607e+01
2.16923790e+01
2.81944466e+01
6.42554016e+01
3.66663742e+01
3.06143818e+01
4.53018684e+01
3.29562378e+01
3.23717003e+01
4.48204689e+01
2.75254974e+01
2.40755978e+01
3.35944023e+01
2.96040878e+01
3.20269203e+01
5.78590279e+01
4.22660713e+01
3.43801613e+01
3.79573822e+01
2.66820030e+01
2.37581673e+01
4.31138077e+01
4.56362762e+01
2.96412067e+01
3.45894699e+01
5.62605591e+01
2.36288929e+01
3.23977051e+01
2.38778114e+01
3.08548126e+01
3.47860451e+01
2.71952000e+01
7.19223633e+01
4.13377609e+01
2.56737976e+01
3.59774857e+01
2.51581097e+01
1.46180332e+00
5.27797394e+01
7.02072220e+01
3.45785561e+01
2.25138435e+01
5.04185486e+01
5.98281479e+01
1.24425030e+01
3.51861992e+01
4.20818214e+01
5.51131096e+01
5.13327751e+01
2.73504810e+01
7.12897949e+01
6.68377533e+01
3.47268982e+01
1.79917412e+01
2.43102360e+01
3.66960831e+01
4.60276070e+01
6.49340515e+01
5.21336288e+01
8.53235626e+00
6.84220076e+00
5.61502800e+01
3.12618389e+01
2.43484325e+01
6.66456909e+01
5.90021019e+01
3.28111305e+01
5.73522301e+01
6.58588562e+01
4.38876457e+01
3.95755234e+01
5.63539276e+01
6.27304955e+01
5.42409821e+01
7.28304672e+01
6.23619995e+01
6.34519196e+01
5.85162544e+01
3.88217621e+01
2.74620399e+01
3.87967033e+01
2.90758681e+00
4.87118874e+01
5.13661919e+01
4.34434319e+01
8.63771744e+01
4.39734039e+01
4.36455307e+01
5.12837334e+01
4.23091164e+01
3.10791416e+01
4.28221779e+01
6.85048676e+01
4.53424911e+01
3.59653587e+01
3.58343315e+01
4.69181213e+01
5.91769180e+01
2.92405796e+01
2.98155518e+01
2.87387657e+01
3.90382118e+01
4.85926476e+01
4.57103767e+01
5.64165115e+01
3.53637123e+01
6.55022202e+01
3.88206825e+01
2.74074054e+00
3.34104233e+01
1.51929369e+01
2.05396729e+01
2.11561413e+01
3.08928070e+01
4.51889610e+01
4.08925362e+01
2.67821770e+01
6.31796265e+01
1.53187103e+01
2.73879356e+01
6.04081726e+01
2.77907200e+01
6.11577568e+01
4.49495430e+01
4.38000031e+01
3.92613945e+01
3.42795830e+01
4.74984856e+01
5.35136948e+01
3.85750008e+01
4.29669495e+01
4.65457878e+01
4.72123795e+01
5.52034454e+01
5.15163498e+01
2.64371262e+01
2.93698540e+01
5.66014328e+01
5.44028625e+01
2.52348385e+01
6.35007629e+01
5.80026550e+01
6.05280838e+01
5.93583336e+01
4.99555397e+01
4.71973572e+01
4.90303268e+01
3.48363686e+01
4.17656746e+01
4.22398643e+01
3.10024109e+01
3.38753166e+01
6.03096848e+01
6.97046661e+01
4.76148262e+01
3.85555305e+01
5.64636002e+01
5.83212280e+01
1.05752411e+01
5.61017113e+01
4.34728699e+01
3.69101067e+01
4.69374580e+01
3.26483727e+01
2.99715710e+01
2.84481487e+01
3.23885422e+01
4.89350052e+01
5.48181114e+01
3.71559944e+01
3.62147522e+01
5.11734543e+01
2.77555542e+01
3.61911049e+01
5.75528488e+01
4.44548721e+01
5.57887268e+01
6.54807281e+01
4.10937614e+01
4.29573174e+01
5.03571777e+01
3.11944065e+01
4.87153244e+01
3.07264118e+01
6.17051086e+01
6.31291695e+01
3.33852272e+01
2.80757465e+01
3.36134644e+01
7.11618042e+01
4.42966270e+01
4.62090225e+01
4.68881454e+01
3.97687316e+00
4.48412857e+01
3.14092369e+01
4.48804932e+01
4.27891693e+01
3.88887253e+01
5.53275337e+01
2.49077072e+01
4.20191727e+01
5.36136665e+01
3.44301491e+01
4.13926659e+01
8.39950943e+01
4.77776489e+01
5.32515717e+01
6.97888718e+01
5.09555244e+01
2.67095566e+01
3.06990604e+01
2.51697636e+01
6.37381592e+01
3.97871208e+01
4.73104630e+01
6.58484116e+01
3.98914719e+01
6.10835876e+01
3.64615822e+01
6.79329300e+01
6.79861526e+01
4.71495934e+01
5.76660233e+01
3.23834915e+01
5.20856628e+01
6.30215187e+01
4.40120049e+01
2.33713512e+01
3.79178391e+01
7.63840408e+01
6.41728745e+01
2.78003521e+01
3.47101898e+01
5.53820343e+01
4.28231888e+01
4.67290268e+01
3.73719025e+01
3.65800781e+01
3.97190819e+01
4.50661545e+01
4.58374329e+01
2.56554756e+01
4.03570404e+01
3.99455681e+01
5.80794525e+01
6.13657875e+01
3.65231552e+01
8.25211182e+01
4.09496651e+01
6.18490067e+01
8.49692154e+01
5.30488014e+01
1.78981686e+01
6.20004463e+01
5.30969009e+01
6.01428185e+01
4.48972664e+01
2.26053944e+01
3.35198936e+01
3.61542549e+01
3.93077431e+01
2.36204720e+01
2.03183727e+01
2.78158474e+01
2.75488739e+01
3.34668770e+01
2.83062744e+01
3.28655624e+01
3.83254051e+01
4.25134392e+01
3.95242577e+01
1.41515875e+01
3.61016426e+01
2.06114178e+01
3.39254379e+01
4.63892288e+01
1.14940519e+01
2.81829948e+01
2.04103966e+01
2.98778648e+01
5.19270134e+01
5.93123245e+01
4.60784683e+01
4.28436012e+01
4.67490349e+01
3.72837219e+01
3.80781708e+01
4.37603226e+01
3.84463310e+01
4.32791252e+01
4.67462044e+01
3.97037888e+01
3.72979355e+01
3.92342453e+01
3.78134232e+01
4.24251213e+01
4.94356728e+01
3.78595695e+01
1.67183819e+01
2.44012470e+01
5.10402031e+01
1.70542698e+01
4.41228905e+01
4.06055565e+01
3.48173027e+01
5.49805298e+01
7.03331909e+01
4.22099533e+01
5.64704742e+01
4.99680672e+01
4.20177574e+01
4.07330132e+01
3.82778473e+01
5.17953796e+01
5.04906311e+01
3.48946381e+01
1.80306110e+01
2.32732658e+01
5.18871346e+01
6.03714600e+01
5.38939133e+01
4.53784637e+01
3.81825905e+01
3.94508286e+01
3.87698212e+01
1.12503204e+01
4.59660339e+01
5.63893623e+01
3.84541435e+01
2.59733772e+01
3.68520355e+01
4.68008385e+01
1.32089977e+01
3.36080093e+01
3.45913544e+01
3.22350159e+01
6.52278366e+01
3.54793129e+01
4.65076599e+01
5.17526703e+01
4.29590683e+01
3.44686127e+01
2.78518887e+01
1.10757065e+01
2.81146851e+01
3.91520576e+01
3.88127365e+01
4.39865417e+01
5.86872330e+01
5.37264404e+01
2.01760960e+01
5.03785324e+01
5.22936897e+01
2.40050659e+01
4.01771049e+01
7.22490921e+01
4.18386993e+01
3.04174023e+01
4.70542717e+01
5.97334328e+01
4.97871895e+01
3.84900513e+01
4.18229332e+01
7.22268600e+01
4.48935623e+01
2.10201969e+01
7.03803482e+01
5.11137695e+01
2.44333820e+01
1.60902576e+01
3.15874882e+01
4.91296921e+01
5.06670609e+01
5.00190659e+01
2.16461639e+01
3.77882271e+01
4.51987305e+01
3.93138046e+01
5.09264221e+01
4.52632675e+01
3.76751175e+01
2.39513073e+01
2.59888706e+01
4.04368706e+01
4.63661919e+01
4.69498520e+01
5.98920135e+01
6.63694916e+01
5.27611465e+01
2.86765194e+01
2.27736759e+01
5.32798653e+01
6.91462021e+01
6.36230316e+01
3.55833931e+01
2.78991795e+01
5.65545464e+01
4.00389366e+01
1.41317825e+01
1.34817638e+01
5.00865669e+01
6.07192726e+01
1.75174141e+01
3.38069420e+01
5.38626518e+01
2.08288765e+01
1.25296745e+01
3.98118439e+01
4.38613739e+01
2.63729267e+01
6.99101334e+01
4.96384430e+01
2.04832191e+01
1.58795357e+01
1.62126617e+01
3.57398834e+01
6.36511230e+01
5.64887314e+01
3.96923370e+01
4.30247498e+01
5.28392906e+01
2.79123840e+01
3.99460411e+01
6.17311821e+01
6.07947884e+01
4.02629318e+01
2.53809566e+01
2.83153019e+01
3.66875267e+01
7.93400803e+01
7.00765305e+01
1.84167557e+01
4.60333347e+00
2.57507992e+01
5.41298294e+01
4.57837410e+01
2.60594711e+01
2.78917027e+01
4.71796379e+01
4.66724396e+01
5.30710297e+01
4.75192308e+00
2.08798046e+01
6.92108688e+01
4.94616089e+01
4.40955391e+01
1.38634615e+01
2.64427185e+01
5.98374443e+01
6.16223183e+01
2.89853268e+01
2.68604565e+01
1.61583652e+01
4.41112366e+01
3.97447472e+01
2.74583340e+01
5.40735092e+01
2.46337299e+01
2.10819721e+01
4.87766266e+01
5.03201256e+01
3.78116035e+01
5.10228233e+01
5.53652611e+01
6.02012253e+01
4.74736252e+01
2.85368023e+01
3.02776165e+01
5.24016113e+01
4.73411827e+01
3.61578255e+01
4.42398376e+01
4.76710777e+01
2.96235561e+01
1.03543472e+01
2.46639767e+01
1.59338999e+01
1.15204592e+01
3.19862309e+01
3.41918716e+01
1.37328386e+01
7.31706696e+01
4.51488800e+01
3.89377670e+01
3.64901428e+01
2.51862011e+01
3.42725792e+01
5.95183983e+01
5.03950348e+01
5.24957886e+01
4.63245583e+01
2.89632320e+01
2.90623264e+01
4.90572739e+01
2.73048725e+01
5.67042351e+01
3.95609741e+01
6.40973568e+00
3.88557816e+01
3.13665943e+01
6.62340851e+01
4.14246635e+01
4.08684883e+01
4.33283043e+01
-5.92348528e+00
2.20629597e+01
4.33294487e+01
2.17534790e+01
2.02143593e+01
3.78324203e+01
3.73688049e+01
5.17468758e+01
5.47489243e+01
3.48833885e+01
2.92252197e+01
1.89746170e+01
-1.66194210e+01
-9.03329277e+00
-4.14359140e+00
3.50636597e+01
5.18104057e+01
4.23646965e+01
4.17309113e+01
2.83948612e+01
4.24967346e+01
3.54823418e+01
2.81682415e+01
3.96183014e+01
5.37859917e+01
4.49226646e+01
3.58317070e+01
3.47882690e+01
3.03650589e+01
2.52991066e+01
3.17298336e+01
4.10558319e+01
2.52510738e+01
3.41320534e+01
4.53046303e+01
5.24881783e+01
5.84668083e+01
3.08763695e+01
3.31656799e+01
4.00230408e+01
3.32940826e+01
2.84346752e+01
3.32595901e+01
1.77714520e+01
4.36098938e+01
5.26766014e+01
5.03824387e+01
4.99957542e+01
3.95980911e+01
1.65960445e+01
7.14339600e+01
4.29327965e+01
2.73919106e+01
5.72110329e+01
5.84180336e+01
3.54440804e+01
3.87814751e+01
3.18442211e+01
5.22916031e+01
6.11248169e+01
2.40880604e+01
5.41365662e+01
5.06036034e+01
4.23318214e+01
4.84724007e+01
4.39746819e+01
2.64593582e+01
5.96189079e+01
4.57573318e+01
5.20494194e+01
4.01800041e+01
1.69646740e+01
2.36010704e+01
2.89292793e+01
6.68568878e+01
5.11163940e+01
2.88122635e+01
2.61335068e+01
2.74233036e+01
4.63779106e+01
4.91446495e+01
6.61916428e+01
5.17863541e+01
3.20264473e+01
5.21844902e+01
3.95002098e+01
2.23560715e+01
4.80993919e+01
3.84186401e+01
6.88955975e+00
2.05801601e+01
2.85862484e+01
3.04970284e+01
4.60693741e+01
5.12650719e+01
3.90970192e+01
3.19435883e+01
4.21966820e+01
3.17788086e+01
4.73970299e+01
4.78603783e+01
4.10379829e+01
4.93873024e+01
1.22744236e+01
2.59747906e+01
3.64922333e+01
4.56837006e+01
5.23311462e+01
4.31899338e+01
3.67945061e+01
4.53141975e+01
-7.20126390e-01
1.49258966e+01
7.05359650e+01
5.53840561e+01
3.47124786e+01
3.18840351e+01
2.28941269e+01
3.11188889e+01
4.21652222e+01
3.83106537e+01
6.56581039e+01
3.46062431e+01
1.24175100e+01
4.24410210e+01
5.37522392e+01
5.56116867e+00
3.81986885e+01
3.09904881e+01
2.58137188e+01
3.21592255e+01
3.41338043e+01
3.21164513e+01
5.11335068e+01
4.35874634e+01
2.27944927e+01
1.70741444e+01
2.15137234e+01
1.87302113e+01
2.55357647e+01
4.44076462e+01
2.95951290e+01
1.04733162e+01
8.03404713e+00
2.21320114e+01
5.63732643e+01
3.83254051e+01
3.71154404e+01
5.42829514e+01
5.48173714e+01
3.96663361e+01
6.38227043e+01
4.76585464e+01
4.63436241e+01
3.25684776e+01
2.89026012e+01
5.81263390e+01
2.90571404e+01
5.15643806e+01
4.84330597e+01
2.69290371e+01
1.97288494e+01
3.32880859e+01
4.76398201e+01
4.93135376e+01
4.09198189e+01
3.26664963e+01
3.58464584e+01
4.31180534e+01
2.56612682e+01
2.93656101e+01
9.12976074e+00
2.52241955e+01
6.31854210e+01
4.16464348e+01
-1.60199947e+01
2.22569752e+01
1.28923082e+01
1.57652817e+01
3.60516548e+01
2.11397724e+01
3.25458412e+01
7.05575228e+00
2.60705185e+01
4.48848724e+01
3.72873573e+01
3.29652672e+01
4.05482941e+01
3.90985718e+01
5.14848900e+01
4.41317825e+01
3.00990963e+01
3.99159279e+01
3.23355255e+01
5.27617531e+01
7.45456123e+00
-6.51416063e+00
3.58223419e+01
4.33635368e+01
-5.01004410e+00
3.79141350e+01
8.03721333e+00
1.71514130e+01
4.45243263e+01
-2.70672053e-01
4.27196465e+01
1.66680584e+01
2.72354183e+01
3.48030891e+01
2.87564163e+01
3.20560875e+01
-1.45319378e+00
5.97952080e+01
4.75646362e+01
6.92991209e+00
1.26222363e+01
3.32812805e+01
-1.55212135e+01
2.40318775e+01
3.04229927e+01
4.08950958e+01
4.53017998e+01
1.11739264e+01
4.11946068e+01
1.36493711e+01
1.01713800e+01
1.99640942e+01
2.15490894e+01
2.46965141e+01
3.52956696e+01
4.18667221e+01
4.65224113e+01
4.98105659e+01
4.70537300e+01
4.53381119e+01
6.69106445e+01
5.67151489e+01
3.71600342e+01
2.87907734e+01
3.69053917e+01
4.83009529e+01
3.51809464e+01
1.08404627e+01
2.36097603e+01
2.82798004e+01
2.33551826e+01
3.47921753e+01
9.23289871e+00
-3.22333984e+01
4.28350449e+00
4.08471985e+01
3.85813332e+01
3.31194687e+01
2.52986355e+01
3.18377552e+01
1.02991743e+01
4.62140770e+01
8.77959061e+01
4.51614113e+01
5.81968040e+01
2.74129295e+01
4.41450539e+01
3.58274612e+01
1.83497925e+01
5.72317123e+01
4.64115944e+01
3.58513107e+01
3.92281837e+01
4.17417564e+01
4.80013084e+01
4.94663925e+01
-2.80969000e+00
2.26016903e+01
4.34467316e+01
4.44561501e+01
5.37341843e+01
6.57010117e+01
2.17109032e+01
5.32981920e+00
2.35838242e+01
2.85580235e+01
3.74466133e+01
7.08512421e+01
3.90794373e+01
3.35641518e+01
3.06945477e+01
2.85644894e+01
2.75021896e+01
2.83896065e+01
4.51908493e+01
2.89692268e+01
5.22647247e+01
4.43474884e+01
1.62301769e+01
4.95608368e+01
8.60686340e+01
2.73567448e+01
9.51617432e+00
2.67817726e+01
3.79957848e+01
3.99905014e+01
4.38220978e+01
2.97836857e+01
5.69467545e+01
6.34276009e+01
3.24982834e+01
1.37569551e+01
1.34121075e+01
2.83842850e+01
5.20929375e+01
3.72575150e+01
9.04750633e+00
2.43527431e+01
4.06579666e+01
4.69108467e+01
5.63263092e+01
4.70128403e+01
2.28746586e+01
2.05866261e+01
4.59855690e+01
1.32001047e+01
3.68102684e+01
2.96185036e+01
1.23139000e+01
6.72211380e+01
5.72619591e+01
3.60359612e+01
4.97527657e+01
2.84308357e+01
9.28315449e+00
4.64574051e+01
3.23454285e+00
7.33498611e+01
3.60546188e+01
1.47452202e+01
5.07775421e+01
4.35282478e+01
3.94501572e+01
1.65221424e+01
1.95605011e+01
1.35557995e+01
9.73201656e+00
3.81110458e+01
2.88923626e+01
2.58229485e+01
5.88572655e+01
4.52349052e+01
1.04460325e+01
2.94395790e+01
1.65971889e+01
4.14106522e+01
4.41088104e+01
2.56959629e+01
1.26260090e+01
2.29097557e+01
4.87127647e+01
7.99457026e+00
1.34955063e+01
3.44855919e+01
3.98935623e+01
3.05027561e+01
-1.48344135e+01
5.22691002e+01
1.75733280e+01
-9.64167786e+00
2.70845184e+01
4.23239365e+01
3.77917290e+01
1.62034321e+01
3.76280975e+01
2.86286907e+01
5.83076239e+00
2.81807041e+01
1.78757358e+00
5.85465698e+01
2.86838627e+01
1.65522556e+01
4.16992493e+01
1.38778782e+01
1.35595722e+01
4.55921516e+01
6.18232727e+01
4.87356682e+01
1.76867065e+01
4.72832489e+00
4.60676880e+01
1.61998634e+01
4.30700188e+01
7.38322067e+01
5.34061127e+01
1.94698944e+01
2.48957844e+01
1.30535831e+01
2.51028004e+01
5.42279129e+01
4.78160477e+01
8.29502392e+00
5.49430084e+01
5.06696205e+01
4.24627113e+01
1.41840582e+01
1.05361013e+01
6.93523407e+01
4.91434364e+01
2.97469044e+01
1.17274084e+01
1.18549328e+01
4.13939438e+01
6.52393494e+01
2.02227135e+01
2.82240868e+01
1.98069286e+01
3.86687737e+01
5.33410339e+01
5.24158907e+00
1.98721390e+01
3.94368172e+01
4.00265427e+01
3.61128922e+01
4.43425713e+01
5.78305321e+01
4.41299629e+01
2.01767025e+01
4.72817650e+01
5.61060219e+01
2.61244793e+01
1.42394333e+01
3.16345100e+01
5.33097115e+01
4.62379913e+01
2.40617218e+01
2.01469269e+01
4.09814606e+01
3.88797646e+01
3.14663639e+01
1.79623699e+01
2.46816940e+01
3.37907066e+01
2.38237152e+01
5.70353394e+01
5.17608223e+01
7.27287436e+00
1.00000000e+00
1.51125689e+01
-4.63339233e+00
2.48043690e+01
1.67131271e+01
3.33394852e+01
4.51715813e+01
3.44973106e+01
2.16347122e+01
-1.38788894e-01
7.78398275e+00
1.80500126e+01
1.69328079e+01
2.27411385e+01
3.56120224e+01
-1.08064425e+00
1.46575766e+01
3.59462280e+01
2.79446526e+01
5.98110390e+00
9.53928089e+00
4.15069199e+01
3.18711014e+01
1.25681410e+01
3.00097008e+01
4.87773666e+01
2.02768078e+01
2.40006199e+01
4.55273438e+01
3.79067917e+01
1.43838673e+01
3.08666019e+01
7.00132065e+01
-1.36655397e+01
2.32560196e+01
2.23925171e+01
9.61783028e+00
1.81039066e+01
2.16791077e+01
4.73648300e+01
5.70006485e+01
4.42512245e+01
1.56456394e+01
-5.45234489e+00
1.23471794e+01
5.89347343e+01
1.23190203e+01
4.20556164e+00
2.82113552e+01
3.49436150e+01
2.26014194e+01
2.55249195e+01
1.66999912e+01
8.54980373e+00
2.40867805e+01
4.62857552e+01
4.66948700e+01
5.04580917e+01
2.52168522e+01
1.65324497e+01
-2.02175260e+00
-1.03141298e+01
3.04607182e+01
3.55391998e+01
-1.80457008e+00
8.72920036e+00
3.38101082e+01
3.48460693e+01
3.32468567e+01
5.46353455e+01
-6.38474301e-02
1.40713549e+01
4.05819778e+01
2.85522957e+01
1.31076784e+01
6.05878401e+00
2.52666359e+01
2.54073639e+01
1.19097023e+01
1.22551565e+01
2.44602604e+01
8.38293743e+00
4.96306305e+01
4.84748268e+01
2.81055222e+01
3.26265488e+01
4.51909180e+01
2.35768185e+01
5.48592720e+01
2.62003345e+01
-1.27156734e+01
4.32256365e+00
4.15765762e+01
5.89883614e+00
2.64517460e+01
4.72934875e+01
1.20630283e+01
-1.44371538e+01
3.49486008e+01
2.45205536e+01
1.38581400e+01
-1.74851456e+01
-2.95545745e+00
3.82255020e+01
3.55218201e+01
5.49499474e+01
4.13271856e+00
1.06364098e+01
2.52138214e+01
2.52438660e+01
4.75683441e+01
3.36538849e+01
3.19463501e+01
3.54557343e+01
3.19547024e+01
2.15639782e+01
2.01103458e+01
3.94513016e+01
8.07143497e+00
3.00017509e+01
3.08267193e+01
8.91526699e+00
3.61725807e+01
2.72668114e+01
4.69732971e+01
3.27626953e+01
1.93874378e+01
2.48691750e+01
2.14714832e+01
2.20120316e+01
2.94611359e+01
5.90875244e+00
-2.31042433e+00
1.76898041e+01
3.43393364e+01
5.51331825e+01
1.58470650e+01
1.76064720e+01
2.21949978e+01
1.49069672e+01
2.81215553e+01
1.16471758e+01
3.43813062e+00
2.22632408e+01
1.43992262e+01
1.46379728e+01
6.51354752e+01
1.60644569e+01
3.04578896e+01
1.76210918e+01
2.05656090e+01
2.77461910e+01
-6.47068214e+00
3.93994980e+01
2.04353886e+01
2.82564240e+01
3.28886719e+01
2.07020931e+01
2.84805508e+01
2.41071930e+01
1.44564877e+01
1.90755978e+01
2.96750240e+01
1.66007595e+01
-1.12813759e+01
3.03067856e+01
2.22160168e+01
1.96084671e+01
1.69363785e+01
1.71205597e+01
3.33151665e+01
1.44418020e+01
2.64887962e+01
4.24486313e+01
4.39930077e+01
3.59749947e+01
3.17035618e+01
3.21632690e+01
2.14405632e+01
1.45262127e+01
8.84459877e+00
1.87952194e+01
4.64881248e+01
2.69549046e+01
2.91867523e+01
1.12971392e+01
1.93883133e+01
3.41121101e+01
9.50061321e+00
5.01521149e+01
1.75310230e+01
5.88156319e+00
2.02840176e+01
3.43833275e+01
4.27909203e+01
3.82787209e+01
3.15733414e+01
5.04882050e+01
5.30902977e+01
3.00067368e+01
1.94328423e+01
2.11405125e+01
1.60003242e+01
3.41717987e+01
3.61428719e+01
1.33135500e+01
8.96889019e+00
2.81731586e+01
1.76095715e+01
1.06492100e+01
2.21200867e+01
2.20360146e+01
7.59528971e+00
6.59573441e+01
3.19149570e+01
1.66747952e+01
2.17507839e+01
2.46354809e+01
3.30343170e+01
2.94757557e+01
2.80225277e+01
6.77449799e+00
1.56492102e+00
9.85778999e+00
4.66149092e+00
3.26099739e+01
1.27105532e+01
3.75734639e+00
5.92350531e+00
1.19672327e+01
2.80321598e+01
2.83557205e+01
8.36643314e+00
-3.12717419e+01
-9.87934685e+00
3.12561131e+01
-3.46618199e+00
1.26414356e+01
5.96268578e+01
4.42294617e+01
2.12059937e+01
2.87992611e+01
2.63475971e+01
-2.04496717e+00
1.74233036e+01
2.46926079e+01
5.11818743e+00
-6.59106588e+00
9.25728607e+00
3.90780902e+00
2.82051582e+01
3.18721790e+01
1.04419909e+01
4.68119526e+00
3.18502846e+01
2.86590042e+01
5.83731689e+01
3.57289734e+01
1.95144234e+01
2.80587025e+01
1.19353018e+01
1.61915092e+01
3.07169795e+00
2.13466530e+01
3.28218422e+01
2.55422325e+01
3.34165535e+01
3.43643303e+01
2.58920650e+01
-2.18185559e-01
-1.51409979e+01
2.82684833e-01
2.98607540e+01
3.34571762e+01
-1.64759293e+01
8.58112907e+00
4.67953796e+01
3.59184723e+01
1.66059475e+01
3.50813789e+01
9.11979103e+00
2.35932560e+01
2.39201851e+01
4.35345793e+00
1.78203602e+01
-7.87034655e+00
2.51513729e+01
2.87857876e+01
1.95956669e+01
2.40956745e+01
2.75577660e+01
3.07725582e+01
1.14093723e+01
3.18088551e+01
3.68153877e+01
5.54824781e+00
-1.78407049e+00
2.72847309e+01
5.32341242e+00
-1.09554577e+01
2.54909658e+00
2.48131256e+01
1.88003387e+01
-1.86086140e+01
1.75095329e+01
3.47350464e+01
2.86177101e+01
2.63482037e+01
3.30644302e+01
4.39775124e+01
1.35127525e+01
6.27670717e+00
1.72606812e+01
2.01649132e+01
1.38990316e+01
1.19411621e+01
-4.30383587e+00
3.37462425e+01
4.13006439e+01
1.77236233e+01
4.37695541e+01
2.73655701e+01
1.98408127e+01
2.25117550e+01
3.83839493e+01
3.99146461e+01
8.30122185e+00
1.79515228e+01
1.08663321e+01
1.75605278e+01
4.66418533e+01
5.98377151e+01
3.15262527e+01
2.82236156e+01
1.41061831e+01
2.63643703e+01
2.28491936e+01
7.27691603e+00
2.87399120e+01
3.33192101e+01
1.19835358e+01
1.93360367e+01
2.45958691e+01
1.39595261e+01
2.17085457e+01
4.30927887e+01
3.15653248e+01
2.61052799e+01
3.25899696e+01
3.18493423e+01
1.36511908e+01
1.53292191e+00
1.46724644e+01
3.28328247e+01
3.40642815e+01
2.82522469e+01
3.26182632e+01
1.78779583e+01
2.00329418e+01
2.29593372e+01
3.48735542e+01
3.44673347e+01
1.15170231e+01
5.74340820e+01
2.51061687e+01
3.92464409e+01
3.11112766e+01
3.27898431e+00
4.23299332e+01
1.71870499e+01
2.62862930e+01
2.92794495e+01
1.75262394e+01
1.57963383e+00
-6.81889200e+00
1.39385080e+01
2.37825546e+01
2.62344894e+01
2.69495163e+01
2.63378296e+01
2.00349636e+01
3.81658149e+00
8.47859764e+00
2.94087257e+01
1.84763737e+01
-1.20373619e+00
2.53153419e+01
2.24852123e+01
3.25894279e+01
8.63542652e+00
4.00328064e+00
2.43756485e+01
1.41397991e+01
1.73823452e+01
1.97189484e+01
2.13564224e+01
2.00596199e+01
1.56603251e+01
1.98528042e+01
4.54744606e+01
2.40301933e+01
2.69887238e+01
2.46898460e+01
6.95854282e+00
1.85039940e+01
3.47614555e+01
2.56805348e+00
-3.07524824e+00
2.43608284e+01
4.28107262e+01
2.56271801e+01
1.05276804e+01
2.64163113e+01
2.69383335e+01
2.71464272e+01
3.35836220e+01
3.30663147e+01
5.29084778e+01
1.04347153e+01
-3.06504893e+00
1.19170446e+01
2.38033714e+01
2.55738277e+01
1.44894972e+01
1.09242668e+01
2.36777325e+01
1.52556553e+01
7.46459913e+00
3.95395508e+01
1.17476864e+01
-3.11205059e-01
2.20767708e+01
3.09506073e+01
1.56855202e+01
1.52893391e+01
2.73163929e+01
2.58249016e+01
2.65241642e+01
2.58703728e+01
2.65080643e+01
3.04107323e+01
3.86710644e+00
4.65730715e+00
2.73220520e+01
4.91290894e+01
3.46352119e+01
-1.23623371e+01
1.24843369e+01
1.52021666e+01
-6.07582748e-01
1.99141750e+01
2.44822903e+01
-3.83427200e+01
3.43663521e+01
-3.49505520e+00
1.48435755e+01
4.19569244e+01
2.65046272e+01
2.51754894e+01
2.40477772e+01
2.71997814e+01
1.44662561e+01
1.24819794e+01
2.14105854e+01
1.47013645e+01
2.55400085e+01
3.51304893e+01
1.67395344e+01
1.98386574e+01
3.23265648e+01
3.46470666e+00
2.30042706e+01
2.55676956e+01
1.20178251e+01
2.41537437e+01
3.55569191e+01
-9.66518939e-01
1.44504251e+01
4.34858742e+01
1.17391300e+01
7.18543291e+00
3.42851067e+01
1.07784863e+01
3.90147667e+01
4.17051773e+01
2.49434795e+01
1.31968040e+01
1.86160259e+01
3.15048981e+01
2.38234463e+01
6.58010530e+00
3.22156143e+01
3.63488083e+01
7.45355082e+00
9.81588745e+00
8.68729877e+00
1.72451191e+01
4.03164864e+01
3.44477997e+01
1.38359089e+01
3.30642281e+01
3.69369164e+01
1.71726322e+01
1.82835045e+01
1.74737606e+01
2.16430664e+01
4.80317574e+01
7.62035012e-01
1.53865480e+01
4.33242607e+00
8.08854640e-01
2.74730206e+01
3.06341190e+01
1.24703255e+01
2.83500633e+01
3.77079277e+01
1.22772532e+01
-1.95619166e+00
3.95471649e+01
2.81098347e+01
1.47180042e+01
7.93326664e+00
2.22203293e+01
2.63087940e+01
-5.86945724e+00
3.10016041e+01
2.49343853e+01
1.94145184e+01
2.32523823e+01
1.80291290e+01
3.34916663e+00
7.71567345e+00
1.00449333e+01
2.07247944e+01
1.56777058e+01
1.13248949e+01
3.65907211e+01
6.72406054e+00
-6.28323507e+00
1.76894684e+01
8.88569260e+00
-9.79210758e+00
3.52761345e+01
1.41625013e+01
2.87886167e+00
2.75995331e+01
2.64351063e+01
2.83654213e+00
1.90466309e+01
1.83438644e+01
2.47299290e+01
2.14191399e+01
2.25481339e+01
2.46495609e+01
7.15148020e+00
4.61535835e+00
2.00520744e+01
2.21978283e+01
1.40502014e+01
1.84007225e+01
3.31999016e+01
7.09610510e+00
1.82794628e+01
7.87755489e+00
-1.20901763e+00
1.18581667e+01
1.61823483e+01
5.13360786e+00
1.59399633e+01
1.01770391e+01
1.17081423e+01
2.68261013e+01
1.78384151e+01
-3.31980157e+00
2.63438911e+01
4.25910454e+01
3.24406166e+01
1.87382946e+01
1.68750763e+01
1.92304745e+01
2.22864819e+01
2.88567924e+01
2.25097351e+01
1.43425713e+01
2.84191132e+01
2.29014034e+01
1.64505329e+01
1.07658882e+01
6.50956583e+00
9.78186798e+00
1.60056458e+01
-5.15293503e+00
1.39574379e-01
1.53664732e+01
1.97312756e+01
1.33346357e+01
9.85219860e+00
1.01333857e+01
1.34519875e+00
8.58355427e+00
1.79211407e+01
1.40620575e+01
5.47768831e+00
3.56605959e+00
9.21248722e+00
2.49357319e+01
3.00491772e+01
1.85060158e+01
1.09000149e+01
1.91236305e+01
3.03525276e+01
2.67767200e+01
2.68133678e+01
3.29384537e+01
2.16173325e+01
3.88612390e+00
1.62763233e+01
1.38039103e+01
2.56796598e+00
5.02919006e+00
1.99510918e+01
2.85864506e+01
2.90126781e+01
1.30417271e+01
1.50686464e+01
3.56293373e+01
3.38328781e+01
2.32973824e+01
2.04054775e+01
2.55149479e+01
2.50975456e+01
1.59138927e+01
1.36444540e+01
2.84492931e+01
1.18685417e+01
1.96744862e+01
2.35930538e+01
1.07944517e+01
1.20603333e+01
-5.16749954e+00
1.80535164e+01
2.66430664e+01
2.05462074e+01
2.25469875e+01
2.88811111e+01
1.62599525e+01
2.06064987e+01
1.29577208e+01
7.69054604e+00
1.31446629e+01
1.22800150e+01
1.69881172e+01
2.08532619e+01
7.04672527e+00
-7.19371891e+00
8.22018027e-01
2.21866455e+01
9.73019791e+00
8.70467949e+00
4.62935686e+00
8.61575603e+00
1.94217949e+01
1.44681425e+01
1.13201790e+01
3.30623398e+01
2.71364574e+01
2.64584141e+01
3.35353203e+01
1.44294071e+01
4.51210556e+01
1.37276516e+01
1.32355404e+00
2.38212910e+01
3.14896049e+01
8.78033161e-01
1.11752739e+01
1.56284609e+01
9.10638523e+00
9.83616543e+00
1.77804794e+01
1.81115189e+01
2.53471394e+01
2.13056946e+01
3.09543133e+00
-5.65424204e+00
8.31085587e+00
3.17740936e+01
4.19471588e+01
1.16451540e+01
1.13143854e+01
2.50960636e+01
2.11253548e+01
1.88587456e+01
4.82125664e+01
-3.22622967e+00
-2.76358438e+00
1.33256760e+01
9.38157654e+00
2.75579014e+01
9.64107227e+00
-2.48357606e+00
9.69375229e+00
2.14266186e+01
1.68453674e+01
7.31019545e+00
-1.35136282e+00
-2.66606498e+00
2.57388744e+01
2.45510712e+01
-2.01705718e+00
1.62404842e+01
1.41432343e+01
1.98660755e+01
2.69631233e+01
1.65158787e+01
8.50621796e+00
3.00160999e+01
1.48065233e+01
1.12722816e+01
6.50973463e+00
1.02867785e+01
2.75967712e+01
3.32500229e+01
8.13543320e+00
2.74482956e+01
2.43317928e+01
4.86216164e+00
7.53196526e+00
2.58086662e+01
2.46032119e+00
1.72181053e+01
2.93208122e+01
2.48881721e+01
1.40497971e+01
1.38768673e+00
-1.01886263e+01
2.60007267e+01
3.88700638e+01
2.34587917e+01
1.20406628e+01
1.47008257e+01
6.28572083e+00
1.26403580e+01
1.57323399e+01
2.31592140e+01
3.45268860e+01
1.88965378e+01
-3.45535622e+01
-7.90207624e+00
2.32283325e+01
1.47001524e+01
9.34876919e+00
4.61412544e+01
1.49196997e+01
1.02592258e+01
1.97108631e+01
1.54703522e+01
1.04190865e+01
2.58773117e+01
1.06548014e+01
3.93446617e+01
3.05084133e+01
3.42240739e+00
4.67762470e+00
2.20433578e+01
1.39376326e+01
2.62460766e+01
2.64715519e+01
1.88348312e+01
1.85662422e+01
2.29058495e+01
2.67143402e+01
1.85200958e+01
2.82393131e+01
1.61318226e+01
-5.45912206e-01
3.28384132e+01
-3.22608161e+00
-3.50948524e+00
9.72831154e+00
5.80446243e+00
-2.27585182e-01
1.80254250e+01
1.25704985e+01
4.19164371e+00
1.46298218e+01
2.16097202e+01
2.12454700e+01
2.93693161e+01
5.24786091e+00
1.49894238e+01
2.30966969e+01
2.11568832e+01
2.19762592e+01
2.48973331e+01
1.29544868e+01
3.48003922e+01
1.74017467e+01
7.41656685e+00
2.36183147e+01
1.08319750e+01
2.15270615e+01
2.27491550e+01
3.43720102e+00
9.50997734e+00
3.35904274e+01
1.87213860e+01
1.99187565e+01
1.57241211e+01
2.50586090e+01
2.40432625e+01
1.01176891e+01
1.94112186e+01
3.32880859e+01
7.84986734e+00
1.49915123e+01
2.01414013e+01
5.02910900e+00
1.31823874e+01
4.94973135e+00
2.06573620e+01
3.47233939e+00
6.71246672e+00
3.38691216e+01
8.40927792e+00
5.70404625e+00
3.22581902e+01
3.59722977e+01
2.45175228e+01
2.16502075e+01
2.60043659e+01
2.57681122e+01
1.36083450e+01
1.19778767e+01
1.49552689e+01
1.22271996e+01
1.36582642e+01
3.27525902e+01
1.47227201e+01
1.19601593e+01
2.48148766e+01
3.57485733e+01
3.71322136e+01
6.60933554e-02
-8.07722855e+00
9.37739968e-01
1.84990101e+01
2.70782528e+01
8.84197235e+00
8.16689301e+00
1.54995213e+01
7.35155821e+00
1.41694403e+01
3.47262230e+01
2.57290382e+01
2.30896912e+01
2.18374863e+01
3.21928444e+01
2.28544483e+01
1.76521468e+00
1.80178108e+01
2.57845497e+01
3.76718187e+00
2.47256832e+01
3.33298531e+01
4.66008949e+00
5.19453382e+00
8.73162556e+00
1.58842506e+01
1.71464272e+01
2.70904465e+01
3.18719101e+01
4.92059517e+00
1.31703968e+01
1.41884375e+01
2.40193481e+01
2.30618019e+01
1.66078339e+01
3.61960907e+01
2.70756931e+01
2.16824760e+01
3.14648819e+01
2.63723869e+01
8.82088661e+00
1.47632074e+01
1.04143028e+01
2.17545567e+01
2.06133709e+01
1.54527025e+01
1.81854858e+01
1.39286728e+01
-5.70160723e+00
8.89586544e+00
1.24078760e+01
2.09303303e+01
3.03523254e+01
4.73064899e+00
1.61584988e+01
1.33945923e+01
-1.22650595e+01
-1.01996744e+00
2.94895649e+01
2.08424830e+00
1.66745930e+01
3.38815165e+00
6.42365360e+00
1.52489185e+01
1.32715130e+01
1.51680117e+01
5.61475849e+00
1.88790238e+00
1.45214291e+01
2.22684288e+01
1.95631969e+00
-1.86827183e+01
4.69544334e+01
1.28568735e+01
3.53940926e+01
5.25294724e+01
8.45259380e+00
1.41600084e+00
1.18208456e+01
-3.89068451e+01
8.18178117e-01
1.82924652e+01
-9.92616653e+00
4.94027977e+01
-2.61779003e+01
1.90471020e+01
1.47938585e+01
-5.07911491e+00
7.35896826e+00
-4.86711979e+00
5.59142303e+01
-2.67168999e+00
-1.83507366e+01
-4.79090154e-01
-1.50430477e+00
4.94219971e+00
-1.42213793e+01
1.44965038e+01
1.30758820e+01
6.79066563e+00
2.64262810e+01
3.37804680e+01
2.43640614e+01
1.81299095e+01
1.58139877e+01
1.59584885e+01
1.74334087e+01
1.90144978e+01
2.12032318e+01
1.33446732e+01
4.75527143e+00
7.29975367e+00
1.70372257e+01
1.54308758e+01
1.06791878e+00
5.81894588e+00
1.20061712e+01
2.02332897e+01
2.71573410e+01
1.78739853e+01
1.16970263e+01
7.95111895e+00
2.42723751e+01
2.77005825e+01
1.03240318e+01
7.61320925e+00
-2.88274884e+00
1.34541435e+01
3.41047668e+01
2.01075840e+01
1.91839242e+00
3.74437828e+01
2.31990948e+01
1.86037648e+00
1.09107265e+01
2.24061928e+01
1.13259726e+01
1.21745193e+00
2.07730961e+01
6.73175383e+00
4.13783169e+00
1.67895203e+01
2.49469833e+01
2.43118515e+01
1.89166813e+01
2.03173637e+01
2.19746437e+01
3.00747776e+01
3.97892113e+01
3.00901356e+01
1.14662294e+01
2.30832253e+01
3.51302872e+01
2.00247917e+01
1.16939270e+00
1.52615166e+01
-5.19198716e-01
1.49760180e+01
2.01464539e+01
2.08903809e+01
1.70437603e+01
-6.25874090e+00
2.93994961e+01
1.81230373e+01
1.42927873e+00
1.28134222e+01
2.62693844e+01
8.69477654e+00
2.59635410e+01
1.61295986e+01
3.00995007e+01
3.15579815e+01
1.57095706e+00
1.23793805e+00
2.85628738e+01
8.80525684e+00
4.58637714e+00
1.01897707e+01
2.18043404e+01
5.42085800e+01
8.70158005e+00
1.69171791e+01
2.46295528e+01
2.73445530e+01
2.07382011e+01
-1.30801926e+01
2.45598278e+01
1.07212915e+01
6.02931118e+00
1.28001509e+01
7.43024206e+00
5.69885874e+00
2.29515228e+01
3.88198757e+00
3.72330618e+00
1.56292696e+01
1.71399612e+01
1.73368053e+01
1.05685720e+01
1.92622032e+01
1.29426308e+01
1.10825777e+01
2.52621231e+01
2.58818264e+01
1.60572472e+01
1.17451258e+01
1.43930960e+01
6.16593027e+00
1.39282680e+00
2.84461937e+01
1.69372559e+01
1.03269968e+01
1.35340405e+01
2.01936779e+01
2.48811665e+01
2.27248344e+01
9.42462349e+00
-9.74447918e+00
-3.81278872e-01
1.52178631e+01
2.06136398e+01
3.20463219e+01
2.29712620e+01
1.50090275e+01
2.00203438e+01
2.29454594e+01
2.20246964e+01
2.87680702e+01
1.07430515e+01
3.38000031e+01
1.54820061e+01
5.97570753e+00
2.21927090e+01
-8.41143322e+00
1.76418400e+01
1.14782200e+01
1.16477146e+01
1.52456179e+01
7.00448656e+00
3.49161291e+00
8.95474339e+00
9.06899643e+00
2.52586193e+01
3.24655418e+01
6.88443995e+00
-1.09376726e+01
5.86910057e+01
3.90350456e+01
1.95184650e+01
-3.98512554e+00
-2.00787506e+01
3.32321701e+01
8.83361816e+00
5.15017323e-02
9.60718632e+00
1.75895634e+01
2.46407356e+01
3.50622482e+01
7.65794039e+00
1.09793053e+01
2.20831699e+01
2.17802906e+01
2.06449661e+01
2.74722786e+01
1.90606427e+00
2.25890255e+01
3.44653816e+01
2.01021957e+01
3.67978752e-01
-3.43278193e+00
1.67251854e+01
7.30002308e+00
-9.64558506e+00
-2.02504673e+01
-6.33980274e+00
3.45040474e+01
8.79724026e+00
2.03437710e+01
2.08890343e+01
1.52155046e+01
1.62841377e+01
6.73926497e+00
2.82337875e+01
3.62597504e+01
3.50730934e+01
1.97771511e+01
4.10366344e+00
1.15463276e+01
-1.09293861e+01
1.56566200e+01
4.81371193e+01
4.82264442e+01
2.79848022e+01
2.25810089e+01
1.49506874e+01
1.43269424e+01
1.46887674e+01
1.14214983e+01
7.46608114e+00
3.51454449e+00
-1.50904732e+01
4.85582924e+00
2.12975445e+01
2.43606930e+01
1.64843502e+01
-8.02953339e+00
-1.15507069e+01
1.94676037e+01
4.25645714e+01
3.03422203e+01
3.19980202e+01
7.44182892e+01
-5.89977913e+01
-1.53397284e+01
1.84866142e+01
6.57320023e+00
1.17348194e+01
2.18326359e+01
2.41121120e+01
1.35132914e+01
-5.85822046e-01
1.19098368e+01
3.25223999e+01
1.04993200e+01
1.99314213e+01
2.08889675e+01
-5.88242531e+00
-4.13062334e+00
3.11741962e+01
2.55128593e+01
1.80157242e+01
2.33264179e+01
1.85914364e+01
6.36546278e+00
6.98171663e+00
2.83801746e+01
3.94847145e+01
1.54955473e+01
1.98207378e+01
3.24058571e+01
2.35816689e+01
1.89837780e+01
2.15018654e+01
4.66035891e+00
1.48930222e-01
1.83601685e+01
2.52428551e+01
-2.60212731e+00
2.85985107e+01
4.12598190e+01
1.74821815e+01
6.13321686e+00
2.04930553e+01
1.91926136e+01
3.64355087e+01
2.68637581e+01
5.35921097e+00
2.03038902e+01
4.36785393e+01
7.44984579e+00
4.56124954e+01
2.41113701e+01
1.16123466e+01
2.56455040e+01
2.52530289e+01
3.43703270e+00
3.84336662e+01
8.84217358e+00
2.12959270e+01
3.60770531e+01
1.24463425e+01
1.87944794e+01
1.21255436e+01
3.29278107e+01
2.04500751e+01
1.77563629e+01
3.98664780e+01
1.76349678e+01
2.21921692e+01
2.05678978e+01
1.52978268e+01
1.62922897e+01
1.87387657e+01
6.23306751e+00
-1.14292450e+01
2.47487240e+01
2.76744461e+01
1.67740936e+01
1.97644863e+01
6.64753243e-02
4.85611868e+00
1.58236217e+01
1.90138912e+01
1.75176163e+01
1.74959240e+01
1.72684956e+01
1.19780121e+01
1.01071796e+01
1.28918362e+01
1.08713169e+01
9.80921841e+00
2.38365822e+01
1.59713554e+01
1.31464815e+01
1.69390068e+01
1.31437197e+01
8.81374550e+00
2.51913204e+01
2.24109745e+01
7.13692904e+00
6.23341084e+00
1.14260111e+01
7.07542324e+00
3.77961755e+00
2.55194626e+01
1.99723129e+01
2.09217739e+01
2.30909042e+01
1.39940176e+01
1.09772844e+01
1.02069492e+01
9.14821911e+00
1.53558969e+01
1.97213726e+01
1.34098167e+01
8.71444702e+00
2.79410820e+01
2.10048370e+01
1.91914692e+01
1.62122574e+01
3.12182546e+00
7.31140804e+00
3.16916370e+01
2.45758610e+01
1.59718275e+01
7.92767525e+00
-2.50455403e+00
7.99396396e-01
1.32040119e+00
1.36626425e+01
-2.41338024e+01
-3.83548470e+01
7.80607891e+00
1.80420628e+01
9.68728542e+00
-6.17994213e+00
-2.31476936e+01
8.14378643e+00
5.38850174e+01
1.36375151e+01
2.30634193e+01
-1.22731438e+01
-1.36328669e+01
2.97855053e+01
4.99372826e+01
1.42355938e+01
3.98844681e+01
4.62508583e+00
7.81577969e+00
2.37719784e+01
3.73815370e+00
-1.39460528e+00
1.74641953e+01
1.71022358e+01
2.28487225e+01
1.29873619e+01
-2.06981182e+00
2.91330624e+01
6.10192537e+00
3.41847992e+00
8.75554085e+00
1.40751944e+01
1.47044640e+01
2.39667344e+00
-1.49951494e+00
-1.09484512e+02
-2.47910290e+01
8.31260681e+01
3.26672363e+01
1.23948078e+01
2.23796501e+01
3.16209030e+01
1.54332333e+01
-1.82853234e+00
8.18164635e+00
3.00386677e+01
1.63462505e+01
8.51632309e+00
1.01029358e+01
1.81338158e+01
2.41930847e+01
1.89323769e+01
2.45549107e+01
2.90842896e+01
8.53801441e+00
1.98022798e-01
2.30536499e+01
3.34415474e+01
3.12507915e+01
2.82761612e+01
7.62681723e+00
-1.07715473e+01
4.11335087e+00
3.96632347e+01
1.84662704e+01
-9.21019650e+00
7.00051212e+00
1.70324440e+01
6.14526892e+00
3.28219109e+01
7.14110565e+00
2.29680958e+01
3.18937359e+01
2.60085411e+01
2.03261204e+01
1.08413391e+01
2.41038246e+01
6.14574051e+00
1.25371523e+01
3.41766472e+01
1.01507664e+01
-5.58678818e+01
2.98435760e+00
2.34729385e+01
1.51434908e+01
1.10510502e+01
1.94470558e+01
3.20333176e+01
2.82674046e+01
1.65470695e+01
2.26809807e+01
1.62496471e+01
2.83166480e+00
3.64087639e+01
2.31779423e+01
2.37159290e+01
3.73485947e+01
2.41889095e+01
-8.09177971e+00
2.35909653e+00
2.03386517e+01
1.67569160e+01
1.61385593e+01
1.74071350e+01
1.18846416e+01
9.10699081e+00
1.07109175e+01
1.55672245e+01
2.59342365e+01
1.93467484e+01
5.02825356e+00
2.34721985e+01
1.43156919e+01
2.84121075e+01
2.96545448e+01
1.41287508e+01
8.64580059e+00
1.40388165e+01
-2.33328171e+01
1.84445095e+01
2.45228443e+01
9.13117599e+00
2.11141720e+01
2.15472031e+01
3.25108109e+01
2.56271133e+01
3.60322533e+01
3.21381416e+01
6.12828588e+00
1.97968903e+01
2.64908848e+01
1.45556517e+01
1.30844374e+01
1.45262127e+01
9.07916927e+00
1.21505365e+01
1.17605534e+01
1.60029507e+01
2.61522350e+01
1.64703388e+01
2.11968303e+00
2.86790810e+01
9.39343333e-01
7.27880239e+00
7.90962124e+00
1.42693443e+01
2.51035423e+01
-4.36765862e+00
2.08798714e+01
1.95710773e+01
6.06346607e+00
1.21297884e+01
3.07419052e+01
2.35758743e+01
5.12134695e+00
-6.79336011e-01
9.43041706e+00
1.19013491e+01
3.04063535e+00
1.13913851e+01
1.88007431e+01
1.57613077e+01
1.49168024e+01
2.66540470e+01
3.09673805e+01
2.21844220e+00
1.07530212e+01
2.10955791e+01
1.52662315e+01
1.21976261e+01
1.94364128e+01
1.70339928e+01
2.48438454e+01
1.78197536e+01
1.86152840e+01
2.25650425e+01
1.87724495e+01
1.70557518e+01
1.45698652e+01
2.73535118e+01
2.84687614e+01
2.66471081e+01
2.99244823e+01
1.91876297e+01
1.68661156e+01
1.24718075e+01
1.06285954e+01
1.93795547e+01
3.57852898e+01
4.18219223e+01
2.40413761e+01
3.62063980e+00
2.06050167e+01
3.55738258e+01
2.08216686e+01
1.66122799e+01
4.20225430e+00
2.78646870e+01
1.18941402e+01
-4.76488447e+00
2.02025032e+01
2.51606693e+01
1.29767179e+01
2.96779213e+01
1.56641655e+01
1.06213198e+01
3.30689430e+01
9.85974312e+00
1.86346855e+01
2.39961739e+01
1.95004787e+01
2.21601696e+01
2.93812389e+01
1.69150906e+01
1.75340538e+01
2.22081356e+01
1.02111263e+01
1.37686100e+01
3.24883804e+01
9.32027340e+00
1.01441641e+01
2.00216255e+01
7.55621719e+00
6.46391869e+00
3.00252628e+01
2.53038216e+01
1.57710085e+01
2.27382412e+01
2.47626686e+01
2.20511723e+01
2.02110596e+01
1.39598627e+01
2.23088474e+01
7.88698626e+00
1.68590426e+00
1.02369947e+01
1.90063457e+01
2.22676201e+01
2.18360023e+01
2.26295795e+01
7.77785254e+00
5.77589214e-01
1.25386343e+01
1.29335365e+01
1.93759861e+01
8.23055458e+00
-1.73704872e+01
-1.81771336e+01
7.97685289e+00
1.64219022e+00
-2.08228798e+01
3.38449364e+01
3.63168106e+01
2.94950891e+00
-5.05868292e+00
-2.21101837e+01
-2.01167450e+01
3.12243843e+01
2.26396160e+01
-1.35785699e+00
1.51075840e+01
8.90226460e+00
1.70368233e+01
-7.76404238e+00
5.58296156e+00
2.46858025e+01
1.40239964e+01
2.55652046e+01
1.74383926e+01
1.95553818e+01
2.00185928e+01
1.30407839e+01
6.70849895e+00
8.96228790e+00
1.49290628e+01
2.43962631e+01
2.16233273e+01
4.54838276e+00
-1.71252747e+01
-4.31895943e+01
-9.05781403e+01
-1.23845673e+01
1.89539356e+01
-2.54443479e+00
1.91296935e+00
1.49951496e+01
3.18964310e+01
1.99625435e+01
1.45867071e+01
2.13143864e+01
1.58464584e+01
-4.45227098e+00
1.99045410e+01
1.48621006e+01
1.56064997e+01
1.70420761e+01
1.08055668e+01
2.37891560e+01
4.22089434e+00
2.33208928e-02
1.88679752e+01
3.54169312e+01
3.06800632e+01
1.64630623e+01
1.41191845e+01
1.02935152e+01
3.93392029e+01
1.06533194e+01
-7.76592865e+01
-3.48796844e+01
6.79497681e+01
5.56665230e+01
1.11409845e+01
7.72254467e+00
3.02450790e+01
2.21394882e+01
-2.97954750e+00
-7.60115051e+00
3.50217590e+01
4.15304985e+01
-3.10770535e+00
2.09785633e+01
1.44013147e+01
3.25938759e+01
-4.19379959e+01
-9.16189499e+01
-7.94620132e+00
5.49183502e+01
1.92970314e+01
1.80682011e+01
1.99476566e+01
5.93312550e+00
-1.69433856e+00
1.34911280e+01
2.63715115e+01
3.34598708e+00
-1.56292696e+01
-8.26888657e+00
1.27931452e+01
2.17797527e+01
1.71316071e+01
2.68911095e+01
1.08104172e+01
-2.93627148e+01
-2.95887947e+01
4.47303314e+01
2.37901001e+01
2.70255051e+01
2.19156303e+01
1.19072094e+01
1.54424620e+01
1.05345526e+01
2.38361778e+01
-9.09621239e-01
-5.82538652e+00
9.58178997e+00
9.71214390e+00
-1.81728220e+00
7.56928635e+00
1.64569321e+01
1.99603214e+01
1.16892796e+01
-7.67484963e-01
5.57284307e+00
7.14292431e+00
-2.27569008e+00
1.52710152e+01
