2.24373865e+00
2.56707644e+00
1.81178784e+00
1.80419457e+00
2.17055821e+00
2.34585762e+00
2.29741311e+00
1.89252937e+00
2.10891509e+00
2.57028008e+00
1.88863719e+00
1.94341671e+00
2.01277089e+00
1.90179396e+00
1.87177682e+00
1.63128066e+00
1.88189197e+00
1.85571313e+00
1.86305356e+00
1.84039593e+00
1.67962599e+00
1.61778009e+00
1.88597345e+00
1.70170951e+00
1.66875696e+00
1.86433816e+00
1.63913894e+00
1.76461899e+00
2.20535040e+00
1.73385620e+00
1.82393563e+00
2.06746054e+00
1.75029612e+00
1.68522954e+00
1.74223065e+00
1.66151953e+00
1.63434529e+00
1.47351515e+00
1.94133377e+00
1.86125493e+00
1.81431293e+00
1.81767368e+00
1.64151466e+00
1.67879748e+00
1.79184175e+00
1.58288097e+00
1.69384563e+00
1.90556610e+00
1.83379066e+00
1.75982749e+00
1.81716585e+00
1.77858520e+00
2.04111528e+00
1.91959429e+00
1.86473787e+00
1.77087963e+00
1.55257213e+00
2.19616461e+00
1.89269423e+00
1.56297886e+00
1.69364524e+00
1.56372941e+00
1.74637139e+00
1.61042047e+00
1.52654970e+00
1.72225320e+00
1.78718400e+00
1.66073036e+00
1.85560870e+00
1.86475158e+00
1.58230066e+00
1.56017900e+00
1.77388346e+00
1.91804707e+00
1.74639440e+00
1.75651467e+00
1.67104113e+00
1.64084148e+00
1.68383706e+00
1.73711538e+00
1.63695502e+00
1.63337576e+00
1.67701554e+00
1.43197870e+00
1.74930346e+00
1.76067317e+00
1.54819262e+00
1.50278950e+00
1.53853667e+00
1.57849181e+00
1.54134798e+00
1.38900208e+00
1.44104457e+00
1.70163465e+00
1.37002504e+00
1.67125106e+00
1.39768755e+00
1.39149356e+00
1.69111884e+00
1.44653165e+00
1.51860750e+00
1.49323356e+00
1.38808787e+00
1.27577209e+00
1.51178801e+00
1.52101421e+00
2.05228281e+00
1.46026337e+00
1.36588097e+00
1.34140396e+00
1.60953879e+00
1.80574703e+00
1.80272496e+00
1.85242140e+00
1.49976647e+00
1.43019176e+00
1.92128277e+00
1.37835574e+00
1.39562309e+00
1.56690347e+00
1.59449184e+00
1.40795016e+00
1.51544893e+00
1.57397962e+00
1.83738065e+00
1.94037879e+00
1.82201231e+00
1.57224023e+00
1.67533743e+00
1.61900902e+00
1.65249026e+00
1.46340573e+00
1.49877548e+00
1.62200642e+00
1.62137020e+00
1.44458532e+00
1.94834065e+00
1.96263146e+00
1.60603952e+00
1.76629043e+00
1.42360795e+00
1.41201353e+00
1.38984287e+00
1.44874835e+00
1.63115335e+00
1.63528287e+00
1.40251184e+00
1.43505251e+00
1.52932525e+00
1.61517239e+00
1.39262390e+00
1.46548176e+00
1.61011934e+00
1.34827209e+00
1.46099508e+00
1.70967877e+00
1.81163025e+00
1.48463905e+00
2.12201548e+00
1.80916858e+00
1.33796060e+00
1.51270819e+00
1.58938885e+00
1.42174137e+00
1.53067636e+00
1.41070104e+00
1.50285065e+00
1.42889130e+00
1.36750758e+00
1.74483991e+00
1.77635837e+00
1.56220031e+00
1.54875648e+00
1.79300201e+00
1.81184065e+00
1.32293594e+00
1.31005669e+00
1.33263540e+00
1.39564919e+00
1.27593970e+00
1.12659931e+00
1.42818439e+00
1.30750585e+00
1.18166721e+00
1.14997661e+00
1.14233029e+00
1.24778867e+00
1.10565281e+00
1.56199610e+00
1.50768805e+00
1.16200936e+00
1.07624853e+00
1.17819595e+00
1.06607759e+00
1.07192504e+00
1.13225961e+00
1.12165761e+00
1.08399868e+00
1.14670920e+00
1.08016610e+00
1.09195459e+00
1.10516703e+00
1.12654090e+00
1.56300855e+00
1.26701510e+00
1.11662161e+00
1.76019514e+00
1.44107866e+00
1.28842962e+00
1.45606923e+00
1.41694772e+00
1.19353557e+00
2.14133644e+00
1.21356547e+00
1.29317319e+00
1.39537156e+00
1.47260845e+00
1.24514914e+00
1.27675474e+00
1.69927490e+00
1.66153741e+00
1.37504470e+00
1.23573995e+00
1.71149862e+00
1.57209623e+00
1.19494593e+00
1.25708532e+00
2.02229738e+00
2.12692666e+00
1.69901168e+00
1.39689565e+00
1.56216645e+00
1.59361076e+00
1.53894103e+00
1.74768531e+00
1.59869206e+00
1.52300298e+00
1.59369338e+00
1.71858311e+00
1.75337279e+00
1.63848829e+00
1.47439539e+00
1.72457671e+00
1.40627706e+00
1.37378705e+00
1.68345165e+00
1.64477539e+00
2.38455439e+00
1.50131023e+00
1.51180327e+00
1.44372606e+00
1.52274990e+00
1.67503321e+00
1.56572938e+00
1.80660975e+00
1.49917030e+00
1.46865273e+00
1.56898117e+00
1.79681873e+00
1.53384519e+00
1.37191093e+00
1.54609048e+00
1.68077707e+00
1.72585404e+00
1.67984056e+00
1.43538678e+00
1.48353839e+00
1.64388895e+00
1.55478275e+00
1.38180220e+00
1.38985991e+00
1.74506021e+00
1.91554999e+00
1.43427920e+00
1.37685657e+00
1.35697246e+00
1.54311359e+00
1.69900846e+00
1.48244154e+00
1.29086041e+00
1.50601089e+00
1.51350331e+00
1.42604053e+00
1.97271454e+00
1.37925732e+00
1.33890235e+00
1.46012914e+00
1.50342703e+00
1.31356633e+00
1.40609145e+00
1.79820895e+00
1.33751535e+00
1.31840324e+00
1.46886861e+00
1.39387727e+00
1.35999942e+00
1.65912223e+00
1.52770126e+00
1.33349991e+00
1.22215581e+00
1.35724723e+00
1.23968816e+00
1.28228009e+00
1.38521218e+00
1.44650173e+00
1.20765305e+00
1.18073654e+00
1.48950684e+00
1.37018204e+00
1.46171546e+00
1.26407480e+00
1.22613752e+00
1.17099786e+00
1.15936875e+00
1.44697833e+00
1.22917223e+00
1.14415801e+00
1.13180602e+00
1.07987726e+00
1.01631463e+00
1.03886378e+00
1.21427381e+00
1.11317539e+00
1.08687890e+00
1.05171645e+00
9.44053411e-01
9.72450435e-01
1.23701680e+00
1.19126725e+00
9.37901258e-01
9.79091525e-01
8.31115544e-01
9.49667513e-01
9.87735152e-01
8.00754428e-01
9.31036949e-01
9.14032638e-01
1.12140417e+00
1.03506231e+00
8.60328257e-01
9.89925683e-01
9.52565849e-01
1.63059723e+00
9.55046117e-01
9.58577573e-01
1.02648389e+00
1.08751905e+00
1.09353244e+00
1.24651647e+00
1.10051620e+00
1.00725007e+00
1.14454973e+00
1.10978162e+00
1.04629195e+00
1.11464739e+00
9.82909977e-01
1.00013864e+00
1.17738318e+00
9.92705405e-01
1.01492703e+00
1.19137514e+00
1.09083188e+00
1.12364554e+00
1.06274104e+00
1.14561641e+00
1.36435854e+00
1.09192896e+00
1.37163901e+00
1.33528030e+00
1.21527386e+00
1.36172843e+00
1.24558032e+00
1.47962415e+00
1.26091170e+00
1.27893341e+00
1.15828633e+00
1.21321595e+00
1.68325233e+00
1.57934082e+00
1.55673409e+00
1.29400527e+00
1.28918910e+00
1.36970067e+00
1.47181344e+00
1.37608171e+00
1.25474167e+00
1.23235869e+00
1.24188483e+00
1.30511439e+00
1.33526886e+00
1.44045746e+00
1.61886203e+00
1.24041748e+00
1.41424727e+00
1.56054401e+00
1.61270010e+00
1.50937092e+00
1.46999633e+00
1.39808846e+00
1.19608033e+00
1.36587560e+00
1.47967923e+00
1.14388835e+00
1.48257613e+00
1.19400251e+00
1.41787791e+00
1.39352870e+00
1.36271012e+00
1.60301518e+00
1.31127048e+00
1.30974627e+00
1.28503799e+00
1.59115505e+00
1.92918551e+00
1.79118192e+00
1.41663492e+00
1.23066330e+00
1.50450623e+00
1.54548609e+00
1.40692341e+00
1.43731046e+00
1.46599686e+00
1.38694561e+00
1.58812714e+00
1.33774090e+00
1.19677114e+00
1.49514639e+00
1.44020557e+00
1.23879492e+00
1.43337083e+00
1.61289227e+00
1.44750559e+00
1.30086744e+00
1.29150987e+00
1.49507034e+00
1.41863298e+00
1.44885230e+00
1.24638748e+00
1.29276872e+00
1.53024638e+00
1.43772626e+00
1.48505151e+00
1.43260431e+00
1.37440443e+00
1.37417006e+00
1.40174413e+00
1.63259006e+00
1.23503280e+00
1.28827000e+00
1.84258139e+00
1.53694749e+00
1.17353225e+00
1.20321500e+00
1.28628492e+00
1.40509820e+00
1.39013338e+00
1.38655531e+00
1.42597270e+00
1.30963004e+00
1.27370846e+00
1.32012594e+00
1.56438017e+00
1.54558861e+00
1.46667993e+00
1.54446507e+00
1.23979735e+00
1.30286038e+00
1.35739732e+00
1.29844558e+00
1.15890217e+00
1.10830736e+00
1.40305805e+00
1.53959191e+00
1.37074041e+00
1.48677099e+00
1.30576706e+00
1.16094148e+00
1.36055589e+00
1.58998930e+00
1.39489472e+00
1.12231469e+00
1.37708688e+00
1.26465225e+00
1.29372132e+00
1.33218086e+00
1.46011579e+00
1.74186885e+00
1.40348458e+00
1.49671447e+00
1.50268734e+00
1.31959152e+00
1.23850286e+00
1.14708376e+00
1.41581774e+00
1.21530080e+00
1.30685771e+00
1.30285525e+00
1.26049674e+00
1.30709994e+00
1.21619141e+00
1.19753432e+00
1.35601604e+00
1.28868937e+00
1.24958146e+00
1.53417754e+00
1.15381289e+00
1.36874092e+00
1.33493912e+00
1.21013427e+00
1.13038504e+00
1.15699208e+00
1.30640697e+00
1.18293452e+00
1.14510775e+00
1.11120582e+00
1.11452651e+00
1.46706867e+00
1.23371470e+00
1.25733471e+00
1.11236072e+00
1.14064276e+00
1.35725689e+00
1.25902653e+00
1.60379946e+00
1.11308742e+00
1.02869976e+00
1.17186534e+00
1.25939310e+00
1.41152763e+00
1.45475709e+00
1.08067095e+00
1.09134936e+00
1.34887385e+00
1.28647602e+00
1.06002665e+00
1.13842022e+00
1.07831526e+00
1.19155204e+00
1.23991334e+00
1.00709355e+00
1.23076272e+00
1.02804589e+00
1.25712287e+00
1.36814857e+00
1.03803086e+00
9.16879356e-01
1.36650157e+00
1.08606458e+00
9.78517532e-01
1.20458388e+00
1.14336479e+00
9.74923074e-01
1.22058737e+00
1.46275461e+00
9.14338470e-01
9.87463176e-01
1.18082380e+00
9.60955739e-01
1.00376225e+00
9.10110235e-01
7.75734901e-01
9.21783447e-01
8.27572525e-01
7.76310623e-01
1.09998119e+00
1.12001395e+00
1.06664479e+00
9.69556808e-01
7.83085167e-01
8.27302158e-01
7.81647384e-01
7.26759493e-01
8.48966599e-01
8.30495715e-01
7.17712581e-01
7.24956632e-01
6.92328572e-01
8.69935453e-01
6.78506970e-01
6.91270649e-01
7.43230402e-01
6.55694783e-01
6.57622337e-01
7.28880167e-01
7.07862079e-01
8.91196668e-01
8.63178134e-01
7.50320733e-01
7.92566001e-01
7.46334970e-01
7.06282198e-01
7.33958840e-01
6.82083488e-01
8.51866066e-01
7.66192734e-01
9.33783591e-01
8.04000497e-01
9.23211515e-01
7.53969312e-01
1.01005483e+00
8.41778994e-01
8.01402569e-01
8.72448623e-01
8.20727944e-01
8.12263668e-01
8.38962138e-01
8.68679047e-01
1.10056734e+00
9.05560493e-01
1.05796707e+00
1.08947027e+00
8.72051835e-01
8.39948714e-01
1.28343987e+00
9.47873056e-01
1.01429319e+00
1.23300672e+00
1.17023063e+00
8.61148477e-01
9.45116401e-01
9.17104602e-01
9.14694428e-01
1.02042878e+00
1.15805733e+00
1.13114989e+00
9.03368175e-01
1.02544689e+00
1.01135540e+00
9.11580980e-01
1.08162642e+00
1.12978649e+00
1.09817660e+00
1.11242843e+00
1.12872982e+00
1.15750253e+00
1.22860789e+00
1.08128238e+00
9.77472544e-01
9.85860467e-01
1.19276595e+00
1.08700657e+00
9.32920277e-01
1.16480660e+00
1.05533409e+00
1.31277907e+00
1.32626581e+00
1.11999249e+00
1.30901766e+00
1.16720986e+00
1.04698539e+00
1.02624953e+00
9.92490411e-01
9.77168381e-01
1.02784038e+00
9.18816030e-01
9.59496737e-01
1.07043481e+00
1.13421094e+00
9.85594809e-01
1.21396255e+00
1.36743855e+00
9.74521220e-01
1.11525619e+00
1.27170134e+00
1.12920368e+00
1.07622135e+00
1.63205445e+00
1.23650324e+00
1.23674703e+00
1.06581914e+00
1.08517575e+00
1.23104513e+00
9.21705842e-01
1.14927828e+00
1.28872335e+00
1.05477750e+00
1.10793829e+00
1.26209784e+00
9.32592988e-01
1.11958516e+00
1.07088327e+00
1.34134305e+00
1.36412835e+00
9.95072484e-01
1.06427622e+00
9.46918488e-01
1.13735068e+00
1.62766254e+00
1.41116810e+00
9.53973830e-01
9.62262690e-01
1.00834870e+00
1.06048238e+00
9.78685498e-01
9.77571487e-01
1.15929759e+00
1.44336998e+00
9.25959289e-01
9.44166958e-01
1.11532009e+00
1.10369015e+00
1.18235493e+00
1.17817461e+00
1.42465365e+00
1.40940046e+00
1.22366381e+00
1.34062898e+00
1.36565185e+00
9.70351875e-01
1.22347450e+00
1.04890990e+00
1.15645206e+00
1.16182637e+00
9.09356177e-01
9.68056798e-01
1.02069783e+00
9.82448459e-01
1.12593639e+00
1.19986045e+00
1.20665264e+00
1.17954731e+00
1.25906348e+00
1.02591324e+00
1.27091634e+00
1.07932723e+00
1.03242469e+00
1.34462452e+00
1.07178986e+00
1.01852584e+00
1.21956360e+00
1.25863659e+00
1.09174037e+00
1.28812087e+00
1.23370874e+00
1.20895565e+00
1.11450911e+00
1.17287600e+00
1.40840602e+00
1.03385949e+00
1.21784186e+00
1.10930324e+00
1.07888198e+00
1.09980631e+00
1.01577520e+00
1.02571583e+00
9.73683894e-01
9.00722563e-01
1.09491670e+00
1.13582885e+00
9.16116178e-01
1.20483041e+00
9.50988650e-01
9.62472737e-01
1.22879457e+00
1.24208021e+00
9.41718757e-01
1.00150502e+00
1.25939429e+00
1.11416125e+00
1.09955370e+00
1.16973162e+00
1.11680782e+00
1.35097051e+00
1.03134871e+00
1.11728573e+00
1.37421632e+00
1.15062261e+00
1.04231298e+00
1.50644100e+00
9.12109494e-01
1.09813786e+00
1.37584794e+00
1.34254372e+00
1.24044204e+00
1.05230546e+00
1.01825857e+00
1.17735481e+00
1.14948606e+00
1.17773652e+00
1.45912647e+00
1.28879189e+00
9.89255190e-01
1.29290605e+00
1.26129222e+00
1.11576390e+00
1.29680371e+00
1.24501085e+00
1.19211650e+00
1.00821149e+00
1.08926153e+00
1.34181035e+00
1.23428917e+00
9.78585899e-01
1.07473779e+00
1.32305980e+00
1.12801516e+00
9.16228592e-01
9.81093884e-01
9.71466064e-01
1.08042645e+00
1.32423627e+00
1.16177881e+00
9.28559363e-01
9.96075630e-01
1.22112489e+00
9.38080668e-01
1.33530724e+00
1.25590801e+00
1.02228904e+00
1.22399580e+00
1.01123822e+00
1.22715664e+00
1.29128218e+00
1.06191301e+00
9.12992120e-01
1.06591702e+00
1.16317689e+00
9.30370152e-01
9.75785613e-01
1.02318287e+00
9.63832676e-01
9.58598018e-01
1.39462554e+00
1.07967472e+00
1.15620244e+00
1.18285930e+00
1.06173575e+00
9.52916265e-01
1.08215487e+00
9.36221659e-01
1.04345548e+00
9.46405411e-01
8.82237136e-01
1.05369663e+00
8.68205130e-01
9.02293682e-01
1.14125514e+00
1.05192673e+00
1.00701034e+00
1.28343427e+00
8.35886538e-01
1.33024693e+00
1.34423089e+00
9.61011708e-01
8.97465467e-01
1.07899451e+00
1.16144288e+00
1.10340703e+00
1.10332167e+00
1.04467964e+00
1.06229103e+00
1.24986517e+00
9.71115291e-01
1.02299309e+00
9.40468550e-01
1.03295350e+00
1.05735719e+00
9.14067805e-01
8.82992685e-01
1.20993352e+00
1.18882334e+00
1.13774931e+00
1.01713908e+00
8.08568239e-01
1.26439571e+00
1.02238536e+00
9.88219082e-01
1.03776383e+00
1.15289390e+00
1.38571799e+00
1.05631399e+00
1.15337384e+00
9.81514633e-01
8.55526567e-01
9.91865039e-01
1.16264176e+00
8.61522138e-01
7.91587710e-01
8.61012638e-01
9.38429773e-01
9.49017048e-01
1.04067087e+00
1.11027551e+00
1.03875554e+00
1.08432639e+00
9.48203206e-01
8.69018614e-01
1.12567770e+00
9.51248527e-01
8.76605749e-01
9.93429720e-01
1.00391555e+00
9.78639722e-01
1.17709208e+00
9.32672679e-01
1.02543843e+00
9.01351631e-01
1.05763137e+00
1.22116959e+00
9.74443972e-01
1.08068395e+00
9.42630291e-01
1.08566105e+00
9.88922834e-01
8.57006371e-01
9.42939341e-01
1.10924959e+00
8.48663747e-01
8.72500777e-01
1.00490403e+00
9.47986424e-01
9.21061337e-01
1.02252555e+00
9.06669199e-01
8.82243097e-01
8.90096843e-01
8.61326396e-01
8.98833036e-01
8.26657951e-01
8.75700712e-01
8.54835510e-01
8.86107624e-01
1.07519281e+00
9.20189977e-01
7.95745075e-01
8.90832722e-01
9.36323047e-01
1.06976783e+00
1.15811265e+00
9.45688605e-01
8.74096096e-01
8.64550412e-01
7.47895956e-01
7.87878990e-01
8.81787896e-01
8.58614802e-01
8.20194721e-01
8.78348649e-01
9.04866755e-01
9.13369894e-01
9.39162195e-01
1.00211227e+00
9.24861968e-01
9.29943383e-01
8.75253081e-01
8.35002422e-01
9.63456631e-01
1.04897916e+00
1.01035464e+00
8.48357499e-01
9.42915618e-01
1.00603676e+00
8.32413971e-01
8.51067960e-01
1.16760612e+00
9.79148746e-01
8.80103290e-01
8.54639769e-01
8.71083617e-01
7.75193870e-01
8.16602468e-01
8.98514032e-01
8.22747707e-01
7.09482253e-01
9.15149152e-01
1.23357308e+00
7.56938875e-01
7.67233729e-01
8.32013369e-01
8.84840906e-01
9.45702076e-01
9.05187428e-01
8.11609983e-01
9.56999004e-01
8.42373848e-01
8.84609699e-01
1.01861131e+00
9.75504696e-01
8.61530960e-01
8.20566475e-01
9.52195764e-01
9.49783981e-01
8.46359849e-01
9.16142404e-01
9.98563170e-01
7.92585850e-01
8.45260561e-01
9.53232229e-01
9.49623644e-01
1.02954853e+00
8.56099129e-01
8.33262265e-01
7.45227158e-01
7.59369016e-01
7.41071045e-01
7.67951488e-01
7.97652662e-01
8.26717019e-01
9.33482945e-01
8.87980878e-01
7.33529449e-01
7.40804076e-01
6.78739130e-01
9.63503301e-01
9.11562562e-01
6.35666132e-01
7.12044716e-01
7.77642906e-01
8.38385165e-01
9.07991171e-01
8.44433844e-01
7.93208241e-01
8.34078848e-01
9.59948361e-01
7.08190620e-01
6.65238440e-01
6.43678606e-01
6.89658105e-01
7.15179741e-01
7.86097705e-01
7.29787469e-01
6.83210731e-01
7.67250776e-01
6.13426387e-01
6.65096462e-01
1.00210857e+00
6.09620333e-01
7.13334739e-01
7.56505430e-01
6.95609570e-01
7.34113634e-01
7.74334848e-01
6.09032094e-01
7.24074244e-01
7.49282122e-01
6.49920046e-01
7.06136227e-01
6.46434903e-01
7.47043490e-01
6.66435540e-01
6.20789170e-01
6.76815629e-01
6.48389935e-01
7.05793083e-01
6.30218625e-01
1.04825222e+00
7.28505611e-01
6.04936600e-01
8.15309644e-01
6.27927661e-01
7.41038978e-01
5.51737130e-01
5.60254395e-01
6.30784273e-01
5.05483508e-01
6.48716867e-01
1.00109243e+00
6.12422049e-01
4.94222879e-01
4.62225497e-01
5.26540875e-01
7.71540880e-01
5.21614373e-01
5.37250102e-01
5.04867971e-01
4.64545816e-01
5.16261518e-01
6.32820189e-01
4.84249055e-01
6.85740530e-01
4.97294188e-01
4.42498356e-01
5.62677324e-01
7.26315796e-01
8.01202416e-01
4.53740299e-01
4.34182435e-01
5.42222798e-01
5.93021452e-01
4.86568093e-01
7.52188504e-01
4.47928846e-01
4.26221550e-01
4.45741475e-01
4.42691892e-01
5.40700257e-01
4.13505137e-01
4.76044089e-01
5.42850137e-01
5.39038360e-01
6.44681513e-01
5.51245272e-01
6.81611359e-01
7.26545513e-01
5.77852547e-01
4.73708987e-01
5.06227493e-01
5.86152911e-01
4.70122635e-01
5.94485223e-01
9.07496750e-01
8.75059485e-01
6.36396348e-01
6.30567551e-01
5.82777381e-01
5.47516346e-01
5.51974058e-01
6.18991196e-01
6.55126452e-01
6.67342067e-01
6.47141278e-01
6.99812710e-01
5.45737803e-01
5.92195392e-01
8.76199663e-01
5.44598222e-01
7.40431130e-01
6.55025244e-01
6.07257366e-01
7.06443131e-01
7.92063594e-01
7.77672529e-01
7.22469330e-01
8.29713464e-01
7.32809901e-01
6.55214489e-01
7.23881841e-01
6.22522712e-01
7.05463469e-01
9.08256054e-01
8.24750781e-01
7.10214078e-01
7.37631440e-01
7.29313850e-01
8.96406770e-01
9.06971455e-01
7.69770384e-01
6.52490497e-01
6.50168300e-01
9.28108096e-01
8.72726917e-01
8.98912609e-01
9.67713416e-01
8.74165535e-01
6.73965931e-01
6.38167322e-01
7.90415645e-01
6.68247879e-01
6.92470968e-01
7.77264595e-01
6.58944964e-01
7.97262609e-01
8.86145830e-01
7.67972291e-01
6.75276518e-01
6.62058234e-01
8.18455637e-01
9.42432821e-01
8.95450711e-01
8.47013295e-01
7.71926463e-01
7.98611760e-01
8.03203285e-01
7.79847622e-01
6.52533591e-01
7.19722807e-01
8.45271051e-01
8.18262458e-01
7.02816904e-01
9.45854604e-01
9.25844491e-01
7.80543625e-01
8.05769622e-01
7.81458080e-01
6.76925957e-01
6.77518547e-01
7.56529033e-01
8.67490888e-01
7.74054050e-01
7.56371439e-01
1.00176108e+00
8.04843187e-01
8.66767824e-01
7.35569179e-01
6.53850853e-01
6.99282527e-01
9.10532236e-01
1.24077904e+00
8.57620656e-01
8.21241498e-01
9.13681805e-01
7.91996956e-01
6.91361070e-01
7.51885831e-01
8.34851503e-01
6.60364211e-01
6.68327510e-01
7.21956134e-01
6.36969864e-01
6.87660336e-01
8.16550076e-01
6.84288919e-01
8.14016640e-01
9.97770905e-01
7.20705330e-01
7.16591835e-01
6.91711903e-01
8.30062807e-01
8.46654654e-01
7.52398372e-01
7.52676070e-01
7.16268122e-01
7.84581006e-01
9.38106239e-01
9.29751217e-01
7.58684754e-01
7.22064972e-01
7.93803811e-01
6.76084697e-01
9.22683477e-01
7.92084038e-01
7.10812092e-01
8.74594748e-01
6.60192132e-01
8.01419079e-01
6.62054002e-01
8.08022976e-01
9.66919303e-01
7.02591002e-01
9.77037489e-01
7.74531901e-01
8.45355093e-01
8.53814781e-01
8.06117356e-01
9.97123063e-01
7.50680447e-01
6.51645541e-01
7.91976392e-01
7.76197433e-01
6.83496118e-01
8.56251955e-01
9.86834347e-01
8.37201536e-01
8.03567410e-01
7.88307726e-01
7.63515592e-01
8.34432662e-01
8.20899010e-01
7.23751724e-01
6.94111347e-01
7.03659594e-01
8.35246801e-01
9.71304953e-01
8.81013989e-01
7.72024453e-01
9.10028398e-01
8.05339217e-01
6.56015813e-01
7.37838864e-01
7.45096803e-01
8.57283473e-01
7.33373106e-01
7.28898585e-01
7.46718705e-01
7.01018631e-01
6.67037308e-01
7.44997740e-01
9.87064838e-01
8.44769239e-01
6.38489604e-01
8.60980868e-01
8.18734944e-01
8.79435301e-01
7.99985111e-01
6.91393554e-01
7.04187393e-01
8.46579909e-01
8.06999385e-01
8.30891728e-01
8.76003921e-01
7.44018614e-01
7.17434525e-01
9.82124746e-01
7.99602687e-01
6.21142030e-01
6.76157594e-01
7.40112305e-01
7.09325910e-01
7.06794977e-01
7.45525897e-01
6.39171362e-01
5.65330505e-01
7.08936810e-01
7.82906294e-01
5.90884626e-01
9.09338355e-01
8.05275917e-01
7.03600645e-01
6.22636497e-01
5.84222674e-01
7.14326441e-01
6.06201887e-01
7.64803410e-01
7.40680635e-01
6.62821293e-01
6.64686203e-01
7.61937797e-01
7.36100137e-01
5.55692136e-01
6.59813583e-01
8.47741663e-01
8.33643198e-01
7.09052026e-01
7.08585322e-01
8.39331150e-01
7.78558373e-01
7.19774365e-01
8.33398640e-01
9.61413920e-01
6.16111577e-01
7.18002379e-01
9.23988461e-01
7.61440217e-01
6.80704296e-01
9.05524194e-01
6.57830417e-01
7.68926561e-01
6.04413152e-01
5.70721149e-01
6.81421638e-01
7.19704568e-01
5.67256451e-01
6.31867409e-01
7.06859231e-01
7.53603935e-01
6.13053560e-01
6.01541758e-01
9.89624143e-01
6.43810213e-01
7.03713417e-01
7.41608739e-01
6.63775206e-01
8.55859756e-01
8.52602959e-01
7.04803050e-01
7.15751767e-01
6.97374582e-01
6.43457413e-01
6.58460140e-01
8.24507415e-01
7.86106229e-01
5.26666343e-01
5.63312411e-01
8.48519504e-01
6.45765901e-01
6.46454096e-01
6.39202654e-01
6.08356893e-01
6.35721684e-01
7.57899821e-01
7.27115691e-01
8.07183385e-01
6.17869914e-01
7.20473111e-01
7.39167035e-01
6.41299903e-01
8.82420957e-01
7.49619722e-01
7.04062879e-01
8.15453947e-01
7.67410874e-01
7.11445868e-01
8.39327693e-01
5.46424150e-01
7.47971237e-01
6.98782802e-01
5.62101781e-01
6.93178833e-01
7.34961331e-01
6.89717531e-01
6.92513049e-01
7.34309852e-01
5.98131716e-01
5.64489603e-01
8.15709651e-01
6.75715089e-01
9.14884925e-01
7.64745414e-01
6.13329291e-01
6.72417462e-01
6.14224732e-01
6.58390641e-01
7.06467807e-01
6.72837496e-01
6.94143713e-01
8.06044340e-01
7.95094252e-01
7.71716416e-01
6.82002902e-01
6.83408022e-01
8.12156856e-01
7.48011172e-01
5.38787842e-01
7.03625023e-01
8.68115544e-01
6.55829608e-01
5.77729166e-01
7.16111958e-01
6.73066676e-01
1.00780284e+00
7.30312824e-01
6.87005639e-01
8.48048270e-01
8.17782700e-01
7.54033983e-01
7.93363810e-01
6.17022455e-01
5.49133956e-01
5.59618950e-01
5.80802441e-01
5.55640101e-01
6.14341915e-01
6.98642075e-01
5.60440600e-01
5.56975961e-01
7.65381753e-01
6.66239619e-01
6.19274735e-01
7.64185071e-01
5.40749013e-01
4.66599584e-01
4.84190822e-01
5.78898251e-01
6.59344196e-01
6.28999591e-01
5.71006715e-01
5.80019236e-01
6.05464280e-01
6.66787684e-01
8.08192372e-01
5.54483116e-01
6.30394340e-01
7.75364041e-01
6.20709538e-01
8.11787784e-01
5.35869062e-01
5.80727935e-01
5.34785092e-01
5.02392948e-01
6.10307217e-01
9.13275242e-01
6.75814390e-01
5.19862950e-01
6.89510703e-01
7.78982937e-01
6.29898608e-01
6.11000121e-01
6.76245749e-01
5.23391366e-01
7.17165530e-01
7.54065871e-01
5.81040323e-01
6.55523598e-01
5.01078725e-01
6.70848012e-01
6.09658003e-01
6.94833815e-01
8.88886333e-01
5.88833928e-01
5.26501477e-01
8.53774965e-01
7.11951494e-01
5.10002255e-01
6.81818485e-01
7.82455564e-01
5.12877166e-01
6.32056594e-01
8.91522884e-01
6.46283507e-01
4.30310935e-01
8.16095054e-01
4.89562422e-01
5.17400861e-01
5.70938706e-01
6.62652135e-01
6.89628303e-01
6.34193420e-01
5.60150981e-01
6.86009884e-01
8.59970987e-01
8.49040627e-01
7.43850350e-01
6.65934861e-01
5.90195358e-01
8.41950715e-01
7.70674288e-01
5.63654244e-01
5.49738228e-01
7.87930369e-01
7.62547195e-01
7.44362473e-01
5.43939888e-01
5.18323064e-01
6.57759547e-01
6.43190145e-01
6.88626349e-01
5.80837071e-01
5.71222365e-01
5.51647007e-01
5.41017652e-01
6.16182327e-01
6.51471853e-01
6.46053553e-01
6.88467085e-01
7.03145385e-01
6.13509655e-01
5.59804380e-01
9.12543356e-01
6.29613221e-01
5.29663324e-01
5.41665852e-01
5.26821613e-01
5.07653415e-01
5.47629654e-01
5.63579917e-01
6.23331249e-01
5.61815917e-01
5.72636485e-01
7.68772483e-01
5.67169189e-01
6.61551774e-01
6.54311836e-01
6.01604581e-01
7.38990486e-01
5.54182291e-01
5.24268031e-01
5.95569193e-01
4.78937447e-01
5.34133375e-01
7.70324051e-01
5.02280831e-01
8.28792572e-01
6.60737753e-01
7.06920028e-01
8.76287222e-01
7.08574414e-01
6.44119203e-01
5.37054777e-01
7.40326047e-01
6.59688354e-01
6.22460246e-01
7.62299001e-01
6.37776732e-01
6.09333754e-01
6.64697111e-01
6.87654555e-01
5.52189589e-01
4.84655350e-01
5.08491039e-01
5.68073630e-01
6.30788922e-01
8.03726554e-01
6.94798052e-01
5.44089019e-01
8.18695724e-01
4.09426659e-01
4.16043013e-01
4.24772620e-01
5.44790983e-01
7.38213897e-01
4.74444747e-01
6.95752919e-01
6.04891121e-01
4.44484800e-01
4.32515115e-01
5.51104844e-01
6.12882614e-01
7.46846378e-01
4.72837418e-01
4.61167902e-01
6.77159667e-01
7.43818462e-01
4.94183570e-01
6.41776025e-01
7.82483757e-01
8.95650804e-01
7.10587919e-01
4.54583436e-01
6.18719518e-01
5.17292380e-01
6.05612278e-01
6.99039996e-01
7.07276583e-01
6.14527106e-01
4.61447895e-01
4.81191605e-01
4.99960035e-01
4.60789412e-01
5.29386222e-01
6.15899861e-01
4.90181446e-01
4.89533246e-01
7.02478886e-01
5.42880952e-01
5.14185071e-01
8.27223361e-01
4.73715127e-01
5.89169025e-01
6.93708062e-01
6.56377792e-01
7.09107280e-01
8.52396429e-01
4.92252201e-01
4.50075150e-01
7.06495702e-01
8.21546197e-01
7.93633997e-01
6.49956942e-01
4.02076453e-01
6.98401690e-01
5.08306563e-01
5.83292961e-01
7.34875441e-01
3.93354326e-01
4.68017191e-01
6.22363985e-01
6.44539118e-01
5.01280189e-01
4.68922764e-01
5.47151625e-01
6.82086468e-01
4.41009521e-01
5.28858960e-01
6.46449924e-01
5.03075123e-01
4.60716426e-01
6.35376751e-01
5.63783228e-01
4.06684160e-01
4.28172827e-01
4.45564836e-01
4.95927632e-01
8.83687079e-01
4.07053351e-01
4.49199468e-01
6.78348362e-01
5.99411130e-01
4.48472857e-01
4.52125758e-01
6.12615407e-01
3.99452716e-01
4.02977496e-01
6.68298304e-01
6.34226203e-01
4.51210469e-01
3.92528117e-01
3.87555599e-01
5.15685499e-01
6.23892546e-01
4.00615454e-01
4.80549991e-01
5.38470387e-01
4.91525650e-01
5.13793886e-01
6.22269869e-01
4.61311579e-01
8.98100078e-01
2.35896897e+00
1.64779937e+00
2.76157975e+00
2.36625409e+00
1.85557950e+00
1.11822891e+00
4.36301708e-01
5.04570723e-01
6.00961983e-01
4.83449638e-01
7.34017193e-01
5.30691206e-01
4.17357445e-01
4.22988415e-01
5.88041782e-01
6.71066999e-01
4.87328202e-01
5.13715744e-01
5.75661421e-01
6.30744278e-01
3.95438939e-01
3.69374096e-01
5.88740110e-01
4.81322289e-01
4.62456137e-01
4.72903013e-01
4.21184510e-01
4.03976858e-01
4.40018058e-01
5.68286240e-01
4.88550395e-01
5.97282469e-01
7.03398943e-01
5.00229120e-01
4.33766693e-01
3.71512741e-01
4.64459449e-01
6.55714869e-01
7.18875349e-01
5.86466372e-01
5.47796249e-01
8.51836681e-01
4.39061642e-01
4.20123458e-01
5.74607015e-01
5.06025016e-01
4.40206081e-01
6.03490531e-01
4.68474150e-01
5.66860020e-01
6.87146842e-01
5.72314143e-01
5.51402509e-01
5.14797568e-01
6.23701274e-01
6.72613323e-01
6.23254836e-01
6.45609021e-01
6.02922916e-01
7.40656376e-01
7.98101723e-01
5.68730116e-01
3.46290290e-01
3.96942466e-01
7.21165597e-01
5.02956748e-01
5.18883824e-01
4.32689905e-01
4.74731237e-01
6.75666153e-01
5.34538925e-01
4.13376123e-01
7.86355972e-01
7.97444999e-01
5.49229562e-01
5.45232058e-01
6.29423201e-01
4.19410199e-01
3.46080363e-01
4.06487137e-01
5.58819711e-01
5.68212211e-01
4.22962368e-01
4.78413343e-01
4.89440858e-01
3.79561067e-01
4.02720660e-01
8.01309347e-01
1.12995768e+00
4.78351146e-01
4.93719727e-01
4.87274110e-01
5.47327518e-01
5.72780609e-01
6.26330197e-01
6.82004750e-01
6.67680740e-01
5.43467581e-01
5.02370119e-01
5.17249703e-01
5.39360464e-01
6.89080834e-01
4.15999323e-01
5.18917441e-01
4.69628572e-01
4.44234282e-01
4.98541355e-01
3.97884369e-01
4.50721085e-01
5.47108710e-01
5.89446664e-01
4.88615513e-01
3.89312655e-01
5.13482332e-01
4.47061837e-01
4.18748170e-01
5.47699213e-01
4.97255325e-01
3.89185727e-01
5.18732607e-01
5.35533667e-01
4.27430689e-01
3.95641088e-01
5.33061087e-01
5.93448639e-01
4.77499098e-01
4.98706877e-01
3.66244525e-01
5.57959259e-01
6.93593681e-01
4.49110657e-01
4.46823180e-01
5.89054465e-01
6.08701348e-01
5.00467300e-01
4.46161926e-01
4.52000022e-01
4.26577449e-01
4.20819730e-01
5.74050546e-01
4.28296804e-01
3.55779648e-01
5.88147402e-01
6.21531785e-01
4.45174575e-01
4.62600917e-01
5.31251431e-01
5.16934752e-01
4.03324991e-01
5.30764818e-01
6.37236416e-01
5.74974179e-01
5.72196007e-01
5.35193443e-01
4.06458825e-01
4.23773408e-01
5.90910733e-01
5.76631069e-01
5.84132433e-01
4.79334831e-01
4.18981224e-01
7.53786147e-01
5.20134687e-01
4.85242397e-01
3.28922391e-01
4.22888905e-01
9.10874009e-01
3.98539752e-01
6.49631858e-01
5.12251139e-01
3.90250623e-01
3.48639280e-01
3.89766008e-01
3.25684279e-01
7.77342379e-01
4.63432699e-01
3.49432975e-01
4.22134191e-01
3.97078604e-01
5.91693342e-01
6.17889643e-01
4.35546249e-01
4.12997633e-01
4.33556944e-01
3.77221823e-01
4.46845114e-01
3.65548193e-01
3.36351424e-01
3.85956287e-01
3.95785093e-01
5.07257938e-01
4.00826663e-01
7.39642262e-01
6.68965995e-01
3.52304697e-01
3.28472286e-01
8.59229565e-01
4.28434551e-01
7.42880702e-01
8.19581509e-01
5.31385005e-01
5.00542879e-01
6.82022095e-01
5.00226676e-01
4.76968050e-01
4.12246615e-01
3.61566961e-01
4.01742816e-01
3.88977468e-01
6.08471572e-01
4.05968159e-01
4.85832810e-01
5.69487274e-01
5.23010314e-01
6.74044132e-01
6.10340357e-01
6.48556590e-01
4.25058246e-01
3.78867269e-01
4.45398510e-01
4.46168423e-01
4.15229499e-01
5.09149134e-01
3.64552826e-01
3.81314933e-01
5.18585205e-01
4.37209040e-01
9.08362627e-01
3.63053024e-01
4.02935326e-01
5.95872521e-01
5.66622496e-01
3.70201737e-01
5.81350327e-01
4.44862396e-01
4.65770721e-01
5.10227323e-01
4.25907612e-01
5.39518595e-01
5.99491358e-01
6.44819558e-01
6.62271559e-01
4.60377306e-01
4.02074844e-01
5.68424225e-01
3.93237829e-01
3.57137442e-01
3.31354022e-01
3.46114516e-01
3.21449459e-01
6.39994323e-01
3.38065237e-01
5.60525060e-01
4.81383622e-01
3.70291740e-01
4.03436214e-01
5.22377133e-01
5.75467169e-01
7.01345742e-01
6.10262394e-01
4.62863624e-01
5.38233221e-01
4.50519145e-01
4.39321071e-01
5.31126499e-01
4.82568383e-01
3.29894930e-01
3.14945757e-01
5.29205441e-01
3.55338901e-01
4.43667382e-01
4.58062589e-01
5.16026735e-01
7.74696350e-01
3.57694000e-01
4.75571871e-01
4.11878139e-01
6.31566703e-01
6.63602352e-01
3.73606265e-01
5.52779853e-01
4.89721864e-01
5.65054774e-01
5.67896485e-01
4.60104972e-01
3.55296850e-01
3.38001668e-01
5.40628493e-01
3.95380378e-01
4.64942664e-01
5.41594207e-01
3.30605328e-01
4.42113727e-01
6.10318303e-01
4.02442992e-01
5.43852746e-01
8.22042108e-01
6.77570999e-01
4.16269690e-01
4.72421080e-01
3.79154295e-01
3.54434818e-01
5.85529029e-01
6.79067850e-01
5.00210702e-01
3.51905197e-01
2.79650390e-01
3.66613686e-01
5.79730809e-01
6.87292099e-01
4.67150956e-01
2.77751923e-01
4.16358739e-01
5.85594893e-01
4.44114149e-01
3.67720246e-01
4.87503856e-01
5.47223330e-01
4.89303201e-01
4.94962275e-01
4.42710936e-01
3.40952843e-01
5.19005775e-01
6.57859564e-01
8.77137899e-01
1.46916091e+00
1.63335586e+00
5.58615148e-01
5.90293169e-01
9.58094001e-01
1.51058602e+00
6.85300231e-01
6.66670203e-01
7.35932708e-01
4.09213156e-01
3.73139143e-01
4.79924083e-01
3.86559844e-01
3.24745774e-01
5.97592950e-01
4.18286413e-01
3.45046967e-01
5.69799781e-01
4.24386889e-01
3.17369908e-01
4.05874312e-01
4.34572548e-01
3.95609170e-01
3.23514462e-01
3.96891654e-01
4.54483628e-01
4.84923244e-01
5.15657127e-01
5.33854783e-01
5.51187456e-01
5.81401229e-01
5.44155240e-01
5.04712760e-01
4.55743849e-01
4.07000571e-01
3.78324687e-01
3.65997016e-01
5.01699030e-01
4.93213892e-01
5.79466760e-01
4.15476531e-01
3.44400764e-01
4.35795546e-01
6.14080667e-01
4.85789329e-01
5.24468541e-01
6.09620750e-01
4.18594629e-01
4.08745736e-01
4.44019586e-01
3.00569654e-01
4.04804736e-01
4.96925086e-01
4.08788174e-01
3.45844597e-01
4.85990047e-01
3.28604281e-01
4.51424867e-01
3.20831567e-01
2.81897604e-01
5.54836988e-01
5.80556631e-01
4.61983889e-01
3.96373749e-01
4.50999558e-01
4.40385610e-01
3.71092528e-01
3.59683216e-01
4.80320662e-01
4.87251252e-01
3.73697460e-01
3.48634541e-01
4.14556116e-01
5.18827736e-01
6.34554625e-01
4.52835858e-01
4.75946456e-01
5.16283274e-01
4.03253883e-01
3.98500592e-01
4.76154506e-01
4.70758349e-01
5.03891408e-01
4.76953059e-01
3.90888333e-01
2.73909152e-01
2.86137998e-01
3.03501427e-01
4.25868362e-01
3.38007808e-01
2.72575766e-01
3.37314487e-01
4.39955324e-01
6.29326880e-01
3.76983583e-01
3.56129050e-01
3.77646416e-01
2.95360476e-01
4.95201111e-01
4.04254586e-01
2.83485115e-01
3.67458224e-01
5.64729810e-01
2.75225967e-01
3.57599437e-01
4.01228905e-01
4.14023459e-01
2.50859529e-01
0.00000000e+00
4.43365216e-01
3.95703346e-01
5.38422525e-01
3.27933967e-01
3.33784699e-01
4.72467124e-01
4.68421012e-01
4.74225104e-01
3.39788467e-01
2.91005552e-01
2.67401576e-01
3.37376982e-01
5.00880718e-01
6.45939112e-01
4.59297359e-01
4.09168124e-01
5.13488948e-01
3.53291184e-01
2.59809405e-01
4.14736569e-01
4.65691924e-01
3.06041181e-01
3.33715588e-01
4.38585103e-01
3.56774777e-01
3.11381698e-01
3.57658148e-01
2.69994348e-01
3.12174559e-01
6.12309158e-01
5.18974781e-01
3.47142577e-01
4.92807508e-01
3.87337595e-01
3.41990411e-01
3.14411879e-01
3.72921169e-01
4.14382666e-01
5.59156120e-01
5.03591299e-01
4.30285752e-01
5.10677814e-01
5.57382703e-01
3.45358193e-01
3.09422642e-01
3.84901196e-01
2.80326426e-01
3.45267057e-01
7.41726935e-01
4.10939574e-01
3.06788504e-01
5.73565125e-01
5.02364099e-01
3.08897346e-01
4.51529205e-01
4.19400781e-01
5.11047244e-01
5.84977329e-01
3.52182090e-01
3.39980900e-01
4.22083616e-01
3.99905264e-01
4.40720797e-01
4.12644476e-01
3.30746174e-01
3.33500594e-01
4.39058542e-01
3.54173511e-01
3.93919051e-01
4.40657854e-01
3.40744734e-01
3.67804587e-01
3.54007721e-01
5.63413560e-01
4.63068068e-01
4.16459888e-01
3.14039320e-01
2.78383553e-01
5.49017847e-01
2.91650057e-01
7.68474936e-01
7.39973187e-01
4.62833107e-01
5.49907863e-01
3.70593011e-01
5.37208676e-01
4.14030582e-01
3.33542675e-01
3.45453560e-01
3.43855947e-01
4.54214752e-01
3.35171252e-01
4.00922686e-01
4.73216981e-01
3.61924589e-01
4.75644499e-01
6.13089144e-01
8.80850613e-01
7.24942148e-01
5.72503984e-01
5.11684418e-01
4.13137853e-01
4.84264553e-01
5.39340794e-01
3.48288447e-01
3.39672267e-01
3.44013125e-01
3.54408771e-01
3.66705179e-01
4.38496858e-01
2.46075928e-01
3.38550955e-01
3.36364001e-01
4.87531573e-01
4.18101788e-01
3.88045460e-01
4.08099741e-01
3.01249683e-01
3.28820795e-01
5.39470613e-01
4.17472094e-01
3.63537818e-01
3.43554616e-01
5.78757286e-01
4.31063086e-01
3.82748723e-01
5.42217255e-01
3.67315650e-01
3.46376419e-01
3.78424495e-01
4.18280184e-01
3.48901272e-01
4.46831822e-01
3.87156337e-01
3.84776264e-01
3.68907154e-01
4.96453106e-01
5.72801709e-01
3.09347957e-01
4.44324523e-01
6.19441330e-01
5.95222473e-01
3.92875284e-01
3.21483523e-01
3.38652879e-01
3.43842924e-01
3.08466941e-01
4.75298762e-01
6.58966541e-01
4.72812027e-01
4.58120346e-01
4.46548879e-01
3.51429194e-01
3.23189884e-01
3.00575137e-01
2.63479739e-01
4.00553375e-01
3.30151230e-01
4.10320461e-01
5.18824399e-01
4.33791488e-01
2.80425638e-01
3.62555116e-01
5.94160616e-01
4.22763526e-01
3.40807110e-01
4.13493365e-01
3.83020967e-01
2.98292249e-01
2.86661863e-01
3.73739749e-01
5.00256181e-01
4.40274984e-01
3.79260093e-01
3.49160403e-01
5.48805535e-01
3.81785035e-01
3.87787223e-01
4.51156437e-01
2.53055871e-01
4.76092011e-01
2.94293791e-01
3.27513933e-01
3.75124604e-01
2.68860966e-01
4.45017219e-01
2.73724943e-01
2.26980671e-01
4.00384396e-01
4.53897208e-01
3.81782591e-01
3.82305920e-01
3.64966214e-01
4.80765581e-01
3.58215362e-01
2.89472401e-01
3.73199344e-01
3.22209507e-01
2.33128563e-01
3.60544324e-01
3.48257542e-01
2.95862228e-01
3.05294245e-01
2.38438070e-01
2.90577561e-01
2.89023608e-01
3.22465956e-01
4.30508673e-01
4.71631169e-01
4.35046971e-01
4.29671586e-01
3.60816419e-01
3.08571488e-01
3.15284669e-01
3.95566911e-01
4.66494828e-01
3.61568362e-01
3.72148007e-01
2.81930029e-01
3.27582538e-01
5.83114684e-01
2.62955397e-01
4.48597908e-01
3.42422545e-01
2.75288939e-01
3.46634597e-01
7.07052350e-01
4.98238534e-01
5.60046971e-01
4.87024397e-01
4.18761462e-01
3.53891462e-01
3.37540478e-01
3.80448967e-01
5.16217589e-01
2.86018610e-01
2.41358846e-01
3.22686642e-01
3.21208745e-01
2.55498558e-01
3.55041951e-01
4.31621492e-01
4.17654157e-01
3.06023479e-01
2.70025551e-01
2.95090675e-01
2.69200891e-01
2.57055670e-01
3.47485900e-01
3.56495738e-01
3.06486785e-01
3.04122329e-01
3.20279986e-01
2.77828097e-01
3.24618429e-01
3.34430218e-01
2.41276115e-01
3.28524888e-01
4.07118320e-01
3.33456933e-01
2.95125812e-01
3.52478474e-01
3.52463990e-01
2.94344366e-01
2.75925517e-01
3.17732841e-01
3.16721112e-01
2.86746264e-01
3.03010315e-01
3.13487977e-01
2.73337275e-01
3.21385711e-01
2.99560398e-01
2.86535561e-01
6.13933444e-01
7.88145900e-01
6.36113346e-01
6.60000205e-01
4.73859429e-01
3.84795338e-01
2.54458815e-01
3.99681240e-01
3.90803128e-01
2.28861973e-01
2.53660202e-01
2.35408291e-01
2.31960431e-01
3.97716522e-01
3.26637745e-01
3.34821045e-01
3.18387449e-01
3.22753191e-01
3.20624769e-01
4.22642052e-01
2.32705355e-01
2.81831354e-01
3.55116934e-01
3.29028398e-01
2.48901308e-01
2.91923881e-01
2.27116078e-01
3.06983173e-01
3.81020218e-01
2.24759385e-01
2.25747257e-01
2.75581837e-01
3.74095857e-01
4.31541979e-01
4.11970973e-01
3.66591364e-01
2.74596274e-01
2.64065623e-01
3.77742290e-01
3.58694106e-01
2.81413734e-01
3.35384846e-01
5.07259786e-01
2.79983342e-01
3.45785141e-01
2.74747729e-01
3.12564284e-01
4.71832126e-01
2.87899822e-01
4.72549766e-01
3.78023386e-01
4.08756584e-01
3.74914110e-01
2.74270535e-01
3.24426472e-01
2.56099433e-01
4.44274276e-01
3.47700745e-01
2.47782767e-01
3.07073385e-01
2.74670005e-01
2.24583477e-01
4.30225611e-01
3.70643377e-01
2.12397859e-01
2.55378693e-01
3.40899497e-01
2.69323498e-01
3.50706518e-01
3.77896160e-01
2.74524182e-01
2.32550383e-01
3.74646783e-01
3.53815705e-01
3.89706671e-01
4.12185758e-01
2.54655570e-01
2.30106086e-01
5.18373549e-01
3.32353383e-01
3.58519524e-01
4.24236417e-01
3.95399094e-01
3.57240170e-01
3.08339119e-01
3.34180832e-01
2.43162602e-01
2.70716369e-01
3.03105295e-01
3.01479995e-01
3.76892805e-01
2.28879765e-01
3.70549649e-01
3.27239841e-01
2.45908067e-01
3.20655555e-01
2.54024863e-01
3.24469835e-01
3.03247213e-01
3.63141149e-01
3.79881293e-01
3.04314017e-01
3.20625156e-01
3.99336070e-01
3.79922897e-01
6.25001848e-01
3.85224730e-01
2.93772489e-01
3.00219119e-01
3.12426716e-01
2.79407173e-01
4.78910357e-01
3.91037613e-01
2.46315956e-01
6.10310793e-01
2.49739081e-01
2.25328803e-01
3.32753152e-01
4.26811367e-01
3.32846910e-01
2.63678074e-01
2.16549203e-01
4.30872470e-01
3.07452440e-01
2.28500128e-01
3.84942383e-01
2.47192785e-01
4.31337804e-01
3.32942486e-01
3.26027006e-01
4.65706944e-01
3.57421964e-01
2.37904146e-01
2.78514892e-01
2.93146700e-01
2.34409124e-01
3.00813675e-01
2.40642428e-01
2.25884959e-01
4.38836783e-01
2.27674782e-01
3.06665182e-01
3.87635916e-01
5.34695029e-01
2.13495421e+00
1.16598403e+00
3.09640795e-01
2.77737409e-01
3.49241734e-01
5.38617790e-01
3.13313723e-01
3.47196907e-01
3.24462652e-01
3.39076191e-01
3.12297851e-01
2.43627846e-01
2.47926876e-01
2.26523161e-01
2.90207893e-01
3.50569397e-01
3.04158509e-01
2.67097384e-01
5.47964334e-01
3.31159115e-01
3.10570776e-01
3.53005290e-01
3.96904558e-01
3.73299569e-01
2.58266360e-01
3.54203820e-01
3.68887544e-01
3.11859280e-01
3.16534638e-01
2.81207740e-01
3.60545844e-01
3.13400060e-01
3.62516820e-01
3.71630102e-01
2.89351434e-01
2.47183874e-01
3.79009694e-01
2.59825110e-01
1.91540703e-01
2.13815480e-01
2.79157430e-01
2.82747626e-01
3.62514764e-01
3.33705425e-01
2.05773458e-01
3.06182563e-01
4.99534637e-01
2.48578012e-01
2.62904972e-01
4.70124483e-01
2.75583148e-01
2.76029140e-01
4.09909815e-01
3.59327346e-01
3.39746773e-01
3.10555190e-01
3.07455391e-01
2.67081767e-01
2.68370211e-01
3.58622253e-01
3.30955744e-01
3.87670487e-01
3.56425881e-01
3.70226204e-01
4.30852026e-01
4.14440006e-01
3.97278547e-01
4.22769368e-01
3.93519819e-01
3.61344159e-01
3.27972263e-01
2.70381063e-01
1.92398474e-01
3.39804292e-01
3.50779682e-01
3.45688939e-01
3.83157641e-01
2.71121055e-01
2.92540073e-01
2.59286106e-01
3.39065671e-01
2.92623401e-01
2.34164253e-01
4.00248051e-01
2.59403288e-01
2.38235921e-01
2.66681612e-01
3.43673140e-01
4.40374792e-01
3.23768556e-01
3.62345904e-01
2.40251392e-01
2.76039332e-01
2.20225692e-01
2.55380213e-01
4.22439575e-01
3.28746021e-01
3.49094361e-01
2.17290357e-01
2.03884289e-01
3.09963822e-01
3.49873155e-01
2.42245659e-01
2.64524758e-01
3.95654619e-01
4.13943738e-01
3.02132040e-01
2.31256172e-01
2.65643328e-01
3.35154027e-01
2.89569050e-01
2.72000760e-01
3.53243232e-01
2.20662326e-01
2.77359486e-01
2.96012402e-01
3.25178832e-01
3.71749938e-01
3.06511581e-01
2.76305437e-01
3.55793357e-01
3.76081020e-01
3.31073523e-01
2.64615297e-01
2.99836129e-01
4.27991241e-01
3.34497929e-01
2.24296570e-01
2.28405431e-01
3.12518269e-01
4.21430200e-01
3.23903948e-01
2.96280652e-01
2.26643428e-01
2.09582895e-01
2.40839899e-01
2.72003233e-01
2.44627044e-01
3.68331015e-01
3.13544661e-01
3.22587907e-01
3.49672228e-01
2.19818890e-01
3.74154955e-01
4.59889442e-01
3.09000492e-01
2.24260375e-01
2.48428255e-01
2.79316127e-01
2.59268701e-01
2.31677085e-01
3.16481590e-01
2.97230572e-01
2.54059166e-01
2.86118895e-01
2.63756692e-01
3.60249817e-01
2.45920286e-01
2.19894260e-01
2.60353863e-01
2.35669479e-01
2.19162419e-01
3.79706562e-01
2.51406908e-01
2.89647430e-01
4.16194171e-01
2.92366892e-01
2.50271291e-01
2.93236494e-01
2.34504327e-01
3.26542139e-01
3.70479614e-01
2.44602531e-01
2.80803859e-01
3.10412169e-01
2.34603569e-01
2.38818720e-01
2.68488765e-01
2.11949334e-01
2.98130006e-01
2.03997970e-01
2.29388371e-01
2.67451465e-01
2.30976984e-01
3.04342419e-01
2.17428774e-01
1.80639297e-01
3.07887733e-01
3.00628692e-01
2.75768429e-01
3.40485334e-01
3.23829889e-01
2.02364266e-01
3.00474346e-01
2.95493990e-01
1.89120620e-01
2.33002663e-01
2.85742223e-01
2.89211065e-01
2.72858292e-01
2.26228580e-01
2.42060244e-01
3.35714787e-01
2.68477857e-01
3.90950650e-01
3.41490686e-01
2.86547333e-01
3.06325376e-01
2.52640843e-01
3.69067401e-01
3.51670235e-01
3.39732647e-01
2.72910893e-01
2.66128242e-01
3.11896592e-01
2.26243615e-01
2.88205057e-01
2.95753330e-01
3.19684595e-01
3.48662227e-01
2.71337837e-01
2.86724925e-01
3.89947504e-01
2.79321253e-01
2.10094020e-01
2.23268777e-01
3.06157887e-01
3.28283250e-01
1.97399169e-01
2.83806741e-01
3.79139662e-01
2.62377471e-01
1.88524216e-01
2.88967967e-01
3.21462721e-01
3.17984611e-01
3.30583721e-01
2.58692741e-01
2.27408558e-01
2.51255304e-01
2.28406906e-01
2.70313621e-01
3.27566922e-01
3.14581275e-01
3.49246681e-01
3.59362870e-01
2.37535849e-01
2.86461174e-01
3.22290510e-01
2.39950389e-01
2.57079035e-01
3.35671067e-01
2.59626478e-01
2.92637885e-01
2.09748983e-01
2.08170265e-01
3.80707413e-01
2.99142331e-01
2.16284156e-01
2.90092021e-01
3.42566133e-01
2.99121588e-01
2.95962065e-01
2.09051773e-01
2.86583126e-01
2.71131217e-01
2.27610186e-01
2.22496495e-01
2.62736678e-01
2.13819250e-01
2.75213718e-01
2.22957954e-01
2.15659365e-01
3.14670622e-01
3.42382461e-01
4.03633058e-01
3.72702658e-01
2.70847470e-01
2.82167464e-01
3.65917623e-01
2.71717161e-01
3.99194419e-01
3.02481979e-01
2.95619965e-01
3.21126997e-01
2.90593654e-01
3.08758140e-01
3.03186327e-01
3.14992219e-01
3.41108888e-01
2.66541362e-01
2.68236846e-01
3.75261068e-01
2.47004613e-01
2.32510969e-01
2.68432438e-01
2.81680286e-01
2.01049328e-01
2.06449971e-01
3.30072492e-01
4.06981677e-01
2.66606867e-01
2.25981504e-01
4.03838247e-01
5.06602407e-01
3.90255988e-01
4.10353124e-01
3.18947345e-01
2.54162729e-01
2.51542509e-01
2.89220780e-01
2.10572407e-01
2.26772651e-01
2.32638717e-01
2.52173007e-01
3.41342181e-01
2.85820931e-01
2.17208713e-01
2.54094362e-01
2.64052063e-01
2.86311656e-01
3.22839826e-01
2.33868197e-01
3.05639803e-01
2.61578679e-01
2.64451295e-01
3.37540209e-01
2.90571541e-01
5.02776444e-01
3.27073455e-01
3.33801001e-01
3.29651147e-01
4.19720232e-01
2.47782916e-01
3.05494696e-01
4.42253619e-01
4.33986396e-01
2.99730897e-01
2.50003427e-01
3.72008413e-01
2.81692296e-01
3.03343922e-01
3.42612118e-01
5.09605229e-01
6.38781726e-01
3.00379843e-01
3.11882943e-01
2.53226131e-01
4.36601311e-01
3.37290317e-01
2.77747750e-01
2.29905486e-01
2.92273104e-01
3.72017235e-01
2.05635399e-01
2.35541284e-01
3.32633734e-01
2.79448420e-01
4.03908759e-01
4.79926676e-01
3.81185651e-01
5.08923173e-01
2.76804119e-01
3.94773513e-01
2.84595460e-01
2.11879358e-01
2.31249988e-01
2.19508603e-01
2.47194499e-01
3.90453994e-01
2.35348806e-01
2.34788522e-01
3.11966360e-01
3.71717542e-01
2.75342077e-01
2.34929726e-01
1.94969863e-01
3.43832403e-01
2.47344241e-01
2.49739826e-01
2.76710063e-01
3.06522876e-01
2.27365598e-01
2.86352247e-01
3.13710064e-01
2.69735157e-01
2.19322130e-01
1.99885905e-01
2.45485574e-01
2.24845469e-01
2.28760183e-01
2.33895093e-01
2.72917032e-01
3.30779105e-01
2.04457447e-01
2.38188758e-01
1.99401394e-01
2.24776715e-01
3.06805909e-01
3.31946194e-01
3.94584298e-01
2.15511814e-01
2.21608296e-01
3.20142120e-01
2.92692572e-01
2.90977359e-01
2.80012161e-01
2.49532029e-01
2.64436096e-01
2.52153009e-01
2.37866640e-01
2.27781236e-01
2.45243609e-01
2.08841577e-01
2.05791995e-01
2.53008723e-01
2.68557191e-01
2.97479689e-01
2.36613169e-01
3.70673597e-01
2.25125611e-01
2.50437766e-01
2.16128960e-01
2.51277357e-01
2.32900053e-01
2.71422714e-01
3.17367136e-01
2.73297518e-01
2.52649337e-01
2.00484261e-01
2.01088756e-01
2.19096407e-01
2.37079799e-01
2.43188009e-01
2.70378768e-01
2.50532329e-01
2.31339589e-01
2.86644965e-01
2.53271699e-01
1.85225412e-01
2.22414583e-01
2.69684106e-01
2.52485186e-01
2.23394454e-01
3.02675873e-01
3.00803185e-01
2.81141967e-01
4.44971770e-01
4.27228689e-01
3.85771066e-01
3.19403172e-01
2.56486148e-01
2.50655323e-01
2.90222108e-01
2.51401275e-01
2.29649320e-01
2.19776884e-01
1.85848102e-01
1.82913810e-01
3.27434093e-01
2.23713607e-01
2.81659782e-01
2.34448746e-01
2.38976941e-01
3.45831662e-01
3.15953940e-01
2.33617604e-01
3.10489774e-01
3.41116488e-01
2.88372815e-01
2.48369217e-01
3.79125446e-01
2.56931067e-01
2.22506166e-01
2.18796685e-01
2.45509341e-01
2.95199186e-01
3.85099083e-01
2.37223789e-01
3.13272268e-01
2.52797961e-01
2.23279014e-01
2.95517683e-01
2.38320753e-01
2.30011702e-01
3.00570458e-01
2.86647916e-01
2.42945224e-01
2.32210904e-01
2.32036859e-01
2.45815277e-01
2.78151095e-01
3.66784900e-01
6.46454215e-01
3.76137525e-01
4.32765365e-01
5.75579166e-01
6.78729773e-01
6.49290264e-01
4.93817985e-01
4.14909750e-01
3.85375977e-01
3.00037712e-01
4.16563064e-01
3.38879526e-01
3.05933565e-01
2.51876801e-01
2.42679656e-01
3.09681028e-01
3.09140384e-01
3.60772848e-01
3.98882896e-01
2.43961975e-01
3.06914300e-01
3.34110945e-01
3.25358033e-01
2.03893617e-01
2.53657341e-01
3.75626057e-01
3.33423108e-01
3.54508072e-01
2.67117351e-01
2.78462738e-01
2.94608653e-01
2.39348575e-01
2.58752704e-01
3.45084369e-01
2.54630417e-01
2.89857715e-01
2.66817033e-01
2.92548180e-01
2.20135987e-01
2.61667013e-01
1.98600873e-01
1.97195262e-01
2.56707937e-01
2.75317460e-01
2.35793710e-01
2.48554721e-01
2.17848286e-01
2.00687885e-01
2.30879396e-01
2.42830127e-01
2.48595044e-01
2.83426940e-01
3.41451377e-01
3.04012448e-01
2.39222482e-01
2.61104226e-01
2.35507861e-01
1.98519602e-01
2.56668717e-01
2.01508150e-01
1.86353296e-01
2.79186934e-01
2.38688439e-01
3.61983865e-01
3.80376965e-01
3.73398811e-01
3.21553469e-01
5.34777522e-01
3.84833902e-01
4.05773133e-01
2.51302063e-01
2.20564634e-01
2.28488728e-01
2.05077931e-01
2.40772396e-01
2.93510705e-01
2.75899529e-01
2.06099167e-01
2.09482566e-01
2.39543602e-01
2.57154554e-01
2.04585418e-01
2.41618738e-01
2.26116940e-01
2.60752678e-01
4.80890095e-01
7.39243925e-01
7.30785429e-01
5.73179126e-01
4.12573814e-01
3.96949947e-01
7.47415543e-01
4.17438477e-01
2.88103342e-01
2.31444493e-01
1.93346098e-01
2.16415226e-01
2.16202006e-01
2.74666935e-01
2.52227008e-01
2.90013731e-01
2.05079123e-01
2.08614200e-01
3.53727311e-01
2.75188923e-01
2.51145333e-01
2.59485632e-01
2.95116246e-01
1.94513902e-01
2.65123695e-01
3.70844603e-01
4.54728872e-01
3.00485134e-01
2.70644456e-01
2.82072395e-01
2.31160447e-01
2.07351938e-01
2.64845043e-01
4.00494546e-01
2.38918975e-01
2.48547897e-01
2.91885674e-01
2.00524569e-01
2.55089194e-01
3.93965036e-01
3.86810482e-01
5.24011552e-01
3.77274156e-01
2.82264382e-01
2.29615763e-01
2.67227530e-01
2.45969042e-01
1.76911309e-01
2.17286244e-01
2.14338288e-01
3.17538768e-01
2.48730004e-01
3.43760580e-01
3.94321710e-01
2.06339926e-01
3.70418429e-01
3.09672147e-01
4.83738184e-01
4.09382761e-01
4.52654839e-01
4.93013948e-01
3.42718154e-01
2.70081878e-01
3.18966120e-01
2.64829934e-01
1.89172640e-01
3.23607534e-01
3.49342108e-01
2.69219816e-01
2.57501751e-01
3.40368479e-01
3.42268556e-01
2.38900989e-01
2.77966201e-01
2.89501101e-01
1.94743246e-01
2.25269377e-01
3.22975934e-01
4.02155846e-01
3.22232574e-01
2.65448451e-01
2.90432781e-01
2.28727639e-01
2.18673930e-01
3.21293235e-01
1.93245649e-01
1.85779601e-01
2.93266058e-01
3.32158148e-01
3.09976786e-01
4.56560999e-01
5.14890611e-01
5.68142593e-01
4.51103210e-01
4.08881098e-01
3.56864393e-01
2.81277955e-01
2.44113773e-01
2.92357802e-01
1.84374481e-01
2.76547283e-01
3.47105920e-01
2.56058842e-01
2.32120395e-01
2.54827529e-01
2.53976792e-01
3.00234854e-01
2.95223892e-01
1.98286191e-01
1.92492336e-01
2.21778333e-01
2.30047822e-01
2.81405956e-01
3.13220263e-01
2.37300441e-01
2.61990309e-01
3.07038605e-01
2.81078666e-01
2.99339622e-01
4.14225757e-01
8.48927736e-01
3.38211894e-01
2.57855713e-01
1.96256131e-01
2.13962659e-01
2.39249364e-01
2.30481476e-01
2.53447801e-01
5.32109737e-01
3.47113311e-01
2.24058494e-01
2.37291247e-01
2.22530916e-01
3.58799428e-01
6.52280569e-01
5.60151696e-01
4.68246967e-01
3.85122687e-01
4.50144261e-01
1.90531313e-01
2.63612360e-01
2.49926031e-01
2.03625932e-01
2.46735483e-01
3.05128366e-01
4.97718781e-01
5.97275317e-01
3.08865845e-01
2.33493879e-01
2.70957351e-01
2.86376864e-01
3.61145198e-01
4.85749424e-01
4.81126517e-01
4.88915920e-01
2.57612675e-01
1.89457864e-01
3.68140906e-01
2.04202294e-01
2.07614765e-01
2.67777056e-01
2.23369569e-01
2.82471120e-01
2.14342549e-01
3.55305672e-01
3.26338559e-01
2.61926204e-01
2.46763170e-01
2.40820616e-01
2.35939011e-01
2.81295121e-01
2.87122577e-01
2.79970288e-01
2.52658725e-01
2.29777858e-01
2.45712623e-01
2.12222248e-01
1.92569152e-01
2.23302811e-01
2.01587558e-01
1.84291944e-01
2.54738122e-01
2.27136284e-01
1.86693028e-01
2.13134885e-01
2.20439523e-01
2.54020840e-01
2.04676375e-01
2.05033749e-01
2.15907514e-01
2.08021849e-01
2.72164553e-01
3.23659807e-01
2.79811025e-01
2.95942903e-01
2.31395096e-01
2.13189617e-01
2.40917161e-01
1.75719768e-01
1.85408384e-01
1.80922791e-01
2.17033908e-01
2.69189835e-01
2.04239741e-01
2.14677259e-01
2.71644890e-01
1.96458369e-01
2.10495472e-01
2.05372825e-01
1.76732615e-01
2.35167846e-01
2.51591682e-01
1.91781178e-01
2.54351228e-01
1.91206276e-01
1.72808111e-01
2.73774296e-01
2.20178381e-01
2.72027701e-01
2.52334416e-01
2.14823291e-01
2.31709048e-01
2.57427990e-01
2.09238052e-01
2.37700179e-01
2.32470542e-01
1.98316500e-01
2.42797181e-01
3.32852334e-01
2.03077272e-01
2.52268642e-01
1.94185555e-01
2.07239866e-01
2.36911640e-01
1.75708219e-01
2.18859136e-01
2.20809400e-01
2.27232113e-01
1.83399886e-01
2.02225670e-01
4.31556910e-01
2.59159207e-01
2.17463151e-01
2.68524349e-01
3.97695929e-01
2.88929135e-01
2.06692010e-01
2.02338830e-01
2.37429947e-01
2.70368516e-01
2.31168479e-01
1.86198711e-01
1.83677375e-01
1.96721494e-01
2.49443352e-01
2.68222094e-01
3.26593101e-01
3.55381906e-01
2.55007476e-01
1.97518796e-01
2.24950388e-01
2.12769106e-01
1.88010797e-01
1.80019379e-01
1.86264187e-01
2.13574663e-01
1.79989919e-01
1.92100391e-01
1.90218166e-01
2.04203591e-01
3.36332381e-01
2.55420834e-01
1.94651991e-01
1.96556926e-01
1.90065920e-01
1.96098000e-01
1.76708907e-01
2.39844546e-01
2.28768229e-01
3.15309405e-01
3.38693649e-01
1.89971656e-01
2.18209177e-01
1.72224969e-01
2.14976698e-01
1.75907806e-01
2.05844536e-01
2.65506625e-01
4.10411417e-01
3.12023580e-01
2.85699248e-01
3.72947812e-01
5.96695125e-01
6.63059354e-01
3.35029006e-01
3.14790398e-01
3.36275280e-01
3.96905631e-01
4.65844601e-01
3.90451282e-01
2.80187398e-01
2.17027381e-01
1.81758881e-01
2.22343415e-01
2.55664676e-01
2.51460493e-01
2.75260121e-01
2.23214522e-01
1.77450597e-01
2.30120882e-01
3.02736551e-01
2.01788113e-01
1.84579521e-01
2.14920685e-01
1.67674005e-01
1.92624390e-01
2.03078926e-01
2.10766137e-01
1.86178222e-01
2.80740649e-01
3.72281581e-01
6.60941780e-01
7.67000735e-01
7.21996427e-01
7.21550524e-01
4.40924853e-01
4.33232844e-01
4.53308284e-01
2.99555480e-01
2.39403948e-01
2.11346820e-01
2.75789499e-01
2.93031245e-01
2.99393564e-01
2.26778403e-01
2.34358415e-01
2.17306003e-01
1.70882851e-01
3.06002200e-01
2.38157049e-01
2.46861100e-01
2.92938292e-01
3.75667423e-01
3.63707036e-01
2.24520519e-01
1.77384824e-01
2.22016439e-01
2.02209190e-01
2.33584374e-01
4.18571889e-01
7.96215653e-01
7.01366901e-01
5.12953281e-01
2.75674880e-01
2.37047642e-01
2.01541752e-01
2.08383173e-01
2.08446786e-01
3.28782618e-01
3.63149971e-01
2.88678676e-01
3.02015424e-01
2.56347090e-01
2.42226899e-01
2.20521033e-01
5.84407032e-01
6.29272878e-01
6.63637877e-01
5.50280869e-01
2.91062742e-01
2.69827932e-01
1.76657125e-01
2.66470671e-01
2.60825157e-01
1.76149085e-01
2.01371118e-01
2.64244556e-01
3.04368794e-01
3.02090734e-01
3.01609784e-01
1.95343360e-01
2.42125824e-01
2.10192084e-01
4.54943180e-01
4.67513621e-01
5.32066703e-01
4.13990796e-01
2.33017221e-01
1.78945974e-01
1.86840639e-01
1.89766914e-01
1.92937925e-01
1.86914727e-01
2.10637912e-01
2.01142639e-01
2.26925254e-01
2.15574890e-01
2.12323636e-01
2.45669097e-01
2.60623574e-01
2.08878577e-01
1.77826926e-01
1.79386854e-01
2.99981326e-01
3.36360455e-01
4.34813023e-01
2.57556826e-01
2.95117855e-01
2.11185277e-01
2.00654700e-01
1.84931532e-01
2.89265543e-01
3.04103255e-01
2.42952630e-01
1.88454449e-01
3.81838113e-01
2.72675246e-01
2.02614427e-01
1.81278422e-01
1.59123436e-01
1.79548174e-01
2.93110162e-01
2.01565728e-01
1.81302056e-01
2.34067872e-01
2.78657347e-01
2.52813876e-01
2.26871118e-01
2.38796100e-01
2.19443291e-01
1.80598795e-01
1.99605882e-01
2.41574168e-01
1.71697363e-01
2.64623523e-01
2.74946988e-01
1.74200431e-01
2.00124606e-01
1.82394266e-01
1.70556307e-01
2.01899588e-01
2.07650721e-01
1.67659312e-01
1.95054457e-01
2.58677632e-01
2.45736495e-01
2.37697139e-01
1.82846218e-01
1.76991582e-01
1.87919155e-01
1.93691671e-01
1.88199729e-01
1.86127990e-01
1.92806363e-01
1.82307541e-01
2.36065537e-01
2.18294576e-01
1.88158438e-01
2.01033443e-01
2.85232157e-01
3.13021123e-01
2.32301891e-01
3.72211993e-01
3.78875732e-01
2.23236203e-01
2.56662279e-01
4.49513376e-01
2.87595481e-01
3.69003117e-01
2.88215220e-01
2.69130439e-01
2.40371540e-01
2.31436670e-01
2.23161235e-01
3.52129638e-01
2.07842261e-01
2.97316581e-01
3.24747235e-01
2.62886941e-01
2.56817222e-01
2.59759694e-01
2.47260824e-01
2.70600438e-01
2.73228675e-01
2.67242402e-01
2.66984373e-01
3.49399239e-01
2.74956375e-01
2.90603012e-01
2.98403233e-01
2.19499797e-01
2.29914039e-01
3.07915300e-01
2.49293104e-01
2.03154042e-01
2.30396658e-01
3.24410528e-01
2.72876441e-01
1.97009355e-01
1.99216112e-01
2.45853126e-01
2.00947866e-01
1.98241562e-01
2.33594418e-01
1.68982312e-01
1.87550992e-01
1.70849666e-01
1.66253582e-01
2.29573026e-01
2.44574577e-01
1.74624875e-01
1.95801169e-01
1.61764681e-01
1.85518011e-01
1.80134296e-01
1.88126191e-01
2.10670590e-01
2.43683994e-01
2.16558516e-01
2.42671475e-01
2.47521058e-01
1.98435530e-01
1.77403659e-01
2.71889716e-01
2.37833336e-01
1.96306646e-01
1.92452416e-01
1.84991643e-01
1.78867161e-01
1.76754296e-01
1.80558130e-01
1.97731361e-01
2.82919586e-01
4.24938530e-01
5.37150383e-01
4.75424856e-01
5.48855543e-01
5.47661841e-01
5.00485063e-01
4.30023938e-01
2.99966395e-01
6.45701468e-01
6.04469955e-01
4.98642951e-01
3.62852693e-01
2.77206331e-01
1.69498622e-01
2.51478672e-01
2.68212676e-01
2.41020352e-01
3.16122323e-01
1.89008355e-01
1.57540932e-01
2.34163940e-01
2.73644209e-01
2.23179147e-01
1.92906693e-01
2.04507247e-01
2.09744021e-01
1.79049015e-01
2.09873021e-01
2.21891150e-01
2.04029486e-01
2.31145337e-01
3.60438347e-01
8.61646950e-01
1.20170581e+00
1.21996653e+00
8.79376411e-01
4.30949867e-01
6.25301123e-01
5.09603798e-01
4.62933660e-01
2.68731326e-01
1.86563671e-01
1.82691902e-01
2.25743786e-01
3.25714380e-01
2.68955529e-01
2.55334437e-01
2.19829381e-01
1.77814618e-01
2.59167075e-01
2.61308283e-01
1.87234223e-01
2.97863603e-01
4.33732390e-01
3.36155385e-01
2.58549631e-01
1.90154523e-01
1.73977047e-01
1.48269281e-01
1.87336385e-01
3.27394247e-01
5.53732276e-01
8.81235301e-01
7.06647992e-01
4.85929132e-01
3.18695247e-01
1.79946169e-01
2.32721835e-01
1.91390842e-01
5.47762811e-01
6.77910030e-01
4.41508353e-01
3.37530136e-01
2.12083220e-01
1.63404450e-01
1.83505684e-01
2.26666868e-01
5.29380202e-01
9.17829990e-01
9.33041215e-01
7.84209728e-01
3.78908694e-01
2.13969409e-01
2.76019514e-01
1.85732767e-01
2.19180420e-01
1.94248796e-01
1.79429069e-01
2.31712401e-01
3.20206195e-01
3.54494184e-01
3.26894969e-01
2.78178513e-01
2.43165657e-01
3.65940928e-01
3.39484662e-01
5.98031938e-01
7.80920267e-01
6.74085140e-01
5.28246701e-01
2.40398556e-01
2.58193314e-01
1.55018836e-01
1.71880528e-01
2.20812187e-01
1.85195461e-01
2.26291254e-01
2.87518710e-01
1.66297138e-01
1.98799908e-01
1.89638987e-01
3.86492580e-01
3.48111928e-01
3.85512918e-01
2.34809831e-01
2.74364740e-01
2.59661704e-01
6.42165542e-01
6.27771914e-01
4.61177886e-01
