2.59246445e+00
2.57733512e+00
2.58740067e+00
2.55330825e+00
2.64589930e+00
2.61234093e+00
2.61371541e+00
2.71721029e+00
2.61458945e+00
2.73437119e+00
2.61871386e+00
2.69614601e+00
2.69431829e+00
2.68137717e+00
2.75373030e+00
2.68099213e+00
2.68241787e+00
2.73543882e+00
2.69982815e+00
2.72432256e+00
2.70430708e+00
2.66024756e+00
2.67360282e+00
2.70716047e+00
2.67449021e+00
2.71898246e+00
2.67948937e+00
2.66962862e+00
2.72363687e+00
2.66410375e+00
2.63374925e+00
2.63258910e+00
2.54172230e+00
2.63921356e+00
2.56303763e+00
2.53647828e+00
2.55332971e+00
2.55018616e+00
2.58348083e+00
2.52490401e+00
2.52509022e+00
2.47429132e+00
2.44799852e+00
2.44056559e+00
2.45861793e+00
2.39348269e+00
2.41413927e+00
2.51325560e+00
2.48912859e+00
2.54179883e+00
2.56366324e+00
2.51695418e+00
2.60680151e+00
2.58470964e+00
2.60774016e+00
2.65925050e+00
2.63664937e+00
2.71448469e+00
2.68717670e+00
2.62476707e+00
2.64507651e+00
2.67573118e+00
2.73023438e+00
2.67254591e+00
2.65755153e+00
2.72152472e+00
2.71698499e+00
2.63988066e+00
2.66324162e+00
2.66713381e+00
2.68433380e+00
2.69231033e+00
2.63197637e+00
2.66483331e+00
2.66366363e+00
2.61554050e+00
2.62538862e+00
2.64005446e+00
2.68130445e+00
2.66509986e+00
2.64666724e+00
2.61569428e+00
2.56078601e+00
2.55828071e+00
2.55910826e+00
2.54806280e+00
2.53360534e+00
2.49734354e+00
2.50060391e+00
2.48201752e+00
2.48233080e+00
2.41041923e+00
2.41900229e+00
2.35968113e+00
2.30390096e+00
2.32859039e+00
2.29287338e+00
2.27667141e+00
2.27050900e+00
2.22149086e+00
2.18336511e+00
2.14484334e+00
2.13281751e+00
2.07800984e+00
2.06910419e+00
2.06029701e+00
2.15110898e+00
2.18577719e+00
2.16065955e+00
2.14857173e+00
2.23352766e+00
2.29476285e+00
2.28364992e+00
2.36257505e+00
2.35140514e+00
2.33050871e+00
2.46525311e+00
2.43838024e+00
2.45988894e+00
2.47186828e+00
2.53551412e+00
2.50254011e+00
2.51216102e+00
2.55430198e+00
2.56648064e+00
2.60481071e+00
2.62327266e+00
2.66247320e+00
2.60526061e+00
2.67878914e+00
2.69698310e+00
2.69008017e+00
2.70673895e+00
2.69109201e+00
2.69278884e+00
2.69010615e+00
2.70882845e+00
2.72166252e+00
2.74628162e+00
2.76896143e+00
2.72977471e+00
2.72021055e+00
2.72058201e+00
2.72173285e+00
2.73883891e+00
2.75133061e+00
2.68977928e+00
2.68105435e+00
2.71943331e+00
2.74993610e+00
2.72040796e+00
2.70331907e+00
2.66781640e+00
2.61770797e+00
2.64930487e+00
2.67923498e+00
2.70124435e+00
2.68576431e+00
2.71944690e+00
2.71031499e+00
2.64150620e+00
2.63140965e+00
2.63867450e+00
2.58280110e+00
2.59743857e+00
2.55431914e+00
2.56593442e+00
2.55523729e+00
2.51163268e+00
2.49705696e+00
2.49466085e+00
2.45133424e+00
2.41757584e+00
2.45388150e+00
2.41652942e+00
2.37730050e+00
2.33465290e+00
2.31062531e+00
2.31469297e+00
2.25336266e+00
2.19241595e+00
2.18012595e+00
2.12244391e+00
2.12864208e+00
2.10807896e+00
2.05988121e+00
2.01143694e+00
1.95386493e+00
1.93428683e+00
1.88116789e+00
1.83404028e+00
1.77671897e+00
1.71789932e+00
1.70206547e+00
1.68885601e+00
1.72561419e+00
1.74933791e+00
1.82138050e+00
1.88468146e+00
1.92177570e+00
1.94776344e+00
2.00272441e+00
2.02392650e+00
2.02908230e+00
2.07627201e+00
2.11630893e+00
2.19674754e+00
2.20168138e+00
2.22745562e+00
2.20209527e+00
2.26351452e+00
2.33415222e+00
2.37073421e+00
2.36029410e+00
2.39791822e+00
2.43185115e+00
2.43532443e+00
2.45931435e+00
2.47266412e+00
2.50114727e+00
2.54402900e+00
2.53984809e+00
2.56280875e+00
2.61099124e+00
2.63030696e+00
2.59664154e+00
2.61586571e+00
2.70271254e+00
2.71294904e+00
2.67830133e+00
2.66343069e+00
2.71668816e+00
2.72451115e+00
2.73895907e+00
2.75326204e+00
2.74271488e+00
2.76870894e+00
2.78380823e+00
2.75480747e+00
2.78426170e+00
2.80017757e+00
2.80178285e+00
2.79127693e+00
2.77565837e+00
2.79387760e+00
2.76708651e+00
2.79476428e+00
2.86209321e+00
2.80240154e+00
2.82591915e+00
2.83504725e+00
2.83658791e+00
2.89488053e+00
2.86965704e+00
2.86367917e+00
2.84228182e+00
2.80747175e+00
2.87272310e+00
2.87776875e+00
2.84585261e+00
2.89426899e+00
2.87066054e+00
2.88123727e+00
2.89936900e+00
2.86862230e+00
2.87585139e+00
2.86896467e+00
2.84636259e+00
2.83691120e+00
2.81551075e+00
2.83048487e+00
2.85767770e+00
2.84390712e+00
2.84866238e+00
2.81549811e+00
2.80618978e+00
2.82168341e+00
2.81543636e+00
2.82932734e+00
2.77481174e+00
2.76478124e+00
2.77456379e+00
2.75534272e+00
2.79564285e+00
2.76820254e+00
2.76310134e+00
2.73668075e+00
2.74764466e+00
2.72745109e+00
2.69490337e+00
2.70378280e+00
2.66326761e+00
2.66348743e+00
2.65030909e+00
2.64305091e+00
2.63595939e+00
2.60520887e+00
2.59854102e+00
2.58605456e+00
2.52959847e+00
2.50948477e+00
2.50828195e+00
2.50922823e+00
2.46413970e+00
2.45480251e+00
2.44315672e+00
2.41497803e+00
2.39167857e+00
2.37984443e+00
2.36238003e+00
2.32321191e+00
2.31740737e+00
2.26039386e+00
2.23397994e+00
2.22267652e+00
2.19726801e+00
2.16677642e+00
2.13093662e+00
2.12317538e+00
2.07310200e+00
2.02352977e+00
2.02689314e+00
2.00194430e+00
1.96748722e+00
1.91244984e+00
1.85215688e+00
1.82555139e+00
1.79516006e+00
1.73379970e+00
1.69346154e+00
1.67646110e+00
1.61128855e+00
1.54864025e+00
1.48963642e+00
1.42379129e+00
1.39553452e+00
1.40976191e+00
1.47194958e+00
1.55431151e+00
1.58508003e+00
1.60096347e+00
1.68777394e+00
1.75205076e+00
1.72391546e+00
1.75426996e+00
1.81914914e+00
1.89734077e+00
1.90604353e+00
1.96003461e+00
1.96197057e+00
1.98508763e+00
2.05461836e+00
2.04664540e+00
2.07185149e+00
2.12450218e+00
2.11609507e+00
2.12558007e+00
2.17324781e+00
2.18680930e+00
2.21353722e+00
2.22860193e+00
2.24073839e+00
2.29887486e+00
2.29055715e+00
2.32930326e+00
2.36939311e+00
2.34498072e+00
2.38985991e+00
2.42060614e+00
2.41261339e+00
2.41908193e+00
2.44827843e+00
2.45976996e+00
2.49233150e+00
2.51718378e+00
2.48252988e+00
2.48098779e+00
2.55382633e+00
2.56556416e+00
2.57753801e+00
2.57729745e+00
2.56921387e+00
2.59377146e+00
2.60271502e+00
2.63015270e+00
2.61548734e+00
2.63747406e+00
2.65187907e+00
2.64322281e+00
2.66987205e+00
2.67843795e+00
2.69077682e+00
2.68905592e+00
2.70198941e+00
2.72767472e+00
2.76740599e+00
2.70764422e+00
2.72835588e+00
2.71795654e+00
2.68261790e+00
2.73621726e+00
2.73271537e+00
2.73459864e+00
2.74915051e+00
2.72959566e+00
2.76073146e+00
2.75845981e+00
2.76351118e+00
2.80408454e+00
2.78474545e+00
2.81725931e+00
2.80310059e+00
2.82019401e+00
2.83817530e+00
2.83218169e+00
2.79595709e+00
2.77486038e+00
2.81626034e+00
2.81298995e+00
2.80991793e+00
2.81498384e+00
2.80139542e+00
2.83080125e+00
2.81197834e+00
2.79076648e+00
2.75595212e+00
2.78892922e+00
2.81878376e+00
2.80260062e+00
2.81816292e+00
2.82464933e+00
2.79335785e+00
2.79443145e+00
2.80110455e+00
2.81683755e+00
2.80400062e+00
2.79308176e+00
2.80134845e+00
2.80766940e+00
2.81955695e+00
2.82081580e+00
2.83230281e+00
2.81071424e+00
2.82038832e+00
2.83065128e+00
2.81769896e+00
2.84282589e+00
2.80507874e+00
2.80290008e+00
2.83184099e+00
2.81955123e+00
2.76814151e+00
2.76208043e+00
2.80310369e+00
2.82635593e+00
2.81934285e+00
2.78792691e+00
2.78540087e+00
2.77507067e+00
2.77569795e+00
2.77081037e+00
2.79280686e+00
2.79745674e+00
2.77426362e+00
2.76938105e+00
2.78698063e+00
2.77890921e+00
2.75517154e+00
2.75587964e+00
2.73969007e+00
2.72528315e+00
2.76300931e+00
2.79249763e+00
2.79718113e+00
2.78056383e+00
2.76817966e+00
2.74438453e+00
2.73821425e+00
2.78568697e+00
2.75075650e+00
2.71697927e+00
2.75987458e+00
2.71877551e+00
2.71436048e+00
2.72533464e+00
2.69638777e+00
2.72438574e+00
2.75375366e+00
2.70450449e+00
2.70772338e+00
2.69629788e+00
2.67002940e+00
2.66845751e+00
2.71145153e+00
2.67603707e+00
2.69288802e+00
2.68279004e+00
2.67023611e+00
2.65681958e+00
2.66213012e+00
2.65165544e+00
2.66358805e+00
2.64236021e+00
2.62650847e+00
2.65680671e+00
2.62215590e+00
2.63377428e+00
2.63271689e+00
2.60783339e+00
2.57993007e+00
2.58806276e+00
2.59904909e+00
2.56572723e+00
2.54907727e+00
2.56056786e+00
2.55754089e+00
2.57533813e+00
2.54410243e+00
2.51159692e+00
2.50750184e+00
2.51523876e+00
2.52696061e+00
2.50021100e+00
2.49561429e+00
2.46030879e+00
2.47298837e+00
2.46286201e+00
2.45332074e+00
2.45833254e+00
2.45877767e+00
2.42388892e+00
2.43228292e+00
2.40789533e+00
2.38454604e+00
2.37236953e+00
2.37089491e+00
2.39365053e+00
2.36170626e+00
2.31476164e+00
2.33178902e+00
2.32507300e+00
2.28161335e+00
2.29232478e+00
2.26935363e+00
2.23527288e+00
2.21696115e+00
2.23277116e+00
2.20512891e+00
2.19257760e+00
2.17264581e+00
2.14511847e+00
2.13769031e+00
2.11713743e+00
2.09517956e+00
2.05450201e+00
2.05276084e+00
2.04280305e+00
1.99316561e+00
1.99225402e+00
1.97869015e+00
1.92083907e+00
1.90752518e+00
1.87678492e+00
1.83990586e+00
1.84673893e+00
1.84100330e+00
1.80506539e+00
1.75966084e+00
1.74243903e+00
1.69153738e+00
1.62755823e+00
1.60211730e+00
1.60262930e+00
1.56488407e+00
1.49869585e+00
1.47296071e+00
1.43513608e+00
1.40596855e+00
1.32527280e+00
1.25446391e+00
1.19026315e+00
1.14129817e+00
1.17900920e+00
1.24773657e+00
1.30720997e+00
1.38684404e+00
1.43724990e+00
1.43889189e+00
1.49600518e+00
1.55228698e+00
1.57351220e+00
1.59642899e+00
1.64382911e+00
1.69305170e+00
1.70442748e+00
1.73338151e+00
1.75642705e+00
1.78962982e+00
1.79163992e+00
1.76736581e+00
1.84235489e+00
1.86180151e+00
1.88800156e+00
1.91871560e+00
1.91228962e+00
1.92211139e+00
1.97297454e+00
2.00316215e+00
2.02508283e+00
2.05509043e+00
2.03815699e+00
2.02838326e+00
2.05374026e+00
2.09968615e+00
2.08963466e+00
2.10000658e+00
2.14428806e+00
2.15063977e+00
2.14462352e+00
2.18249345e+00
2.19263291e+00
2.19808412e+00
2.19692898e+00
2.21529174e+00
2.22443032e+00
2.23381233e+00
2.24342394e+00
2.23817706e+00
2.22964311e+00
2.27147746e+00
2.28613114e+00
2.26521707e+00
2.29748273e+00
2.31534481e+00
2.31059003e+00
2.28209400e+00
2.32737088e+00
2.31923437e+00
2.32145476e+00
2.34026480e+00
2.31796598e+00
2.32039690e+00
2.36157966e+00
2.34661746e+00
2.35192060e+00
2.37556720e+00
2.36332607e+00
2.34580207e+00
2.36803865e+00
2.36885166e+00
2.36329222e+00
2.37926936e+00
2.38715148e+00
2.37878203e+00
2.38397121e+00
2.38292503e+00
2.39250517e+00
2.40281510e+00
2.41158342e+00
2.41494203e+00
2.39651012e+00
2.41092157e+00
2.43082118e+00
2.41873455e+00
2.42388797e+00
2.42191148e+00
2.43359876e+00
2.42909384e+00
2.44606018e+00
2.42817211e+00
2.42634296e+00
2.41672754e+00
2.41903663e+00
2.44150519e+00
2.43623781e+00
2.42393804e+00
2.43349504e+00
2.44844222e+00
2.40231991e+00
2.40786409e+00
2.43055058e+00
2.44488692e+00
2.43116593e+00
2.42031717e+00
2.40527272e+00
2.39701533e+00
2.41668725e+00
2.44466090e+00
2.42879248e+00
2.38774848e+00
2.41163278e+00
2.41211987e+00
2.42330885e+00
2.43218184e+00
2.41243625e+00
2.43129992e+00
2.45818663e+00
2.44011879e+00
2.42553878e+00
2.44669199e+00
2.45277190e+00
2.45499921e+00
2.43699217e+00
2.46556282e+00
2.47492790e+00
2.43912005e+00
2.44390512e+00
2.43735552e+00
2.44335198e+00
2.43790078e+00
2.41325903e+00
2.44572258e+00
2.42529345e+00
2.40078354e+00
2.42300415e+00
2.41675568e+00
2.43569469e+00
2.44988179e+00
2.41987181e+00
2.43539262e+00
2.44276834e+00
2.45405221e+00
2.44809675e+00
2.44617891e+00
2.42333055e+00
2.39418626e+00
2.44402194e+00
2.41806865e+00
2.41432834e+00
2.44869375e+00
2.44143224e+00
2.43342304e+00
2.43255949e+00
2.43319559e+00
2.43171096e+00
2.41847157e+00
2.42804337e+00
2.41209555e+00
2.38260579e+00
2.40011239e+00
2.43136883e+00
2.42957211e+00
2.40045118e+00
2.40133667e+00
2.39361095e+00
2.40013242e+00
2.38366461e+00
2.38352299e+00
2.40541887e+00
2.41429257e+00
2.39973068e+00
2.40449882e+00
2.39651895e+00
2.39364457e+00
2.42323756e+00
2.40434885e+00
2.39893174e+00
2.40954781e+00
2.42462635e+00
2.40911293e+00
2.40449262e+00
2.43433142e+00
2.42948961e+00
2.39745283e+00
2.40703011e+00
2.42178464e+00
2.40590072e+00
2.40433550e+00
2.42505860e+00
2.37256026e+00
2.39934802e+00
2.41028619e+00
2.38147616e+00
2.39735889e+00
2.36866832e+00
2.37652016e+00
2.39289689e+00
2.38313198e+00
2.38175464e+00
2.36823606e+00
2.38615084e+00
2.37303185e+00
2.37969732e+00
2.38704157e+00
2.38659835e+00
2.37343264e+00
2.40051317e+00
2.38898396e+00
2.37371659e+00
2.37517262e+00
2.38752031e+00
2.38594055e+00
2.35712409e+00
2.35695958e+00
2.37996626e+00
2.36354876e+00
2.35042500e+00
2.32629013e+00
2.33946776e+00
2.35771966e+00
2.34879565e+00
2.34307384e+00
2.32791638e+00
2.34128332e+00
2.33459949e+00
2.30005193e+00
2.35539174e+00
2.33705926e+00
2.33594799e+00
2.35702038e+00
2.31214261e+00
2.33453107e+00
2.33708024e+00
2.32283044e+00
2.31209517e+00
2.30595398e+00
2.32752609e+00
2.32472992e+00
2.31200671e+00
2.30469728e+00
2.32308888e+00
2.32744098e+00
2.32223606e+00
2.32375503e+00
2.32782578e+00
2.31998086e+00
2.30388975e+00
2.28814220e+00
2.31756330e+00
2.31296206e+00
2.30441427e+00
2.30813837e+00
2.30640364e+00
2.30930424e+00
2.29124284e+00
2.29295826e+00
2.28335857e+00
2.27449322e+00
2.29225945e+00
2.29327917e+00
2.27228642e+00
2.29106212e+00
2.28018451e+00
2.26604438e+00
2.26792717e+00
2.27576613e+00
2.28790021e+00
2.26552010e+00
2.25667834e+00
2.26984453e+00
2.25513649e+00
2.26701522e+00
2.25888348e+00
2.26227236e+00
2.25864553e+00
2.26172566e+00
2.27325296e+00
2.25904536e+00
2.25028110e+00
2.25176311e+00
2.24300861e+00
2.24846268e+00
2.23277307e+00
2.23236799e+00
2.25999355e+00
2.24550509e+00
2.25842762e+00
2.23378563e+00
2.24429297e+00
2.26202369e+00
2.24744678e+00
2.27728033e+00
2.25214934e+00
2.22012591e+00
2.23904777e+00
2.24846768e+00
2.21396780e+00
2.21029758e+00
2.23535252e+00
2.23644376e+00
2.22309542e+00
2.24957418e+00
2.22948647e+00
2.23018122e+00
2.22831559e+00
2.21404004e+00
2.21512890e+00
2.22666121e+00
2.22449374e+00
2.21513104e+00
2.21416688e+00
2.21516609e+00
2.22138834e+00
2.21826649e+00
2.22901106e+00
2.23677826e+00
2.20802855e+00
2.22003508e+00
2.22059369e+00
2.20687270e+00
2.22831345e+00
2.21019387e+00
2.20035338e+00
2.20203304e+00
2.19034266e+00
2.19449782e+00
2.20384145e+00
2.17537212e+00
2.18099809e+00
2.17357063e+00
2.16378331e+00
2.17499375e+00
2.18035364e+00
2.17664671e+00
2.17911291e+00
2.17285204e+00
2.16367531e+00
2.17173219e+00
2.17149758e+00
2.16143942e+00
2.15579796e+00
2.18791628e+00
2.19210911e+00
2.16333365e+00
2.16316271e+00
2.17788982e+00
2.17333150e+00
2.16011977e+00
2.15322638e+00
2.15924191e+00
2.16660261e+00
2.14987588e+00
2.13807774e+00
2.13989115e+00
2.13188529e+00
2.13355756e+00
2.12335968e+00
2.13253379e+00
2.14351106e+00
2.11445832e+00
2.12737131e+00
2.10809922e+00
2.10617781e+00
2.12107968e+00
2.11467528e+00
2.09728479e+00
2.10035372e+00
2.09467006e+00
2.09075737e+00
2.09215212e+00
2.10111690e+00
2.11146021e+00
2.09048319e+00
2.08585286e+00
2.12327576e+00
2.11141777e+00
2.09581184e+00
2.08207226e+00
2.07483482e+00
2.07794428e+00
2.06654406e+00
2.07706571e+00
2.08150530e+00
2.06169915e+00
2.06584716e+00
2.06757784e+00
2.04878974e+00
2.05788493e+00
2.04323673e+00
2.04111552e+00
2.04778099e+00
2.03517342e+00
2.04623127e+00
2.04331613e+00
2.04220581e+00
2.04706693e+00
2.04093361e+00
2.04202580e+00
2.02066517e+00
2.02594399e+00
2.03272867e+00
2.02103209e+00
2.01579237e+00
2.01382518e+00
1.99725902e+00
2.00754929e+00
1.99968016e+00
1.99074757e+00
2.01009846e+00
2.02327847e+00
1.98216307e+00
1.98216820e+00
1.96883881e+00
1.96953249e+00
1.98443198e+00
1.96631610e+00
1.94427478e+00
1.94965446e+00
1.95658994e+00
1.93713498e+00
1.94175673e+00
1.91154504e+00
1.92256558e+00
1.94184864e+00
1.93067205e+00
1.90777934e+00
1.89300191e+00
1.91177106e+00
1.89163315e+00
1.90216017e+00
1.90206027e+00
1.89880741e+00
1.87814271e+00
1.89007485e+00
1.87557971e+00
1.86204660e+00
1.84711719e+00
1.83719492e+00
1.84211254e+00
1.82873869e+00
1.83330798e+00
1.82075953e+00
1.81887197e+00
1.80458927e+00
1.79543602e+00
1.79965675e+00
1.77904773e+00
1.78729153e+00
1.75703585e+00
1.76427877e+00
1.74995363e+00
1.73250544e+00
1.72367406e+00
1.71142495e+00
1.71078122e+00
1.71010625e+00
1.69165635e+00
1.68882060e+00
1.67454779e+00
1.66109169e+00
1.65280235e+00
1.63381815e+00
1.62328529e+00
1.60893583e+00
1.59462368e+00
1.61357343e+00
1.57658815e+00
1.55388451e+00
1.57121027e+00
1.54439616e+00
1.53664720e+00
1.50516403e+00
1.48064578e+00
1.48407209e+00
1.45604980e+00
1.45520842e+00
1.46131146e+00
1.40818429e+00
1.37957740e+00
1.34430742e+00
1.34833598e+00
1.33215308e+00
1.29843402e+00
1.28483486e+00
1.26294887e+00
1.24215496e+00
1.20257878e+00
1.18235838e+00
1.14339745e+00
1.10842931e+00
1.05586863e+00
9.95532811e-01
9.40847397e-01
9.06982422e-01
9.38077211e-01
9.66259539e-01
1.02189159e+00
1.08525586e+00
1.12485921e+00
1.14953828e+00
1.17420411e+00
1.19643700e+00
1.23814416e+00
1.25796676e+00
1.27458549e+00
1.30193818e+00
1.31511879e+00
1.33281803e+00
1.36262298e+00
1.38054228e+00
1.39485741e+00
1.40937805e+00
1.43128848e+00
1.44494057e+00
1.45606160e+00
1.45113981e+00
1.48706377e+00
1.50747240e+00
1.50682831e+00
1.51744139e+00
1.54928625e+00
1.55543590e+00
1.54836178e+00
1.56404579e+00
1.57189846e+00
1.58930278e+00
1.58691359e+00
1.59186244e+00
1.61588132e+00
1.60902703e+00
1.62150133e+00
1.63699234e+00
1.64423370e+00
1.64468491e+00
1.65385449e+00
1.64228129e+00
1.68541825e+00
1.67757583e+00
1.66545224e+00
1.67745030e+00
1.70306909e+00
1.69186115e+00
1.70693672e+00
1.70979702e+00
1.70753670e+00
1.71420002e+00
1.71688950e+00
1.70550537e+00
1.73060930e+00
1.74143434e+00
1.72829854e+00
1.74407601e+00
1.76879203e+00
1.75557852e+00
1.77701068e+00
1.77991474e+00
1.76852059e+00
1.76612151e+00
1.76716173e+00
1.78165317e+00
1.78795850e+00
1.78421926e+00
1.78811383e+00
1.78470600e+00
1.76613355e+00
1.77509439e+00
1.80319786e+00
1.78275871e+00
1.78617406e+00
1.78555977e+00
1.75385189e+00
1.78338611e+00
1.79775739e+00
1.78244042e+00
1.78349674e+00
1.77883875e+00
1.79353905e+00
1.80443156e+00
1.79404378e+00
1.79482186e+00
1.78329074e+00
1.77371871e+00
1.78853500e+00
1.80356157e+00
1.78470218e+00
1.78986776e+00
1.80157518e+00
1.81685257e+00
1.79677606e+00
1.80167437e+00
1.81309128e+00
1.80630314e+00
1.79360592e+00
1.80535448e+00
1.80677795e+00
1.80418169e+00
1.80197847e+00
1.81843150e+00
1.80651009e+00
1.79932058e+00
1.84143817e+00
1.80927753e+00
1.79967642e+00
1.80774736e+00
1.81056774e+00
1.81411648e+00
1.82125354e+00
1.82925892e+00
1.80234361e+00
1.81216455e+00
1.82517326e+00
1.80822885e+00
1.80045617e+00
1.80533361e+00
1.80084014e+00
1.78971553e+00
1.78789032e+00
1.80369663e+00
1.79963326e+00
1.78741550e+00
1.79975116e+00
1.78983259e+00
1.79627049e+00
1.80463517e+00
1.80298686e+00
1.80201733e+00
1.80074024e+00
1.79477012e+00
1.79243207e+00
1.80139720e+00
1.79347944e+00
1.78877401e+00
1.79672039e+00
1.81364179e+00
1.80234861e+00
1.78729248e+00
1.80362117e+00
1.79815364e+00
1.79827583e+00
1.81629336e+00
1.79979289e+00
1.79538858e+00
1.81103182e+00
1.79593396e+00
1.78782654e+00
1.78337252e+00
1.79810846e+00
1.80883360e+00
1.78361678e+00
1.78126097e+00
1.77772379e+00
1.78997302e+00
1.78962123e+00
1.78721392e+00
1.80061853e+00
1.78891945e+00
1.77057457e+00
1.78924894e+00
1.78116226e+00
1.78173900e+00
1.79177511e+00
1.80330288e+00
1.78441811e+00
1.77773798e+00
1.78791666e+00
1.78733659e+00
1.78410149e+00
1.77640259e+00
1.78083313e+00
1.77112257e+00
1.75791454e+00
1.77578354e+00
1.77759087e+00
1.76170886e+00
1.76355362e+00
1.77951193e+00
1.76944900e+00
1.77043343e+00
1.78281808e+00
1.76682961e+00
1.78481114e+00
1.77453959e+00
1.75520635e+00
1.76207459e+00
1.76468968e+00
1.76376808e+00
1.75495219e+00
1.77461791e+00
1.76597679e+00
1.74417210e+00
1.76885450e+00
1.76184261e+00
1.77167451e+00
1.76152670e+00
1.75837708e+00
1.74198723e+00
1.75411868e+00
1.75194561e+00
1.75643885e+00
1.75209475e+00
1.73764837e+00
1.74405837e+00
1.75897300e+00
1.74688804e+00
1.74037433e+00
1.73668301e+00
1.74853778e+00
1.75759220e+00
1.74368525e+00
1.74963808e+00
1.74095428e+00
1.73553431e+00
1.73745871e+00
1.73547292e+00
1.74083114e+00
1.73916197e+00
1.74523306e+00
1.73042345e+00
1.72303164e+00
1.72799480e+00
1.72398877e+00
1.72059786e+00
1.73361874e+00
1.72136462e+00
1.71837080e+00
1.72647321e+00
1.72733104e+00
1.73056495e+00
1.71569908e+00
1.71885502e+00
1.73473155e+00
1.73260176e+00
1.72461092e+00
1.72037292e+00
1.72121549e+00
1.72040474e+00
1.72167766e+00
1.72336900e+00
1.71933615e+00
1.70967245e+00
1.70223486e+00
1.71352041e+00
1.71391594e+00
1.69985437e+00
1.71305251e+00
1.70114398e+00
1.70719099e+00
1.70329428e+00
1.69579685e+00
1.69036281e+00
1.70057225e+00
1.70026994e+00
1.69470787e+00
1.69199693e+00
1.70436215e+00
1.70186472e+00
1.69376647e+00
1.69116998e+00
1.68711448e+00
1.68567145e+00
1.67720854e+00
1.66733038e+00
1.67650342e+00
1.69119561e+00
1.67162406e+00
1.67378819e+00
1.66553152e+00
1.66016257e+00
1.66785753e+00
1.66599643e+00
1.65935159e+00
1.65149570e+00
1.65571260e+00
1.66469347e+00
1.65992701e+00
1.66241932e+00
1.66052127e+00
1.66354728e+00
1.65149307e+00
1.64982545e+00
1.65953279e+00
1.66007054e+00
1.66104746e+00
1.66542113e+00
1.66315365e+00
1.66423690e+00
1.67129505e+00
1.67598999e+00
1.66463518e+00
1.67476237e+00
1.66743219e+00
1.63578463e+00
1.66030216e+00
1.65063310e+00
1.66112876e+00
1.65491033e+00
1.65011585e+00
1.66275382e+00
1.64798689e+00
1.65264833e+00
1.64683950e+00
1.64544332e+00
1.64215672e+00
1.64104915e+00
1.65168571e+00
1.64169276e+00
1.65284991e+00
1.64542925e+00
1.63178492e+00
1.64069963e+00
1.63629508e+00
1.65570235e+00
1.64009595e+00
1.63668191e+00
1.63947213e+00
1.62771034e+00
1.63919616e+00
1.63042390e+00
1.62812138e+00
1.62594986e+00
1.62789023e+00
1.62470138e+00
1.61098838e+00
1.62167001e+00
1.62828088e+00
1.61938524e+00
1.61342585e+00
1.62002289e+00
1.61033392e+00
1.63175106e+00
1.61536288e+00
1.60020649e+00
1.62049711e+00
1.61706662e+00
1.61424661e+00
1.61123133e+00
1.59979188e+00
1.60558760e+00
1.60141754e+00
1.59474576e+00
1.59977043e+00
1.61440194e+00
1.59158254e+00
1.59698498e+00
1.61714637e+00
1.61761916e+00
1.60114002e+00
1.58610582e+00
1.61467171e+00
1.60237873e+00
1.58379471e+00
1.58068347e+00
1.58933008e+00
1.60124350e+00
1.58891678e+00
1.58943415e+00
1.58217585e+00
1.58639312e+00
1.58793473e+00
1.59469545e+00
1.56677210e+00
1.57157350e+00
1.57776558e+00
1.58808935e+00
1.57926965e+00
1.57292759e+00
1.56836855e+00
1.56212473e+00
1.57501781e+00
1.57997262e+00
1.58444965e+00
1.57688534e+00
1.56081152e+00
1.56722224e+00
1.57493603e+00
1.55897844e+00
1.57075012e+00
1.57753551e+00
1.56084144e+00
1.56389201e+00
1.55972326e+00
1.56803119e+00
1.56232798e+00
1.55120182e+00
1.56864595e+00
1.56506038e+00
1.55832314e+00
1.56817639e+00
1.56202328e+00
1.55572069e+00
1.56610429e+00
1.55213797e+00
1.53534174e+00
1.54203188e+00
1.54750681e+00
1.53410780e+00
1.54287779e+00
1.54425144e+00
1.53384447e+00
1.52771485e+00
1.53692746e+00
1.52999556e+00
1.51201892e+00
1.52688301e+00
1.53204393e+00
1.52672815e+00
1.53801775e+00
1.53380096e+00
1.54304016e+00
1.54023683e+00
1.52344322e+00
1.54635906e+00
1.54085135e+00
1.53858984e+00
1.54404879e+00
1.52824807e+00
1.51982141e+00
1.52609456e+00
1.52256799e+00
1.52824748e+00
1.53750038e+00
1.53331995e+00
1.52470648e+00
1.52080584e+00
1.51334000e+00
1.52063036e+00
1.52607119e+00
1.52744424e+00
1.51841664e+00
1.51276898e+00
1.51622272e+00
1.51682723e+00
1.51800203e+00
1.51048958e+00
1.51964414e+00
1.50460625e+00
1.50198746e+00
1.52945662e+00
1.51297355e+00
1.49413717e+00
1.50232542e+00
1.51713252e+00
1.51603603e+00
1.49998879e+00
1.49591887e+00
1.49901092e+00
1.49412537e+00
1.49168706e+00
1.49436688e+00
1.48843765e+00
1.49665475e+00
1.49527061e+00
1.48693049e+00
1.49805534e+00
1.49000359e+00
1.49058485e+00
1.48607695e+00
1.47382951e+00
1.48671854e+00
1.50955784e+00
1.48806977e+00
1.48981953e+00
1.48919189e+00
1.48470128e+00
1.50157225e+00
1.49110615e+00
1.48609912e+00
1.47905505e+00
1.48787642e+00
1.48967338e+00
1.48452163e+00
1.48542595e+00
1.47770965e+00
1.49123919e+00
1.46970332e+00
1.46541095e+00
1.46623659e+00
1.46607661e+00
1.47398818e+00
1.46858609e+00
1.46225166e+00
1.47080564e+00
1.47648382e+00
1.46972108e+00
1.48268950e+00
1.45779228e+00
1.45769703e+00
1.46847296e+00
1.45664048e+00
1.46217239e+00
1.43901718e+00
1.46237850e+00
1.46204996e+00
1.45322347e+00
1.45057392e+00
1.45514548e+00
1.43571997e+00
1.44822919e+00
1.43090582e+00
1.43592560e+00
1.45208073e+00
1.45262384e+00
1.43869925e+00
1.45278895e+00
1.45901740e+00
1.46750593e+00
1.45143497e+00
1.43829262e+00
1.45352805e+00
1.43273664e+00
1.44397521e+00
1.45734954e+00
1.45009458e+00
1.43982565e+00
1.43666732e+00
1.44111943e+00
1.44163990e+00
1.43326867e+00
1.42379272e+00
1.42293167e+00
1.40933430e+00
1.41349685e+00
1.41145492e+00
1.41271925e+00
1.42278147e+00
1.42253160e+00
1.41332483e+00
1.42776406e+00
1.42432702e+00
1.42230713e+00
1.43080592e+00
1.42261386e+00
1.41044116e+00
1.41249835e+00
1.41903901e+00
1.42380440e+00
1.43639779e+00
1.42288947e+00
1.39446306e+00
1.41858423e+00
1.40179884e+00
1.39941180e+00
1.40606356e+00
1.39405024e+00
1.38579607e+00
1.39575207e+00
1.41146934e+00
1.40412402e+00
1.40408051e+00
1.40357006e+00
1.40886950e+00
1.39178371e+00
1.40335822e+00
1.40473378e+00
1.39418268e+00
1.39163864e+00
1.40499651e+00
1.39820158e+00
1.39261687e+00
1.38747442e+00
1.37021935e+00
1.38100517e+00
1.41093087e+00
1.38392174e+00
1.37913692e+00
1.39015126e+00
1.38426888e+00
1.37622154e+00
1.38233006e+00
1.39200592e+00
1.38147223e+00
1.36877847e+00
1.39041567e+00
1.39281273e+00
1.35900724e+00
1.36610758e+00
1.36571693e+00
1.38589501e+00
1.38198721e+00
1.36160934e+00
1.36733711e+00
1.37291265e+00
1.37243807e+00
1.37715673e+00
1.37921870e+00
1.36041749e+00
1.38282061e+00
1.42060065e+00
1.43279338e+00
1.28046048e+00
1.20194745e+00
1.43876517e+00
1.46019340e+00
1.34965062e+00
1.36173284e+00
1.37207973e+00
1.35582042e+00
1.35736799e+00
1.36938775e+00
1.35355020e+00
1.36005688e+00
1.36503625e+00
1.36111498e+00
1.36538923e+00
1.36655498e+00
1.36147273e+00
1.35313797e+00
1.33491468e+00
1.33600569e+00
1.34423614e+00
1.32515156e+00
1.34913182e+00
1.34148085e+00
1.34381711e+00
1.34184289e+00
1.33804286e+00
1.33724797e+00
1.34160209e+00
1.34791625e+00
1.35099733e+00
1.33439326e+00
1.32228863e+00
1.32914853e+00
1.32736659e+00
1.34109032e+00
1.34689796e+00
1.32970595e+00
1.33332312e+00
1.34115493e+00
1.32064760e+00
1.31715441e+00
1.32987285e+00
1.32744396e+00
1.32975805e+00
1.33202446e+00
1.31996763e+00
1.32872283e+00
1.32742357e+00
1.33106196e+00
1.32964611e+00
1.31080234e+00
1.32693827e+00
1.33423400e+00
1.30831110e+00
1.29637957e+00
1.31003988e+00
1.33695304e+00
1.33087826e+00
1.31880939e+00
1.30673146e+00
1.30821812e+00
1.31898177e+00
1.30376053e+00
1.30921590e+00
1.29149055e+00
1.29729223e+00
1.31491983e+00
1.31134880e+00
1.30724514e+00
1.32058859e+00
1.32235610e+00
1.31290781e+00
1.30254459e+00
1.30807257e+00
1.29559731e+00
1.28508008e+00
1.28991783e+00
1.29771507e+00
1.30333829e+00
1.30066192e+00
1.28991377e+00
1.29461312e+00
1.29085982e+00
1.28731251e+00
1.30820799e+00
1.31854987e+00
1.28104222e+00
1.29319572e+00
1.29254389e+00
1.29935944e+00
1.29275978e+00
1.28561795e+00
1.29195452e+00
1.28794479e+00
1.29305434e+00
1.28811824e+00
1.28780079e+00
1.29232693e+00
1.29615641e+00
1.28173578e+00
1.28178608e+00
1.27117872e+00
1.27492154e+00
1.28714466e+00
1.27517843e+00
1.27596366e+00
1.28476536e+00
1.28235483e+00
1.27970326e+00
1.26826668e+00
1.26753592e+00
1.27758801e+00
1.25823033e+00
1.25746226e+00
1.27483833e+00
1.26047146e+00
1.26079559e+00
1.27197242e+00
1.26863635e+00
1.24853957e+00
1.27041018e+00
1.27316391e+00
1.26317203e+00
1.26353669e+00
1.24746430e+00
1.26166272e+00
1.27024496e+00
1.24654365e+00
1.23900914e+00
1.24664974e+00
1.25143301e+00
1.24933243e+00
1.24276865e+00
1.23486292e+00
1.24598813e+00
1.25367665e+00
1.24482667e+00
1.24522984e+00
1.22738159e+00
1.24328828e+00
1.24623418e+00
1.24461067e+00
1.23804235e+00
1.24044466e+00
1.24365199e+00
1.22131860e+00
1.24272168e+00
1.24966669e+00
1.24368036e+00
1.24586976e+00
1.24261606e+00
1.24162364e+00
1.24153173e+00
1.24521327e+00
1.24268496e+00
1.23959672e+00
1.23630834e+00
1.22742903e+00
1.24537051e+00
1.24609160e+00
1.24000025e+00
1.22447622e+00
1.23676574e+00
1.24020720e+00
1.22561574e+00
1.22783601e+00
1.21447289e+00
1.20563507e+00
1.21052551e+00
1.22276330e+00
1.21266186e+00
1.23293817e+00
1.22773492e+00
1.21572948e+00
1.21292949e+00
1.22768033e+00
1.21095538e+00
1.21910417e+00
1.21745527e+00
1.21275175e+00
1.21864152e+00
1.20761955e+00
1.19945407e+00
1.19601703e+00
1.18803668e+00
1.19092882e+00
1.20565081e+00
1.22324848e+00
1.19804680e+00
1.20331514e+00
1.20577669e+00
1.19983792e+00
1.19774413e+00
1.22725558e+00
1.19723499e+00
1.20810771e+00
1.22339535e+00
1.19846678e+00
1.19193256e+00
1.20186293e+00
1.19824851e+00
1.19099152e+00
1.20180869e+00
1.18689001e+00
1.18926525e+00
1.19121981e+00
1.19089592e+00
1.19387400e+00
1.18478525e+00
1.19156933e+00
1.20274079e+00
1.20817590e+00
1.18674552e+00
1.19648504e+00
1.18238378e+00
1.17239511e+00
1.18287182e+00
1.17759705e+00
1.16541398e+00
1.17369330e+00
1.17581999e+00
1.17233741e+00
1.18827009e+00
1.17417717e+00
1.19253457e+00
1.15386081e+00
1.16632175e+00
1.18365967e+00
1.17482674e+00
1.16574621e+00
1.16616976e+00
1.15148842e+00
1.16891885e+00
1.17986977e+00
1.15930915e+00
1.15922904e+00
1.11470091e+00
1.12205839e+00
1.16536736e+00
1.15311396e+00
1.11920381e+00
1.12333298e+00
1.14207757e+00
1.14309192e+00
1.14378822e+00
1.15425885e+00
1.15672672e+00
1.17709529e+00
1.15767801e+00
1.16326070e+00
1.15256214e+00
1.14158070e+00
1.15485144e+00
1.16074002e+00
1.15762389e+00
1.17549407e+00
1.16739845e+00
1.15410542e+00
1.15882468e+00
1.14453673e+00
1.13190591e+00
1.14688361e+00
1.14215875e+00
1.14299726e+00
1.14276862e+00
1.15090585e+00
1.14578199e+00
1.13380003e+00
1.15100014e+00
1.14778483e+00
1.14212823e+00
1.15014756e+00
1.14968216e+00
1.14190865e+00
1.14895499e+00
1.14198959e+00
1.13443875e+00
1.14068401e+00
1.13938081e+00
1.13575077e+00
1.13869226e+00
1.14715409e+00
1.12970972e+00
1.12591565e+00
1.13564181e+00
1.13439775e+00
1.13772726e+00
1.13340020e+00
1.12036562e+00
1.13453853e+00
1.13004720e+00
1.13498223e+00
1.14051926e+00
1.13916278e+00
1.13525689e+00
1.12526441e+00
1.13191688e+00
1.11423469e+00
1.12639689e+00
1.13226879e+00
1.12695742e+00
1.12518752e+00
1.10619199e+00
1.10704112e+00
1.11402833e+00
1.13147795e+00
1.13132930e+00
1.12434042e+00
1.10677087e+00
1.10841942e+00
1.12575364e+00
1.11287773e+00
1.10472620e+00
1.11980581e+00
1.12721121e+00
1.12280869e+00
1.10511672e+00
1.10411441e+00
1.08956397e+00
1.12491035e+00
1.11700892e+00
1.12592363e+00
1.15815675e+00
1.14828467e+00
1.11241496e+00
1.10854781e+00
1.13121450e+00
1.14568353e+00
1.12785304e+00
1.12472677e+00
1.11494648e+00
1.09924412e+00
1.09224582e+00
1.09812641e+00
1.09736490e+00
1.09191263e+00
1.10099602e+00
1.09702051e+00
1.09374821e+00
1.09895086e+00
1.09109533e+00
1.08085740e+00
1.09303367e+00
1.09451509e+00
1.09671402e+00
1.07468855e+00
1.09457874e+00
1.09619617e+00
1.08972180e+00
1.08039284e+00
1.08492947e+00
1.09407783e+00
1.09527016e+00
1.09625721e+00
1.09486067e+00
1.08876657e+00
1.07606065e+00
1.07951295e+00
1.08395028e+00
1.09387100e+00
1.08501506e+00
1.08865631e+00
1.08783948e+00
1.08168244e+00
1.08166468e+00
1.07860041e+00
1.08043015e+00
1.07944095e+00
1.07361591e+00
1.07392859e+00
1.07778132e+00
1.07763422e+00
1.05353165e+00
1.07251632e+00
1.08233738e+00
1.05575299e+00
1.06838143e+00
1.08071280e+00
1.05629051e+00
1.07468188e+00
1.06069338e+00
1.06371486e+00
1.06540036e+00
1.06114852e+00
1.07007098e+00
1.06430912e+00
1.06964028e+00
1.07251680e+00
1.05972242e+00
1.05986357e+00
1.06822288e+00
1.07168984e+00
1.05759120e+00
1.05407834e+00
1.05737090e+00
1.05057418e+00
1.05590165e+00
1.06325793e+00
1.06026268e+00
1.07128990e+00
1.04623187e+00
1.04183912e+00
1.05440426e+00
1.05911553e+00
1.04740345e+00
1.04332244e+00
1.03612053e+00
1.03605998e+00
1.04126704e+00
1.03561127e+00
1.05245435e+00
1.04516745e+00
1.03265631e+00
1.03776145e+00
1.05021167e+00
1.05509472e+00
1.05362260e+00
1.04286230e+00
1.03798676e+00
1.03758574e+00
1.05187774e+00
1.04420698e+00
1.02282774e+00
1.03991044e+00
1.04670477e+00
1.03445506e+00
1.03588092e+00
1.02453899e+00
1.03177261e+00
1.02132654e+00
1.00000000e+00
1.03061032e+00
1.02887785e+00
1.02958107e+00
1.01130700e+00
1.01294196e+00
1.02831924e+00
1.02863228e+00
1.02154636e+00
1.02321315e+00
1.02083421e+00
1.01665950e+00
1.00409436e+00
1.01966357e+00
1.03550875e+00
1.01465511e+00
1.02070880e+00
1.01378119e+00
1.01902294e+00
1.01658452e+00
1.01894307e+00
1.02088666e+00
1.02133286e+00
1.01559722e+00
1.01959717e+00
1.00381649e+00
1.00809002e+00
1.01973605e+00
1.01471150e+00
1.00819945e+00
1.02174282e+00
1.01835489e+00
9.98685718e-01
1.00129521e+00
1.00153124e+00
9.97254133e-01
1.00396132e+00
9.97449875e-01
1.00109279e+00
1.01879120e+00
1.01206028e+00
1.01247919e+00
1.00272393e+00
1.00398982e+00
9.86611545e-01
9.96522844e-01
1.00774312e+00
9.91372526e-01
9.87739861e-01
1.00544477e+00
1.00594473e+00
9.94978189e-01
1.01042366e+00
9.99896646e-01
9.86238003e-01
9.96424139e-01
1.00381434e+00
1.00070620e+00
9.88054037e-01
9.94104147e-01
9.92308676e-01
9.93248641e-01
9.89253044e-01
9.88254011e-01
9.89163756e-01
9.89063621e-01
9.82610166e-01
9.84850049e-01
9.69510376e-01
9.71570611e-01
9.72888827e-01
9.81040239e-01
9.75898087e-01
9.72382605e-01
1.00041997e+00
9.85974133e-01
9.73082900e-01
9.67960179e-01
9.74501789e-01
9.77779746e-01
9.66351569e-01
9.92243826e-01
9.84898865e-01
9.71225560e-01
9.68816519e-01
9.75036204e-01
9.82696295e-01
9.84556496e-01
9.91218269e-01
9.88462210e-01
9.72320855e-01
9.77661252e-01
9.71270859e-01
9.74838495e-01
9.77172315e-01
9.62930441e-01
9.50318038e-01
9.32905078e-01
9.56499100e-01
1.07245648e+00
9.83343661e-01
7.86400139e-01
9.08146143e-01
1.07508302e+00
1.06762159e+00
9.64902818e-01
9.17321265e-01
9.13226426e-01
9.22171950e-01
9.55564380e-01
9.57798183e-01
9.41569388e-01
9.39488173e-01
9.47372556e-01
9.60026801e-01
9.46941674e-01
9.41621542e-01
9.42238688e-01
9.42864776e-01
9.50144470e-01
9.61647749e-01
9.51210737e-01
9.23205137e-01
9.39444780e-01
9.47749019e-01
9.53302026e-01
9.50212479e-01
9.50343847e-01
9.38855350e-01
9.46076989e-01
9.53616500e-01
9.43947792e-01
9.38192487e-01
9.41803753e-01
9.38150764e-01
9.24995005e-01
9.33974624e-01
9.40246284e-01
9.47101057e-01
9.23331320e-01
9.23676908e-01
9.36636031e-01
9.26861405e-01
9.24083591e-01
9.24315155e-01
9.29022253e-01
9.27669585e-01
9.19022679e-01
9.38701093e-01
9.38494563e-01
9.30757642e-01
9.27561700e-01
9.24254298e-01
9.26690698e-01
9.20749247e-01
9.17940259e-01
9.05358911e-01
9.14275348e-01
9.17053819e-01
9.28152025e-01
9.21838403e-01
9.09697711e-01
9.07963574e-01
9.13311541e-01
9.22802448e-01
9.16042149e-01
9.15252984e-01
9.14945722e-01
9.14678752e-01
9.04471099e-01
9.01991904e-01
8.99135292e-01
9.11354125e-01
9.14465904e-01
8.87881339e-01
8.94654453e-01
9.23758984e-01
9.05872345e-01
9.08923864e-01
9.00911212e-01
8.90239298e-01
9.09436226e-01
8.92457247e-01
8.88246477e-01
8.88697088e-01
8.83291006e-01
8.85957539e-01
8.79996002e-01
8.83343935e-01
8.87604594e-01
8.94831061e-01
8.77882540e-01
8.80119979e-01
8.84976149e-01
8.81071866e-01
8.80702555e-01
8.71798754e-01
8.82978618e-01
8.85456681e-01
8.71918917e-01
8.73593330e-01
8.72579575e-01
8.69742453e-01
8.65618050e-01
8.64768028e-01
8.66904616e-01
8.59230280e-01
8.69328201e-01
8.66531014e-01
8.70133400e-01
8.66373241e-01
8.54631662e-01
8.55943918e-01
8.55912864e-01
8.55816185e-01
8.51380765e-01
8.58139217e-01
8.51224542e-01
8.47812057e-01
8.40092003e-01
8.35613549e-01
8.41838479e-01
8.28232884e-01
8.41830969e-01
8.30977738e-01
8.20173264e-01
8.31424952e-01
8.43209922e-01
8.40648055e-01
8.37982535e-01
8.24220717e-01
8.26384187e-01
8.29146743e-01
8.11175168e-01
8.16775441e-01
8.18815768e-01
8.04011226e-01
8.02517295e-01
7.95779705e-01
7.93280721e-01
7.93495536e-01
7.97694504e-01
8.03284109e-01
7.88527310e-01
7.81706750e-01
7.67936885e-01
7.69308031e-01
7.78416038e-01
7.71704316e-01
7.70546436e-01
7.64219582e-01
7.52538800e-01
7.52895772e-01
7.48946846e-01
7.38744140e-01
7.37060130e-01
7.27450073e-01
7.19467163e-01
7.20523775e-01
7.10713863e-01
7.01212764e-01
6.89875782e-01
6.84389234e-01
6.82706118e-01
6.78653181e-01
6.68316901e-01
6.45022690e-01
6.50715709e-01
6.38332963e-01
6.23278975e-01
6.20003521e-01
6.06364548e-01
5.90513408e-01
5.75798392e-01
5.32329261e-01
4.90236253e-01
4.86594588e-01
4.70663190e-01
4.85662460e-01
5.39979994e-01
5.68552792e-01
5.69140673e-01
5.94947159e-01
6.12645209e-01
6.09113395e-01
6.25888765e-01
6.35992765e-01
6.36896133e-01
6.64608657e-01
6.54192150e-01
6.47644997e-01
6.71408772e-01
6.68132544e-01
6.72938228e-01
6.97317779e-01
7.00932682e-01
7.03704655e-01
7.16312349e-01
7.23107934e-01
7.15156615e-01
7.16705322e-01
7.13679731e-01
7.30201185e-01
7.29754269e-01
7.31279790e-01
7.34077454e-01
7.33668506e-01
7.49599934e-01
7.51863182e-01
7.51203358e-01
7.52106726e-01
7.53088474e-01
7.55632043e-01
7.52568722e-01
7.65427411e-01
7.60087073e-01
7.63122261e-01
7.72807896e-01
7.59910464e-01
7.66703486e-01
7.57386982e-01
7.72885859e-01
7.79152691e-01
7.66768575e-01
7.78116703e-01
7.84062862e-01
7.77088344e-01
7.75615096e-01
7.78471351e-01
7.81395316e-01
7.70838916e-01
7.86164939e-01
7.86023438e-01
7.80211627e-01
7.76676655e-01
7.81956553e-01
7.76034832e-01
7.84942746e-01
7.91593850e-01
7.83325315e-01
7.87789702e-01
7.84855783e-01
7.76721060e-01
7.82035351e-01
7.90143788e-01
7.90997684e-01
7.86025524e-01
7.82493412e-01
7.84085512e-01
7.86592722e-01
7.95180976e-01
7.81669736e-01
7.81155288e-01
7.93485701e-01
7.89039791e-01
7.97507226e-01
8.01585615e-01
7.95152426e-01
7.91995883e-01
7.90882409e-01
7.91828215e-01
7.82570779e-01
7.88547516e-01
7.86556602e-01
7.82636225e-01
7.90544510e-01
7.83331096e-01
7.91335881e-01
7.85258532e-01
7.81755626e-01
7.94491887e-01
7.81959414e-01
7.87595272e-01
7.88702369e-01
7.83850193e-01
7.84578621e-01
7.76871681e-01
7.74864018e-01
7.88524926e-01
7.94293880e-01
8.04145873e-01
7.88240671e-01
7.81424642e-01
7.79541373e-01
7.86510646e-01
7.79341042e-01
7.74912536e-01
7.78599441e-01
7.77608037e-01
7.90375471e-01
7.73211002e-01
7.78121054e-01
7.83203840e-01
7.86367595e-01
7.84918964e-01
7.84187496e-01
7.77192473e-01
7.88487852e-01
7.75434136e-01
7.70476580e-01
7.83798099e-01
7.72669971e-01
7.81518757e-01
7.81414390e-01
7.81204343e-01
7.86439002e-01
7.76880741e-01
7.63362944e-01
7.70513177e-01
7.78228164e-01
7.68590033e-01
7.64904797e-01
7.71440804e-01
7.71662295e-01
7.76699543e-01
7.70489097e-01
7.77356148e-01
7.77423620e-01
7.85244942e-01
8.39578331e-01
8.13331425e-01
7.75924921e-01
7.69918442e-01
7.70196676e-01
7.70685613e-01
7.63171494e-01
7.66967416e-01
7.66817331e-01
7.72109687e-01
7.67067075e-01
7.62345135e-01
7.61169374e-01
7.61478126e-01
7.61302650e-01
7.67731130e-01
7.63057172e-01
7.61964381e-01
7.80264616e-01
7.64583349e-01
7.55976081e-01
7.66573370e-01
7.70602405e-01
7.67203152e-01
7.52811909e-01
7.60542750e-01
7.61595547e-01
7.58165598e-01
7.65664339e-01
7.57826149e-01
7.64609635e-01
7.51957893e-01
7.43141472e-01
7.56426990e-01
7.54263163e-01
7.60530889e-01
7.63531566e-01
7.56331980e-01
7.51386106e-01
7.58566439e-01
7.52536297e-01
7.44015098e-01
7.45583951e-01
7.54919171e-01
7.50622630e-01
7.50240624e-01
7.61303008e-01
7.39098251e-01
7.40962029e-01
7.47760832e-01
7.35497475e-01
7.33142674e-01
7.41498888e-01
7.45203555e-01
7.39761710e-01
7.50019670e-01
7.51977801e-01
7.36403525e-01
7.38385499e-01
7.40971386e-01
7.44266391e-01
7.49453723e-01
7.49130130e-01
7.45831430e-01
7.55571485e-01
7.39791334e-01
7.43813217e-01
7.53143251e-01
7.48423517e-01
7.38183677e-01
7.35530198e-01
7.38960505e-01
7.30516195e-01
7.40157485e-01
7.41133511e-01
7.48418152e-01
7.46191502e-01
7.36088037e-01
7.27496147e-01
7.37945259e-01
7.45580435e-01
7.33271539e-01
7.30663717e-01
7.34434843e-01
7.32434809e-01
7.27103055e-01
7.26832569e-01
7.32651234e-01
7.28308201e-01
7.27631450e-01
7.35545516e-01
7.31223166e-01
7.31057465e-01
7.29189038e-01
7.26145983e-01
7.39368856e-01
7.28691638e-01
7.29983628e-01
7.28270471e-01
7.23731101e-01
7.22946465e-01
7.19207108e-01
7.20153272e-01
7.26187229e-01
7.26990283e-01
7.25025892e-01
7.12399423e-01
7.21352696e-01
7.21282899e-01
7.22091138e-01
7.13952720e-01
7.18831778e-01
7.24386632e-01
7.13050723e-01
7.22465158e-01
7.25077152e-01
7.17204869e-01
7.18463302e-01
7.22841620e-01
7.11019754e-01
7.11967528e-01
7.17638195e-01
7.24207997e-01
7.21514583e-01
7.19379365e-01
7.22559035e-01
7.18660295e-01
7.08916128e-01
7.11837530e-01
7.17986882e-01
7.22090483e-01
7.12845802e-01
7.11161852e-01
7.04916060e-01
7.04651594e-01
7.09957421e-01
7.05408216e-01
7.12443829e-01
7.15509713e-01
7.05281317e-01
7.13573456e-01
7.19377279e-01
7.08996892e-01
7.08698213e-01
7.11901724e-01
7.11814165e-01
7.12941229e-01
7.12191343e-01
7.07306743e-01
7.04650521e-01
6.92528307e-01
7.04947114e-01
7.09684908e-01
7.01705754e-01
7.00530469e-01
6.98190689e-01
6.99813664e-01
7.02483416e-01
7.02428341e-01
6.95970476e-01
7.05247462e-01
6.96057975e-01
6.99853539e-01
6.98502362e-01
6.91731215e-01
6.98050857e-01
6.98915780e-01
6.94740117e-01
6.97586179e-01
6.91673040e-01
6.97035432e-01
6.98648870e-01
6.90750182e-01
6.94571316e-01
6.99175239e-01
6.87689245e-01
6.83580041e-01
6.86264634e-01
6.85069799e-01
6.88654244e-01
6.85510337e-01
6.86687827e-01
6.82892203e-01
6.82718635e-01
6.81430101e-01
6.84322059e-01
6.77357733e-01
6.88280165e-01
6.92731321e-01
6.82828605e-01
6.85475349e-01
6.75195396e-01
6.73474312e-01
6.81211293e-01
6.80261016e-01
6.69519007e-01
6.77629828e-01
6.80448115e-01
6.89312220e-01
6.88480854e-01
6.75656140e-01
6.78857505e-01
6.84645116e-01
6.75965011e-01
6.77639306e-01
6.85976028e-01
6.83588088e-01
6.72384620e-01
6.76512182e-01
6.82331324e-01
6.75694466e-01
6.79521680e-01
6.78706944e-01
6.71441972e-01
6.72096074e-01
6.65582955e-01
6.73329473e-01
6.71966434e-01
6.69957817e-01
6.76273406e-01
6.72672868e-01
6.67748153e-01
6.61624491e-01
6.68671966e-01
6.70019269e-01
6.65924072e-01
6.70108378e-01
6.73536718e-01
6.64878309e-01
6.64956152e-01
6.72529042e-01
6.62772775e-01
6.58183217e-01
6.60438061e-01
6.64257407e-01
6.64376497e-01
6.65324569e-01
6.60381258e-01
6.57038748e-01
6.60216272e-01
6.53220117e-01
6.61816835e-01
6.61197245e-01
6.58333421e-01
6.68437779e-01
6.63988888e-01
6.54636383e-01
6.56213641e-01
6.61759913e-01
6.55412793e-01
6.54597580e-01
6.58623278e-01
6.49445534e-01
6.53865099e-01
6.49722636e-01
6.53629661e-01
6.53489470e-01
6.57166779e-01
6.49150372e-01
6.53776586e-01
6.54598594e-01
6.57162666e-01
6.61612868e-01
6.46790802e-01
6.56262159e-01
6.51562333e-01
6.51083708e-01
6.54117346e-01
6.52094066e-01
6.49708688e-01
6.45886600e-01
6.43924415e-01
6.48823619e-01
6.47092521e-01
6.45794570e-01
6.61341369e-01
6.55396760e-01
6.40047789e-01
6.45368814e-01
6.45582497e-01
6.40840292e-01
6.51176631e-01
6.41403317e-01
6.43427432e-01
6.38385832e-01
6.41438425e-01
6.45709753e-01
6.39445901e-01
6.43719077e-01
6.43603146e-01
6.42078578e-01
6.39549553e-01
6.48494422e-01
6.38540745e-01
6.35971725e-01
6.43170893e-01
6.42269850e-01
6.27418160e-01
6.30952120e-01
6.38020098e-01
6.39345109e-01
6.37741566e-01
6.35483742e-01
6.37663901e-01
6.44687355e-01
6.39339328e-01
6.26812935e-01
6.17655694e-01
6.32001758e-01
6.31865621e-01
6.22203112e-01
6.16430461e-01
6.20792985e-01
6.27985299e-01
6.32765055e-01
6.26071751e-01
6.29464507e-01
6.29639745e-01
6.26587808e-01
6.25915349e-01
6.31141186e-01
6.35746181e-01
6.24935150e-01
6.34971678e-01
6.35483563e-01
6.23025537e-01
6.28777623e-01
6.29411697e-01
6.29977703e-01
6.17522061e-01
6.04856551e-01
6.25249267e-01
6.31744146e-01
6.20802701e-01
6.30105793e-01
6.27319515e-01
6.31559134e-01
6.19705439e-01
6.17787123e-01
6.25702918e-01
6.22871876e-01
6.24421775e-01
6.24052227e-01
6.29435480e-01
6.26845121e-01
6.06390953e-01
6.18720174e-01
6.11046731e-01
6.27219439e-01
6.28984630e-01
6.10858798e-01
6.10445857e-01
6.19660139e-01
6.21428728e-01
6.07535779e-01
6.15940690e-01
6.14978015e-01
6.15530014e-01
6.22439384e-01
6.10978603e-01
6.31358564e-01
6.20590925e-01
6.04155660e-01
6.13300085e-01
6.18026555e-01
6.13356471e-01
6.07760072e-01
6.09852850e-01
6.12638235e-01
6.18015110e-01
6.11366928e-01
5.99178195e-01
6.12209797e-01
6.19772673e-01
6.15863323e-01
6.01885259e-01
6.04099035e-01
6.13199294e-01
6.07413471e-01
6.02308512e-01
5.96133530e-01
6.10136569e-01
6.03016913e-01
6.09549761e-01
6.10548258e-01
6.09258294e-01
6.05717123e-01
5.96164405e-01
6.07047617e-01
6.04198933e-01
5.99611342e-01
5.96473575e-01
5.92118561e-01
6.02173865e-01
5.91937065e-01
5.92615247e-01
5.99889219e-01
5.93853891e-01
5.97100258e-01
6.02643132e-01
5.96602082e-01
5.90660334e-01
5.93572378e-01
5.98873198e-01
5.96522927e-01
6.01960778e-01
5.96876740e-01
5.97804010e-01
5.97641110e-01
5.96423924e-01
5.89937150e-01
5.92594266e-01
5.94812751e-01
5.82525373e-01
5.83735347e-01
5.92272103e-01
5.87649822e-01
5.94229162e-01
5.82440376e-01
5.93956769e-01
5.88502049e-01
5.72823584e-01
5.81791520e-01
5.90697110e-01
5.78613818e-01
5.91718078e-01
5.91520131e-01
5.85153341e-01
5.72690725e-01
5.82970500e-01
5.86856782e-01
5.86504698e-01
5.90348125e-01
5.85427999e-01
5.87839842e-01
5.83899081e-01
5.80846488e-01
5.78210294e-01
5.82907915e-01
5.79882085e-01
5.82272589e-01
5.81545353e-01
5.85077465e-01
5.84692895e-01
5.86279333e-01
5.85416198e-01
5.80174625e-01
5.79374850e-01
5.80812812e-01
5.72965741e-01
5.75379491e-01
5.79050481e-01
5.68080008e-01
5.78295410e-01
5.78629673e-01
5.64169288e-01
5.65402210e-01
5.69437683e-01
5.67545831e-01
5.81320941e-01
5.71399033e-01
5.78273654e-01
5.75633824e-01
5.73741257e-01
5.78060031e-01
5.67062914e-01
5.72500825e-01
5.80491483e-01
5.75031042e-01
5.71317077e-01
5.62956452e-01
5.70549667e-01
5.74094713e-01
5.72218418e-01
5.70900679e-01
5.71052372e-01
5.75869679e-01
5.66016138e-01
5.58547318e-01
5.72847247e-01
5.68059623e-01
5.70289791e-01
5.65299690e-01
5.63498557e-01
5.66615880e-01
5.69216847e-01
5.74138582e-01
5.65810025e-01
5.59236109e-01
5.61208844e-01
5.68753839e-01
5.64655066e-01
5.48933029e-01
5.60260773e-01
5.60811043e-01
5.48815429e-01
5.47520339e-01
5.81306040e-01
5.67154527e-01
5.53525388e-01
5.66276670e-01
5.54506838e-01
5.52903950e-01
5.63338637e-01
5.62617183e-01
5.66561878e-01
5.55249631e-01
5.50769269e-01
5.57628691e-01
5.57881355e-01
5.58344603e-01
5.65246165e-01
5.53429365e-01
5.37055016e-01
5.41685402e-01
5.48805416e-01
5.55149317e-01
5.40994287e-01
5.55152059e-01
5.67896664e-01
5.50694227e-01
5.55601120e-01
5.43076336e-01
5.49483180e-01
5.57994843e-01
5.51091611e-01
5.45439005e-01
5.54900944e-01
5.52058637e-01
5.50291479e-01
5.47446668e-01
5.49860537e-01
5.46745002e-01
5.44090629e-01
5.41190445e-01
5.45376062e-01
5.51876426e-01
5.39740741e-01
5.39853632e-01
5.49965680e-01
5.38968980e-01
5.46553493e-01
5.47006071e-01
5.43506742e-01
5.43556929e-01
5.46405554e-01
5.49294353e-01
5.48363984e-01
5.46312869e-01
5.45126081e-01
5.43665409e-01
5.49876809e-01
5.39913654e-01
5.38267791e-01
5.43105483e-01
5.44425249e-01
5.35405934e-01
5.23666203e-01
5.42320490e-01
5.32830715e-01
5.50753951e-01
5.26362658e-01
5.28347194e-01
5.35291374e-01
5.28635442e-01
5.32278121e-01
5.37789524e-01
5.37680447e-01
5.42211652e-01
5.41944444e-01
5.29765248e-01
5.32057703e-01
5.39783537e-01
5.35932899e-01
5.25087953e-01
5.32148302e-01
5.34305215e-01
5.31335056e-01
5.40297747e-01
5.47798276e-01
5.60224891e-01
5.55516124e-01
5.37357390e-01
5.32281756e-01
5.45390666e-01
5.40537536e-01
5.34352183e-01
5.23381889e-01
5.27515709e-01
5.24347663e-01
5.26287854e-01
5.33793092e-01
5.25203884e-01
5.31131685e-01
5.30672133e-01
5.15248001e-01
5.15857756e-01
5.28367817e-01
5.29646933e-01
5.27281463e-01
5.30070961e-01
5.24551034e-01
5.21978915e-01
5.16353965e-01
5.00190735e-01
5.26471496e-01
5.31061471e-01
5.23754716e-01
5.21769166e-01
5.08824885e-01
5.17996728e-01
5.26306152e-01
5.15982747e-01
5.16529441e-01
5.23379207e-01
5.18217266e-01
5.20846903e-01
5.07399142e-01
5.06754518e-01
5.19281805e-01
5.21125257e-01
5.20142972e-01
5.15509725e-01
5.15915692e-01
5.19041419e-01
5.17402232e-01
5.09799659e-01
5.07988036e-01
5.15873730e-01
4.98962730e-01
5.09943187e-01
5.22680104e-01
5.05070508e-01
5.15452206e-01
5.21452665e-01
5.28809011e-01
5.21901906e-01
5.18752337e-01
5.10116935e-01
5.06678402e-01
5.12095034e-01
5.16085684e-01
5.07486165e-01
5.03686607e-01
5.18440545e-01
5.05348384e-01
5.05326331e-01
5.17425537e-01
5.12765110e-01
5.10315239e-01
4.96523380e-01
4.95731533e-01
5.01979411e-01
5.00790119e-01
5.01474142e-01
5.14350891e-01
5.09985447e-01
4.93505746e-01
4.97185439e-01
5.00573158e-01
5.02256155e-01
5.00951469e-01
5.05614161e-01
5.03400624e-01
4.96688068e-01
5.01031637e-01
5.07149100e-01
5.00656784e-01
4.86301303e-01
4.81061578e-01
5.09136438e-01
5.05709410e-01
5.02964079e-01
4.99720365e-01
4.98256683e-01
5.01828134e-01
4.92997915e-01
4.97145772e-01
5.01400292e-01
5.05312204e-01
4.99701113e-01
4.89188194e-01
4.95069116e-01
4.98689115e-01
4.90759254e-01
4.95989859e-01
4.92920429e-01
4.89456594e-01
4.90553021e-01
4.80720192e-01
4.94813412e-01
5.04304528e-01
4.95088488e-01
4.96522486e-01
4.98861909e-01
4.89749819e-01
4.91421819e-01
4.86566812e-01
5.18912196e-01
4.99916613e-01
4.94913489e-01
4.90854293e-01
4.95696217e-01
4.92460579e-01
4.79619592e-01
4.91906911e-01
5.07211924e-01
4.87207204e-01
4.82590169e-01
4.86960292e-01
4.84303117e-01
4.88277346e-01
4.90020543e-01
4.94792879e-01
4.93933827e-01
4.84634399e-01
4.96806920e-01
4.83045965e-01
4.86189872e-01
4.86630738e-01
4.82556254e-01
4.88132417e-01
4.95214731e-01
4.70525354e-01
4.47514653e-01
4.62207109e-01
4.69648600e-01
4.77119267e-01
4.78074580e-01
4.79198307e-01
4.72036451e-01
4.75214660e-01
4.90397394e-01
4.75963265e-01
4.76371318e-01
4.75806922e-01
4.68025714e-01
4.75553125e-01
4.83139843e-01
4.80656743e-01
4.79486018e-01
4.71074909e-01
4.81503278e-01
4.85133022e-01
4.80113208e-01
4.78754193e-01
4.69381988e-01
4.79531407e-01
4.82599705e-01
4.78198498e-01
4.81748939e-01
4.67008740e-01
4.67577815e-01
4.84272778e-01
4.75864410e-01
4.81243849e-01
4.76901680e-01
4.76564616e-01
4.76119667e-01
4.79489744e-01
4.68572289e-01
4.72343683e-01
4.67354268e-01
4.71163630e-01
4.76426184e-01
4.71476167e-01
4.74731445e-01
4.74943370e-01
4.68919873e-01
4.72414106e-01
4.72547472e-01
4.66696322e-01
4.76855546e-01
4.67168659e-01
4.65618640e-01
4.71932441e-01
4.67297614e-01
4.68113005e-01
4.59780425e-01
4.68285590e-01
4.72888708e-01
4.64732081e-01
4.64641958e-01
4.63235289e-01
4.59953696e-01
4.61062610e-01
4.63324726e-01
4.63381648e-01
4.66673136e-01
4.70001370e-01
4.60257798e-01
4.61220413e-01
4.62772846e-01
4.59359705e-01
4.59843129e-01
4.57103282e-01
4.65807557e-01
4.56538886e-01
4.62061495e-01
4.61113483e-01
4.59111929e-01
4.64890778e-01
4.69587862e-01
4.67640340e-01
4.59177911e-01
4.61626351e-01
4.62176472e-01
4.55707729e-01
4.60861087e-01
4.61193621e-01
4.59006995e-01
4.55400765e-01
4.52837527e-01
4.54861850e-01
4.51333404e-01
4.56003577e-01
4.53833044e-01
4.53988969e-01
4.64632720e-01
4.55956429e-01
4.52722758e-01
4.57154214e-01
4.59958196e-01
4.60308015e-01
4.55247372e-01
4.57765311e-01
4.51974481e-01
4.55912352e-01
4.52831268e-01
4.53005016e-01
4.52505171e-01
4.55228001e-01
4.53136444e-01
4.53822583e-01
4.57577676e-01
4.55882043e-01
4.50556129e-01
4.48130637e-01
4.50125873e-01
4.50778186e-01
4.38632905e-01
4.43043023e-01
4.48317051e-01
4.44662362e-01
4.43300039e-01
4.47763145e-01
4.38356280e-01
4.42396134e-01
4.50652033e-01
4.49470639e-01
4.49273199e-01
4.44308072e-01
4.45209444e-01
4.45956022e-01
4.36933219e-01
4.39124793e-01
4.43649411e-01
4.54927713e-01
4.57391411e-01
4.47000504e-01
4.45222735e-01
4.42755640e-01
4.45447832e-01
4.38495964e-01
4.33049619e-01
4.43977535e-01
4.48428929e-01
4.29035395e-01
4.38840210e-01
4.53099668e-01
4.57331091e-01
4.47973639e-01
4.30971324e-01
4.47060585e-01
4.46452767e-01
4.58614856e-01
4.51875061e-01
4.32491809e-01
4.32733715e-01
4.35649633e-01
4.28136915e-01
4.42032009e-01
4.36843455e-01
4.36754942e-01
4.45230842e-01
4.40140754e-01
4.29044902e-01
4.37929749e-01
4.41317916e-01
4.39879745e-01
4.36983258e-01
4.40599054e-01
4.32326853e-01
4.30934131e-01
4.34598774e-01
4.36452836e-01
4.36174154e-01
4.42345798e-01
4.35114086e-01
4.49551821e-01
4.46773380e-01
4.73021746e-01
4.54140335e-01
4.20321196e-01
4.31616426e-01
4.34106141e-01
4.35960740e-01
4.31415915e-01
4.30369854e-01
4.27083731e-01
4.29414451e-01
4.26952362e-01
4.30525512e-01
4.33218062e-01
4.30123627e-01
4.23933625e-01
4.29619431e-01
4.34949368e-01
4.28923160e-01
4.18902248e-01
4.29222286e-01
4.34898853e-01
4.24146593e-01
4.20025170e-01
4.26848739e-01
4.18088078e-01
4.27152693e-01
4.31424677e-01
4.28814322e-01
4.31537688e-01
4.40105408e-01
4.29041475e-01
4.27584648e-01
4.27985430e-01
4.17662621e-01
4.16896611e-01
4.19640154e-01
4.18068618e-01
4.17219698e-01
4.29590493e-01
4.18538183e-01
4.21278566e-01
4.20606166e-01
3.90710592e-01
3.84124190e-01
4.21340615e-01
4.34078395e-01
4.19449717e-01
4.17638958e-01
4.17471468e-01
4.27038401e-01
4.21516150e-01
4.16695565e-01
4.17576432e-01
4.19089228e-01
4.06972975e-01
4.04334009e-01
4.18931216e-01
4.13305879e-01
4.16696161e-01
4.14954662e-01
4.18908954e-01
3.98209572e-01
4.12912190e-01
4.17735696e-01
4.02448893e-01
4.10183638e-01
4.12248671e-01
4.07209903e-01
4.11672682e-01
4.08216685e-01
4.08697695e-01
4.08955514e-01
4.11977887e-01
4.09354329e-01
4.11176652e-01
4.04990613e-01
4.08030003e-01
4.11965489e-01
4.05012637e-01
4.04300928e-01
4.17012960e-01
3.92406493e-01
4.00469542e-01
4.16938871e-01
4.07039791e-01
4.06316489e-01
4.01495218e-01
4.04845029e-01
4.12752777e-01
4.13556457e-01
4.07177299e-01
4.00297076e-01
4.14361507e-01
4.07738328e-01
4.03721511e-01
4.04655367e-01
3.99670094e-01
4.02811766e-01
4.09729928e-01
3.94785047e-01
3.92257035e-01
4.04981017e-01
4.04777229e-01
4.01267827e-01
3.93313497e-01
4.01686311e-01
4.06047583e-01
4.01452959e-01
4.00739610e-01
4.05032188e-01
4.01909471e-01
4.03244674e-01
4.06339258e-01
4.04793084e-01
3.99889886e-01
4.03400540e-01
3.98831487e-01
4.01088178e-01
4.04150039e-01
3.93140107e-01
3.97476494e-01
4.01500821e-01
4.03706998e-01
3.96570504e-01
3.89449656e-01
3.98301393e-01
3.96763265e-01
3.91254336e-01
3.94654334e-01
3.87941152e-01
3.94956946e-01
3.94188166e-01
3.95958394e-01
3.96843553e-01
3.90150815e-01
3.89871776e-01
3.96737665e-01
3.97503555e-01
3.96527052e-01
4.06376034e-01
3.97635996e-01
3.85930508e-01
3.96329373e-01
4.00107324e-01
3.98228467e-01
3.94753009e-01
4.00060773e-01
3.75492692e-01
3.89232635e-01
3.90003562e-01
3.88852686e-01
4.03235972e-01
3.93810451e-01
3.96281868e-01
3.96433741e-01
3.83763880e-01
3.90928715e-01
3.96056801e-01
3.85444075e-01
3.95094275e-01
3.80382061e-01
3.86600226e-01
3.84599656e-01
3.80138785e-01
3.90051931e-01
3.92468929e-01
3.88045073e-01
3.78575802e-01
3.74382228e-01
3.92985135e-01
3.94173741e-01
3.80919576e-01
3.91950518e-01
3.92357022e-01
3.82945150e-01
3.75823647e-01
3.85533959e-01
3.86700571e-01
3.87510777e-01
3.84838045e-01
3.85712802e-01
3.80350590e-01
3.79754692e-01
3.83897454e-01
3.78111333e-01
3.84379804e-01
3.86932552e-01
3.75422925e-01
3.81586820e-01
3.78761739e-01
3.77967507e-01
3.82633805e-01
3.80709261e-01
3.81159425e-01
3.84019315e-01
3.80964816e-01
3.83516222e-01
3.79226804e-01
3.79264444e-01
3.78380388e-01
3.83088946e-01
3.83492291e-01
3.77070934e-01
3.76056015e-01
3.75066280e-01
3.74603063e-01
3.76704723e-01
3.71550471e-01
3.70938361e-01
3.74322563e-01
3.57201427e-01
3.91312480e-01
3.83263946e-01
3.90644848e-01
3.66022617e-01
3.80145311e-01
3.96622568e-01
3.82974774e-01
3.90037000e-01
3.73589128e-01
3.86445552e-01
3.81256133e-01
3.68612736e-01
3.72180372e-01
3.71010423e-01
3.65063608e-01
3.72375965e-01
3.86599571e-01
3.71650785e-01
3.65733922e-01
3.74464571e-01
3.72685015e-01
3.74329060e-01
3.68877083e-01
3.64018500e-01
3.69777441e-01
3.72160494e-01
3.73702824e-01
3.69677246e-01
3.67124557e-01
3.71069521e-01
3.83725464e-01
3.46970648e-01
3.65190506e-01
3.99939209e-01
3.79019320e-01
3.70595634e-01
3.33736479e-01
3.56507182e-01
3.60215485e-01
3.58479768e-01
3.62958610e-01
3.63938361e-01
3.67756516e-01
3.75661731e-01
3.75351429e-01
3.68603170e-01
3.61478299e-01
3.60886931e-01
3.66385937e-01
3.66191506e-01
3.52764606e-01
3.59381169e-01
3.61815572e-01
3.56406242e-01
3.59217316e-01
3.64595622e-01
3.59425008e-01
3.54200959e-01
3.54846060e-01
3.61944884e-01
3.61734957e-01
4.02252704e-01
3.72044802e-01
3.52796972e-01
3.66898268e-01
3.59755158e-01
3.61642659e-01
3.61524284e-01
3.63733113e-01
3.70826662e-01
3.78511518e-01
3.64185750e-01
3.57513756e-01
3.52201104e-01
3.55705202e-01
3.62437278e-01
3.62152457e-01
3.55211794e-01
3.53073031e-01
3.77310127e-01
3.66929561e-01
3.55456620e-01
3.62771928e-01
3.58761817e-01
3.55180204e-01
3.52812737e-01
3.54337364e-01
3.58261198e-01
3.58364671e-01
3.39746058e-01
3.46901804e-01
3.63315165e-01
3.57089728e-01
3.61073732e-01
3.55532110e-01
3.42566222e-01
3.25351685e-01
3.17241102e-01
3.61222863e-01
3.48399788e-01
3.49061251e-01
3.42960000e-01
3.47856641e-01
3.53195786e-01
3.50142747e-01
3.47680837e-01
3.52924913e-01
3.45130146e-01
3.46110076e-01
3.49254221e-01
3.33377481e-01
3.18484694e-01
3.27731401e-01
3.34678173e-01
3.77906024e-01
3.87893081e-01
3.38168979e-01
2.80243427e-01
3.27911019e-01
