6.73365450e+00
5.92677450e+00
6.48616457e+00
1.96990812e+00
6.36236000e+00
8.23965645e+00
7.28253889e+00
6.34464693e+00
2.67637420e+00
-1.85953290e-03
6.92664528e+00
3.65314341e+00
4.24182272e+00
1.11982164e+01
3.80793715e+00
9.67103291e+00
3.19622421e+00
5.81242180e+00
8.83008671e+00
4.90847683e+00
7.02782393e+00
2.95412278e+00
6.30094194e+00
4.98522758e+00
2.68489075e+00
4.63955069e+00
5.37392950e+00
5.08989143e+00
-1.28190994e+00
2.75875211e+00
7.18088436e+00
3.42261839e+00
3.04964089e+00
7.18064594e+00
1.00087032e+01
8.66451550e+00
4.94329119e+00
1.71757329e+00
2.03484488e+00
9.51302624e+00
6.95037603e+00
5.82957387e-01
-1.83058345e+00
6.83107615e-01
3.56015825e+00
3.92995691e+00
4.06601763e+00
5.70048237e+00
3.10725069e+00
1.29133761e+00
9.80391502e+00
1.54375064e+00
5.05285025e+00
7.22426605e+00
8.40414047e+00
1.00196514e+01
5.30030632e+00
6.75121450e+00
3.54793572e+00
4.52506161e+00
3.56619287e+00
-4.60638553e-01
4.43471146e+00
8.35508060e+00
9.25630569e+00
9.20447540e+00
6.32491064e+00
3.88836002e+00
8.79498386e+00
9.48419571e+00
7.96639633e+00
5.94861841e+00
5.92022991e+00
6.29157543e+00
2.89030814e+00
2.27873111e+00
4.97218943e+00
4.52958345e+00
3.22451067e+00
4.01546240e+00
5.09614706e+00
7.70799255e+00
2.87606287e+00
2.73585415e+00
3.63643312e+00
3.27435207e+00
8.88618374e+00
7.99806547e+00
5.68601608e+00
4.54234982e+00
7.29304409e+00
9.58041096e+00
4.29842949e+00
5.38329601e+00
4.77962351e+00
3.19918203e+00
2.66268992e+00
3.77551985e+00
5.12108469e+00
2.93753171e+00
1.12110853e+00
4.25278711e+00
4.87403679e+00
1.65594304e+00
4.16272593e+00
4.45431137e+00
4.14407778e+00
3.37665272e+00
4.17975903e+00
6.22534704e+00
5.93122816e+00
5.22275639e+00
5.59988165e+00
3.95513248e+00
4.03077841e+00
4.54265594e+00
-4.19961393e-01
4.36547422e+00
6.50583220e+00
5.52245092e+00
3.03707838e+00
2.71259952e+00
6.83757019e+00
3.81030011e+00
3.41558075e+00
5.83875322e+00
7.39118004e+00
6.09227800e+00
4.83284760e+00
9.44922829e+00
6.00578642e+00
5.44003916e+00
6.46418476e+00
3.04059720e+00
2.00079560e-01
9.26905537e+00
3.77551985e+00
5.92393589e+00
7.48251629e+00
3.51137066e+00
1.00933590e+01
1.61974347e+00
4.76267529e+00
5.75974131e+00
5.97964191e+00
9.94782925e+00
9.99510384e+00
7.98281717e+00
2.46963120e+00
3.65700221e+00
5.05587626e+00
3.28450060e+00
6.75259161e+00
4.22096443e+00
5.27103376e+00
6.84353685e+00
6.69651127e+00
6.13885546e+00
6.54023838e+00
5.31582642e+00
5.70789385e+00
6.73962116e+00
3.62036896e+00
7.65641749e-01
7.03742886e+00
3.10855985e+00
4.85499763e+00
2.05900049e+00
2.98426223e+00
8.89600945e+00
3.38384342e+00
4.81455660e+00
8.11884403e+00
8.23561096e+00
4.27306700e+00
2.31966496e-01
1.59584785e+00
4.78506327e+00
4.97473955e+00
2.32457757e+00
1.98508835e+00
5.46572447e+00
6.72678709e+00
2.99143577e+00
4.00930882e+00
2.40853620e+00
8.19996417e-01
2.45057511e+00
2.29600215e+00
2.10000229e+00
1.01162398e+00
2.87623286e+00
4.67528296e+00
2.76879835e+00
1.08282650e+00
6.92593145e+00
1.75588930e+00
2.37948489e+00
5.28111410e+00
3.66747355e+00
4.90492392e+00
3.44779396e+00
4.96105480e+00
4.28547621e+00
3.38999701e+00
5.15567780e+00
5.79056072e+00
2.50668907e+00
7.59564579e-01
3.13079453e+00
5.23457098e+00
5.37874031e+00
6.88088369e+00
3.68938541e+00
5.37709141e+00
5.18471241e+00
5.98288870e+00
9.11745739e+00
6.86708069e+00
5.05393839e+00
5.30795574e+00
1.85043836e+00
1.89509511e+00
6.28115511e+00
2.99160576e+00
4.03632021e+00
4.97511339e+00
5.65303802e+00
5.84828949e+00
5.51684093e+00
5.01206923e+00
2.44144654e+00
6.64009142e+00
6.73798943e+00
5.18724537e+00
6.23983049e+00
4.57378101e+00
3.61870313e+00
2.77695799e+00
4.26781416e+00
6.73458958e+00
7.16509199e+00
5.85311747e+00
8.01096821e+00
2.99651861e+00
3.91277075e+00
6.88707161e+00
5.67967558e+00
6.26354408e+00
4.75822163e+00
8.62337780e+00
5.76934576e+00
2.74839950e+00
6.42682076e+00
7.16922283e+00
4.64378357e+00
5.94945145e+00
5.40961075e+00
5.08934736e+00
6.23609066e+00
3.93527746e+00
5.62572050e+00
5.43871307e+00
6.64605808e+00
9.12223339e+00
9.43477917e+00
7.57058859e+00
1.10022507e+01
4.50996637e+00
2.63829637e+00
6.13848162e+00
7.50653601e+00
6.69341755e+00
6.78956461e+00
5.77264357e+00
6.98102570e+00
7.12728596e+00
4.65479898e+00
5.14325142e+00
6.66915989e+00
6.88156366e+00
6.53238487e+00
5.06440973e+00
4.75353003e+00
7.79174709e+00
8.42629015e-01
5.52418470e+00
7.45965242e+00
6.07697868e+00
7.12281513e+00
6.68044710e+00
5.63245201e+00
6.85181522e+00
6.55640459e+00
4.81924820e+00
4.89572763e+00
7.08330917e+00
3.73609900e+00
1.29778874e+00
2.99922132e+00
5.58546638e+00
7.03244781e+00
8.56683922e+00
4.05255461e+00
7.35920477e+00
5.84890175e+00
4.04419088e+00
6.33681011e+00
2.79351521e+00
5.11863661e+00
6.92810726e+00
6.28297424e+00
4.67531681e+00
4.35335398e+00
5.17522669e+00
1.77623725e+00
1.55528963e+00
3.14551592e+00
3.36074162e+00
2.74668264e+00
4.43464375e+00
4.48167992e+00
3.83688664e+00
4.69950676e+00
4.60582447e+00
2.25168538e+00
1.76783967e+00
4.46701002e+00
3.63027954e+00
6.07519373e-02
9.81816053e-01
5.75489664e+00
3.50030422e+00
1.02936089e+00
1.20916903e+00
-1.22003995e-01
3.46482724e-01
3.58633685e+00
2.73531032e+00
3.06726885e+00
3.29099417e+00
2.65021276e+00
1.20254958e+00
1.31900024e+00
4.59559107e+00
1.94442654e+00
4.08937454e+00
4.11443138e+00
2.69055152e+00
3.17744017e+00
2.64910769e+00
2.33812594e+00
5.87222433e+00
5.98836231e+00
4.53206539e+00
5.36199617e+00
5.37692118e+00
3.98542500e+00
1.37066567e+00
3.97430754e+00
5.20959902e+00
1.61227739e+00
3.17781401e+00
5.02493763e+00
6.67310381e+00
4.10426569e+00
3.32302046e+00
7.25309658e+00
6.76828146e+00
3.25893378e+00
5.49827814e+00
6.74273205e+00
5.64492941e+00
5.00914574e+00
4.97859812e+00
4.98123312e+00
2.36804438e+00
5.85330439e+00
8.43037033e+00
4.27432489e+00
3.80389142e+00
6.90396881e+00
7.21787405e+00
6.46901226e+00
5.56289148e+00
5.41426849e+00
7.23568916e+00
4.73299503e+00
4.78623629e+00
5.53708696e+00
5.44665146e+00
4.66346836e+00
3.90352321e+00
5.95885181e+00
7.47466278e+00
5.76217222e+00
4.61257315e+00
6.05892563e+00
5.77971506e+00
6.08303070e+00
5.74039650e+00
6.58107042e+00
8.28953266e+00
8.70273018e+00
6.15350866e+00
1.79597330e+00
5.12756157e+00
7.31230450e+00
5.91026831e+00
3.96057224e+00
3.31955266e+00
8.05684853e+00
5.77191257e+00
5.19824362e+00
6.55798578e+00
5.93501902e+00
6.24017048e+00
7.59195662e+00
6.50964022e+00
6.00075483e+00
6.25030184e+00
5.11243200e+00
3.06159115e+00
5.34970570e+00
5.13876390e+00
6.18886709e+00
6.98918533e+00
5.67918253e+00
6.31095457e+00
6.92747831e+00
5.53271818e+00
3.39144206e+00
4.71081114e+00
7.30553865e+00
3.46593213e+00
5.96082401e+00
5.23819160e+00
4.82089758e+00
4.82637119e+00
3.75139809e+00
4.19230413e+00
5.75838137e+00
7.20332289e+00
5.11975861e+00
4.07859707e+00
6.52203274e+00
6.24831295e+00
6.84523678e+00
3.53896022e+00
5.23972130e+00
5.72324419e+00
1.79559922e+00
5.85056782e+00
4.59346628e+00
7.15280151e+00
6.73846531e+00
5.11348629e+00
5.47415638e+00
3.81222105e+00
8.37624454e+00
1.01297712e+01
5.52632666e+00
3.70067286e+00
7.20259190e+00
4.50806284e+00
6.24895859e+00
4.16323566e+00
3.35798764e+00
4.48987341e+00
4.94961452e+00
5.34598303e+00
5.51665401e+00
6.97021437e+00
7.07883835e+00
6.28866863e+00
5.50618267e+00
3.56983066e+00
3.95683241e+00
5.09288311e+00
5.41479540e+00
5.38438416e+00
5.67277384e+00
5.73516083e+00
5.88895178e+00
4.91328764e+00
4.95896435e+00
5.89236832e+00
6.10502720e+00
5.35528135e+00
4.99041271e+00
6.13613558e+00
3.24734044e+00
2.60691595e+00
6.28513288e+00
3.39960146e+00
7.43626165e+00
4.33977127e+00
4.65054941e+00
6.69136047e+00
4.65950775e+00
4.22900534e+00
3.47477150e+00
5.75112295e+00
4.58625841e+00
3.70366478e+00
5.90574694e+00
3.87535572e+00
5.56918144e+00
1.10545397e+00
3.71420407e+00
7.24355984e+00
4.54603863e+00
7.32138205e+00
4.59545517e+00
6.08270741e+00
5.52833223e+00
5.07974291e+00
6.97755766e+00
4.04558468e+00
4.35379553e+00
3.72209167e+00
4.83033180e+00
5.01281738e+00
3.42960501e+00
5.61506176e+00
2.23800111e+00
3.89553356e+00
5.58643532e+00
4.62992954e+00
3.95176673e+00
5.53934765e+00
3.92138934e+00
4.35010672e+00
4.68031454e+00
3.32540035e+00
2.52990985e+00
4.96268702e+00
4.55583000e+00
5.17192888e+00
3.69740891e+00
2.71083140e+00
4.42384911e+00
4.10639048e+00
4.54665089e+00
4.53140259e+00
4.69971085e+00
4.90939474e+00
4.05738211e+00
2.35335708e+00
3.89140296e+00
3.79780579e+00
2.81637907e+00
3.22614264e+00
3.92876697e+00
1.81633818e+00
3.99465537e+00
4.08709669e+00
4.02324820e+00
3.95355153e+00
3.18583775e+00
3.56083822e+00
3.01363659e+00
6.92088246e-01
1.16637540e+00
3.30292749e+00
3.45104074e+00
2.24995160e+00
2.57147288e+00
3.25531316e+00
2.74476171e+00
1.75886416e+00
1.70042121e+00
2.61765933e+00
3.95933127e+00
2.23495841e+00
8.31475914e-01
1.08321750e+00
1.91197515e+00
2.77627802e+00
3.35579491e+00
3.07019281e+00
1.60775054e+00
1.61965001e+00
3.79957366e+00
3.43171287e+00
6.50833130e-01
2.35901785e+00
3.61693525e+00
2.28935552e+00
1.28609169e+00
2.76191378e+00
1.87280929e+00
2.69990110e+00
3.44507408e+00
3.52371216e+00
4.24454260e+00
4.90262890e+00
7.40921617e-01
3.27781987e+00
4.68674040e+00
2.74433684e+00
1.92038977e+00
2.84415555e+00
2.01247394e-01
2.70362377e+00
2.84102774e+00
9.96824563e-01
2.23259544e+00
4.11582518e+00
2.79494309e+00
4.41128683e+00
3.66019797e+00
1.60255730e+00
2.77916789e+00
4.99359131e+00
2.82795548e+00
3.74872923e+00
3.80837917e+00
3.82843804e+00
5.51021147e+00
4.38510799e+00
3.60991454e+00
4.00907087e+00
3.64195800e+00
2.46318841e+00
3.07957625e+00
6.57795954e+00
4.24059868e+00
3.65977287e+00
4.39224768e+00
5.16557121e+00
5.28227043e+00
3.69601512e+00
3.20844650e+00
2.25059748e+00
3.62439775e+00
4.94137001e+00
3.49365759e+00
3.23437023e+00
5.41962290e+00
3.93526053e+00
6.43382406e+00
6.98070240e+00
1.59046423e+00
4.30723524e+00
6.23161983e+00
2.75273442e+00
2.34042072e+00
4.85277081e+00
5.33455944e+00
4.64743853e+00
3.21966600e+00
4.49745512e+00
4.24156761e+00
3.73173022e+00
5.21809864e+00
5.19358587e+00
6.28438473e+00
2.79195118e+00
3.16073012e+00
5.10921907e+00
3.42278838e+00
3.57538939e+00
2.95524478e+00
4.66153049e+00
5.66916990e+00
5.27939749e+00
5.22005367e+00
5.51451206e+00
3.82323647e+00
3.36777925e+00
2.93622279e+00
3.49238276e+00
5.19902563e+00
4.72080660e+00
6.58112144e+00
3.95674753e+00
1.86629856e+00
4.34723425e+00
7.23560429e+00
3.43087983e+00
4.84823179e+00
3.24739146e+00
3.90185738e+00
5.86680174e+00
5.22608805e+00
5.25379658e+00
5.33440638e+00
5.17490387e+00
5.18250227e+00
4.37620068e+00
2.31055331e+00
1.68247187e+00
4.96285677e+00
3.68887544e+00
3.49267173e+00
4.87850714e+00
4.65651608e+00
4.32090235e+00
2.80640054e+00
2.20378208e+00
3.77823973e+00
4.13364029e+00
1.90422356e+00
2.88843822e+00
5.87708616e+00
6.43676519e+00
2.96872497e+00
1.84345174e+00
4.74139261e+00
2.27208447e+00
5.93512106e+00
3.97367859e+00
4.30060530e+00
5.45858526e+00
3.36318946e+00
5.30841494e+00
3.76827836e+00
3.72911239e+00
3.87969041e+00
3.87897658e+00
4.90320683e+00
6.13161373e+00
5.18612337e+00
2.56231022e+00
3.35302401e+00
4.75473690e+00
3.94880891e+00
5.87446833e+00
2.80357862e+00
5.48396492e+00
6.15058517e+00
3.98501706e+00
3.54157805e+00
3.26252079e+00
5.07856989e+00
3.63879609e+00
3.64783955e+00
4.38407135e+00
3.63869405e+00
5.45574617e+00
5.51044941e+00
2.29807615e+00
3.73519802e+00
6.01251793e+00
3.24251270e+00
2.64142418e+00
4.49942732e+00
4.31170607e+00
3.51432848e+00
3.26190877e+00
3.59223557e+00
4.86874962e+00
5.15066290e+00
2.10069942e+00
2.34667659e+00
3.85060501e+00
2.10137939e+00
2.00686431e+00
4.72264242e+00
5.40886259e+00
3.99785137e+00
2.49450088e+00
2.94261432e+00
5.27742529e+00
3.90889502e+00
3.30709243e+00
3.84883714e+00
4.55690098e+00
4.91524220e+00
4.67820692e+00
3.32293558e+00
2.36894536e+00
4.87527752e+00
6.82142115e+00
4.73780584e+00
4.10894060e+00
3.27666402e+00
3.36555243e+00
2.71266747e+00
2.91352892e+00
5.19045782e+00
5.33574963e+00
3.08833075e+00
3.44107938e+00
4.12690878e+00
3.46339917e+00
3.13699913e+00
4.85890722e+00
2.97163177e+00
3.39966965e+00
3.23705602e+00
2.55698943e+00
4.12313461e+00
5.98880434e+00
2.44370747e+00
4.62285757e+00
5.85714626e+00
4.54767084e+00
4.44123936e+00
4.07217121e+00
2.59962320e+00
3.35463881e+00
4.70016956e+00
4.38611126e+00
3.12457299e+00
3.81004500e+00
2.68968463e+00
3.90116048e+00
3.90501904e+00
2.94048953e+00
3.61829519e+00
4.00313807e+00
2.36557961e+00
3.78369641e+00
3.62086201e+00
2.50174236e+00
3.65322828e+00
4.08645058e+00
3.62031794e+00
4.94388580e+00
5.08781719e+00
3.94680309e+00
3.45867348e+00
3.10612893e+00
3.38207555e+00
4.86053944e+00
4.48965263e+00
3.40211749e+00
4.14637280e+00
4.64036655e+00
3.37904954e+00
2.66552877e+00
3.66895247e+00
4.31309986e+00
3.36069059e+00
3.75515509e+00
3.66885042e+00
2.89624071e+00
3.77548599e+00
5.25704336e+00
5.27020073e+00
4.98845768e+00
3.84288740e+00
5.19453764e+00
4.62673330e+00
3.58212090e+00
4.56754255e+00
2.90431547e+00
4.01046467e+00
4.62766838e+00
4.22846127e+00
4.21557617e+00
4.85559273e+00
3.84195256e+00
1.46996427e+00
3.63650107e+00
4.67453480e+00
4.19660473e+00
4.36917973e+00
2.16555095e+00
4.73029184e+00
3.61419845e+00
3.66069102e+00
4.62107277e+00
3.32313943e+00
3.66318989e+00
3.23754907e+00
4.17860270e+00
4.36744595e+00
3.59526134e+00
3.67372918e+00
4.31859064e+00
2.17172170e+00
3.17149043e+00
3.11913323e+00
2.58806396e+00
4.03990698e+00
3.50123930e+00
4.62773657e+00
2.52241325e+00
2.76211786e+00
3.91963840e+00
2.66578388e+00
4.34033251e+00
2.28779149e+00
3.88426328e+00
3.67219925e+00
1.95992970e+00
2.38633537e+00
1.56567609e+00
3.38547540e+00
5.32072210e+00
3.93592358e+00
2.62629485e+00
4.32989502e+00
3.50943279e+00
3.91526961e+00
3.37041402e+00
3.60476375e+00
4.03298855e+00
3.51504254e+00
4.11672592e+00
2.70326686e+00
3.22940636e+00
3.91050982e+00
4.26259565e+00
4.95148468e+00
4.32151461e+00
3.37665272e+00
5.75256777e+00
5.44088888e+00
2.90339756e+00
2.71729112e+00
3.26314974e+00
3.59849119e+00
3.22264075e+00
4.20389748e+00
4.89860010e+00
3.04268813e+00
2.08461809e+00
5.13451385e+00
4.39886045e+00
3.60889459e+00
3.84509730e+00
2.69221735e+00
1.67845666e+00
3.36174440e+00
3.21884990e+00
2.97800660e+00
3.47016478e+00
4.03247833e+00
5.06415462e+00
3.69389009e+00
2.80240560e+00
2.65109658e+00
2.98518014e+00
3.54666090e+00
3.35776663e+00
2.59909630e+00
3.04875684e+00
4.10550690e+00
3.76863527e+00
2.55328369e+00
4.52563953e+00
4.74897432e+00
4.04643488e+00
2.26802158e+00
1.70810485e+00
3.43951535e+00
3.07974625e+00
3.11454344e+00
2.08273125e+00
2.33564401e+00
3.23625708e+00
2.77649903e+00
2.73007441e+00
3.24259782e+00
2.94694924e+00
3.12615371e+00
3.44179344e+00
2.73007441e+00
2.27189732e+00
3.38149738e+00
3.16802263e+00
2.72169399e+00
2.15351558e+00
1.64221966e+00
3.27957082e+00
1.38813388e+00
2.17014074e+00
4.16677141e+00
4.08160591e+00
2.55115891e+00
3.84655929e+00
3.33882976e+00
4.38962984e+00
4.47044373e+00
2.59387755e+00
1.31432211e+00
2.79871702e+00
3.62723660e+00
2.49594569e+00
1.58535254e+00
2.01719975e+00
2.74508476e+00
2.57075882e+00
3.81834078e+00
3.51074171e+00
3.48898292e+00
3.57790518e+00
3.04197431e+00
4.36170053e+00
2.95240593e+00
2.95704675e+00
2.13571763e+00
1.16792238e+00
2.26222491e+00
2.67730927e+00
2.88352537e+00
2.82027173e+00
2.53269768e+00
2.76495671e+00
3.30012274e+00
2.18285608e+00
2.41180015e+00
3.19117546e+00
3.70354557e+00
2.92129755e+00
1.58043468e+00
2.81246924e+00
2.32486653e+00
2.51549459e+00
2.51546073e+00
2.35544801e+00
2.85056424e+00
3.02137136e+00
3.54594684e+00
2.28128099e+00
2.07912755e+00
3.36893511e+00
3.65673018e+00
2.41144323e+00
3.00695610e+00
3.59864426e+00
2.79623508e+00
2.01745462e+00
2.40741444e+00
1.67295921e+00
1.72503591e+00
1.87415218e+00
2.91830564e+00
3.32788229e+00
2.35136819e+00
3.53778744e+00
1.68551135e+00
2.47355795e+00
1.79865909e+00
9.90184724e-01
3.15928507e+00
2.26722264e+00
3.26014090e+00
1.67677379e+00
1.50264335e+00
2.94105053e+00
3.05540347e+00
3.37060094e+00
1.75228548e+00
1.99771869e+00
2.13393259e+00
1.23933387e+00
1.17509091e+00
2.80549955e+00
2.38070869e+00
1.66313028e+00
2.18453908e+00
2.51744962e+00
1.76629281e+00
2.89567995e+00
2.49786663e+00
2.65158963e+00
1.96450245e+00
1.01225471e+00
1.36513925e+00
1.40215147e+00
2.12380123e+00
2.22251487e+00
1.80700564e+00
1.54775226e+00
1.62207568e+00
1.39419925e+00
9.46859062e-01
1.49389565e+00
2.13792729e+00
2.42905426e+00
2.32411861e+00
1.07415009e+00
2.18183607e-01
1.08209383e+00
1.23969090e+00
1.29136825e+00
2.71265030e+00
2.42798328e+00
1.62233412e+00
1.17647123e+00
1.55245245e+00
1.66684628e+00
9.42595720e-01
1.77955210e+00
3.65710402e+00
1.68274558e+00
1.94490242e+00
3.20540357e+00
1.22820795e+00
2.41084814e+00
1.66378140e+00
2.80515957e+00
1.94175768e+00
6.50780439e-01
2.51982951e+00
2.08150744e+00
2.13272572e+00
2.53256178e+00
2.40027475e+00
1.90672243e+00
1.90650153e+00
2.16935873e+00
5.38768172e-01
1.51439142e+00
2.70471191e+00
2.67970610e+00
2.30783343e+00
1.37014043e+00
1.87862289e+00
1.31374240e+00
1.66817224e+00
2.42206764e+00
2.09068680e+00
3.30722833e+00
2.41608381e+00
2.47405076e+00
3.16683269e+00
2.59421754e+00
1.26152110e+00
2.85753393e+00
2.66709280e+00
2.74200797e+00
3.73575902e+00
4.09110832e+00
3.14650178e+00
3.43575859e+00
2.91602778e+00
3.15166950e+00
3.12492990e+00
2.91874766e+00
3.05808926e+00
1.98785925e+00
2.23747420e+00
3.17689610e+00
3.20414567e+00
2.09466457e+00
1.26184928e+00
2.26112008e+00
3.70128489e+00
2.41339803e+00
2.31255937e+00
2.97338271e+00
1.87559712e+00
2.88495350e+00
2.73937297e+00
1.73351848e+00
2.43855667e+00
3.28762841e+00
1.96655929e+00
2.15800333e+00
2.95264387e+00
3.58116913e+00
3.29781079e+00
2.63413143e+00
2.36097264e+00
1.89806998e+00
2.80424166e+00
3.83251786e+00
3.75569892e+00
2.64467096e+00
1.84357071e+00
2.46402144e+00
1.85365129e+00
1.88589859e+00
2.73277736e+00
2.91397095e+00
2.36954021e+00
3.70286560e+00
1.69877064e+00
1.15617931e+00
1.95491493e+00
1.95846772e+00
1.04988384e+00
1.93842578e+00
2.97741151e+00
3.03561664e+00
1.96219063e+00
1.34884894e+00
2.06399822e+00
1.70929480e+00
2.39633083e+00
3.21658921e+00
3.02696395e+00
3.29854178e+00
4.28018951e+00
1.68175447e+00
3.20249677e+00
2.10357213e+00
2.27784705e+00
3.15843511e+00
1.34439015e+00
2.45630383e+00
2.58311725e+00
2.59850144e+00
2.69702816e+00
2.34016585e+00
1.91002035e+00
2.90268350e+00
1.83364332e+00
3.61552429e+00
3.75981283e+00
2.17403340e+00
2.77685595e+00
3.03762245e+00
3.18148589e+00
2.94626927e+00
2.11829352e+00
2.00713634e+00
3.03257370e+00
2.10635996e+00
2.10624099e+00
3.01664543e+00
2.97713971e+00
2.63516855e+00
3.03959441e+00
1.79838717e+00
2.57558656e+00
2.81173825e+00
2.64825773e+00
2.42414141e+00
1.83882797e+00
1.57952869e+00
2.60973787e+00
2.80923939e+00
1.90179276e+00
2.04263043e+00
3.52474904e+00
1.63942337e+00
1.61122692e+00
2.65963006e+00
2.18929863e+00
1.96421349e+00
3.42127538e+00
1.21135342e+00
3.21813607e+00
4.19255924e+00
3.52000618e+00
2.54631400e+00
2.06869006e+00
2.37613606e+00
2.03470874e+00
2.89646173e+00
3.36227155e+00
2.15769744e+00
9.95937228e-01
2.96694016e+00
3.22867537e+00
1.84960544e+00
1.95573092e+00
3.34078455e+00
3.00100636e+00
1.19863808e+00
3.62497568e+00
3.25929093e+00
2.93375778e+00
2.87798381e+00
1.60042560e+00
4.37601376e+00
1.55140698e+00
3.07797837e+00
4.87107897e+00
3.48641610e+00
1.83938897e+00
1.94117963e+00
1.63255060e+00
3.35555673e+00
3.68295979e+00
2.27862906e+00
1.94770730e+00
1.83733213e+00
3.07360959e+00
3.60797668e+00
2.66279197e+00
2.12045240e+00
3.19187236e+00
2.61012864e+00
2.41321111e+00
2.84201360e+00
3.03933930e+00
3.34012175e+00
3.92601299e+00
2.74923253e+00
2.64410996e+00
2.32879353e+00
1.86900139e+00
1.60415530e+00
1.98321843e+00
3.56814766e+00
1.91234922e+00
9.82183218e-01
2.12667394e+00
3.10679173e+00
2.34519768e+00
2.93329883e+00
2.83844376e+00
2.64140701e+00
1.70251215e+00
1.41098249e+00
3.08448911e+00
3.13951516e+00
2.25370836e+00
2.10935187e+00
2.81867385e+00
3.11525750e+00
2.51700759e+00
2.97849941e+00
2.22185206e+00
3.06954670e+00
2.74474478e+00
1.67315638e+00
2.66908169e+00
2.82700348e+00
2.65362954e+00
2.71722317e+00
1.96139157e+00
1.64004040e+00
2.91453195e+00
2.03863549e+00
2.10661507e+00
3.28285170e+00
3.06432796e+00
2.38424444e+00
2.92408538e+00
1.23807943e+00
3.17749119e+00
3.07146764e+00
1.36898279e+00
1.91085327e+00
4.38150406e+00
1.55953264e+00
1.69554591e+00
2.90604925e+00
2.78010297e+00
1.95804274e+00
2.25824714e+00
2.73825097e+00
2.18436909e+00
2.71995997e+00
2.62354112e+00
2.42135358e+00
3.53445554e+00
2.38548541e+00
1.90772545e+00
1.43665624e+00
2.57679343e+00
3.11656642e+00
1.09160137e+00
3.09288645e+00
2.43634677e+00
1.61100590e+00
2.51612377e+00
2.98562217e+00
1.58803666e+00
3.19289231e+00
2.08811998e+00
1.77134156e+00
2.27794909e+00
1.99273801e+00
1.48667610e+00
3.71031141e+00
2.49043798e+00
2.96797705e+00
2.97504878e+00
2.60246205e+00
3.55981827e+00
9.72813308e-01
1.62553680e+00
2.05230284e+00
2.56028724e+00
3.72173476e+00
3.70602751e+00
1.16273248e+00
2.80303478e+00
1.78546774e+00
1.78706574e+00
3.06915569e+00
2.03698659e+00
3.01161385e+00
2.25782204e+00
2.57556963e+00
3.05800438e+00
2.34533358e+00
1.38577616e+00
2.28860760e+00
2.21925116e+00
2.44379234e+00
2.21202660e+00
2.44505048e+00
3.79308009e+00
1.95722687e+00
1.64799595e+00
1.87146628e+00
2.19720340e+00
2.04038644e+00
1.65576112e+00
3.44963002e+00
2.01274586e+00
1.72695684e+00
2.04987192e+00
1.71398652e+00
1.89125323e+00
3.95822644e+00
3.45219684e+00
2.07438469e+00
2.29227924e+00
2.98460221e+00
2.16874671e+00
2.47165394e+00
1.28092396e+00
2.03045893e+00
2.65730119e+00
1.65492141e+00
1.13470948e+00
3.02159238e+00
1.69568872e+00
2.60635495e+00
3.15053058e+00
1.90507352e+00
1.64838350e+00
2.76125097e+00
2.48085046e+00
1.28391242e+00
1.06239522e+00
2.63749743e+00
3.98510194e+00
1.68312800e+00
2.99894953e+00
2.83446598e+00
1.87255430e+00
2.39046621e+00
3.40747213e+00
1.52542555e+00
1.43081534e+00
1.40371358e+00
2.06649709e+00
2.79045534e+00
2.01969862e+00
1.87598813e+00
2.38599539e+00
2.18844867e+00
1.85759509e+00
2.22350097e+00
2.81083727e+00
2.08710003e+00
2.07555771e+00
2.68618274e+00
2.61961436e+00
2.59307861e+00
3.17888498e+00
1.05950880e+00
2.10034227e+00
1.48503566e+00
1.92911029e+00
3.27647686e+00
2.14039230e+00
2.07479262e+00
1.47284567e+00
1.88491261e+00
2.23565531e+00
2.39430809e+00
2.94439936e+00
1.77747822e+00
1.33883655e+00
2.57971740e+00
2.89466000e+00
2.20558381e+00
2.33358717e+00
1.61798573e+00
3.02213621e+00
3.24966931e+00
2.21114254e+00
1.90170777e+00
2.58486795e+00
1.13198113e+00
2.27232242e+00
1.85343027e+00
1.35899580e+00
1.95324910e+00
2.17010665e+00
2.04909015e+00
1.93572295e+00
1.65202641e+00
1.82544971e+00
1.97614682e+00
1.44805586e+00
2.12992072e+00
2.75610018e+00
3.10391903e+00
2.41163015e+00
1.67758465e+00
2.06605506e+00
1.18096066e+00
2.05384970e+00
2.38273168e+00
2.98886895e+00
3.02706599e+00
1.38799620e+00
2.56013441e+00
1.12528861e+00
1.55573845e+00
2.21313143e+00
1.69655728e+00
1.85793507e+00
3.17711711e+00
2.49213791e+00
1.71925628e+00
1.70142424e+00
2.18161511e+00
2.61354566e+00
2.41149402e+00
1.44465089e+00
2.98130441e+00
2.83521390e+00
1.31613421e+00
2.40386152e+00
1.69846809e+00
3.95894027e+00
2.60773182e+00
1.31546438e+00
2.38776326e+00
2.74561167e+00
2.28241992e+00
2.18632388e+00
2.40994716e+00
2.72543383e+00
2.41591382e+00
1.66865838e+00
3.05572653e+00
3.11177254e+00
2.42611337e+00
1.99821174e+00
2.00285244e+00
2.17447543e+00
2.64383793e+00
2.97372270e+00
2.03416491e+00
1.84999645e+00
2.32010698e+00
1.56247509e+00
1.55064714e+00
1.59973884e+00
1.64680600e+00
1.30663681e+00
1.14939666e+00
1.66055834e+00
1.15972197e+00
2.91264486e+00
3.68987846e+00
2.38670945e+00
1.40212250e+00
2.25874019e+00
6.38935447e-01
1.42597401e+00
1.21718574e+00
1.68067169e+00
3.06939387e+00
2.69962907e+00
1.54565787e+00
1.46128452e+00
2.13367772e+00
2.26163006e+00
1.81729019e+00
1.86245680e+00
2.27689505e+00
2.61087680e+00
2.41448593e+00
2.06513715e+00
2.45810580e+00
3.38666511e+00
2.26929665e+00
1.28271222e+00
2.32410169e+00
3.00267220e+00
1.84833050e+00
7.67651021e-01
2.01422477e+00
1.26546323e+00
1.40263927e+00
1.69744980e+00
1.88093483e+00
2.63329864e+00
1.50101316e+00
2.25059748e+00
2.71834517e+00
2.23383641e+00
2.05740261e+00
2.78770137e+00
2.00749326e+00
1.51740885e+00
1.11660886e+00
2.18057823e+00
3.14271092e+00
1.67076290e+00
2.15441656e+00
1.56076336e+00
2.32187486e+00
2.59591746e+00
2.09148574e+00
2.47226596e+00
1.25316441e+00
1.55123365e+00
1.72756886e+00
2.00314140e+00
2.09935641e+00
1.40203416e+00
2.22263408e+00
2.50881410e+00
9.98614550e-01
5.60574651e-01
1.74319100e+00
2.16966486e+00
2.51551175e+00
2.74697161e+00
3.01848149e+00
2.95961356e+00
2.54701114e+00
1.95845079e+00
8.93486977e-01
1.96018469e+00
2.58233523e+00
1.46373916e+00
1.42054105e+00
4.03742504e+00
1.78130305e+00
1.45545888e+00
1.76469493e+00
1.95052922e+00
1.99697077e+00
1.93930972e+00
2.23625016e+00
1.13249958e+00
1.07156622e+00
1.42158139e+00
1.35055745e+00
1.55873191e+00
2.20354390e+00
1.01059723e+00
4.92926657e-01
1.17997813e+00
1.77887213e+00
1.59697998e+00
2.38536644e+00
2.22781873e+00
1.53361237e+00
1.90753841e+00
2.02279234e+00
3.24616760e-01
1.78519583e+00
1.57988727e+00
1.97128510e+00
2.37455511e+00
1.83947396e+00
1.85229135e+00
4.18813944e+00
1.45540619e+00
1.94665337e+00
2.25690413e+00
1.83209634e+00
4.19986868e+00
1.31258309e+00
3.85867953e+00
-5.85138369e+00
-1.46278725e+01
-3.17084455e+00
1.83602314e+01
4.34849215e+00
-8.18451214e+00
-3.76919627e+00
2.39857483e+00
1.86005986e+00
1.70526600e+00
1.24335933e+00
2.25510240e+00
2.00213838e+00
1.65625072e+00
1.92159665e+00
1.41545999e+00
8.39506269e-01
2.10515308e+00
2.59697151e+00
2.20459795e+00
2.21377754e+00
2.50713110e+00
7.26827681e-01
1.16442561e+00
2.30281878e+00
2.98249435e+00
2.73570108e+00
1.57607615e+00
1.03550267e+00
2.84121466e+00
2.26888847e+00
1.50777709e+00
1.88953638e+00
1.64348781e+00
2.71163034e+00
2.63433552e+00
1.21702254e+00
7.37792075e-01
1.60933495e+00
1.91294420e+00
1.71674037e+00
2.80944324e+00
1.82249188e+00
1.00602281e+00
1.66007555e+00
1.49706256e+00
6.33113265e-01
2.47950768e+00
1.08278906e+00
6.96356773e-01
2.47768855e+00
1.82866251e+00
2.45023513e+00
1.79117954e+00
1.32005584e+00
1.77112055e+00
2.22161412e+00
1.75478435e+00
1.76299500e+00
1.06555200e+00
1.53554177e+00
2.56484318e+00
2.45637178e+00
1.25187922e+00
1.71398652e+00
4.10472482e-01
1.83823299e+00
3.13081145e+00
2.17243552e+00
1.52680075e+00
1.71400356e+00
5.49865186e-01
2.39189410e+00
2.76303577e+00
1.04466856e+00
2.03532076e+00
1.32233882e+00
1.69637370e+00
7.66977847e-01
6.72663391e-01
2.07411265e+00
2.13031173e+00
1.19591820e+00
2.42329144e+00
1.76704073e+00
1.46855843e+00
1.80338490e+00
4.97800320e-01
2.64258003e+00
1.04679179e+00
2.41717172e+00
3.28434753e+00
1.49282300e+00
1.20555162e+00
1.66672897e+00
1.25734782e+00
1.32241535e+00
2.07178378e+00
2.15798640e+00
1.25046492e+00
2.65036559e+00
1.17820513e+00
1.19728994e+00
1.84030688e+00
1.42080450e+00
1.10486245e+00
1.84544063e+00
2.32930350e+00
2.52129149e+00
2.05395174e+00
1.43875384e+00
1.59845722e+00
1.21602988e+00
6.00459635e-01
1.09831774e+00
1.54645181e+00
1.34232306e+00
1.73620439e+00
3.03282857e+00
2.69767427e+00
1.78988755e+00
1.47081423e+00
1.19810593e+00
6.34126425e-01
2.79662609e+00
2.31048536e+00
4.41728741e-01
9.50444162e-01
2.51838446e+00
1.07087612e+00
1.19452250e+00
1.46545446e+00
2.38385367e+00
2.22577882e+00
1.24193132e+00
1.33631730e+00
1.13576852e-01
1.82682669e+00
1.09313643e+00
1.19679022e+00
2.44965720e+00
7.52584696e-01
2.44187164e+00
6.75971389e-01
1.66062629e+00
1.67037535e+00
1.75413847e-01
2.45751071e+00
2.14897680e+00
3.24290358e-02
4.65670288e-01
1.19938433e+00
8.55320573e-01
1.65843177e+00
2.44304442e+00
1.85824096e+00
1.58574355e+00
1.82917249e+00
2.20854163e+00
2.43158698e+00
1.63561380e+00
1.34334123e+00
1.33651614e+00
1.64746904e+00
1.84324777e+00
1.27099645e+00
9.93446827e-01
8.28291953e-01
7.31362998e-01
1.16754329e+00
1.62055600e+00
1.28278363e+00
1.89613199e+00
2.22521782e+00
2.37324619e+00
1.74448299e+00
5.78697383e-01
6.96999311e-01
2.96831703e+00
2.31655407e+00
6.04075372e-01
2.79700011e-01
1.01111913e+00
1.08698618e+00
1.79196143e+00
6.47788584e-01
1.50478864e+00
1.87909889e+00
7.01543152e-01
9.15181220e-01
7.64050603e-01
1.68688488e+00
1.93130314e+00
1.74178004e+00
1.73389244e+00
1.82070696e+00
2.35277915e+00
7.90134072e-01
1.07538426e+00
1.72586894e+00
1.45517504e+00
1.72886074e+00
1.03685236e+00
8.58463705e-01
1.10718453e+00
1.61644220e+00
1.89002931e+00
1.59871387e+00
2.13889647e+00
2.64431405e+00
2.08616519e+00
1.70688093e+00
1.97888374e+00
1.93223810e+00
2.31057048e+00
2.12689495e+00
1.85370219e+00
1.43943214e+00
1.51187217e+00
2.78249979e+00
2.67285538e+00
6.58693537e-02
1.40015233e+00
3.44942594e+00
2.10051227e+00
-1.44825816e-01
1.39914596e+00
1.19698906e+00
2.15919328e+00
2.05976558e+00
1.11986077e+00
2.61053681e+00
5.74248731e-01
6.46685362e-01
1.20599699e+00
2.25986195e+00
3.43958354e+00
2.03781962e+00
-1.99246597e+00
4.31124687e+00
4.18082952e+00
-1.88724148e+00
-3.07495260e+00
3.26977921e+00
3.11824918e+00
2.81126237e+00
1.33498454e+00
7.27021456e-01
1.52053487e+00
1.42490983e+00
2.67205644e+00
2.43432403e+00
1.64047730e+00
1.33864951e+00
1.40830338e+00
1.41900265e+00
2.14277220e+00
9.58501756e-01
2.34662557e+00
2.29102135e+00
2.63612032e-01
1.82711565e+00
1.90859234e+00
2.77563214e-01
6.17921174e-01
1.37435102e+00
5.15535474e-01
-1.03211984e-01
2.48649430e+00
7.01714873e-01
6.14951372e-01
1.19008243e+00
6.43980801e-01
1.30146396e+00
2.37550712e+00
1.97769380e+00
1.36015344e+00
1.18444204e+00
1.07759750e+00
5.83307564e-01
5.15022099e-01
2.10777092e+00
1.70990670e+00
6.51040494e-01
9.79035020e-01
2.11314273e+00
3.09188366e+00
2.84995228e-01
9.05124545e-01
2.12783003e+00
1.03041482e+00
1.00018191e+00
2.08920789e+00
1.65447772e+00
2.42791533e+00
3.01877046e+00
1.65915930e+00
3.24086368e-01
2.47541070e+00
2.31444621e+00
2.36114264e+00
2.78589964e+00
2.05087495e+00
6.54494762e-01
2.05289793e+00
8.24229181e-01
5.20387053e-01
7.59413242e-01
4.37263072e-01
1.02389741e+00
2.53954840e+00
4.62314665e-01
7.29843318e-01
1.56641209e+00
1.16764867e+00
2.37554097e+00
3.38916397e+00
9.09190714e-01
1.04499149e+00
2.18299198e+00
1.57160878e+00
9.91454542e-01
1.76053011e+00
2.86656046e+00
1.74703276e+00
1.52044308e+00
2.87446499e+00
2.07356882e+00
1.65157259e+00
1.09549248e+00
6.65771961e-01
7.45892167e-01
1.02265477e+00
1.09459496e+00
2.06090450e+00
1.31897473e+00
1.13393092e+00
1.44628108e+00
1.26537824e+00
9.71511185e-01
1.74716878e+00
2.67484426e+00
1.65763617e+00
7.80852556e-01
1.30182433e+00
1.30674219e+00
7.70953953e-01
7.65903533e-01
2.19769621e+00
2.77457809e+00
1.77931416e+00
1.80952156e+00
3.01084876e+00
1.74914074e+00
-4.83058691e-02
5.40716290e-01
2.22436786e+00
1.46695375e+00
2.14557695e+00
8.27890813e-01
1.03449464e+00
2.45640588e+00
2.34920931e+00
3.85459989e-01
1.09253812e+00
1.70156014e+00
1.94527650e+00
1.98170555e+00
1.67123210e+00
1.18469703e+00
1.74856269e+00
1.99698770e+00
1.68865788e+00
1.64090908e+00
1.76960766e+00
1.02702177e+00
5.98576128e-01
2.86361957e+00
1.98032868e+00
6.57258809e-01
1.07801235e+00
2.38109976e-01
8.41127992e-01
3.55400443e-01
1.46790063e+00
2.13578558e+00
1.35918951e+00
1.54086077e+00
4.95899826e-01
1.71614540e+00
1.08453155e+00
1.09222019e+00
2.19631934e+00
3.38491440e-01
1.13953376e+00
1.81769812e+00
1.11207008e+00
7.43530989e-01
1.04754484e+00
1.13647908e-01
-4.71089602e-01
1.54470932e+00
9.40608501e-01
4.13909703e-01
1.55403173e+00
8.79319906e-01
1.98066866e+00
1.73135960e+00
1.91605496e+00
2.51532459e+00
2.16386795e+00
8.81771147e-01
1.37724257e+00
2.05286384e+00
1.28087628e+00
9.50068533e-01
1.69104624e+00
1.37389374e+00
1.07823157e+00
3.39275092e-01
-2.99046695e-01
3.57387632e-01
1.67892075e+00
1.33481789e+00
3.79455894e-01
2.75933003e+00
1.76384497e+00
2.09129885e-01
1.02212942e+00
9.98777747e-01
1.81001449e+00
8.54480803e-01
1.06888545e+00
1.54095256e+00
1.00000000e+00
5.87924540e-01
-5.91392331e-02
1.25096297e+00
2.52640820e+00
1.94117963e+00
3.80758017e-01
5.37851930e-01
1.83993292e+00
1.61109257e+00
2.46646926e-01
2.54356027e-01
1.64677715e+00
1.83899796e+00
2.61274672e+00
2.50349331e+00
6.95355475e-01
-6.61221296e-02
7.52907693e-01
6.62907600e-01
2.48668122e+00
4.61864203e-01
2.38169479e+00
3.52117920e+00
1.56542957e+00
3.35844660e+00
1.93184721e+00
8.44075620e-01
1.13691938e+00
2.50925612e+00
2.61208367e+00
-2.22302489e-02
1.54640591e+00
1.96183360e+00
1.98940611e+00
1.80306184e+00
1.27415144e+00
9.77319777e-01
3.33981574e-01
1.94053376e+00
2.14530492e+00
1.00855052e+00
4.85679954e-01
1.01290572e+00
1.76114202e+00
1.82425976e+00
2.08082747e+00
1.55637419e+00
7.84854114e-01
1.89569008e+00
1.38260078e+00
5.87525010e-01
5.09980202e-01
3.95292252e-01
6.14242554e-01
2.10299420e+00
6.60551548e-01
5.68361938e-01
1.51841342e+00
1.71954525e+00
1.32644761e+00
1.90612745e+00
1.37659490e+00
1.11193573e+00
1.14909244e+00
1.44156551e+00
1.17191207e+00
2.16332406e-01
2.75186729e+00
3.79425287e-01
8.65722299e-01
1.95637691e+00
1.14199018e+00
2.74731159e+00
2.39599085e+00
9.14817452e-01
1.50590718e+00
1.15502512e+00
-1.51164949e-01
2.28401780e+00
1.67652047e+00
3.12455583e+00
1.72211206e+00
1.16338181e+00
2.47673678e+00
-3.59871209e-01
2.23228946e-01
1.29560435e+00
1.00673163e+00
1.76449084e+00
2.97753048e+00
1.11557865e+00
3.05870128e+00
2.63945222e+00
1.15569150e+00
2.21986318e+00
3.89806652e+00
1.52470648e-01
-3.52745175e+00
-2.32080388e+00
4.60222054e+00
6.30570173e+00
1.25846303e+00
2.16237211e+00
2.06360722e+00
1.81399226e+00
9.74412918e-01
1.08438194e+00
2.28836966e+00
1.91149926e+00
6.55926049e-01
1.27908123e+00
8.06811869e-01
6.99770153e-01
1.73899221e+00
1.39923263e+00
2.58090734e+00
1.66343117e+00
1.03396082e+00
1.05011678e+00
1.41600907e+00
2.48787117e+00
1.58094299e+00
1.68259943e+00
1.88074780e+00
1.12700212e+00
5.10007381e-01
1.55223489e+00
8.12419891e-01
7.55391240e-01
9.71907258e-01
1.29538167e+00
1.31841886e+00
3.56994957e-01
3.90420318e-01
1.47783482e+00
1.00845361e+00
4.26737219e-01
9.75152373e-01
1.43286538e+00
3.37422180e+00
-1.59530044e+00
-3.30384564e+00
6.83306515e-01
3.40315437e+00
-1.49097681e-01
8.83335114e-01
1.59744573e+00
8.46183538e-01
1.10615778e+00
1.93869781e+00
1.51077569e-01
1.20555663e+00
1.62847757e+00
7.19946444e-01
6.39362097e-01
1.54278851e+00
9.84709322e-01
1.41640854e+00
9.63982284e-01
6.89783216e-01
8.55686009e-01
1.15802205e+00
1.51450026e+00
1.20635223e+00
9.48455274e-01
7.39724874e-01
7.56870210e-01
1.17869973e+00
1.43914652e+00
1.59885496e-01
1.93366602e-01
1.32426143e+00
1.43962431e+00
4.26376849e-01
7.80799866e-01
1.56300890e+00
1.01390696e+00
8.63747001e-01
1.19450045e+00
1.12489593e+00
9.16952550e-01
1.83855605e+00
4.92610484e-01
6.38666868e-01
1.53461361e+00
9.88654792e-01
2.92037964e-01
1.40627193e+00
3.47638667e-01
6.76314771e-01
1.40347052e+00
1.07517517e+00
1.65938532e+00
1.62532938e+00
1.83986497e+00
1.24513912e+00
9.61310044e-02
5.96662052e-02
1.77045763e+00
1.40603912e+00
4.81363863e-01
4.33332890e-01
9.96093631e-01
1.05338907e+00
2.74940252e-01
5.46625137e-01
6.87957466e-01
6.57542706e-01
8.87572944e-01
1.01257420e+00
4.88935292e-01
1.53685915e+00
1.18754947e+00
4.31911767e-01
9.75349605e-01
2.08213639e+00
1.33148265e+00
1.01818395e+00
1.27756155e+00
6.74427867e-01
2.53438085e-01
6.53454363e-01
5.73752344e-01
1.29488873e+00
2.35079024e-02
2.43524194e-01
1.10740721e+00
8.13805342e-01
7.14620590e-01
7.92258918e-01
1.25017595e+00
9.54559684e-01
-2.88592249e-01
-8.09302270e-01
1.02875400e+00
1.60745478e+00
6.44407451e-01
8.73837709e-01
1.25372541e+00
1.10069764e+00
2.10488105e+00
8.42997909e-01
1.23762214e+00
1.12723327e+00
1.23771894e+00
1.77266741e+00
4.73146498e-01
1.46235371e+00
1.11364412e+00
1.23808956e+00
1.21331501e+00
7.10290909e-01
1.39496243e+00
-2.77454406e-01
-6.05778694e-01
2.74244994e-01
1.18983078e+00
1.42450356e+00
8.94503534e-01
1.28169909e-01
1.06175947e+00
1.23968244e+00
5.33778965e-01
2.40188956e-01
5.12705147e-01
6.63813651e-01
8.32771242e-01
1.64211428e+00
1.37867558e+00
2.30241075e-01
1.04821289e+00
-1.76834967e-02
1.36902347e-01
3.72574657e-01
1.19427776e+00
1.87648106e+00
-2.01781169e-02
8.83551002e-01
8.39533448e-01
1.35000661e-01
2.85471201e-01
9.38133419e-01
4.96680081e-01
1.61032426e+00
1.46988773e+00
-1.07714534e-01
-4.86696482e-01
7.91126788e-01
6.66106820e-01
7.63608634e-01
1.36676610e+00
6.54100358e-01
-1.41777530e-01
7.58233547e-01
1.94082272e+00
1.11459784e-01
9.10331368e-01
1.10160375e+00
3.49585056e-01
5.44590354e-01
1.35419524e+00
5.89966118e-01
1.20867085e+00
4.50833470e-01
6.60473332e-02
1.30357695e+00
9.93596435e-01
1.63211036e+00
1.62051356e+00
1.04273748e+00
8.12049329e-01
1.17219591e+00
1.37409949e+00
1.31382406e+00
-3.64086986e-01
-2.44515240e-01
4.68206555e-01
3.31447005e-01
1.29728556e+00
7.51313210e-01
1.05734646e+00
1.11007941e+00
9.63893890e-01
1.23968410e+00
1.35074782e+00
7.55420148e-01
8.71349037e-01
4.88053024e-01
4.87129986e-01
1.27851343e+00
9.98657048e-01
1.05075932e+00
1.00491440e+00
8.87329876e-01
8.77390504e-01
7.15711951e-01
3.98967475e-01
2.19303846e+00
1.92844737e+00
9.54044580e-01
5.05687892e-01
4.68852520e-01
5.58072388e-01
1.20171142e+00
1.26036346e+00
8.34168553e-01
5.74252129e-01
9.14016783e-01
1.33374524e+00
2.97113895e-01
9.26143944e-01
9.65054929e-01
3.34928423e-01
4.71043706e-01
1.30788791e+00
1.58672440e+00
9.24831629e-01
8.44463229e-01
1.05876589e+00
1.00814092e+00
1.46112299e+00
1.85387218e+00
1.46846831e+00
1.10506475e+00
9.00701404e-01
6.23881042e-01
4.89746124e-01
7.16694474e-01
1.03675377e+00
1.49787855e+00
1.43216670e+00
9.24452543e-01
1.30959296e+00
1.60670686e+00
1.79291344e+00
2.00074458e+00
1.33851528e+00
5.04326284e-01
1.79650021e+00
1.61472189e+00
1.22790706e+00
7.21000373e-01
5.75904429e-01
9.69600499e-01
8.91809165e-01
1.01044595e-01
8.21896911e-01
1.08292341e+00
1.29067123e+00
1.80414987e+00
9.21271980e-01
1.40595579e+00
1.46920609e+00
9.13081825e-01
7.08504319e-01
1.28266978e+00
1.58864522e+00
7.50356138e-01
9.61310029e-01
1.21162367e+00
1.34683287e+00
1.32865918e+00
5.27247906e-01
1.17799425e+00
7.35813379e-01
1.00498581e+00
1.21223736e+00
5.35274863e-01
9.20150042e-01
1.01348543e+00
6.56143665e-01
6.72068417e-01
5.97542584e-01
3.05587947e-01
9.02409792e-01
9.59997714e-01
6.98828399e-01
7.59057999e-01
7.94048965e-01
6.23134792e-01
9.83696163e-01
1.30404949e+00
1.10119057e+00
8.78039837e-01
9.71103191e-01
1.01985502e+00
5.08751154e-01
5.47075629e-01
1.92072973e-01
6.36232615e-01
9.82169628e-01
8.58339608e-01
1.83802903e+00
6.14196658e-01
1.29351175e+00
8.65766525e-01
4.63598102e-01
1.29675007e+00
3.80700231e-01
1.18833661e+00
9.97553825e-01
1.02590489e+00
1.26824427e+00
9.87500548e-01
8.39740872e-01
1.40491891e+00
1.70334506e+00
-6.15956068e-01
-3.09613347e-01
3.23380923e+00
7.26287067e-01
1.20471859e+00
9.74664509e-01
9.13703978e-01
6.28316104e-01
-6.72456026e-02
7.89503396e-01
1.06329274e+00
1.17486644e+00
4.33897257e-01
5.15113890e-01
1.36826372e+00
-1.96504649e-02
1.63472652e+00
1.42313683e+00
9.43253577e-01
9.29475784e-01
4.24819738e-01
-3.85169297e-01
8.01069558e-01
1.93606298e-02
6.14183068e-01
1.13819432e+00
1.54440682e-02
7.56446898e-01
3.33855778e-01
9.07863081e-01
1.27789128e+00
1.36949444e+00
1.43677855e+00
7.00540245e-01
8.31652701e-01
1.20743001e+00
1.58737540e+00
1.14250863e+00
9.51069742e-02
4.45077568e-01
1.29704416e+00
8.88994098e-01
5.04401088e-01
9.27388310e-01
1.89509511e+00
2.34414363e+00
2.24471584e-01
1.10497630e+00
1.43069124e+00
5.31563938e-01
7.25668311e-01
1.74285102e+00
-7.53487349e-01
-2.61012875e-02
1.49866903e+00
1.70528293e+00
1.14152443e+00
8.69360149e-01
5.10027766e-01
7.22649276e-01
1.22376442e+00
1.37658131e+00
1.36672699e+00
1.84994543e+00
6.07643485e-01
5.53792000e-01
1.02350128e+00
1.11491573e+00
8.35827649e-01
5.74355841e-01
3.65747809e-01
3.32388759e-01
8.08149695e-01
1.02525723e+00
9.93700147e-01
2.06287622e+00
1.53842819e+00
1.70011520e-01
7.52463996e-01
1.65179014e+00
8.66250992e-01
6.29096389e-01
1.35957885e+00
1.14341307e+00
8.46164823e-01
1.14656126e+00
1.77662826e+00
1.91522205e+00
6.73632324e-01
5.60520232e-01
9.67358291e-01
1.16864145e+00
1.11585569e+00
8.65244627e-01
3.55011165e-01
3.11243564e-01
6.80447280e-01
1.23503315e+00
1.57226837e+00
1.17465568e+00
5.80883503e-01
8.85558546e-01
2.80551642e-01
-9.91061851e-02
9.84704196e-01
1.37051094e+00
1.16534019e+00
5.73561966e-01
5.78846991e-01
8.06623220e-01
6.51490986e-01
6.78460062e-01
7.05245614e-01
3.10138613e-01
6.96485937e-01
1.06853020e+00
8.72300982e-01
1.55023408e+00
7.03865230e-01
7.08965003e-01
7.54077256e-01
5.39247572e-01
6.67862833e-01
1.13062119e+00
8.86896431e-01
1.11706269e+00
7.27410734e-01
3.24094892e-01
7.02133060e-01
6.65550947e-01
6.92793727e-01
1.04026926e+00
9.78776634e-01
4.90936071e-01
1.99076608e-01
5.12922704e-01
1.05604780e+00
7.16364682e-01
7.33436942e-01
1.00163364e+00
8.71097445e-01
9.44256485e-01
1.20442963e+00
1.29172862e+00
1.06878185e+00
8.54722202e-01
1.00108969e+00
1.25911403e+00
8.23166728e-01
1.25489998e+00
6.76996469e-01
3.77138913e-01
1.23250878e+00
2.98399031e-01
8.90903115e-01
1.26311731e+00
1.08744001e+00
5.54550171e-01
1.28016070e-01
4.54918355e-01
7.25202560e-01
8.45010579e-01
8.05686533e-01
1.07629204e+00
1.42956758e+00
8.51322353e-01
1.55247962e+00
1.05912125e+00
6.56288147e-01
8.36791515e-01
9.33708549e-01
8.91178489e-01
1.21528184e+00
7.59326577e-01
1.09302258e+00
1.58056390e+00
9.71067488e-01
4.32746410e-01
5.11688590e-01
4.85200584e-01
7.99310148e-01
8.86770606e-01
4.89673048e-01
8.22369456e-01
5.48933625e-01
5.81723213e-01
6.34500384e-01
1.03167617e+00
1.50593269e+00
6.75707936e-01
1.15628815e+00
7.21787393e-01
4.37803656e-01
5.87215662e-01
7.83745766e-01
1.30112565e+00
8.54094923e-01
1.25909877e+00
1.25294685e+00
7.24014282e-01
8.28069270e-01
1.66257274e+00
1.18713307e+00
5.08992553e-01
3.88118654e-01
8.40803325e-01
1.02295387e+00
8.57540667e-02
3.39207083e-01
9.94543314e-01
7.55578279e-01
7.83778071e-01
1.60025227e+00
7.27968276e-01
1.22346185e-01
1.30451024e+00
9.03241038e-01
1.52449578e-01
1.07577014e+00
8.63158822e-01
1.00662458e+00
1.38121188e+00
1.25402796e+00
9.48893845e-01
8.43569040e-01
4.34855998e-01
7.95308590e-01
9.43741441e-01
9.13440526e-01
7.87234008e-01
5.38200378e-01
2.91238993e-01
6.99863676e-03
8.02786469e-01
9.76175725e-01
5.18319964e-01
6.55380368e-01
1.18059182e+00
6.18990362e-01
7.60776579e-01
9.75465178e-01
9.70645905e-01
8.67022753e-01
4.53544825e-01
9.47165072e-01
1.23867941e+00
1.08353019e+00
7.98682928e-01
8.35895658e-01
1.12124789e+00
5.54092862e-02
5.25568366e-01
-1.91345409e-01
-8.99485946e-01
8.72579753e-01
2.22163105e+00
5.77288158e-02
1.22606266e+00
1.91928482e+00
1.49968386e+00
1.62027037e+00
4.21668082e-01
-2.41061017e-01
6.86883152e-01
7.31167555e-01
3.41338784e-01
7.87840903e-01
5.87200344e-01
1.13783896e+00
8.59536350e-01
3.95815849e-01
3.27241421e-01
5.63364208e-01
6.84248269e-01
-4.94861156e-01
-3.09099960e+00
-8.40738714e-01
2.99277878e+00
2.26774955e+00
3.47856253e-01
1.85684711e-01
3.07546258e-01
1.25812638e+00
1.38690996e+00
-1.57130450e-01
5.21340668e-02
8.85825455e-01
-7.73012564e-02
-6.54936731e-02
1.26323128e+00
1.40578413e+00
-5.37856996e-01
-2.24884659e-01
4.21832979e-01
4.14412856e-01
5.59790969e-01
1.08232844e+00
3.35693389e-01
-2.29399621e-01
-3.48027945e-01
1.35739100e+00
2.86384058e+00
2.05544782e+00
1.32219946e+00
1.27023494e+00
3.91730964e-01
-2.27317229e-01
-6.73373938e-01
-1.07690394e+00
1.14688762e-01
8.15083623e-01
6.44655645e-01
3.61817628e-02
3.99717130e-02
3.31657797e-01
-6.23044670e-01
2.14817786e+00
1.22845113e+00
1.05254936e+00
1.73929822e+00
7.61397064e-01
8.96286726e-01
3.42253327e-01
3.92635316e-01
-9.54542682e-02
-1.79355934e-01
9.34952915e-01
7.67152965e-01
7.78073192e-01
-5.19564264e-02
-1.83979702e+00
-1.34188449e+00
2.32614160e+00
2.96981287e+00
6.53065085e-01
1.37833393e+00
1.62085855e+00
5.98639071e-01
5.71868837e-01
1.10043931e+00
9.13275599e-01
6.42257094e-01
5.67180514e-01
4.03518140e-01
-8.14888179e-02
-3.41355771e-01
6.07702971e-01
8.08403015e-01
7.42910504e-01
-3.49522159e-02
-1.28604066e+00
-1.96888819e-01
1.10103083e+00
1.38803196e+00
1.30729294e+00
8.18908453e-01
1.86813444e-01
9.38104510e-01
9.10754681e-01
9.87208188e-01
8.57083380e-01
7.93974161e-01
1.00722635e+00
4.43901241e-01
-2.08594412e-01
6.86220169e-01
1.35144985e+00
1.17703211e+00
7.75780022e-01
2.16587394e-01
5.42016685e-01
5.01368418e-02
4.08099383e-01
1.29378033e+00
1.13644338e+00
6.69572949e-01
1.07641447e+00
8.57664704e-01
7.49978781e-01
9.30393755e-01
7.02253759e-01
1.52181163e-01
9.17630792e-01
4.20437366e-01
1.37658820e-01
3.18612665e-01
2.11251378e-01
3.52602392e-01
-8.58395696e-01
2.38533244e-01
1.30518675e+00
8.45166981e-01
1.82779565e-01
8.91249895e-01
1.09859312e+00
4.09124434e-01
3.46443623e-01
6.21319294e-01
4.23767477e-01
8.20310891e-01
9.84311521e-01
1.22044110e+00
9.82954979e-01
7.40527272e-01
8.82160425e-01
4.02596772e-01
8.96543384e-01
6.49714589e-01
6.86262667e-01
8.00053060e-01
2.89214402e-01
3.03680658e-01
1.57818571e-01
3.82573515e-01
6.39686823e-01
9.82291996e-01
1.16038322e+00
1.84195578e-01
5.08424759e-01
1.13498151e+00
-6.70042098e-01
-1.50762582e+00
1.29158580e+00
1.29584575e+00
1.97866276e-01
-1.40283480e-01
5.29456079e-01
9.31095779e-01
5.22833228e-01
9.52331066e-01
8.47817123e-01
-2.89350390e-01
1.22598283e-01
8.55325639e-01
2.33664706e-01
1.09813416e+00
3.95846441e-02
1.22798359e+00
1.18776715e+00
1.29715294e-01
7.96037853e-01
1.30661464e+00
8.03752065e-01
1.89235821e-01
3.94032627e-01
9.37417746e-01
1.21228492e+00
1.58133054e+00
-1.77900821e-01
6.96287036e-01
1.17756248e+00
8.40682626e-01
1.11030889e+00
1.24972716e-01
9.94915545e-01
5.24137020e-01
3.58312398e-01
6.23758614e-01
4.17314619e-01
1.02371716e+00
1.90573648e-01
4.79536474e-01
-5.39021492e-01
-1.75758922e+00
4.76920307e-02
2.97909451e+00
1.85830903e+00
1.41945314e+00
2.13444257e+00
6.95777059e-01
-1.67781925e+00
2.48443723e+00
-6.97298527e-01
-2.99673945e-01
2.58799583e-01
1.79247141e-01
1.35384679e+00
3.00921686e-02
1.17838871e+00
3.20793658e-01
5.47435999e-01
1.19350934e+00
2.96216339e-01
1.59960794e+00
6.26337409e-01
5.25338888e-01
2.80519366e-01
-9.61491913e-02
4.37002987e-01
7.15428054e-01
1.80450678e-01
3.63208145e-01
7.27845877e-02
-4.05641317e-01
2.53094703e-01
1.18812406e+00
3.60551178e-01
3.50499600e-01
3.34806025e-01
-8.34591836e-02
-8.58963430e-02
3.69768113e-01
-7.00895535e-03
8.42824519e-01
8.10449719e-01
2.60746002e-01
7.54010916e-01
7.00324357e-01
1.59952986e+00
5.22872329e-01
1.74489096e-01
5.13840675e-01
3.79715972e-02
8.90607297e-01
7.16357887e-01
6.68578506e-01
6.57556295e-01
1.33213714e-01
-2.37625495e-01
1.07976663e+00
3.98302823e-01
5.97583413e-01
4.71028417e-01
2.07015187e-01
7.55840063e-01
4.05454338e-01
6.34306610e-01
3.88133943e-01
-1.31750607e+00
-1.12587678e+00
1.23821199e+00
-2.43168902e+00
-1.87768793e+00
9.85940039e-01
1.40620399e+00
3.45597059e-01
2.79885292e-01
-1.04822993e+00
1.16461086e+00
9.23830390e-01
1.43993706e-01
4.72741932e-01
8.69140804e-01
7.51187384e-01
6.22397006e-01
5.03715992e-01
2.07435071e-01
6.62224233e-01
9.47669923e-01
-2.55498362e+00
-1.56278110e+00
1.18414295e+00
2.17233372e+00
8.23550940e-01
-7.52161443e-01
1.66888788e-01
2.80344272e+00
1.66740382e+00
4.09005463e-01
7.87062287e-01
9.45820451e-01
4.55926389e-01
3.79707478e-02
1.02065730e+00
1.71774328e+00
6.45294845e-01
-9.26956534e-01
2.05561772e-01
4.24104065e-01
8.73188317e-01
6.54644310e-01
1.49151579e-01
4.80247021e-01
2.30791852e-01
-2.44540739e+00
1.11822879e+00
2.58908391e+00
1.05972803e+00
1.54298735e+00
1.37402475e-01
9.27320302e-01
-2.97302585e-02
3.71420413e-01
1.38070190e+00
3.26588660e-01
5.84283292e-01
1.20968916e-01
3.12501490e-01
2.59709042e-02
-9.45879936e-01
-8.55038345e-01
1.37387514e+00
1.37413692e+00
1.24898601e+00
7.97695279e-01
6.11944258e-01
1.36630535e+00
1.04203546e+00
-9.85615328e-02
4.43146452e-02
4.70118970e-01
8.32142234e-01
1.44722450e+00
1.24975777e+00
6.88390970e-01
3.49222958e-01
3.67661893e-01
-4.56817150e-02
-9.77236509e-01
-2.41066113e-01
1.48827064e+00
-1.89509511e+00
-1.62022281e+00
1.51773345e+00
6.13027096e-01
7.20391810e-01
1.08280945e+00
1.48878902e-01
1.06569476e-01
1.10079968e+00
1.14308488e+00
1.41211793e-01
1.91882581e-01
8.71046424e-01
1.14111638e+00
1.05673623e+00
9.37460244e-01
-9.45259482e-02
-1.52932513e+00
-2.08817095e-01
1.16559517e+00
1.24228323e+00
1.11757433e+00
8.43701661e-01
3.45976144e-01
3.57073158e-01
6.98748529e-01
1.08936095e+00
8.84900689e-01
2.35713094e-01
6.11286402e+00
-5.67464352e-01
-1.35942078e+00
3.66694665e+00
1.51238561e-01
-3.84526730e-01
1.29996800e+00
4.54308093e-01
1.10912752e+00
2.06163549e+00
1.00975916e-01
7.49871671e-01
-1.53682858e-01
7.38550246e-01
1.07314205e+00
9.47573036e-02
-2.21105758e-02
8.96011353e-01
-7.41929650e-01
-1.86000884e-01
1.38986444e+00
1.29740965e+00
6.04316741e-02
1.18968284e+00
-2.20092610e-01
1.76976061e+00
-1.44684720e+00
1.79857409e+00
1.87753506e+01
1.27187872e+01
4.33921051e+00
9.72447813e-01
-1.80996358e-01
-1.68431625e-01
1.24662316e+00
4.71334398e-01
-3.05666149e-01
-1.69561899e+00
-1.44881561e-01
1.96477449e+00
3.34705740e-01
-3.36735427e-01
1.80401385e-01
-1.35718870e+00
-2.51950645e+00
-5.37506819e-01
2.55595255e+00
7.02559710e-01
7.50842333e-01
1.01327801e+00
7.33989358e-01
4.57548112e-01
4.58979428e-01
6.60155416e-02
3.77332717e-01
6.22731864e-01
7.60973752e-01
8.94554496e-01
6.59944654e-01
-2.71679819e-01
1.20366298e-01
-1.23637271e+00
-2.05476785e+00
-6.36145890e-01
1.27047288e+00
8.13790023e-01
2.53752559e-01
5.47075644e-02
4.05325145e-01
6.84389353e-01
3.65344942e-01
4.79021400e-01
8.29969764e-01
7.18778595e-02
1.01831652e-01
6.13316074e-02
-1.02044141e+00
9.60941136e-01
4.24100667e-01
2.33460709e-01
-3.37655067e-01
-6.00505531e-01
8.51405680e-01
1.48328984e+00
1.80790663e+00
7.68052220e-01
3.97063583e-01
7.67916203e-01
3.39701772e-01
1.86187886e-02
3.03434163e-01
7.13231742e-01
6.55110121e-01
1.83253840e-01
-4.66804132e-02
4.15222019e-01
6.10580921e-01
2.53592759e-01
6.95843399e-02
2.16176018e-01
3.12275410e-01
4.04923975e-01
1.09388947e-01
-8.06227088e-01
-1.71475142e-01
9.07064140e-01
3.61120641e-01
9.11560416e-01
2.65801519e-01
5.69539964e-01
3.05863321e-01
-8.00246820e-02
7.92930424e-01
3.89514267e-01
7.96192527e-01
7.34246075e-01
2.34057382e-01
3.41071904e-01
1.11752164e+00
6.56408846e-01
8.16854954e-01
4.87203062e-01
4.40671384e-01
7.29778707e-01
6.10198438e-01
5.75486243e-01
4.52592880e-01
6.89822316e-01
6.91729605e-01
2.94198543e-01
2.29608715e-01
9.38808322e-01
3.68787259e-01
4.49983507e-01
2.82520145e-01
-2.45066006e-02
4.61638093e-01
4.44684893e-01
9.14074600e-01
8.19219530e-01
3.45231593e-01
-6.71752244e-02
-3.61724123e-02
8.54161203e-01
9.38021243e-01
7.05191195e-01
5.03387928e-01
7.34288573e-01
1.16469765e+00
3.66910547e-01
3.22655052e-01
2.87881672e-01
6.22594178e-01
1.07347190e+00
7.76930869e-01
1.50342703e-01
3.62602979e-01
1.66223615e-01
2.19995722e-01
5.89337111e-01
5.37659824e-01
4.16876048e-01
2.60587901e-01
-6.99166730e-02
6.23252094e-01
1.11601388e+00
-1.43171623e-02
3.96893591e-01
8.47755969e-01
5.50735533e-01
3.19515318e-01
3.44291538e-01
1.70893773e-01
1.46981463e-01
2.00324342e-01
1.90102771e-01
6.38204515e-01
1.03302586e+00
5.44391453e-01
2.11448565e-01
5.36604166e-01
4.63764697e-01
-3.61380726e-02
1.87816396e-01
1.08830702e+00
-2.43989959e-01
-5.48297882e-01
2.27817014e-01
5.80803573e-01
2.95017898e-01
2.87400603e-01
5.72222412e-01
6.80703938e-01
7.37899184e-01
6.42926812e-01
2.43310004e-01
-9.27811563e-02
2.56740987e-01
-1.25314403e+00
6.96577728e-01
-5.95781505e-01
-3.34044456e+00
2.05862656e-01
2.99162292e+00
8.07386488e-02
1.81975499e-01
-2.92469740e+00
-5.86989546e+00
-4.94470179e-01
9.91879523e-01
4.63968694e-01
7.52754733e-02
-2.28564963e-01
-1.42798495e+00
-2.29624009e+00
1.12163377e+00
8.40395331e-01
7.70794153e-01
6.99691951e-01
3.57853413e-01
5.62386751e-01
1.93261206e-01
8.05790246e-01
6.80885851e-01
1.01737988e+00
1.43076265e+00
4.98286486e-01
3.50910991e-01
1.25937414e+00
1.33743751e+00
-2.53531575e+00
-4.24382830e+00
-3.26427150e+00
-2.28471470e+00
-1.30514252e+00
-3.25558513e-01
-2.55909741e-01
1.71606040e+00
6.77883804e-01
1.55846849e-02
1.05358124e+00
-2.54444420e-01
-1.22876048e+00
-3.74689341e-01
5.21877885e-01
8.20142567e-01
-3.12851667e-01
-6.95863813e-02
-8.61125737e-02
-7.92330325e-01
-5.78396499e-01
7.06505205e-04
4.21404600e-01
4.20602232e-01
3.46343309e-01
5.01706719e-01
6.90464854e-01
3.02927587e-02
-2.61349463e+00
-6.08197641e+00
-3.91375661e+00
1.11653745e+00
1.32958555e+00
1.22208321e+00
2.86462247e-01
6.91766977e-01
-4.39608961e-01
-1.71578848e+00
1.86096087e-01
1.44094512e-01
-1.57221735e-01
1.85487524e-01
6.00422263e-01
3.90053153e-01
-2.11776638e+00
-7.75905800e+00
-3.60129595e-01
3.81823874e+00
2.03549075e+00
3.27764973e-02
1.11683834e+00
1.36833334e+00
6.25735641e-01
5.29646456e-01
8.55521142e-01
7.49514699e-01
-3.16877067e-01
-1.63348043e+00
1.13722360e+00
8.33531082e-01
2.70273983e-02
2.30183288e-01
-9.10912752e-01
-1.93585896e+00
-9.22028482e-01
1.15121901e+00
1.82653761e+00
1.00139737e+00
4.15562004e-01
9.96085107e-02
4.54736471e-01
5.57326078e-01
5.11394501e-01
7.53041983e-01
9.60449874e-01
2.10510209e-01
1.32610929e+00
9.18900609e-01
3.36247534e-01
3.31426591e-01
1.30741373e-01
1.10226667e+00
4.84258831e-01
-6.95700586e-01
1.18015148e-01
1.62664342e+00
1.02962101e+00
9.77578163e-01
8.14276218e-01
5.63449204e-01
3.60654861e-01
2.36731336e-01
4.24931914e-01
1.21928513e+00
1.91471204e-01
4.91520852e-01
8.07845414e-01
3.61458927e-01
2.93967366e-01
1.93211913e-01
4.33485866e-01
1.06901467e+00
6.33507609e-01
-1.69273257e-01
1.77254841e-01
-5.88189721e-01
-1.01616442e+00
-1.92729145e-01
5.22552729e-01
4.11723614e-01
9.40273628e-02
-2.77207922e-02
4.93909210e-01
4.24532443e-01
3.68289173e-01
5.82088709e-01
4.32474434e-01
1.60425052e-01
7.83596218e-01
5.28725088e-01
-4.56963331e-02
1.38399303e-01
7.80716538e-01
3.55803341e-01
6.66205406e-01
-3.03117990e-01
-2.68196706e-02
1.15870547e+00
4.67094809e-01
3.94571513e-01
3.66225466e-02
8.74466673e-02
5.76150954e-01
7.76776135e-01
3.20703566e-01
2.94239342e-01
2.58070320e-01
3.84268351e-02
2.75035441e-01
8.77310634e-01
8.92210305e-01
1.07634135e-01
-2.80810036e-02
5.48877537e-01
5.17359495e-01
3.21021438e-01
7.92835236e-01
-5.53049147e-01
-6.03913903e-01
1.20787703e-01
5.75827956e-01
4.68096077e-01
1.87602207e-01
1.67351678e-01
4.34465021e-01
1.44170150e-01
-2.49711871e-01
1.81608319e-01
1.02906168e+00
-6.47050813e-02
2.01051906e-02
-7.23179638e-01
-4.82919291e-02
9.18433130e-01
-7.67392635e-01
-3.94838393e-01
-9.59321141e-01
-3.76508236e-02
1.37017262e+00
8.51686120e-01
-8.95161390e-01
1.07393932e+00
-5.30292392e-01
2.87822187e-01
6.16450727e-01
-3.69117022e-01
3.60044599e-01
-3.76416445e-01
4.11949694e-01
1.24975778e-01
1.28254056e-01
7.96474695e-01
3.79799277e-01
-2.45785072e-01
6.39071465e-01
4.84250337e-01
4.08818454e-01
9.96241510e-01
9.85067964e-01
5.34453809e-01
1.01146083e-02
-3.46880496e-01
-8.12144503e-02
3.66752446e-01
1.52348250e-01
2.65837219e-02
9.29157913e-01
7.41409481e-01
2.29335025e-01
4.72279549e-01
8.84008229e-01
4.65158634e-02
-6.58705413e-01
-5.31784952e-01
8.71102512e-02
4.11591023e-01
2.44420037e-01
6.41787887e-01
2.00086355e-01
8.14014435e-01
2.48146251e-01
-1.29467106e+00
-8.93065393e-01
1.35977939e-01
2.07067895e+00
-5.46977043e-01
-2.35510802e+00
4.29740965e-01
3.05394149e+00
-1.16277325e+00
-3.46746206e+00
-2.20060325e+00
4.95658427e-01
1.76955664e+00
7.50271142e-01
6.38979673e-01
9.57726598e-01
-8.88003051e-01
-3.06609601e-01
1.93760991e+00
5.20307124e-01
2.01407187e-02
1.00657356e+00
6.89655721e-01
-2.85659879e-02
-1.36180058e-01
-2.88910121e-02
4.44448590e-01
2.23432943e-01
6.10271573e-01
4.18844551e-01
1.29098564e-01
5.48467875e-01
-2.54060245e+00
-4.09012270e+00
-5.92483664e+00
3.25580597e-01
7.82120657e+00
1.47996318e+00
-3.13137245e+00
-3.00578308e+00
5.90566158e-01
1.79253948e+00
4.06805754e-01
9.67905700e-01
7.85960793e-01
-1.82169294e+00
-6.73311055e-01
1.06038761e+00
7.57339358e-01
4.93948311e-01
5.62131763e-01
8.59544799e-02
-8.34811151e-01
-1.80375886e+00
-1.74528193e+00
-6.59157559e-02
1.02063525e+00
7.03992724e-01
7.08456695e-01
5.82795858e-01
5.22697210e-01
5.20868123e-01
-2.92437434e+00
-3.46509910e+00
1.78148997e+00
3.35382295e+00
4.75919068e-01
1.03623700e+00
-1.06705809e-02
4.50372785e-01
-5.56443870e-01
-1.36643970e+00
-3.28589439e-01
8.28886926e-01
-9.06445384e-02
1.38720918e+00
3.84764701e-01
-6.11063689e-02
-1.12135494e+00
-5.64326334e+00
-1.61220098e+00
1.74084508e+00
1.55922496e+00
5.73121667e-01
7.91849256e-01
1.04837263e+00
-3.07277650e-01
1.12453377e+00
2.81971088e-03
1.02839017e+00
3.33940768e+00
6.84601843e-01
7.96529114e-01
1.48486912e+00
1.19604564e+00
5.72280213e-02
9.01860714e-01
2.77241921e+00
-5.29578447e+00
-3.25934196e+00
1.43656445e+00
1.79383135e+00
-4.09080237e-01
-5.96940843e-03
4.56130385e-01
1.50645286e-01
-1.03907418e-02
-1.25738010e-01
1.98751926e-01
1.25399053e+00
7.75530100e-01
4.58323270e-01
-8.58570755e-01
-1.92083168e+00
-1.14821351e+00
4.82683003e-01
-3.01559150e-01
1.98394942e+00
-5.39781332e-01
-1.67324817e+00
1.47585618e+00
