4.14740181e+01
6.18771973e+01
2.30347805e+01
-1.58108997e+01
4.51918869e+01
1.45993471e+01
-2.15840797e+01
3.27204628e+01
-2.08315811e+01
3.17983875e+01
7.88588333e+00
-5.88541603e+00
2.00644073e+01
3.38032036e+01
2.64251823e+01
1.01426184e+00
2.75271626e+01
2.45399952e+01
1.38404341e+01
2.93669662e+01
-9.00509262e+00
8.44826031e+00
-2.43836784e+00
-7.78212595e+00
1.51912909e+01
3.39291916e+01
1.20122070e+01
8.84763622e+00
2.15548382e+01
-9.92945194e+00
-8.71327877e+00
4.63439255e+01
-1.93994141e+01
1.16496277e+01
-1.49317617e+01
-9.55621910e+00
1.43462849e+01
9.13265586e-01
3.57073593e+01
3.23706017e+01
3.35467186e+01
3.52023773e+01
2.18876877e+01
9.84645653e+00
2.99864120e+01
-8.82301450e-01
1.59540071e+01
3.86477318e+01
3.14648857e+01
1.93530521e+01
3.39040260e+01
1.41576853e+01
3.92120628e+01
3.35357399e+01
1.31342430e+01
2.62890320e+01
8.27476978e+00
5.25909424e+01
3.12860146e+01
-5.87367582e+00
-1.58083992e+01
-3.83809733e+00
2.43816147e+01
-1.98739040e+00
-2.11182308e+00
2.79573555e+01
2.84670658e+01
-5.20611763e+00
3.06446114e+01
3.03658962e+01
9.62654972e+00
1.38328247e+01
3.42348633e+01
3.21034088e+01
9.93646336e+00
9.12906933e+00
1.46383171e+01
2.10636616e+01
2.99273853e+01
3.57692680e+01
2.65057316e+01
2.46100540e+01
2.36521606e+01
1.50669880e+01
1.43679714e+01
2.94903984e+01
2.33050156e+01
5.64838839e+00
5.31058192e-01
1.81700878e+01
2.31084270e+01
7.48547435e-01
1.37682009e+01
-2.66264458e+01
9.31141853e+00
3.91513519e+01
1.95515442e+01
8.41581154e+00
3.30205956e+01
2.65250797e+01
2.22950535e+01
2.26895924e+01
1.68316231e+01
1.07509222e+01
2.59225922e+01
2.51786270e+01
3.66363373e+01
2.22210274e+01
-4.73918819e+00
5.68659735e+00
3.13753147e+01
4.56823044e+01
4.35086174e+01
4.06420555e+01
2.08653870e+01
-5.67887926e+00
4.66472626e+01
1.75279770e+01
1.30602705e+00
1.75195522e+01
2.61652184e+01
7.47161484e+00
7.05180264e+00
1.68982582e+01
3.16901188e+01
4.13716736e+01
4.15993538e+01
2.48289833e+01
-1.37137403e+01
2.73485088e+01
2.72903519e+01
9.03884506e+00
1.48814316e+01
3.09699059e+01
2.49901352e+01
9.94130039e+00
4.68598862e+01
4.83155861e+01
1.82563992e+01
2.98783607e+01
1.42741604e+01
6.09347391e+00
7.14545059e+00
1.52957544e+01
2.53400517e+01
2.32713184e+01
-2.48042524e-01
1.40469160e+01
2.20221539e+01
1.74540043e+01
1.40889845e+01
1.87221375e+01
2.29656982e+01
6.12586737e+00
1.46708736e+01
3.78322906e+01
3.98934174e+01
2.49980164e+01
5.55022926e+01
3.29974937e+01
7.25002289e+00
1.74348183e+01
2.82063408e+01
3.52696657e+00
1.91081982e+01
1.38823395e+01
2.85279942e+01
2.24701195e+01
8.48429489e+00
3.79321365e+01
3.97622643e+01
2.91667347e+01
2.83137932e+01
4.36056900e+01
4.60368385e+01
1.47187033e+01
9.56893730e+00
1.51035128e+01
1.87062664e+01
7.21295547e+00
2.78296828e+00
1.91239605e+01
-1.27144308e+01
6.52480888e+00
9.79063702e+00
1.52974396e+01
2.37794514e+01
1.03729067e+01
3.94751244e+01
3.80441551e+01
2.01256618e+01
1.23312521e+01
1.47849035e+01
1.10937729e+01
7.09109879e+00
9.13765621e+00
-1.99594533e+00
-2.06319475e+00
1.09214239e+01
6.82673216e+00
-3.46838093e+00
1.18016491e+01
1.19081240e+01
7.79979038e+00
3.61166286e+00
-1.55970263e+00
4.58551979e+01
1.55275097e+01
-3.15965247e+00
1.89786777e+01
3.07489662e+01
1.00645151e+01
6.04026375e+01
7.98724890e+00
7.46433198e-01
2.41876335e+01
1.89468822e+01
1.60395575e+00
1.01217480e+01
3.12505779e+01
3.70388680e+01
1.72989388e+01
6.71373510e+00
3.61289101e+01
2.77511463e+01
-2.33370829e+00
9.82808590e+00
4.71727905e+01
5.63730049e+01
1.91361885e+01
-2.15740785e-01
3.00435905e+01
2.41107254e+01
2.03004551e+01
3.89868317e+01
2.91848888e+01
1.99715748e+01
2.83708096e+01
3.28284073e+01
3.54807129e+01
3.05515614e+01
1.16894674e+01
2.77602215e+01
1.12718287e+01
1.45328751e+01
2.23780479e+01
3.45663567e+01
6.60573807e+01
1.14151545e+01
2.76971207e+01
1.03187180e+01
4.81557941e+00
3.42477989e+01
2.50934582e+01
4.22700500e+01
2.73584003e+01
1.91208611e+01
2.87194748e+01
3.47390862e+01
2.04731865e+01
1.01954489e+01
2.29949398e+01
3.34638329e+01
3.65864983e+01
3.13506927e+01
1.63164253e+01
2.22635841e+01
3.01999607e+01
2.48647995e+01
5.40474033e+00
2.40559936e+00
4.06280861e+01
4.19860115e+01
1.87211590e+01
5.01246262e+00
6.70683241e+00
1.95329571e+01
3.50407906e+01
1.93753910e+01
1.42572033e+00
1.80544815e+01
2.28093834e+01
1.64696960e+01
5.13130264e+01
1.13296051e+01
1.29859171e+01
2.36283550e+01
2.18955135e+01
1.30445089e+01
1.10272465e+01
4.14536362e+01
1.87212677e+01
1.90880871e+01
3.06253166e+01
2.14368954e+01
2.09752865e+01
4.03258934e+01
2.96901417e+01
1.85491371e+01
7.03767109e+00
-2.68408632e+00
9.83265114e+00
7.38628292e+00
1.76277122e+01
2.28661270e+01
1.44283562e+01
1.25512133e+01
3.55048981e+01
3.06684170e+01
3.38218994e+01
2.46313591e+01
1.35053568e+01
1.26167068e+01
1.31712570e+01
3.59949875e+01
2.52027054e+01
1.42601919e+01
1.35189447e+01
1.24858818e+01
7.91659212e+00
-9.12298188e-02
2.49057274e+01
2.16915321e+01
1.08363094e+01
1.64057236e+01
4.51252556e+00
1.48500710e+01
3.02352886e+01
2.13163967e+01
1.00725594e+01
1.11680174e+01
1.74060118e+00
9.09575176e+00
-2.43214464e+00
-2.05310702e+00
-2.75049329e+00
-7.22263002e+00
1.94532757e+01
1.58384018e+01
6.76509762e+00
-9.42050266e+00
1.33464317e+01
4.67085724e+01
-1.17314806e+01
8.76458645e+00
1.65964451e+01
1.42493219e+01
1.89897118e+01
2.56451817e+01
1.81809578e+01
6.74188948e+00
2.25939884e+01
2.09714279e+01
1.55257711e+01
1.97349815e+01
-6.17728429e-03
9.40359879e+00
1.90997734e+01
1.11550274e+01
6.85504961e+00
1.38291836e+01
5.81959581e+00
1.71222420e+01
4.03003454e+00
1.84549999e+01
2.86911030e+01
1.04338350e+01
2.80459480e+01
2.80944843e+01
2.32441425e+01
1.65997601e+01
2.22314625e+01
3.40472412e+01
2.05814533e+01
2.56430626e+01
-1.82225370e+00
1.46138039e+01
4.53152122e+01
3.79912720e+01
3.66561775e+01
2.35127487e+01
2.17481117e+01
2.82252560e+01
3.22160797e+01
2.46302185e+01
7.37579298e+00
1.22772264e+01
1.63731670e+01
1.85639210e+01
2.06199894e+01
2.76553783e+01
4.14237404e+01
1.89257393e+01
2.17471352e+01
3.65941620e+01
3.79858894e+01
2.80070877e+01
2.92144012e+01
2.20944958e+01
1.25425167e+01
2.57063274e+01
2.71332207e+01
8.40543079e+00
3.41965446e+01
7.43487310e+00
2.49018135e+01
2.20218277e+01
1.44816208e+01
3.54042397e+01
1.69222832e+01
1.32676220e+01
1.33757820e+01
3.15111389e+01
5.06779289e+01
4.57847557e+01
2.86592522e+01
1.01223459e+01
2.92520123e+01
3.48970833e+01
2.48944225e+01
2.59191132e+01
2.33551292e+01
2.37583084e+01
3.89434586e+01
1.88226891e+01
2.22056985e+00
3.05007954e+01
2.81141605e+01
8.31727219e+00
2.80282841e+01
3.76949463e+01
2.62219620e+01
1.86307182e+01
1.36640091e+01
2.76025486e+01
2.70584335e+01
2.14056969e+01
1.74616680e+01
1.72415447e+01
2.93198967e+01
2.74457970e+01
2.93026676e+01
2.66097603e+01
1.86112614e+01
1.59223747e+01
2.41133347e+01
3.93814240e+01
1.27018213e+01
2.11256237e+01
4.98459663e+01
3.44922180e+01
9.65617180e+00
-4.02983379e+00
1.41279545e+01
2.70627823e+01
2.55481091e+01
2.63955612e+01
2.66199780e+01
2.07599449e+01
1.25354509e+01
2.19686718e+01
3.77457657e+01
3.65027428e+01
3.00198936e+01
3.68424416e+01
1.93033199e+01
1.57157841e+01
2.63801785e+01
2.00717983e+01
8.83176517e+00
9.28696060e+00
2.95273037e+01
3.32185440e+01
2.41132793e+01
2.64065933e+01
2.16937618e+01
1.38242922e+01
2.81205196e+01
3.88880196e+01
2.55610447e+01
8.70110416e+00
2.92358704e+01
2.34476891e+01
2.36544971e+01
2.02013187e+01
2.43329697e+01
4.28694954e+01
2.76342354e+01
3.62542458e+01
3.39566917e+01
2.37547226e+01
1.49994841e+01
1.43207941e+01
3.04028549e+01
1.80709515e+01
2.14046650e+01
2.44997196e+01
2.27901421e+01
2.66303062e+01
1.78740883e+01
1.44997196e+01
2.62423973e+01
2.15382061e+01
1.96595955e+01
3.84603806e+01
9.11776352e+00
2.70002766e+01
2.30917397e+01
1.65603542e+01
1.87752934e+01
1.65724201e+01
2.78788719e+01
2.17289810e+01
1.83105335e+01
1.32501211e+01
1.65838356e+01
3.26614380e+01
1.92890263e+01
2.11755180e+01
1.30556507e+01
2.06925488e+01
3.27907410e+01
2.50559006e+01
4.20572662e+01
1.71405048e+01
1.38109217e+01
1.99097767e+01
2.28299828e+01
3.32758293e+01
3.73122025e+01
1.80496998e+01
1.60723305e+01
2.97764511e+01
3.06824398e+01
1.19187222e+01
1.66912327e+01
1.10114298e+01
2.42468758e+01
2.23438606e+01
1.52232494e+01
2.88825836e+01
9.65714991e-01
2.70009289e+01
3.55164757e+01
1.57652445e+01
1.09729490e+01
3.52003136e+01
1.72080631e+01
1.25676813e+01
2.81553040e+01
2.50978050e+01
1.32789268e+01
3.13778687e+01
4.03585587e+01
5.33397484e+00
1.99556484e+01
2.91014576e+01
1.37797775e+01
2.06011295e+01
1.57768211e+01
6.16125059e+00
1.13421059e+01
9.20771599e+00
7.18784475e+00
2.83714066e+01
2.98734150e+01
2.44244423e+01
2.01936550e+01
1.33898592e+01
7.53167343e+00
8.45298862e+00
5.18082237e+00
1.85566921e+01
9.38185883e+00
3.46144557e+00
9.52469444e+00
7.81886768e+00
1.94262638e+01
2.76605964e+00
8.67729759e+00
1.29665136e+01
1.88889432e+00
3.00224471e+00
1.27971001e+01
7.83039033e-01
2.10075703e+01
2.01093006e+01
-6.81037235e+00
1.82828677e+00
9.51713943e+00
6.80330658e+00
-2.19483995e+00
4.09297943e+00
1.61189098e+01
1.12332392e+01
2.34044247e+01
1.02442560e+01
1.45203733e+01
1.88080680e+00
-1.58932428e+01
1.18121929e+01
8.49255657e+00
1.39958801e+01
1.19817705e+01
9.76938629e+00
1.26721449e+01
1.46898966e+01
2.51500378e+01
1.46082602e+01
2.44992847e+01
2.71848545e+01
7.96338892e+00
5.69643497e+00
3.45679321e+01
1.43413391e+01
1.55588169e+01
3.22612457e+01
2.83295021e+01
8.29868412e+00
1.64186058e+01
1.36010695e+01
1.22714653e+01
2.03452415e+01
2.91451035e+01
2.48982811e+01
1.26130648e+01
1.88892155e+01
1.71018600e+01
1.59513445e+01
2.26812763e+01
2.41243134e+01
2.48198509e+01
2.59025917e+01
2.47323990e+01
2.56831741e+01
2.73676395e+01
2.16306038e+01
1.37856483e+01
1.48429508e+01
2.57377968e+01
1.71864853e+01
2.91347218e+00
2.36164513e+01
2.02394199e+01
3.19955215e+01
2.79972496e+01
2.45243416e+01
3.14774952e+01
2.45451031e+01
1.28304176e+01
1.38816328e+01
1.26813307e+01
1.23560905e+01
1.14803219e+01
-8.60098839e-01
-2.58454680e+00
1.97351437e+01
2.44007454e+01
1.54407644e+01
2.06177063e+01
3.64025192e+01
5.96634531e+00
1.83584709e+01
3.18636093e+01
2.42367668e+01
2.21413479e+01
4.63436012e+01
3.14307537e+01
3.04348679e+01
1.79671936e+01
1.61658707e+01
2.45164604e+01
6.26207304e+00
2.23929958e+01
3.09395237e+01
1.40434380e+01
1.49741011e+01
3.18567619e+01
1.17426233e+01
1.99388542e+01
1.87625751e+01
3.33419762e+01
3.10770321e+01
9.28484058e+00
1.82027531e+01
5.98890162e+00
2.52953205e+01
4.73937302e+01
3.60445023e+01
8.08247280e+00
1.25677357e+01
1.35829163e+01
1.68087959e+01
1.19765530e+01
1.01662073e+01
2.47708263e+01
3.87595863e+01
7.23496771e+00
1.10265398e+01
1.81551952e+01
2.05536270e+01
2.48068066e+01
2.51388416e+01
3.65608978e+01
3.65781288e+01
3.00105991e+01
3.43112297e+01
3.46118469e+01
5.85693550e+00
2.64367046e+01
1.42731276e+01
2.27688370e+01
2.26094780e+01
-2.99436927e+00
7.94077826e+00
1.10638800e+01
1.54213610e+01
2.31957150e+01
2.86405010e+01
2.78891449e+01
2.56185493e+01
2.93370724e+01
1.92559261e+01
3.27626419e+01
2.04724789e+01
-1.11198072e+01
3.36758575e+01
1.75323792e+01
1.25521908e+01
2.69201088e+01
3.07545090e+01
2.18308907e+01
3.14780388e+01
2.77912025e+01
2.56449642e+01
1.68401566e+01
2.31843014e+01
3.52431984e+01
7.73369837e+00
2.72148571e+01
2.09441967e+01
2.07274971e+01
2.32645245e+01
1.46865263e+01
1.58471527e+01
1.36303654e+01
9.22706509e+00
2.59241142e+01
2.62059822e+01
6.51594973e+00
3.02592030e+01
1.29314575e+01
1.60085220e+01
3.08352757e+01
2.76633682e+01
1.02665405e+01
1.74055233e+01
3.14126549e+01
2.25367546e+01
2.07570095e+01
2.32841454e+01
2.26232834e+01
3.37762985e+01
1.66005211e+01
2.30452690e+01
3.50227470e+01
2.75125408e+01
1.87005062e+01
4.14933662e+01
8.99085236e+00
2.06020527e+01
3.51217766e+01
3.48928986e+01
3.05918350e+01
1.67981434e+01
2.03562202e+01
2.91310253e+01
2.52394466e+01
2.63061523e+01
4.05111771e+01
3.32859383e+01
1.62802258e+01
3.21496086e+01
3.07507591e+01
2.25915413e+01
3.24159851e+01
2.68835850e+01
2.60933113e+01
2.00473938e+01
2.45791283e+01
3.34812775e+01
2.98759155e+01
1.89100857e+01
2.25690403e+01
3.43542747e+01
2.53374424e+01
1.33868151e+01
1.97068272e+01
1.94120235e+01
2.34725819e+01
3.45186348e+01
2.72370872e+01
1.38632622e+01
1.88156223e+01
2.76022758e+01
1.27331276e+01
3.59847717e+01
3.39582138e+01
2.07966862e+01
3.16242447e+01
1.89680786e+01
3.06408596e+01
3.42500839e+01
2.32605019e+01
1.65205688e+01
2.48745289e+01
2.82471581e+01
1.69095097e+01
1.65222549e+01
2.22909775e+01
1.88375816e+01
1.50982952e+01
3.84405403e+01
2.40517540e+01
2.83829842e+01
2.99655952e+01
2.04263897e+01
1.85051670e+01
2.62782688e+01
1.36486816e+01
1.96280708e+01
1.43170986e+01
8.22454834e+00
1.96636715e+01
1.05841169e+01
1.70600643e+01
2.65408974e+01
2.10781193e+01
2.25854549e+01
3.55670776e+01
1.13254194e+01
3.58102493e+01
3.60859184e+01
2.05023174e+01
1.52878733e+01
2.38603268e+01
3.02330055e+01
2.77668533e+01
2.59455280e+01
2.05661278e+01
2.22654858e+01
3.22522774e+01
2.06485786e+01
2.58039970e+01
2.00203266e+01
2.07285843e+01
2.50280724e+01
1.76630421e+01
1.67793922e+01
2.97133484e+01
3.11178513e+01
2.98048229e+01
1.94525166e+01
5.94525719e+00
3.27689438e+01
1.88665504e+01
1.88689957e+01
2.21484661e+01
2.74376450e+01
3.84116287e+01
2.46329365e+01
3.02053947e+01
2.11845398e+01
1.39388657e+01
2.12321529e+01
2.78899593e+01
1.41796427e+01
8.17840385e+00
1.31871271e+01
1.58598709e+01
1.72082272e+01
2.43372078e+01
2.69186401e+01
2.40764294e+01
2.73494320e+01
1.70612049e+01
1.10222464e+01
2.79921398e+01
1.93601723e+01
1.39807158e+01
2.15032043e+01
2.20904732e+01
2.06080322e+01
2.77768002e+01
1.85212536e+01
2.22986412e+01
1.36308002e+01
2.36555309e+01
3.35199242e+01
1.42228527e+01
2.71439838e+01
2.09044113e+01
2.78876228e+01
2.02938251e+01
5.21502590e+00
1.68480930e+01
2.88938885e+01
1.55258799e+01
1.66053028e+01
2.13763466e+01
1.90891209e+01
1.85491905e+01
2.29976025e+01
1.46816893e+01
1.48154488e+01
1.71290359e+01
1.66460667e+01
1.62220707e+01
1.20602541e+01
1.65644302e+01
1.36385727e+01
1.71908894e+01
2.50451927e+01
1.84493465e+01
6.73514986e+00
1.82428646e+01
2.10892067e+01
2.47209854e+01
2.94740925e+01
2.16950111e+01
1.56034937e+01
1.73103542e+01
7.91479826e+00
9.95842075e+00
2.07676086e+01
1.66125317e+01
1.54537544e+01
2.00032063e+01
1.96213856e+01
1.86894722e+01
2.05532455e+01
2.13522701e+01
1.94301777e+01
2.18014851e+01
1.91434727e+01
1.62590294e+01
1.95286083e+01
2.64640446e+01
2.59743900e+01
1.48074045e+01
1.99696712e+01
2.43689499e+01
1.82753677e+01
1.83945065e+01
3.22287445e+01
2.23002720e+01
1.93875656e+01
1.75676537e+01
1.29009113e+01
1.45785303e+01
1.38596745e+01
1.99653778e+01
1.49989948e+01
1.15585880e+01
2.38007030e+01
3.53520088e+01
7.94480038e+00
1.26882334e+01
1.57608414e+01
1.81501961e+01
2.35856876e+01
2.02131672e+01
1.31920738e+01
2.35961781e+01
1.83695583e+01
1.85528316e+01
2.74894962e+01
2.02333870e+01
1.54013052e+01
1.84763603e+01
2.42386150e+01
2.29144993e+01
1.80701351e+01
2.18139877e+01
2.63046303e+01
1.27381830e+01
1.81830235e+01
2.48855629e+01
2.36577587e+01
2.74667778e+01
1.56315937e+01
1.93188648e+01
1.40119686e+01
1.17663202e+01
1.57346439e+01
1.03740482e+01
1.21161823e+01
1.61895142e+01
2.27351933e+01
2.10555096e+01
1.43884621e+01
1.35892754e+01
3.51547670e+00
2.24927845e+01
2.02227325e+01
8.87258339e+00
9.75215626e+00
1.54659843e+01
2.10512161e+01
2.34007301e+01
2.11981277e+01
1.85575619e+01
2.17056103e+01
2.68684196e+01
1.29991245e+01
1.33564873e+01
1.03603516e+01
8.90660763e+00
1.42962818e+01
1.69621773e+01
1.52143898e+01
1.46795702e+01
1.79071350e+01
1.03972559e+01
6.54877806e+00
2.66967239e+01
9.82547665e+00
1.49465456e+01
1.77297859e+01
1.49872541e+01
1.51582994e+01
1.49213800e+01
7.54341316e+00
1.27437267e+01
1.22897816e+01
1.29909725e+01
1.61960907e+01
1.10728474e+01
1.78398476e+01
1.31935406e+01
1.25199604e+01
1.38403254e+01
1.43301430e+01
1.81819363e+01
1.47108765e+01
3.05591698e+01
1.90348778e+01
1.24888172e+01
2.31095676e+01
1.23966913e+01
1.93777828e+01
6.34191561e+00
1.05515060e+01
1.34141541e+01
4.54090214e+00
1.50226917e+01
3.03185005e+01
1.49122496e+01
5.50848722e+00
6.75949955e+00
1.13584652e+01
1.91247215e+01
1.12224779e+01
1.19114933e+01
9.03031158e+00
5.25763798e+00
9.42284012e+00
1.56563778e+01
5.71208858e+00
1.93581066e+01
1.06087389e+01
1.88824749e+00
1.05349293e+01
5.98884726e+00
8.02176285e+00
7.18588829e+00
7.47900677e+00
1.19163857e+01
1.39937057e+01
9.41153431e+00
1.96366596e+01
1.48728991e+00
3.82659107e-01
7.24697924e+00
6.29131413e+00
1.19553556e+01
1.45659745e+00
8.72463799e+00
1.05425386e+01
1.07875557e+01
1.43297081e+01
9.25782776e+00
1.67896099e+01
1.88943787e+01
1.10812178e+01
3.04727507e+00
3.93380499e+00
9.88624191e+00
5.94281101e+00
1.25127859e+01
2.66280766e+01
2.44759693e+01
9.70709896e+00
1.41048012e+01
7.43438387e+00
7.91338539e+00
1.03937235e+01
1.14931488e+01
1.31282101e+01
1.55449028e+01
1.39065800e+01
1.79742050e+01
9.15678787e+00
1.18435001e+01
2.43619938e+01
4.51830292e+00
1.85166893e+01
1.46841354e+01
9.97304153e+00
1.49310007e+01
2.00505466e+01
1.61703815e+01
1.63030548e+01
2.28037300e+01
1.80023041e+01
1.33329525e+01
1.47844687e+01
6.44132471e+00
1.68453751e+01
2.49549160e+01
2.01245747e+01
1.39910431e+01
1.49421425e+01
1.56432247e+01
2.28140583e+01
2.39774551e+01
1.94799080e+01
1.11916056e+01
9.85221767e+00
2.62047863e+01
2.35225849e+01
2.22938576e+01
2.77467976e+01
2.49294796e+01
1.20085115e+01
1.22298861e+01
1.76341267e+01
1.33952398e+01
1.75333042e+01
1.99405384e+01
1.34759521e+01
2.00341320e+01
2.37008057e+01
1.70189190e+01
1.12522078e+01
1.40078373e+01
2.15479889e+01
2.36515617e+01
2.22695084e+01
2.14103718e+01
1.68303738e+01
1.57166538e+01
2.12492180e+01
1.97623196e+01
1.25463209e+01
1.61140728e+01
2.24419651e+01
2.02626820e+01
1.50416059e+01
2.39966412e+01
2.48092537e+01
1.98122692e+01
2.01260967e+01
1.84378796e+01
1.10700216e+01
1.45210257e+01
1.92879925e+01
2.15216827e+01
1.59368324e+01
1.77203274e+01
2.80734501e+01
1.91429825e+01
2.33594227e+01
1.62324505e+01
1.21941767e+01
1.58856878e+01
2.44110184e+01
3.75392838e+01
2.28303623e+01
2.08444080e+01
2.35290527e+01
1.93292465e+01
1.36179190e+01
1.89705257e+01
2.31698971e+01
1.22513008e+01
1.13361273e+01
1.51786270e+01
1.07842398e+01
1.54559832e+01
2.15258694e+01
1.57035007e+01
2.12859612e+01
2.52197704e+01
1.33670311e+01
1.60382519e+01
1.73979149e+01
2.14824409e+01
2.04869366e+01
1.67412910e+01
1.50846529e+01
1.15800028e+01
1.97385139e+01
2.48087635e+01
2.36169395e+01
1.88277969e+01
1.59690084e+01
1.92191296e+01
1.56957283e+01
2.59640083e+01
1.92251091e+01
1.22384729e+01
2.40138702e+01
1.21015072e+01
1.53810320e+01
1.16304417e+01
2.14534187e+01
2.79202328e+01
1.32113142e+01
1.59843359e+01
1.17751255e+01
2.24888706e+01
2.34132843e+01
2.09761562e+01
2.87794781e+01
1.89155750e+01
1.43693304e+01
1.93247356e+01
1.85528870e+01
1.59992828e+01
2.23738098e+01
2.66842766e+01
2.27795448e+01
2.09676762e+01
2.00829411e+01
2.08213615e+01
2.36441708e+01
2.15636425e+01
1.84463024e+01
1.68140144e+01
1.59612360e+01
2.04233456e+01
2.82758026e+01
2.27903061e+01
1.87999153e+01
2.57788868e+01
2.16934357e+01
1.39026670e+01
1.87312698e+01
1.67830887e+01
2.31904430e+01
1.81525860e+01
1.58110085e+01
1.69475021e+01
1.19732914e+01
1.15776119e+01
1.80567112e+01
2.76432571e+01
2.12262821e+01
1.34681253e+01
2.30103760e+01
2.21437931e+01
2.47661514e+01
2.06078148e+01
1.59965105e+01
1.76960335e+01
2.26775799e+01
2.15641327e+01
1.82392235e+01
2.37451019e+01
1.74222641e+01
1.32051182e+01
2.89064445e+01
2.24089737e+01
1.12069874e+01
1.34906816e+01
1.63474045e+01
1.50863380e+01
1.68323307e+01
1.86864281e+01
1.31997910e+01
9.84330368e+00
1.71680069e+01
1.96669865e+01
9.94369125e+00
2.32447395e+01
1.93707714e+01
1.79833355e+01
1.21278133e+01
8.11856270e+00
1.54477215e+01
1.08089161e+01
2.04266605e+01
1.79114838e+01
1.26101303e+01
1.43856907e+01
1.84914150e+01
1.78467503e+01
5.60985279e+00
1.26195326e+01
2.36067772e+01
2.30209198e+01
1.68134708e+01
1.81821537e+01
2.31006546e+01
1.89356861e+01
1.68290691e+01
2.28279171e+01
2.53706512e+01
1.23313608e+01
1.59467793e+01
2.58418808e+01
2.01429996e+01
1.35087805e+01
2.42444305e+01
1.43445463e+01
2.00975075e+01
9.81395435e+00
4.15948963e+00
1.35918303e+01
1.78522396e+01
8.52152634e+00
1.28898239e+01
1.70208759e+01
1.66393814e+01
1.10705652e+01
8.67637348e+00
2.89536762e+01
1.33074074e+01
1.52516756e+01
1.88308411e+01
1.58894920e+01
2.31915836e+01
2.19476376e+01
1.57585592e+01
1.49650249e+01
1.51332436e+01
1.29514046e+01
1.36093311e+01
2.15400543e+01
2.09138145e+01
6.89581347e+00
1.11211662e+01
2.43996582e+01
1.42751932e+01
1.46682100e+01
1.53989143e+01
1.34394817e+01
1.45859766e+01
1.78137589e+01
1.81278572e+01
2.03708420e+01
9.86749077e+00
1.75911350e+01
1.91604843e+01
1.43206310e+01
2.62401695e+01
1.92021179e+01
1.81162796e+01
2.22032528e+01
1.98122158e+01
1.82568340e+01
2.41655655e+01
4.95320320e+00
1.85523434e+01
1.83486881e+01
9.81764984e+00
1.04379110e+01
1.61094532e+01
1.88312225e+01
1.70329418e+01
1.78573494e+01
1.29502630e+01
9.98717308e+00
2.03402958e+01
1.32675676e+01
2.67437916e+01
1.93345718e+01
1.24374552e+01
1.66091633e+01
1.08730507e+01
1.42614422e+01
1.86763744e+01
1.54915838e+01
1.64276276e+01
2.12775898e+01
1.83889618e+01
2.05063953e+01
1.32054977e+01
1.58479671e+01
2.35598164e+01
1.99214611e+01
6.95983934e+00
1.83296108e+01
2.29815693e+01
1.54650059e+01
1.36531382e+01
1.69562531e+01
1.41356726e+01
3.11622562e+01
1.92520123e+01
1.88104057e+01
2.41742077e+01
2.14974976e+01
1.99956512e+01
2.21033001e+01
1.53539104e+01
1.12940588e+01
1.25469732e+01
1.20460682e+01
7.42835093e+00
1.45976076e+01
1.85889225e+01
7.67440081e+00
8.06725502e+00
2.10443668e+01
1.60173817e+01
1.11803007e+01
1.93435955e+01
9.28973198e+00
-6.95271969e-01
4.01158237e+00
8.35069847e+00
1.59627037e+01
1.53806515e+01
1.20819407e+01
1.34050779e+01
1.64730663e+01
1.54479389e+01
2.09416962e+01
3.60221648e+00
1.48447447e+01
2.13402576e+01
1.10380077e+01
2.35562840e+01
9.06727123e+00
7.47770214e+00
8.47869682e+00
7.43329668e+00
1.34223070e+01
2.73843269e+01
1.81265526e+01
9.73786163e+00
1.71400146e+01
2.14917355e+01
1.46603289e+01
1.41986122e+01
1.66931896e+01
1.16429424e+01
2.01336498e+01
2.14797249e+01
1.08685942e+01
1.49469252e+01
7.62320185e+00
1.80083923e+01
1.53007002e+01
1.68630943e+01
2.65068722e+01
1.22108088e+01
1.01500654e+01
2.41862202e+01
1.99248314e+01
1.08678875e+01
1.68142853e+01
2.32079449e+01
9.73873138e+00
1.65667133e+01
2.61087475e+01
1.56549644e+01
3.66927004e+00
2.23168488e+01
1.02434416e+01
1.89645469e+00
7.84153223e+00
1.68833122e+01
1.85822906e+01
1.48091984e+01
1.28373747e+01
1.91128178e+01
2.55035419e+01
2.50910110e+01
2.00424480e+01
1.71987686e+01
1.28690615e+01
2.56361599e+01
2.20348167e+01
1.06056948e+01
1.20796032e+01
1.96699219e+01
2.00782127e+01
2.08416901e+01
6.11749744e+00
1.50011683e+00
1.62731609e+01
1.56824121e+01
1.53282566e+01
1.20947676e+01
1.36277561e+01
1.25518646e+01
8.89655209e+00
1.64257259e+01
1.48152313e+01
1.56147442e+01
1.98886871e+01
1.90705872e+01
1.21114531e+01
1.32138138e+01
2.77825069e+01
1.42134495e+01
7.76842928e+00
1.15444021e+01
1.13458014e+01
1.06752110e+01
8.19422054e+00
1.32863188e+01
1.63131084e+01
1.39735413e+01
1.38264656e+01
1.98655891e+01
1.00999527e+01
1.78914280e+01
1.83062935e+01
1.55320759e+01
1.85565834e+01
1.20416117e+01
1.13181906e+01
1.32697420e+01
7.66570473e+00
1.21226501e+01
2.20347080e+01
4.56836081e+00
2.48790951e+01
1.83994522e+01
2.04987850e+01
2.65713329e+01
1.89373703e+01
1.73965549e+01
1.15439138e+01
1.98919487e+01
1.73136692e+01
1.35356846e+01
2.08232098e+01
1.77547321e+01
1.39573994e+01
1.64328995e+01
1.89337292e+01
1.46198912e+01
7.74592781e+00
1.06130323e+01
1.23591881e+01
1.62849541e+01
2.25928459e+01
1.98300972e+01
1.29939613e+01
2.33738804e+01
5.54343510e+00
4.64443159e+00
6.62237024e+00
1.36787386e+01
2.12747631e+01
2.55655026e+00
1.84727173e+01
1.47540855e+01
4.74829197e+00
5.20172071e+00
1.23354368e+01
1.53129845e+01
2.06529274e+01
9.03444290e+00
7.11811161e+00
1.80787220e+01
2.20489483e+01
1.26201305e+01
1.77040768e+01
2.26862774e+01
2.71141987e+01
2.01826763e+01
6.57084465e+00
1.67799358e+01
1.24196272e+01
1.43395462e+01
1.91582565e+01
2.00022831e+01
1.57856264e+01
1.00063591e+01
1.04376392e+01
1.02365389e+01
1.05938463e+01
1.32664261e+01
1.46737537e+01
9.55556679e+00
1.03736134e+01
1.99492893e+01
1.30326052e+01
1.00270672e+01
2.35157375e+01
9.02335453e+00
1.32165318e+01
1.80284481e+01
1.63784389e+01
2.00088596e+01
2.61603260e+01
8.17280579e+00
9.73106766e+00
1.97239475e+01
2.44503689e+01
2.29303703e+01
1.67229214e+01
6.17228413e+00
1.89707966e+01
1.18910580e+01
1.63164787e+01
2.21866760e+01
6.62851191e+00
6.25968122e+00
1.68095036e+01
1.51176987e+01
1.11237755e+01
1.09502850e+01
1.39045696e+01
1.97219906e+01
3.48043060e+00
1.29798841e+01
1.79321899e+01
9.92434216e+00
9.96315002e+00
1.79526806e+01
1.38196716e+01
7.24643612e+00
1.19953585e+00
9.58812296e-01
1.29375448e+01
2.67684669e+01
1.17346883e+00
5.83954287e+00
1.79821396e+01
1.56474638e+01
8.07763577e+00
8.26906204e+00
1.65030136e+01
6.88282347e+00
6.86488724e+00
1.88710613e+01
1.74867783e+01
8.04290533e-01
4.33336067e+00
1.70465851e+00
1.01548481e+01
1.61039104e+01
2.61159754e+00
9.40066433e+00
1.17193060e+01
3.78555012e+00
1.01120729e+01
1.75948296e+01
8.31384850e+00
2.21978722e+01
4.97524834e+01
1.57879086e+01
-1.22745628e+01
5.58707952e+00
2.99480400e+01
1.19996519e+01
-4.24387598e+00
1.23960934e+01
1.72916012e+01
1.12081833e+01
2.03898106e+01
1.30563030e+01
8.14095592e+00
6.80972004e+00
1.60364590e+01
1.99049397e+01
6.60323811e+00
9.81052971e+00
1.52379246e+01
1.79414845e+01
6.97734070e+00
3.01429987e+00
1.63770275e+01
-3.57820940e+00
4.12803078e+00
1.21024313e+01
8.48049068e+00
1.51959109e+00
3.83560801e+00
1.44186277e+01
9.33604050e+00
1.74475918e+01
2.10155067e+01
1.07700548e+01
1.06150973e+00
6.23071194e-01
7.07685852e+00
1.89503059e+01
2.14922791e+01
1.42064924e+01
1.43201418e+01
2.74011745e+01
5.54479408e+00
6.59579229e+00
1.54319601e+01
1.23178272e+01
8.98683071e+00
1.76157017e+01
4.55694151e+00
1.35562296e+01
1.98330860e+01
1.39380503e+01
1.47406063e+01
1.29872761e+01
1.79455605e+01
1.92691326e+01
1.81249218e+01
1.49763298e+01
1.21010180e+01
2.24707184e+01
2.36605854e+01
1.54204369e+01
3.31426144e+00
4.71489811e+00
2.13880863e+01
1.02630625e+01
1.39245710e+01
8.47750092e+00
1.08058176e+01
1.99602680e+01
1.30476065e+01
6.45089054e+00
2.38208141e+01
2.39748459e+01
1.43857994e+01
1.35397062e+01
1.79634438e+01
8.40521336e+00
3.50551391e+00
6.88233423e+00
1.37418404e+01
1.57755165e+01
1.06664057e+01
1.13164520e+01
1.25091448e+01
6.89999819e+00
7.34709501e+00
2.32780571e+01
3.61473923e+01
8.62001133e+00
1.08870735e+01
1.23707657e+01
1.38544569e+01
1.53380947e+01
1.68217869e+01
1.83054790e+01
1.97891693e+01
1.48590937e+01
1.20176973e+01
1.22385817e+01
1.28075352e+01
2.03080654e+01
7.14632034e+00
1.02949667e+01
1.08735943e+01
9.78411484e+00
1.12486210e+01
6.68944025e+00
7.06729269e+00
1.42282333e+01
1.71359940e+01
1.15417395e+01
6.72177935e+00
1.27712831e+01
8.83334160e+00
9.84308720e+00
1.52701006e+01
1.32624588e+01
7.26263285e+00
1.52704268e+01
1.48153400e+01
1.02543116e+01
9.52980328e+00
1.40222406e+01
1.60472755e+01
9.19978046e+00
1.34108934e+01
6.47605515e+00
1.45410271e+01
2.05119381e+01
8.15628242e+00
8.64604568e+00
1.79851303e+01
1.66244354e+01
1.21000395e+01
1.08035898e+01
1.02066994e+01
6.61796761e+00
9.51969433e+00
1.64005070e+01
8.06671143e+00
2.78490329e+00
1.61057034e+01
1.85996838e+01
1.09159889e+01
8.61658669e+00
1.29769497e+01
1.44979267e+01
9.68693447e+00
1.09989290e+01
1.89242172e+01
1.63371334e+01
1.60794506e+01
1.51385698e+01
6.11978006e+00
5.44766760e+00
1.51073713e+01
1.54566355e+01
1.59410715e+01
1.17796907e+01
4.62931061e+00
2.27196484e+01
1.21467276e+01
1.05190039e+01
4.01696301e+00
7.35981369e+00
2.80332298e+01
9.15080929e+00
1.97695484e+01
1.22029819e+01
1.79631174e+00
3.75765133e+00
6.46350002e+00
1.71291447e+00
2.45535278e+01
1.17253389e+01
3.71089816e+00
1.05277004e+01
7.03555155e+00
1.66034565e+01
1.87409973e+01
1.02139282e+01
6.54894114e+00
8.10774708e+00
6.03096962e+00
8.35499287e+00
3.27880239e+00
2.79109931e+00
2.21441722e+00
5.11086130e+00
1.36375399e+01
5.27477503e+00
2.25832253e+01
2.01172905e+01
1.13834667e+00
2.25875735e+00
2.70568027e+01
8.48445797e+00
2.25549088e+01
2.53174400e+01
1.50329647e+01
1.27944365e+01
2.09588184e+01
1.38975582e+01
1.23134241e+01
7.22724962e+00
2.84166265e+00
4.16362572e+00
9.55045700e+00
1.69452724e+01
7.83669519e+00
1.31786489e+01
1.40668087e+01
8.42782402e+00
1.92751122e+01
1.76150494e+01
1.95405655e+01
6.90309620e+00
2.03375244e+00
9.66024780e+00
5.96036673e+00
1.06754284e+01
1.43081303e+01
2.17529488e+00
2.14370584e+00
1.43824291e+01
1.06605902e+01
2.88841610e+01
-3.09755588e+00
-3.46220112e+00
1.81832409e+01
1.72762756e+01
1.28962374e+00
1.61389656e+01
7.72375202e+00
9.72606754e+00
1.06373816e+01
3.54523420e+00
1.21501522e+01
5.00482655e+00
1.60891800e+01
1.26198044e+01
-2.18799686e+00
-2.77760386e+00
1.26864395e+01
4.84222269e+00
1.40790388e-01
4.98776007e+00
5.70051146e+00
5.31222868e+00
1.92367401e+01
4.71781683e+00
1.68558655e+01
1.08037529e+01
-5.48734426e-01
8.12204170e+00
1.34813871e+01
1.59602041e+01
2.12461205e+01
1.60329800e+01
1.12093792e+01
1.50359535e+01
1.12744379e+01
7.74658012e+00
1.29242287e+01
1.25025139e+01
5.44408035e+00
3.37990737e+00
1.00205994e+01
2.68549943e+00
1.03922558e+01
1.11151876e+01
1.48708878e+01
2.47727280e+01
5.24095201e+00
1.08860407e+01
8.29781437e+00
1.69283695e+01
1.92396736e+01
4.20193815e+00
1.56855106e+01
1.30372801e+01
1.64138222e+01
1.68447762e+01
1.16966963e+01
7.29638529e+00
5.95080090e+00
1.59049826e+01
8.63099003e+00
1.12518816e+01
1.53728256e+01
3.76064062e+00
8.99726582e+00
1.78515339e+01
6.93505526e+00
9.90852642e+00
2.40187626e+01
2.04151382e+01
7.61053753e+00
9.86727333e+00
4.48531151e+00
6.18886137e+00
1.61013012e+01
1.91969547e+01
1.44617825e+01
3.14622784e+00
9.57344830e-01
7.80962801e+00
1.71527328e+01
2.10982838e+01
1.31375046e+01
3.80988336e+00
9.88955784e+00
1.49063797e+01
1.11535597e+01
7.76685286e+00
9.67921638e+00
1.52414026e+01
1.05171556e+01
1.27401934e+01
1.13846083e+01
-4.91601562e+00
1.32088680e+01
1.36728134e+01
9.85868549e+00
8.26286602e+00
8.75779247e+00
1.25811605e+01
1.73717155e+01
2.62220693e+00
6.59149837e+00
1.58317165e+01
1.96904125e+01
2.32124004e+01
1.08866386e+01
9.15157032e+00
1.23130436e+01
7.50330210e+00
4.90778160e+00
1.64616528e+01
7.41025162e+00
4.53069496e+00
1.41248026e+01
1.14330359e+01
1.05361247e+00
8.91079235e+00
6.98000383e+00
3.72654581e+00
4.04051352e+00
8.22857094e+00
1.28136768e+01
1.36711292e+01
1.28944979e+01
1.51205244e+01
1.66885166e+01
1.65966072e+01
1.56824121e+01
1.41643705e+01
1.16519098e+01
9.98402023e+00
1.79968691e+00
3.18502402e+00
1.47525644e+01
1.47391396e+01
1.41223021e+01
1.08192425e+01
6.59878159e+00
1.09445229e+01
1.84704895e+01
1.32128897e+01
1.45143404e+01
1.86082172e+01
9.92863655e+00
6.28299809e+00
1.15842428e+01
3.62363100e+00
9.29712391e+00
1.45379839e+01
6.43447638e+00
5.52240086e+00
1.31747894e+01
2.66185117e+00
1.10588789e+01
-8.16720724e-01
3.02290916e+00
1.66076946e+01
1.75139542e+01
1.19401913e+01
9.67443371e+00
1.13149843e+01
1.12921019e+01
9.34778023e+00
9.41446972e+00
1.31654415e+01
1.32240324e+01
7.11778545e+00
6.15298891e+00
9.54888153e+00
1.34823112e+01
1.87725220e+01
1.06486874e+01
1.23596230e+01
1.24756098e+01
8.79159927e+00
8.88356209e+00
1.30398340e+01
1.39703350e+01
1.23388605e+01
1.27020931e+01
1.03766575e+01
3.68128181e+00
2.87300730e+00
1.28342223e+00
1.01044636e+01
8.08442974e+00
1.35096502e+00
5.95764923e+00
1.19083958e+01
1.98635769e+01
9.73329639e+00
8.07915783e+00
8.33629513e+00
4.60831463e-01
1.43663950e+01
9.80493164e+00
2.83626020e-01
9.99103165e+00
1.70058212e+01
2.59508562e+00
8.25161552e+00
1.06350994e+01
9.68726063e+00
1.24697399e+00
1.00000000e+00
1.32724047e+01
3.27457929e+00
1.58160629e+01
6.85184288e+00
4.45446682e+00
1.21834154e+01
9.26815510e+00
1.08351135e+01
7.92180967e+00
3.97734070e+00
6.21717811e-01
2.94140887e+00
1.37885284e+01
2.07042351e+01
1.01512604e+01
1.08894110e+01
1.42306252e+01
8.28167248e+00
1.11612236e+00
1.08440809e+01
1.40427313e+01
6.49426317e+00
5.56354523e+00
1.09056616e+01
8.69159222e+00
6.39952803e+00
9.26739407e+00
2.92683721e+00
5.71225119e+00
1.82978153e+01
1.58028555e+01
-2.21348238e+00
1.21029205e+01
1.08806601e+01
2.64297485e+00
4.83098269e+00
1.06447735e+01
1.08252754e+01
1.58606853e+01
1.38907099e+01
1.08127203e+01
1.46087494e+01
1.63470783e+01
-3.92008138e+00
2.91834760e+00
9.80498600e+00
6.20723200e+00
8.09981155e+00
2.30007553e+01
1.14768438e+01
5.19769859e+00
1.67918377e+01
1.38155956e+01
-4.95682321e-02
1.14027624e+01
9.90184116e+00
1.30903273e+01
1.54498959e+01
8.82225418e+00
2.74630809e+00
1.12338915e+01
1.04749250e+01
1.03848095e+01
1.00319042e+01
5.85280466e+00
4.58703613e+00
1.12235651e+01
-1.86533284e+00
6.56943130e+00
1.01589785e+01
7.38666296e+00
6.89967203e+00
7.10370827e+00
1.58495436e+01
1.34416561e+01
1.08485928e+01
5.27093220e+00
3.43853641e+00
1.69964733e+01
-9.85303283e-01
2.48652344e+01
2.35636749e+01
1.09313698e+01
1.66751995e+01
9.78101730e+00
1.58298683e+01
1.04616089e+01
5.22279835e+00
4.47941446e+00
6.42811728e+00
1.07391281e+01
5.57550240e+00
9.66399765e+00
1.25686598e+01
6.11559534e+00
-3.48728442e+00
4.49456215e-01
2.10244751e+01
8.48266411e+00
-6.28283545e-02
6.11869335e+00
1.05635729e+01
9.65932369e+00
1.29560242e+01
7.87789345e+00
6.04287243e+00
8.38667965e+00
7.77098370e+00
5.93541956e+00
1.04911213e+01
7.17403948e-01
-1.21169436e+00
8.37526608e+00
1.36273756e+01
8.11095333e+00
6.66237307e+00
1.08012524e+01
4.27674246e+00
2.41313791e+00
1.60740700e+01
1.04474230e+01
-5.25020266e+00
8.84616852e+00
1.86245766e+01
1.21118336e+01
8.83143902e+00
1.48412657e+01
6.48899126e+00
7.96034479e+00
7.96219301e+00
3.06544495e+00
4.15126085e+00
1.23790808e+01
9.90972233e+00
7.83403158e+00
9.75498295e+00
1.49890480e+01
1.56000700e+01
1.01193559e+00
8.49924183e+00
1.75931454e+01
1.41188784e+01
5.21809673e+00
4.13187885e+00
7.55009842e+00
7.61200523e+00
6.07999468e+00
1.34901924e+01
1.99915218e+01
1.27551403e+01
1.20505257e+01
1.17895288e+01
9.27516651e+00
7.37622786e+00
4.68719530e+00
1.97064471e+00
1.03351326e+01
7.57102394e+00
1.16365833e+01
1.55927868e+01
1.17815390e+01
5.34257317e+00
5.28726482e+00
1.71478958e+01
1.25036011e+01
6.97065544e+00
9.38946819e+00
8.17476273e+00
6.47453356e+00
3.69978309e+00
8.70365810e+00
1.32510452e+01
1.24993610e+01
1.06291752e+01
7.90593910e+00
1.66352520e+01
1.10139847e+01
9.62709332e+00
1.26958971e+01
2.11487222e+00
1.35856886e+01
6.37789631e+00
7.78076696e+00
7.62276697e+00
3.53336930e+00
1.08060350e+01
3.28465605e+00
4.10287142e-01
1.04326391e+01
1.22620621e+01
3.40051746e+00
5.70290279e+00
9.22097778e+00
1.42149715e+01
8.86720276e+00
5.45065689e+00
8.96813393e+00
5.57245874e+00
4.55654472e-01
9.45816803e+00
5.60930920e+00
2.00848985e+00
6.44328117e+00
1.25473535e+00
5.42681837e+00
4.23685360e+00
6.18532848e+00
1.14106979e+01
1.36643896e+01
1.15675564e+01
1.22105370e+01
9.16211510e+00
4.52865696e+00
5.02569199e+00
1.08281021e+01
1.29898853e+01
9.37517357e+00
8.13318348e+00
2.59526491e+00
7.85887051e+00
1.77927780e+01
2.08715844e+00
1.31794634e+01
7.57015419e+00
-1.73229083e-01
8.69594002e+00
2.27031250e+01
1.51266670e+01
1.72209988e+01
1.11504078e+01
7.42672014e+00
8.39379978e+00
7.36905336e+00
5.04573679e+00
1.46141844e+01
7.22811937e+00
3.32390881e+00
7.78283262e+00
7.86816454e+00
1.68166769e+00
9.97456360e+00
1.06027603e+01
8.62289143e+00
6.55089760e+00
4.61385870e+00
6.87298536e+00
-1.27035606e+00
3.41719246e+00
8.90367222e+00
8.55381107e+00
6.93048954e+00
6.67275429e+00
7.76919031e+00
5.62441921e+00
7.91327667e+00
8.36232948e+00
2.54216886e+00
7.09821892e+00
1.08156013e+01
7.53933716e+00
5.65583420e+00
6.89635658e+00
6.71221352e+00
6.52806997e+00
6.34398079e+00
6.15983725e+00
5.97574806e+00
5.79160500e+00
5.60751581e+00
5.42342138e+00
5.23932648e+00
5.05523777e+00
6.12043238e+00
-1.50126904e-01
5.08865833e+00
1.38785353e+01
1.05760193e+01
8.36559105e+00
1.29214563e+01
9.54176140e+00
-1.82039487e+00
1.05911283e+01
1.03748093e+01
-5.89068770e-01
-1.47935450e+00
2.87430096e+00
2.53813577e+00
1.07501078e+01
4.88767672e+00
-2.14666245e-03
4.92166853e+00
5.48647451e+00
-1.56902933e+00
1.23927231e+01
4.18920374e+00
3.90402579e+00
8.66963387e+00
8.24802876e+00
3.67128658e+00
3.31828880e+00
5.26536107e-01
6.12347603e+00
6.99288559e+00
1.88134491e+00
1.56825757e+00
4.95700788e+00
8.39803886e+00
1.26931791e+01
1.24493036e+01
8.56142044e+00
5.89775372e+00
3.76386929e+00
8.69088554e+00
9.40468597e+00
6.60024881e+00
9.16119099e+00
1.53022223e+01
4.78214216e+00
6.62688112e+00
4.50725889e+00
7.65287781e+00
1.16818581e+01
6.24212599e+00
1.30115719e+01
7.66673756e+00
1.24664783e+01
1.08876171e+01
4.22031450e+00
8.10144234e+00
1.91795075e+00
1.27021475e+01
8.94356632e+00
3.15351629e+00
5.65985632e+00
5.84177160e+00
2.65475273e+00
1.22653227e+01
1.02900753e+01
2.50156260e+00
3.04243231e+00
9.21532536e+00
2.27599239e+00
8.15987015e+00
1.02469740e+01
5.43532944e+00
3.72280645e+00
9.71182728e+00
8.44608593e+00
1.10489874e+01
1.19226904e+01
4.62433767e+00
2.49214888e+00
1.64966545e+01
9.01906109e+00
9.38718510e+00
1.21487389e+01
1.19870424e+01
9.17249584e+00
6.72281218e+00
7.44036245e+00
2.55272388e+00
5.15334225e+00
7.72445869e+00
7.74891710e+00
1.11289930e+01
1.66167724e+00
1.01132689e+01
8.34031773e+00
5.00893021e+00
8.23422337e+00
5.93319082e+00
9.11461163e+00
7.87300205e+00
1.03968763e+01
1.02564316e+01
2.79022431e+00
-8.92628312e-01
9.69166279e+00
6.57638836e+00
4.71596384e+00
6.34006739e+00
6.51497126e+00
6.29446650e+00
6.44431400e+00
4.82432985e+00
1.29608068e+01
1.07120609e+01
2.81628585e+00
1.96668243e+01
5.24859905e+00
2.83804846e+00
9.12265587e+00
1.21094971e+01
8.38825607e+00
2.94553971e+00
2.35044312e+00
1.25979557e+01
8.31765270e+00
4.37809181e+00
1.00967455e+01
4.90221596e+00
1.31757135e+01
3.50669336e+00
5.58697081e+00
1.43635149e+01
1.04111700e+01
1.40608847e+00
5.33511591e+00
7.15958214e+00
3.32819176e+00
2.11932898e+00
4.67515659e+00
2.79289293e+00
1.30634775e+01
4.08565807e+00
6.25886631e+00
1.11141548e+01
4.94906139e+00
1.00216322e+01
1.04969378e+01
6.60981464e+00
4.31576157e+00
1.02053947e+01
1.72135525e+01
8.11426926e+00
6.89135647e+00
7.94539833e+00
9.45403767e+00
8.47891426e+00
5.06559706e+00
5.26290989e+00
4.80410051e+00
6.63041401e+00
9.12417698e+00
6.24310398e+00
3.63495255e+00
1.61460857e+01
8.05975437e+00
6.85135365e+00
1.01752300e+01
1.18444786e+01
1.00182619e+01
4.84654331e+00
9.86058807e+00
9.97391129e+00
6.07102680e+00
3.18112159e+00
4.00425577e+00
7.50803041e+00
5.60871172e+00
7.92811441e+00
9.17765903e+00
6.21310186e+00
4.86475134e+00
1.09251194e+01
6.51551485e+00
-4.06611338e-02
2.32976246e+00
6.91282558e+00
5.33639860e+00
8.59995556e+00
7.88903570e+00
7.42155671e-01
7.30263567e+00
1.49789934e+01
4.42054605e+00
4.27924252e+00
1.35515013e+01
-2.36028090e-01
-2.42802477e+00
9.48670292e+00
8.49614334e+00
5.03747559e+00
3.77260900e+00
4.81979704e+00
4.26567650e+00
5.37300444e+00
9.90841770e+00
6.15722847e+00
8.44358540e+00
7.55460978e+00
8.31123924e+00
1.15608168e+01
1.18105087e+01
1.12666655e+01
1.20027504e+01
1.10205612e+01
9.33473587e+00
8.27292156e+00
6.08504963e+00
1.11925304e+00
9.07074928e+00
9.38549995e+00
8.52130890e+00
9.22673893e+00
5.53082561e+00
6.45496702e+00
5.64827967e+00
9.26032829e+00
7.27056789e+00
4.89990616e+00
1.18184433e+01
2.46180987e+00
4.06930399e+00
4.47541952e+00
9.05629158e+00
1.27417154e+01
4.19964457e+00
5.36435747e+00
3.76025486e+00
5.20365047e+00
4.96107864e+00
5.58115530e+00
1.27000275e+01
8.34151363e+00
9.37289047e+00
3.16735411e+00
9.69150007e-01
7.24947977e+00
8.33281708e+00
4.07419538e+00
5.27514458e+00
1.12462292e+01
1.17234373e+01
5.51674843e+00
2.40750694e+00
3.38207054e+00
5.99080372e+00
6.25962687e+00
7.18273592e+00
7.55966473e+00
3.63378930e+00
6.66552544e+00
6.94000101e+00
8.65925312e+00
9.65557384e+00
7.25165367e+00
5.47391939e+00
9.97559643e+00
1.01050615e+01
7.31241894e+00
5.49826908e+00
7.92164660e+00
1.28838453e+01
8.12030220e+00
3.39513659e+00
3.02443099e+00
8.11089897e+00
1.25276241e+01
8.49962234e+00
7.76690722e+00
5.39461470e+00
3.84744024e+00
5.30116272e+00
6.63905621e+00
4.81585646e+00
1.01058769e+01
4.58617163e+00
8.26330090e+00
9.47925663e+00
2.58361197e+00
9.81422615e+00
1.35979719e+01
8.21976566e+00
3.78485441e+00
4.21708584e+00
6.34158945e+00
5.51354170e+00
1.64513254e+00
7.75511312e+00
8.03524208e+00
5.28686810e+00
6.31821823e+00
5.28534079e+00
1.00491343e+01
6.01069641e+00
4.76042318e+00
5.43962336e+00
2.80034995e+00
3.65437222e+00
1.12261190e+01
2.56431150e+00
5.18586111e+00
1.22378759e+01
7.40057707e+00
5.41021919e+00
7.10990429e+00
5.26660585e+00
8.99558163e+00
1.05337877e+01
4.34317636e+00
6.07439661e+00
7.61896229e+00
3.48934436e+00
5.28463411e+00
6.43311739e+00
1.88487232e+00
6.66541672e+00
3.22349954e+00
1.85897374e+00
1.56818688e+00
3.55827856e+00
7.04354095e+00
3.62968040e+00
2.12618279e+00
7.31758213e+00
8.01268578e+00
6.86624575e+00
9.85444641e+00
7.47340822e+00
3.15778279e+00
8.18286037e+00
5.93308210e+00
4.81641084e-01
4.64955139e+00
7.56379509e+00
7.02343082e+00
6.05586243e+00
3.78651214e+00
5.20628071e+00
9.46566868e+00
2.90593910e+00
1.08578320e+01
8.85535431e+00
6.86765909e+00
7.92219019e+00
6.44420528e+00
9.50572586e+00
7.93822384e+00
9.74601460e+00
6.83276558e+00
3.53175497e+00
7.18311644e+00
4.48439837e+00
7.31040764e+00
6.84113550e+00
8.34287167e+00
1.02682800e+01
6.55073452e+00
4.89881897e+00
8.14976025e+00
5.56946945e+00
3.31610394e+00
5.01877832e+00
7.43628645e+00
8.87220287e+00
2.19944334e+00
7.29344988e+00
1.05154171e+01
4.32562637e+00
1.66561767e-01
5.65567112e+00
5.69436979e+00
7.74054670e+00
9.47436523e+00
4.82178068e+00
-2.06459689e+00
5.30890226e+00
3.19788361e+00
6.69742966e+00
9.71845818e+00
8.63772964e+00
9.40778446e+00
8.70392990e+00
5.38486433e+00
7.40389252e+00
6.89505243e+00
2.42425275e+00
3.52448273e+00
9.75520039e+00
6.60052061e+00
7.83419466e+00
4.51926517e+00
8.19867730e-01
1.02957821e+01
8.08872414e+00
3.97782993e+00
7.79082203e+00
1.00472860e+01
7.44248247e+00
7.08147860e+00
4.68903255e+00
6.22810316e+00
6.33544779e+00
4.17790365e+00
3.70944142e+00
5.99933672e+00
2.72210002e+00
6.71107197e+00
4.05552578e+00
2.87593699e+00
7.23779392e+00
8.03317642e+00
1.22955427e+01
1.09755583e+01
6.31903362e+00
7.43644953e+00
1.09652309e+01
7.21529245e+00
1.18811655e+01
1.69715798e+00
1.17724073e+00
4.34294271e+00
2.04854679e+00
2.62677789e+00
3.13702059e+00
6.59649849e+00
9.19662762e+00
6.85048389e+00
5.18083334e+00
1.13620529e+01
6.10945320e+00
3.43211198e+00
6.76107550e+00
7.27594900e+00
2.87935019e+00
3.47497916e+00
8.45239067e+00
1.25810518e+01
7.07881546e+00
4.42099190e+00
1.06175976e+01
1.03927450e+01
3.01827312e+00
-2.22468424e+00
-2.01613164e+00
1.74793875e+00
2.81794906e+00
-2.24418020e+00
1.27800882e+00
3.73129082e+00
3.47079420e+00
6.10494232e+00
9.15787506e+00
3.01748490e+00
4.44960785e+00
5.50778055e+00
5.52272701e+00
7.24051142e+00
7.96241045e+00
3.01538157e+00
8.21568871e+00
4.40136528e+00
6.90016127e+00
8.39852810e+00
4.59055805e+00
1.33434973e+01
3.19504642e+00
-2.49021935e+00
7.43427515e+00
1.29693403e+01
4.68845081e+00
7.90365601e+00
1.26119232e+01
1.26873636e+01
6.30147791e+00
4.93065834e+00
1.11443195e+01
7.36894464e+00
7.74244928e+00
4.51009560e+00
1.35978088e+01
1.65839977e+01
2.37784195e+00
6.96570969e+00
3.26931787e+00
1.35445986e+01
9.09395790e+00
-2.00527215e+00
2.98903728e+00
7.58270979e+00
9.38658714e+00
-4.73795980e-01
1.43591666e+00
7.37090111e+00
4.61343479e+00
1.16016893e+01
-1.15661430e+01
7.58466625e+00
1.42436152e+01
4.39924002e+00
1.14984751e+01
7.47449541e+00
3.33657813e+00
5.46587515e+00
5.02693653e+00
5.71333838e+00
1.14521132e+01
5.74105787e+00
-9.43648219e-01
7.85827255e+00
1.09322395e+01
5.21019411e+00
3.90498781e+00
3.84764147e+00
9.51915073e+00
2.90306377e+00
-6.67623281e-01
4.48932791e+00
7.28910208e+00
4.69265223e+00
7.52498817e+00
8.68583107e+00
6.65949202e+00
3.56122446e+00
2.65572023e+00
5.89682961e+00
3.80912781e+00
4.25790405e+00
3.57590485e+00
4.08395147e+00
8.56364822e+00
3.62589741e+00
4.28682470e+00
3.15476632e+00
4.30691862e+00
7.78565884e+00
9.38039112e+00
1.19924231e+01
-2.63913202e+00
1.25371903e-01
8.51293850e+00
8.01018524e+00
7.50743246e+00
7.00473404e+00
6.50198126e+00
5.99933672e+00
5.49663830e+00
4.99398851e+00
4.49135542e+00
3.98874378e+00
3.48614860e+00
3.19241583e-01
3.40919733e+00
5.88655710e+00
7.83859730e+00
-2.01657176e-01
1.08905525e+01
4.10508347e+00
-2.13238978e+00
2.84906006e+00
5.18001270e+00
4.59849358e+00
6.67307997e+00
8.50641632e+00
2.37964106e+00
-2.82978153e+00
3.43789506e+00
2.65593219e+00
4.02763796e+00
4.57195330e+00
5.97803116e+00
6.75569487e+00
4.41528463e+00
5.49196434e+00
7.96050787e+00
5.89471006e+00
2.56031132e+00
3.24960470e+00
7.38682604e+00
6.53024387e+00
4.04825878e+00
8.18155670e+00
8.85203838e+00
7.46867990e+00
1.31990299e+01
1.32270756e+01
1.07539663e+01
4.96084499e+00
-1.13054729e+00
-1.42025256e+00
3.88238311e+00
8.13780308e-01
-7.84794569e-01
2.11970949e+00
1.96386158e+00
2.44566202e+00
8.78388119e+00
2.34288836e+00
7.53585863e+00
5.60751581e+00
5.55881643e+00
1.02829552e+01
8.49739361e+00
5.77964735e+00
7.41992664e+00
9.98048782e+00
7.48944235e+00
5.94884443e+00
1.15477724e+01
5.83177090e+00
4.70263672e+00
5.18329000e+00
5.60240650e+00
7.93561506e+00
1.00876694e+01
2.44144964e+00
7.74799299e+00
5.50337791e+00
5.00492954e+00
7.71712112e+00
1.02043617e+00
-5.80888867e-01
7.48509407e+00
7.51444387e+00
5.46016836e+00
5.70676184e+00
5.95340967e+00
6.20000315e+00
6.44659662e+00
6.69319010e+00
1.75672741e+01
3.13163972e+00
-6.18771970e-01
5.23136950e+00
1.73382893e+01
1.89096508e+01
1.11302433e+01
5.65121460e+00
7.46650600e+00
3.89147067e+00
8.49070835e+00
9.47675610e+00
8.00415230e+00
4.11854649e+00
-2.33448553e+00
6.49920940e+00
-2.28777584e-02
7.63157177e+00
9.46670151e+00
-7.52509713e-01
3.11638331e+00
8.48434925e+00
5.86938190e+00
1.62145150e+00
4.51923227e+00
1.02070255e+01
8.48657799e+00
9.98097706e+00
7.03218174e+00
7.19898701e+00
5.93340826e+00
2.82587910e+00
5.39463663e+00
7.01087570e+00
1.89156294e+00
7.79935551e+00
5.35790586e+00
-5.52327061e+00
1.58638382e+00
3.94115353e+00
2.93262577e+00
1.02150691e+00
3.46188045e+00
7.05087852e+00
4.31868553e+00
5.94634390e+00
3.47245193e+00
3.86894727e+00
4.68916845e+00
4.12361765e+00
6.07928801e+00
7.81587839e+00
1.00718527e+01
8.00464153e+00
6.21462393e+00
6.79885006e+00
5.08213091e+00
3.86238170e+00
6.03569794e+00
2.63387084e+00
3.43574286e+00
7.67739010e+00
3.01629472e+00
9.62182140e+00
-8.10932255e+00
-2.95437169e+00
2.20040011e+00
1.38243465e+01
1.24880564e+00
9.64943218e+00
1.05609632e+00
6.49246931e-01
3.37053156e+00
1.25644207e+00
5.47321272e+00
7.83403158e+00
4.89349270e+00
3.62538648e+00
4.32253933e+00
5.47756100e+00
6.82722139e+00
3.56622481e+00
5.20000887e+00
4.95330095e+00
5.94226789e+00
1.18779583e+01
1.94948006e+01
1.40314808e+01
8.56843185e+00
3.10552382e+00
7.53738022e+00
2.34338837e+01
1.11066542e+01
5.44266701e+00
-3.30130386e+00
-4.75708067e-01
2.40324044e+00
-1.69548929e-01
6.13309622e+00
4.32594681e+00
7.64178991e+00
3.94177842e+00
3.26293159e+00
9.48871422e+00
6.03379583e+00
3.86177826e+00
6.75341177e+00
8.07567883e+00
2.39178300e+00
-2.98518920e+00
4.67736864e+00
8.42956257e+00
1.85601699e+00
3.47581625e+00
7.26937246e+00
3.09125638e+00
-6.05618894e-01
5.82171583e+00
1.10574656e+01
2.31008172e+00
-1.01585984e+00
6.85553885e+00
2.55233788e+00
6.09831142e+00
-8.30422783e+00
2.06521109e-01
1.23131523e+01
4.55349016e+00
2.34540486e+00
4.63081074e+00
7.44905901e+00
4.79414320e+00
2.12551427e+00
3.00698972e+00
2.89073133e+00
8.90350914e+00
4.00150537e+00
9.62247372e+00
1.17858868e+01
3.58913946e+00
1.07671194e+01
8.11878014e+00
1.27134523e+01
4.98677063e+00
8.69914722e+00
1.24113665e+01
6.87151814e+00
5.12051940e-01
6.39344072e+00
4.03707314e+00
1.24749577e+00
8.15063000e+00
9.17972469e+00
3.69484258e+00
2.53691840e+00
9.49463844e+00
9.87798023e+00
1.20143819e+00
4.49067068e+00
6.22853804e+00
2.74785709e+00
1.89249241e+00
6.88287783e+00
1.03742657e+01
3.74274802e+00
4.68519497e+00
7.02723551e+00
4.08254910e+00
4.14685822e+00
8.86019135e+00
3.32210970e+00
2.01956123e-01
7.67825985e+00
9.71351242e+00
8.71191978e+00
1.08972378e+01
8.17715359e+00
7.47438669e+00
7.62254953e+00
9.25619698e+00
7.89871025e+00
1.91000998e+00
-2.45552674e-01
5.03549147e+00
1.06746674e+00
4.57873106e+00
8.83149338e+00
3.57904100e+00
3.47495198e+00
5.68436909e+00
6.64949131e+00
8.36102581e+00
7.98061800e+00
3.07882619e+00
-8.40689838e-01
1.24996328e+00
3.16607141e+00
6.03542662e+00
6.76471710e+00
4.32321835e+00
5.98178148e+00
8.61789131e+00
6.94766474e+00
5.49142063e-01
8.91709709e+00
2.44294987e+01
2.21099854e+00
3.58737302e+00
1.84751642e+00
3.05891728e+00
6.21397161e+00
3.31510925e+00
1.71722996e+00
1.64158878e+01
8.86856174e+00
3.67683578e+00
5.36384630e+00
3.91659188e+00
9.52377033e+00
1.77225018e+01
1.34407864e+01
-4.56216478e+00
-5.47848511e+00
1.35141611e+01
-3.72698069e-01
5.68442345e+00
5.15851641e+00
3.04175830e+00
5.10580111e+00
7.22301054e+00
5.84334755e+00
7.32035398e+00
1.83682537e+00
-1.43132937e+00
3.36285710e+00
6.71161556e+00
-4.41909504e+00
-4.57211107e-01
4.07568455e+00
4.68202639e+00
1.41509998e+00
7.48960495e-01
1.07902193e+01
1.06258047e+00
3.60233068e+00
5.36042213e+00
4.49129009e+00
7.22828245e+00
3.54987574e+00
1.06195545e+01
9.72758961e+00
5.81823730e+00
3.99521160e+00
3.62532139e+00
5.20434046e+00
6.59812927e+00
7.10006666e+00
5.41395330e+00
1.94739306e+00
8.01882744e-01
4.97282410e+00
-1.31304383e+00
2.11866045e+00
4.74281883e+00
2.52620029e+00
3.08024478e+00
5.72486115e+00
-3.05221558e+00
7.82484651e-01
4.96629667e+00
4.66610146e+00
5.33636618e+00
2.69196200e+00
2.18930149e+00
1.95567083e+00
3.07340193e+00
6.54801702e+00
9.55665302e+00
7.13441706e+00
7.18904066e+00
3.53632593e+00
3.83190107e+00
4.57205105e+00
1.55702308e-01
2.02368641e+00
-7.97415018e-01
3.83217835e+00
5.95210552e+00
3.56601834e+00
4.54280996e+00
7.00897360e+00
1.56346369e+00
3.76011348e+00
3.04893827e+00
6.87939882e-01
5.59544945e+00
6.67998266e+00
2.19182324e+00
6.13847733e+00
3.41798067e+00
-2.46118471e-01
7.08767462e+00
3.70918608e+00
6.88940001e+00
6.41838837e+00
4.94606161e+00
5.82128096e+00
6.60601044e+00
4.27669907e+00
4.44003105e+00
4.36608553e+00
3.54672885e+00
6.09271288e+00
9.73253536e+00
1.28841710e+00
5.65306234e+00
3.54894090e+00
3.52747202e+00
5.02220249e+00
8.06953728e-01
3.77579927e+00
-2.56217551e+00
4.14637470e+00
1.69946241e+00
-1.58768284e+00
1.32234888e+01
6.22380924e+00
-1.05618870e+00
5.96928024e+00
1.18314333e+01
7.69434786e+00
1.54059803e+00
2.50258994e+00
5.72051287e+00
6.83733082e+00
5.59311247e+00
3.39791942e+00
2.10788274e+00
3.45040131e+00
6.18685007e+00
7.24540329e+00
9.66649818e+00
1.08760405e+01
6.34273052e+00
3.36605310e+00
5.22991276e+00
3.88469839e+00
2.04755759e+00
1.87451291e+00
2.03904629e+00
3.46047282e+00
1.69883204e+00
2.93687606e+00
1.87795329e+00
2.20286751e+00
9.26489353e+00
6.13184643e+00
1.05735731e+00
1.93054402e+00
3.24929476e+00
1.85115254e+00
2.02745843e+00
6.03955698e+00
2.67860770e+00
9.09629440e+00
8.64153481e+00
1.91514075e+00
5.33725739e+00
2.59015036e+00
4.36137342e+00
1.60765159e+00
-9.95336652e-01
3.43935704e+00
9.00666904e+00
-8.26069236e-01
2.23614717e+00
7.70413113e+00
1.66934071e+01
1.87687721e+01
4.82453108e+00
7.04533482e+00
5.48071337e+00
6.34441566e+00
8.36722183e+00
5.74312305e+00
5.57153486e-04
3.41784477e+00
-4.42068726e-01
4.14679289e+00
4.30611944e+00
5.75556993e-01
6.70041895e+00
3.15834808e+00
-8.32178354e-01
5.72257805e+00
8.36521053e+00
2.59774327e+00
1.19697046e+00
4.40030003e+00
1.07685328e+00
1.01626742e+00
3.93447351e+00
4.25870848e+00
2.52450991e+00
7.41786098e+00
-1.33705640e+00
-9.72764373e-01
5.13450384e+00
1.12415552e+01
1.73483448e+01
-8.72458363e+00
7.61200523e+00
1.03489923e+01
5.33624125e+00
5.71643639e+00
-1.14192855e+00
-2.41783929e+00
5.49256182e+00
7.31470156e+00
4.01983833e+00
2.95953512e+00
4.43481874e+00
1.01932740e+00
8.98362350e+00
5.24533272e+00
4.38299984e-01
4.78160429e+00
9.10042572e+00
9.04748726e+00
2.54114151e+00
2.43594933e+00
5.22764111e+00
3.98182487e+00
-3.36673796e-01
9.45398286e-02
1.65623665e+01
1.46000528e+01
4.11969852e+00
2.78453922e+00
6.05205822e+00
2.84865785e+00
-7.26219773e-01
-1.05934656e+00
4.36143303e+00
6.87586641e+00
-5.67268312e-01
7.24866438e+00
5.69600010e+00
6.11439943e+00
-1.95462728e+00
-1.37351007e+01
-4.24712610e+00
9.26858997e+00
2.78970242e+00
5.48669195e+00
7.25208855e+00
1.98875463e+00
5.98852110e+00
6.15630436e+00
1.69624484e+00
1.35031819e+00
4.77416325e+00
5.45815754e+00
2.13915110e+00
7.11316538e+00
1.26223588e+00
6.52709150e+00
1.66344357e+00
-5.88818789e+00
-2.14335799e+00
1.60130882e+00
5.34582901e+00
-1.22947812e+00
-9.53686953e-01
1.62371254e+00
-2.59212345e-01
-1.92413592e+00
2.88478541e+00
4.16970778e+00
4.22808123e+00
5.60463524e+00
3.97621560e+00
2.73149729e+00
2.39819670e+00
2.44399881e+00
2.80105114e+00
1.65741062e+00
-4.66353059e-01
6.21141720e+00
-4.27995443e+00
-8.08355999e+00
-2.41182253e-01
7.41954613e+00
5.11674213e+00
-3.34655714e+00
3.17273498e+00
8.30074978e+00
8.61674976e+00
6.56236601e+00
3.11136651e+00
1.12790575e+01
7.39617491e+00
4.05373764e+00
2.33048534e+00
-1.49898633e-01
2.36700416e+00
7.76755953e+00
1.43617213e+00
1.33612156e-01
4.87735558e+00
6.97489500e+00
3.24805021e+00
-1.86875701e+00
3.85343528e+00
4.30068970e+00
1.71053934e+00
3.78469133e+00
5.60860300e+00
7.81435668e-01
6.85510397e+00
5.69556522e+00
1.85402226e+00
3.53520632e+00
2.62971306e+00
3.76958698e-01
3.40795279e+00
3.67556953e+00
2.48879004e+00
4.16534328e+00
6.48583889e+00
5.81584549e+00
5.16084814e+00
2.57914424e+00
1.54757679e+00
2.94233298e+00
1.64799142e+00
2.06118917e+00
3.05988455e+00
2.27886200e+00
3.39216900e+00
6.20467758e+00
3.83714056e+00
1.82783020e+00
1.69712532e+00
7.58037233e+00
9.30674458e+00
5.43723202e+00
1.08237000e+01
1.07896757e+01
-1.07630432e+00
2.83591223e+00
1.19732370e+01
5.07579327e+00
-8.18851376e+00
-2.09751773e+00
-4.05812359e+00
1.94039798e+00
3.34519291e+00
-2.89188361e+00
9.29348278e+00
1.52275431e+00
7.94936609e+00
8.65360069e+00
2.82879758e+00
2.10161042e+00
3.56162667e+00
1.20212293e+00
-4.13945556e-01
-2.35274220e+00
-1.87255621e+00
3.08167958e+00
7.11218739e+00
3.45157528e+00
5.04693270e+00
4.89098692e+00
-1.19399202e+00
-3.57342100e+00
8.15519619e+00
5.17491436e+00
-1.20346546e+00
2.74990630e+00
8.46152210e+00
4.79980087e+00
-4.76928264e-01
3.66701460e+00
6.04222059e+00
4.22574425e+00
3.55480552e+00
4.67623806e+00
1.19351363e+00
2.79494214e+00
1.64818704e-01
2.23886475e-01
4.75913525e+00
6.33789349e+00
7.63559416e-02
2.64239860e+00
-1.01214218e+00
-1.79217005e+00
1.70244634e+00
3.90976548e+00
4.81309557e+00
5.85791397e+00
5.18402910e+00
6.02080584e+00
6.53171158e+00
3.94968128e+00
2.32163143e+00
7.49927998e+00
5.84823942e+00
3.65686703e+00
3.49054551e+00
3.09331083e+00
2.84597278e+00
1.42555726e+00
2.17719197e+00
2.42026877e+00
1.43231320e+00
4.44393367e-01
1.04456291e+01
-5.40174055e+00
9.29565716e+00
7.67412901e+00
-1.41132259e+00
8.19954681e+00
3.45833135e+00
1.19516048e+01
9.65133381e+00
2.99011886e-01
-3.83512408e-01
6.16684866e+00
-7.34975815e-01
4.95942640e+00
-4.53760862e-01
1.52795029e+00
7.36388969e+00
2.70557165e+00
-4.20109570e-01
5.93732166e+00
7.56841516e+00
5.54332638e+00
3.34578538e+00
2.82586265e+00
4.57914972e+00
1.75308037e+00
4.73681831e+00
5.06985283e+00
3.54625058e+00
5.10493135e+00
1.75136828e+00
-8.88426876e+00
8.52870083e+00
2.59410172e+01
1.41784477e+01
8.75822723e-01
-1.49773083e+01
8.35472107e+00
9.99086857e+00
3.30704898e-01
-1.94092512e+00
1.80606782e+00
2.54842997e+00
7.71011019e+00
4.63721371e+00
5.32715368e+00
4.97232389e+00
-1.44121599e+00
6.55595255e+00
7.08979416e+00
9.11156774e-01
5.20465040e+00
8.07388592e+00
-2.05570507e+00
1.77306008e+00
1.65462232e+00
3.01709366e+00
6.54660404e-01
2.65597034e+00
4.43430245e-01
2.05786276e+00
3.67223239e+00
5.28654718e+00
3.55620772e-01
7.86653423e+00
9.67057467e-01
5.63159370e+00
2.43315554e+00
1.56374636e+01
1.75142269e+01
6.03270864e+00
2.21109104e+00
1.14054251e+00
-1.25945306e+00
3.08383203e+00
2.85971284e+00
2.83812451e+00
5.17968655e+00
-1.15890255e+01
6.46447849e+00
3.10012674e+00
2.06936359e+00
6.85407114e+00
5.36962926e-01
4.94259357e+00
3.61202693e+00
2.91542888e+00
4.52872753e+00
4.11989450e+00
4.36890095e-01
1.44887412e+00
3.57171440e+00
5.79421377e+00
1.10955667e+01
8.72833443e+00
-5.86840391e+00
-4.99026012e+00
4.05082989e+00
2.41955683e-01
1.92898417e+00
6.34664392e+00
-2.41735011e-01
2.68937469e+00
3.81960678e+00
2.04194307e+00
5.47902822e+00
7.78424549e+00
1.90269959e+00
4.02444744e+00
-7.07685888e-01
-8.12465000e+00
6.53491795e-01
9.30120087e+00
-1.01312590e+00
6.57932377e+00
3.41208887e+00
-1.63203926e+01
-1.23005972e+01
6.22418976e+00
