2.52441549e+00
1.84671867e+00
1.71573806e+00
2.45479846e+00
4.26150274e+00
3.28988767e+00
2.23522425e+00
1.79493904e+00
2.67488980e+00
2.81610513e+00
2.20647740e+00
2.05018568e+00
2.03899932e+00
1.95838201e+00
2.13312006e+00
1.89770043e+00
2.00374794e+00
1.82672048e+00
1.86250639e+00
1.81149590e+00
1.79535484e+00
1.88966262e+00
2.13774490e+00
1.78074777e+00
2.52629566e+00
2.92077041e+00
1.77771759e+00
1.91715539e+00
2.30510306e+00
1.79189909e+00
2.13964319e+00
1.73918056e+00
1.61945736e+00
2.68303537e+00
2.15100241e+00
1.82114780e+00
1.60985649e+00
1.55583537e+00
1.66964746e+00
2.11471009e+00
1.58839011e+00
1.73121715e+00
1.62017858e+00
1.82188511e+00
2.44409180e+00
1.58280683e+00
1.82256067e+00
1.60860133e+00
1.81490338e+00
1.76652670e+00
1.69141686e+00
1.74642408e+00
1.99858713e+00
2.06402707e+00
1.94102919e+00
1.70700121e+00
2.49724007e+00
1.61061728e+00
1.99783897e+00
1.57979500e+00
1.75488532e+00
2.05605674e+00
1.70647657e+00
1.67724299e+00
1.55173731e+00
1.76218581e+00
3.14472842e+00
2.44850397e+00
1.79016018e+00
2.43377709e+00
1.95739806e+00
1.56553340e+00
1.53588033e+00
1.93385112e+00
1.90366209e+00
1.83290815e+00
1.84355152e+00
2.62303758e+00
2.43768263e+00
1.87344038e+00
1.75406504e+00
1.81976712e+00
1.67233002e+00
1.38164139e+00
1.98317218e+00
1.93698108e+00
1.55722749e+00
2.84725380e+00
1.60187221e+00
2.69080591e+00
2.67943954e+00
1.56748700e+00
1.71439779e+00
2.17969155e+00
2.22203565e+00
1.36576223e+00
1.41483235e+00
1.72985768e+00
1.49066782e+00
1.98688364e+00
1.54829037e+00
1.71026015e+00
1.47656274e+00
1.38697612e+00
1.84556341e+00
1.55857289e+00
2.15427208e+00
1.62784243e+00
1.62711596e+00
1.45421171e+00
1.39024723e+00
1.24827135e+00
2.21799469e+00
1.45459390e+00
1.41778481e+00
1.41184437e+00
1.40095091e+00
1.55248773e+00
1.59497762e+00
1.53180206e+00
1.53583646e+00
1.42583513e+00
1.51993823e+00
2.09468651e+00
1.90891671e+00
3.50539494e+00
2.54569817e+00
1.60748363e+00
3.18684888e+00
1.55538452e+00
1.50424337e+00
1.52578783e+00
1.66361344e+00
1.85483062e+00
1.48369849e+00
1.63516712e+00
1.42191315e+00
1.76294577e+00
2.09879684e+00
2.25789857e+00
2.42872429e+00
1.95547593e+00
1.69404256e+00
1.81442142e+00
1.88984156e+00
1.62627733e+00
1.99695313e+00
1.64475536e+00
1.42388940e+00
2.00477028e+00
1.35764647e+00
1.68742990e+00
1.73650658e+00
2.06942010e+00
1.70828891e+00
1.90015912e+00
1.79786766e+00
1.86662078e+00
2.49033785e+00
1.86922979e+00
1.40296972e+00
1.48002219e+00
1.53201783e+00
1.50146127e+00
1.66458631e+00
1.41522348e+00
1.36337161e+00
1.31267822e+00
1.35800374e+00
1.43924665e+00
1.53726602e+00
1.69502640e+00
1.92941344e+00
1.31618714e+00
1.35489213e+00
1.75148451e+00
1.44437921e+00
2.15348911e+00
2.76258779e+00
1.27959466e+00
1.23505199e+00
1.35202658e+00
2.40424466e+00
1.64330280e+00
1.16894102e+00
1.22795951e+00
1.20649540e+00
1.10362339e+00
1.08148980e+00
1.85405576e+00
1.06341422e+00
1.13758218e+00
1.12313128e+00
1.26707518e+00
1.36822677e+00
1.66989851e+00
1.15710926e+00
1.55734193e+00
1.40547299e+00
1.07295203e+00
1.08733726e+00
1.06905305e+00
1.92215121e+00
1.55731177e+00
1.32340479e+00
1.64306462e+00
1.35381246e+00
1.63209200e+00
1.32889032e+00
1.37153435e+00
1.29246676e+00
1.60304201e+00
1.24507368e+00
1.75552821e+00
1.31712151e+00
1.49264610e+00
1.82415962e+00
1.87697434e+00
1.50602138e+00
1.86722839e+00
1.33059216e+00
1.69370627e+00
1.99598646e+00
2.25294161e+00
1.87858081e+00
1.31529999e+00
1.65238166e+00
3.58026719e+00
2.35235906e+00
1.65330315e+00
1.63402927e+00
1.32836497e+00
1.47638404e+00
2.13832831e+00
1.81772816e+00
1.66874254e+00
2.03581071e+00
1.43899643e+00
2.27550864e+00
2.99882889e+00
1.61611235e+00
1.54889667e+00
1.57538891e+00
1.73319435e+00
2.57295299e+00
1.71540439e+00
1.59600186e+00
2.38451719e+00
1.84337723e+00
1.44316447e+00
1.58312917e+00
1.71046519e+00
1.59834468e+00
1.43567705e+00
1.54140830e+00
1.41747189e+00
1.46115637e+00
2.19610906e+00
2.37481999e+00
1.82202137e+00
1.43991566e+00
1.54114032e+00
2.59180522e+00
1.54550350e+00
1.60875690e+00
1.59275341e+00
1.37702882e+00
2.18955088e+00
1.46813273e+00
1.68142474e+00
2.57832408e+00
2.17626381e+00
1.51983273e+00
1.36973238e+00
1.48761761e+00
1.81365526e+00
2.31164312e+00
1.91148245e+00
1.43196821e+00
1.46264136e+00
1.55088425e+00
1.61352623e+00
1.94103074e+00
2.05413222e+00
1.48036659e+00
1.47633123e+00
2.60483932e+00
1.95913446e+00
1.45110166e+00
1.45922232e+00
1.37848580e+00
1.48824012e+00
1.48015428e+00
1.28439999e+00
1.86020696e+00
2.24809861e+00
1.30404913e+00
1.38481379e+00
2.63195586e+00
1.25565350e+00
1.44975889e+00
2.25673175e+00
1.36596406e+00
1.67850816e+00
1.53621900e+00
1.16457617e+00
1.37491798e+00
1.31094551e+00
1.43345690e+00
1.55847824e+00
1.08878517e+00
1.21067250e+00
1.16741800e+00
1.17288828e+00
1.35854745e+00
1.44998777e+00
1.09754813e+00
1.09253979e+00
2.37561607e+00
1.04967880e+00
3.62595248e+00
1.11281669e+00
1.92861164e+00
1.65281951e+00
2.04074621e+00
2.24492645e+00
1.11067176e+00
1.23167408e+00
1.31888044e+00
1.66908097e+00
1.37038875e+00
1.05430901e+00
1.39396024e+00
1.23769569e+00
7.97906041e-01
9.87905622e-01
8.96768868e-01
1.04845500e+00
1.11195374e+00
8.57085049e-01
1.07486451e+00
1.83595490e+00
1.36676180e+00
1.07064104e+00
1.30121171e+00
1.02938056e+00
1.68764830e+00
9.68294024e-01
1.05443525e+00
1.26772130e+00
1.03909278e+00
2.01930690e+00
1.22012711e+00
1.13889289e+00
2.05481243e+00
2.16371179e+00
1.33968592e+00
1.76467228e+00
1.00780869e+00
1.00900674e+00
1.14504170e+00
1.12453663e+00
1.03749335e+00
1.36447775e+00
1.64992154e+00
1.41315413e+00
1.08371079e+00
1.30790234e+00
2.03465080e+00
1.70677590e+00
1.80170405e+00
1.68417454e+00
1.40085876e+00
1.22757280e+00
1.38034236e+00
1.92312968e+00
1.58975959e+00
2.04731965e+00
1.59460557e+00
1.59445059e+00
2.21278763e+00
1.17587936e+00
1.31670702e+00
1.73344028e+00
1.43709505e+00
1.34587145e+00
1.50936878e+00
1.46648383e+00
1.91082740e+00
1.45294595e+00
2.43697977e+00
2.79507089e+00
1.35312319e+00
1.65707302e+00
1.84839725e+00
2.73310876e+00
2.41539478e+00
1.49063718e+00
1.56750071e+00
2.40427542e+00
1.24468279e+00
1.50921547e+00
2.69880748e+00
3.00105214e+00
1.95264924e+00
1.73492336e+00
1.91732121e+00
2.23121357e+00
1.56702840e+00
1.31872594e+00
1.75802326e+00
1.89354300e+00
2.43390322e+00
1.28351486e+00
1.24588442e+00
1.53744471e+00
1.49745524e+00
1.87993574e+00
1.63660800e+00
1.96294630e+00
1.80838037e+00
1.99255002e+00
2.05685616e+00
1.22181129e+00
1.78844893e+00
2.26176524e+00
2.28106713e+00
1.88959026e+00
1.72683883e+00
2.61992288e+00
1.57164454e+00
1.50460064e+00
1.21228135e+00
1.35930657e+00
2.73295259e+00
1.79776800e+00
2.90269375e+00
2.39376354e+00
2.35277843e+00
2.67801094e+00
2.35585475e+00
2.10297251e+00
2.29084468e+00
2.01340318e+00
2.07007241e+00
2.23703003e+00
1.80756652e+00
1.22969985e+00
1.28823400e+00
2.04279256e+00
1.80353355e+00
2.09620786e+00
3.28146768e+00
1.96233094e+00
2.26171589e+00
2.09575057e+00
2.08705735e+00
1.87039697e+00
1.31603205e+00
1.36437917e+00
1.25571990e+00
1.85246527e+00
3.09413171e+00
2.65706825e+00
1.50800729e+00
2.36698079e+00
1.88844991e+00
1.68770397e+00
1.43506718e+00
1.51145136e+00
2.06611562e+00
1.61927032e+00
1.77033937e+00
1.84386873e+00
2.37746286e+00
2.19119215e+00
1.41293287e+00
1.67209375e+00
1.93227935e+00
1.31673157e+00
1.58835268e+00
1.90698242e+00
1.19359756e+00
1.51126075e+00
1.92940080e+00
1.61930549e+00
1.77086866e+00
2.13572741e+00
1.92291892e+00
1.72836101e+00
1.21916318e+00
2.47003746e+00
2.10821366e+00
1.22911739e+00
1.60381639e+00
2.58355618e+00
1.38747752e+00
1.44629264e+00
2.68515253e+00
2.21913290e+00
1.14614487e+00
2.25676608e+00
1.99609959e+00
1.86736584e+00
1.31860840e+00
1.58631063e+00
2.48765779e+00
1.42566907e+00
2.43727970e+00
2.63301826e+00
1.75838232e+00
1.49023616e+00
2.02804184e+00
1.71942401e+00
1.52559125e+00
1.04399884e+00
1.35220087e+00
2.07659030e+00
1.76271427e+00
1.20616734e+00
1.55776286e+00
1.04814899e+00
1.06573784e+00
1.32627583e+00
2.00215077e+00
1.73161471e+00
1.09797490e+00
1.24978673e+00
1.33321452e+00
1.94191885e+00
3.04452252e+00
1.01719332e+00
1.09416986e+00
9.84098375e-01
1.32665455e+00
1.73032796e+00
1.38101614e+00
2.03420186e+00
1.78335440e+00
1.50856698e+00
1.21428967e+00
1.18756890e+00
1.16085553e+00
9.39222336e-01
1.27169800e+00
2.02677512e+00
1.45568562e+00
1.52281582e+00
2.54103494e+00
1.34321821e+00
1.43283510e+00
2.16881180e+00
1.41496563e+00
1.09292579e+00
2.06598043e+00
2.07434916e+00
8.77157032e-01
1.07635832e+00
1.00902057e+00
1.30515635e+00
1.83227289e+00
1.08338082e+00
1.54177868e+00
1.17736852e+00
7.57987797e-01
7.86466122e-01
1.33153665e+00
1.83569884e+00
1.77918267e+00
8.09196174e-01
7.67928779e-01
7.96763122e-01
6.83925927e-01
8.84323597e-01
7.17165887e-01
7.48786509e-01
7.91952729e-01
8.52923453e-01
8.69170547e-01
7.08990991e-01
8.28815341e-01
6.95759416e-01
8.07439864e-01
8.60853791e-01
1.25308514e+00
1.49340153e+00
1.40547609e+00
1.17906737e+00
8.57830644e-01
8.95238280e-01
8.05465817e-01
1.04659688e+00
9.58591878e-01
2.03173852e+00
1.21875072e+00
7.92563975e-01
1.33701479e+00
8.52357566e-01
1.08342469e+00
1.56188262e+00
9.59324181e-01
7.82023251e-01
1.12971020e+00
1.11947036e+00
8.37363243e-01
8.91242743e-01
1.13647401e+00
1.11027646e+00
9.73011255e-01
1.52983010e+00
1.34758437e+00
2.15693116e+00
1.43553603e+00
8.61905873e-01
1.38316059e+00
1.91908765e+00
2.76165271e+00
2.01329088e+00
1.59964013e+00
1.46597660e+00
1.02644598e+00
9.58413541e-01
1.04359031e+00
1.13617682e+00
1.61227989e+00
1.68791413e+00
1.26846468e+00
1.27290130e+00
1.47616875e+00
1.83195925e+00
2.27017641e+00
1.45328617e+00
9.69299614e-01
1.19993186e+00
2.15359974e+00
1.28664041e+00
1.55055428e+00
2.20199609e+00
1.48058033e+00
1.43313539e+00
2.32738805e+00
2.04344606e+00
1.20141196e+00
9.22261894e-01
1.03882921e+00
1.10240066e+00
1.23074257e+00
9.69221711e-01
1.62818003e+00
1.98585594e+00
9.76154387e-01
2.09553289e+00
1.12740719e+00
2.30179238e+00
2.11264062e+00
1.24027550e+00
1.27818489e+00
1.01008403e+00
1.72545660e+00
2.48438382e+00
1.98754740e+00
1.21311188e+00
1.09699917e+00
1.83911288e+00
3.05979180e+00
1.31014967e+00
9.63327229e-01
1.48360455e+00
1.98540843e+00
1.31963480e+00
1.79653192e+00
1.03392529e+00
9.74964559e-01
1.68856013e+00
1.54948986e+00
2.13094902e+00
1.88539040e+00
1.70534801e+00
2.17858648e+00
1.94558215e+00
1.09945428e+00
1.50574911e+00
1.37035263e+00
1.44763219e+00
1.40908086e+00
1.90160286e+00
2.49621749e+00
1.09208012e+00
2.11424994e+00
1.12911558e+00
1.41130626e+00
2.36466718e+00
1.64947486e+00
1.48742557e+00
2.77025509e+00
2.12910461e+00
1.54657030e+00
1.58210790e+00
1.84103286e+00
2.40390778e+00
1.83311045e+00
1.82425117e+00
2.59099150e+00
2.37900138e+00
1.35160589e+00
2.16011524e+00
2.36252546e+00
1.37852395e+00
1.19362712e+00
1.36300159e+00
1.26083088e+00
1.64170194e+00
2.43118310e+00
2.34923077e+00
1.77329504e+00
1.47675550e+00
1.40863574e+00
1.20579398e+00
1.73430073e+00
2.21726775e+00
2.24565482e+00
2.15655231e+00
1.80515766e+00
1.04709637e+00
1.45354986e+00
1.46783650e+00
1.50222170e+00
1.52084970e+00
1.25456405e+00
1.21093738e+00
2.22473526e+00
2.23467183e+00
1.93933761e+00
1.75214350e+00
1.66873956e+00
2.12752342e+00
2.47528243e+00
1.77619553e+00
1.64574397e+00
1.77343476e+00
1.93881118e+00
2.80734015e+00
1.51039386e+00
1.09694374e+00
9.90111351e-01
1.23719263e+00
2.33135772e+00
2.15757346e+00
1.38385975e+00
1.34380567e+00
1.43503571e+00
1.39259410e+00
1.40541601e+00
1.88730991e+00
1.99643826e+00
2.06691790e+00
1.45584631e+00
1.10225928e+00
1.55499339e+00
1.89251006e+00
1.49720228e+00
2.29935908e+00
1.56545448e+00
1.19266164e+00
1.87340188e+00
1.04532826e+00
1.80434811e+00
1.68110168e+00
1.99307823e+00
2.21816087e+00
1.34313881e+00
1.45924473e+00
1.52386332e+00
2.17365098e+00
1.08789492e+00
9.07445848e-01
1.69000375e+00
1.36831236e+00
2.13774514e+00
1.60553050e+00
1.58229423e+00
2.03012323e+00
1.74734306e+00
1.29382420e+00
2.16062427e+00
1.83787251e+00
1.36481977e+00
1.43134594e+00
1.36595178e+00
8.95389557e-01
1.56207490e+00
1.85415626e+00
1.27148247e+00
1.06120241e+00
1.49106491e+00
2.08747530e+00
1.08144295e+00
2.70733380e+00
1.57650661e+00
9.17724907e-01
2.81283689e+00
1.96521580e+00
1.48248959e+00
1.65289152e+00
1.48927236e+00
1.55315638e+00
2.09330583e+00
1.29850066e+00
1.82401466e+00
2.15761590e+00
1.31198728e+00
1.27938795e+00
2.54400539e+00
1.87065148e+00
1.55346894e+00
2.00003934e+00
2.22863936e+00
2.46785641e+00
2.77662420e+00
1.88385344e+00
1.73720241e+00
1.96646059e+00
1.63842630e+00
1.65652275e+00
2.10934234e+00
1.24666858e+00
1.57447124e+00
1.73241436e+00
1.88096642e+00
1.81710732e+00
1.73923552e+00
2.38364697e+00
1.55909944e+00
1.61902654e+00
1.64427066e+00
1.66948307e+00
2.16309547e+00
2.18946457e+00
9.10226703e-01
1.30997038e+00
1.28526390e+00
1.39654207e+00
2.29656005e+00
1.47259593e+00
2.02166891e+00
2.30241513e+00
1.82249308e+00
1.57680428e+00
1.97570121e+00
1.99979818e+00
1.31811178e+00
1.15792179e+00
1.45374072e+00
2.03215814e+00
1.73827720e+00
9.22354817e-01
1.92174649e+00
1.68873858e+00
1.93712974e+00
2.47559094e+00
1.71233225e+00
1.39521146e+00
9.16280389e-01
8.44872415e-01
1.20918393e+00
1.23088586e+00
1.00617814e+00
1.64490724e+00
1.22443378e+00
1.76255810e+00
1.86962259e+00
1.64925516e+00
1.77350342e+00
1.12929165e+00
8.12126935e-01
1.97607374e+00
1.92844844e+00
1.08928931e+00
1.41016102e+00
1.54913568e+00
1.49530280e+00
1.70387006e+00
1.61955273e+00
1.56272960e+00
1.97871721e+00
2.14455223e+00
1.87630713e+00
1.40549910e+00
1.11754382e+00
1.32081234e+00
1.80258250e+00
1.57318974e+00
1.30376852e+00
1.60700893e+00
1.14151371e+00
1.35204840e+00
2.21604991e+00
8.40027392e-01
8.36261034e-01
1.52826762e+00
2.15399504e+00
1.74612164e+00
1.09114707e+00
2.44630837e+00
1.26326621e+00
1.97425282e+00
2.08738565e+00
1.20968127e+00
1.08000457e+00
1.65677702e+00
1.56789076e+00
1.05014157e+00
9.63590026e-01
2.83562398e+00
2.03538728e+00
1.07338536e+00
8.62574816e-01
8.51128399e-01
1.88334870e+00
2.64538813e+00
1.78526914e+00
2.26274300e+00
1.49914873e+00
2.24436522e+00
2.29574990e+00
1.46539867e+00
1.06348217e+00
9.77893889e-01
2.12988925e+00
1.27640879e+00
1.36763060e+00
1.93983257e+00
1.18625116e+00
8.31180513e-01
1.71312428e+00
1.10668135e+00
8.53711486e-01
1.43869209e+00
1.75213885e+00
1.09047759e+00
1.57514179e+00
9.43318427e-01
1.03073394e+00
1.54972887e+00
1.38969505e+00
2.28481078e+00
2.32899714e+00
2.12975264e+00
1.39310229e+00
9.22660947e-01
1.02412593e+00
1.20789814e+00
1.88586152e+00
1.00785279e+00
1.20638585e+00
2.15580463e+00
1.97662151e+00
1.51102459e+00
1.40282249e+00
1.35701430e+00
7.90642560e-01
7.64637232e-01
1.78287733e+00
1.09545434e+00
6.94584906e-01
9.00357664e-01
9.42409277e-01
1.49256980e+00
2.35653567e+00
8.13359082e-01
1.55477500e+00
1.40664876e+00
1.42952502e+00
1.94044411e+00
1.65040040e+00
9.39604163e-01
3.28847647e+00
1.84438050e+00
1.45220578e+00
2.30057836e+00
1.82680905e+00
1.62043214e+00
1.55905747e+00
1.71882856e+00
1.57455122e+00
1.26407278e+00
1.20230019e+00
1.50195003e+00
1.38974559e+00
2.04400182e+00
1.39453936e+00
8.25116277e-01
1.42105258e+00
8.62343669e-01
1.71977341e+00
1.85542595e+00
9.89814341e-01
1.22526050e+00
2.56537032e+00
1.25570917e+00
2.51412177e+00
9.36949492e-01
8.80903125e-01
1.69406879e+00
1.15170574e+00
1.40094590e+00
1.06577146e+00
2.03638792e+00
1.83384907e+00
8.48668694e-01
7.68390298e-01
1.05555475e+00
1.18075049e+00
1.02665412e+00
1.16280127e+00
1.04711938e+00
8.07234943e-01
1.51169944e+00
6.66642725e-01
1.79855883e+00
1.20493758e+00
5.68546653e-01
1.62103772e+00
1.34660506e+00
9.57042813e-01
8.78799140e-01
1.04288769e+00
1.66403794e+00
2.08710599e+00
1.42841673e+00
1.18797600e+00
1.47540927e+00
1.25058436e+00
1.27469254e+00
1.59413862e+00
5.90485990e-01
6.84512854e-01
1.21538508e+00
8.25484097e-01
7.08097577e-01
1.74951005e+00
1.84761679e+00
5.74794650e-01
4.99414831e-01
6.59199178e-01
5.98356903e-01
5.08106887e-01
7.98657596e-01
1.10522521e+00
1.02680814e+00
8.50879848e-01
5.75599194e-01
6.22421324e-01
5.27244091e-01
5.49679816e-01
1.38973975e+00
1.82891750e+00
1.10003722e+00
5.27435839e-01
1.10350752e+00
9.37069893e-01
5.99575281e-01
4.53738391e-01
6.39106631e-01
7.34413624e-01
5.76596618e-01
4.71258938e-01
1.16593575e+00
5.55359244e-01
8.05249929e-01
5.86400509e-01
1.37183487e+00
1.29473293e+00
9.23399687e-01
1.19074404e+00
9.38071728e-01
3.89836997e-01
1.16290545e+00
8.99022102e-01
5.07536471e-01
1.20778275e+00
1.71525562e+00
1.20594120e+00
1.89979136e+00
9.34820652e-01
1.09377921e+00
1.24759626e+00
6.55861974e-01
4.89508599e-01
1.39100194e+00
7.76937544e-01
1.28633630e+00
1.19267011e+00
8.18636179e-01
1.10900569e+00
5.77984810e-01
6.27427876e-01
5.33387542e-01
7.87935317e-01
7.31056631e-01
7.01579154e-01
1.28236032e+00
6.97224915e-01
5.11681020e-01
8.70472491e-01
9.57658827e-01
1.48917532e+00
1.43261147e+00
6.36341631e-01
5.57328403e-01
1.29813862e+00
1.35745585e+00
1.10741532e+00
1.20909059e+00
5.55865824e-01
1.42329001e+00
1.51087248e+00
6.94340587e-01
7.25924075e-01
7.43104994e-01
8.22636724e-01
7.10727632e-01
1.20687103e+00
1.64983296e+00
7.92596996e-01
8.87035072e-01
1.94986093e+00
2.79240131e+00
1.89140975e+00
1.39939177e+00
2.27548981e+00
1.14614105e+00
8.46010804e-01
2.02309823e+00
1.71725953e+00
8.43495727e-01
1.16059411e+00
9.53061223e-01
7.23935306e-01
1.28308475e+00
1.68002343e+00
1.10685742e+00
6.87960625e-01
1.77849877e+00
1.21126235e+00
1.03392279e+00
1.21900165e+00
1.41875637e+00
1.63571787e+00
1.32864380e+00
8.80656123e-01
1.19696379e+00
1.49110234e+00
1.24104488e+00
8.57290506e-01
9.68732953e-01
1.96742988e+00
1.25021160e+00
1.08471620e+00
1.44576979e+00
1.12867343e+00
1.14639652e+00
1.41171598e+00
9.60865200e-01
8.79557669e-01
1.11858094e+00
1.01487994e+00
1.09086657e+00
1.78732657e+00
1.39199114e+00
1.15879500e+00
1.22631359e+00
9.55645800e-01
8.92717659e-01
1.39054835e+00
1.43537807e+00
9.99484301e-01
1.17353606e+00
1.76519477e+00
8.81483197e-01
1.10840440e+00
9.03834105e-01
1.04698908e+00
1.15808928e+00
9.56870317e-01
2.18684793e+00
1.33744371e+00
9.47118104e-01
1.18307137e+00
9.22593236e-01
6.35847747e-01
1.64787483e+00
2.14699745e+00
1.12896860e+00
8.21232975e-01
1.57762277e+00
1.85193217e+00
6.79687023e-01
1.16084707e+00
1.33469737e+00
1.70285130e+00
1.58928716e+00
9.55284178e-01
2.21145344e+00
2.06214285e+00
1.14991546e+00
7.03846216e-01
8.93641412e-01
1.22862077e+00
1.46502841e+00
2.00900769e+00
1.65291953e+00
6.02569342e-01
6.50477767e-01
1.76591420e+00
1.04955339e+00
8.96335900e-01
2.04533768e+00
1.80570364e+00
1.09410048e+00
1.77753842e+00
2.03515053e+00
1.38887978e+00
1.28021061e+00
1.78444397e+00
1.93142223e+00
1.67455709e+00
2.21502376e+00
1.92763138e+00
2.05710888e+00
1.85429275e+00
1.25610077e+00
9.50138032e-01
1.24941504e+00
5.76504767e-01
1.51671362e+00
1.58702064e+00
1.38958120e+00
2.61918139e+00
1.38087082e+00
1.39699924e+00
1.62585247e+00
1.33975077e+00
1.04467237e+00
1.35995483e+00
2.07465744e+00
1.41073227e+00
1.17704117e+00
1.15149307e+00
1.45999289e+00
1.82058072e+00
1.03479624e+00
1.00946999e+00
1.01758981e+00
1.26507616e+00
1.51684892e+00
1.43005979e+00
1.73781872e+00
1.14558721e+00
2.01221108e+00
1.25221682e+00
5.41890204e-01
1.12933505e+00
7.14970708e-01
8.48437309e-01
8.46385360e-01
1.04438436e+00
1.44226432e+00
1.32735312e+00
9.23429549e-01
1.94091916e+00
6.82233870e-01
9.42934334e-01
1.85650051e+00
9.53773201e-01
1.86549211e+00
1.42202628e+00
1.38001156e+00
1.31272352e+00
1.13720298e+00
1.49539268e+00
1.68363869e+00
1.23646200e+00
1.34154189e+00
1.46131754e+00
1.49060786e+00
1.71927166e+00
1.61115324e+00
9.20652986e-01
9.94239748e-01
1.74008548e+00
1.66856790e+00
8.91063869e-01
1.94736719e+00
1.78028893e+00
1.88450265e+00
1.84110677e+00
1.54006553e+00
1.47418535e+00
1.53041220e+00
1.15650916e+00
1.32336557e+00
1.32663167e+00
1.04556203e+00
1.12953985e+00
1.84913385e+00
2.12850213e+00
1.49111009e+00
1.23818731e+00
1.74804235e+00
1.78889072e+00
5.94242573e-01
1.72901022e+00
1.35775483e+00
1.18948174e+00
1.48264933e+00
1.08728516e+00
1.00766420e+00
1.03267610e+00
1.06454790e+00
1.53658032e+00
1.70087016e+00
1.18904912e+00
1.19188535e+00
1.60888207e+00
9.52963531e-01
1.16884947e+00
1.77379215e+00
1.40856516e+00
1.73274386e+00
1.99651229e+00
1.30068707e+00
1.35449100e+00
1.56649387e+00
1.07502580e+00
1.51899004e+00
1.04250276e+00
1.89280772e+00
1.93051136e+00
1.11445749e+00
9.58077848e-01
1.08847058e+00
2.16959143e+00
1.41654754e+00
1.45671117e+00
1.48925698e+00
5.71118057e-01
1.41230714e+00
1.05285323e+00
1.42166317e+00
1.35046911e+00
1.23072243e+00
1.69131029e+00
8.60991359e-01
1.32443595e+00
1.64964497e+00
1.10312057e+00
1.29605174e+00
2.53504205e+00
1.50774527e+00
1.64434099e+00
2.13490057e+00
1.59119260e+00
9.26699221e-01
1.02086103e+00
8.76993477e-01
1.93334162e+00
1.26769710e+00
1.46529961e+00
2.00886226e+00
1.27267814e+00
1.86311257e+00
1.15988827e+00
2.07060838e+00
2.07622981e+00
1.45795083e+00
1.76382947e+00
1.12739265e+00
1.63249326e+00
1.90654051e+00
1.37877905e+00
8.54087949e-01
1.20092833e+00
2.31072164e+00
1.97647202e+00
9.79592204e-01
1.12193716e+00
1.71115065e+00
1.34706378e+00
1.44878709e+00
1.20939922e+00
1.18289673e+00
1.24722707e+00
1.41512620e+00
1.43551600e+00
9.07125473e-01
1.31947136e+00
1.26792812e+00
1.80083740e+00
1.87900853e+00
1.15572226e+00
2.49216032e+00
1.29322445e+00
1.88219595e+00
2.58072138e+00
1.63180089e+00
6.72673583e-01
1.90332723e+00
1.65009034e+00
1.82712281e+00
1.39938939e+00
7.77152658e-01
1.08773720e+00
1.18086493e+00
1.24671447e+00
8.30342531e-01
7.26006389e-01
9.17412758e-01
9.05660391e-01
1.07799327e+00
9.63580728e-01
1.05680764e+00
1.20544684e+00
1.34302747e+00
1.25774169e+00
6.21110499e-01
1.15676475e+00
7.93357790e-01
1.11786568e+00
1.44012237e+00
5.49588323e-01
9.36062455e-01
7.86403894e-01
9.87230539e-01
1.59049714e+00
1.80660737e+00
1.41811979e+00
1.30923343e+00
1.45802939e+00
1.21302509e+00
1.23238802e+00
1.36278367e+00
1.21769214e+00
1.37356830e+00
1.44105816e+00
1.24866903e+00
1.21139705e+00
1.23956084e+00
1.19013071e+00
1.32796824e+00
1.52113914e+00
1.18619943e+00
6.47986591e-01
8.56316924e-01
1.57263005e+00
6.77623928e-01
1.36968362e+00
1.27890277e+00
1.09211397e+00
1.67270744e+00
2.12430573e+00
1.32736909e+00
1.73512709e+00
1.53345466e+00
1.30163300e+00
1.26470363e+00
1.22330189e+00
1.58743405e+00
1.55692291e+00
1.10658050e+00
7.13978887e-01
7.93558717e-01
1.57728469e+00
1.84555268e+00
1.63836873e+00
1.39712083e+00
1.18995285e+00
1.24694884e+00
1.22406459e+00
5.17154694e-01
1.43860245e+00
1.70574176e+00
1.22858417e+00
9.13279772e-01
1.16631806e+00
1.44096625e+00
6.04358077e-01
1.06480253e+00
1.08805442e+00
1.03628087e+00
1.97718942e+00
1.13674998e+00
1.43694639e+00
1.58981311e+00
1.31964362e+00
1.09491670e+00
9.34710503e-01
5.32953680e-01
9.82662022e-01
1.24903357e+00
1.21780872e+00
1.38442898e+00
1.80089307e+00
1.64778972e+00
7.40042686e-01
1.57285166e+00
1.60657513e+00
8.07932317e-01
1.24836206e+00
2.19037557e+00
1.28727770e+00
1.01157653e+00
1.45748627e+00
1.80389714e+00
1.52833450e+00
1.23239696e+00
1.29294491e+00
2.18113160e+00
1.40084517e+00
7.70059645e-01
2.12576008e+00
1.56166148e+00
8.13134193e-01
6.72781289e-01
1.00822473e+00
1.50208712e+00
1.54129028e+00
1.52752221e+00
8.08881640e-01
1.20660520e+00
1.39014673e+00
1.21333778e+00
1.55279672e+00
1.42436600e+00
1.18270040e+00
8.03971767e-01
8.80347133e-01
1.25568533e+00
1.42045045e+00
1.44670129e+00
1.82972538e+00
2.00510311e+00
1.60315382e+00
9.18317497e-01
7.78927207e-01
1.63279688e+00
2.08591938e+00
1.92636752e+00
1.13912821e+00
9.17435765e-01
1.73651910e+00
1.26370847e+00
5.65468967e-01
6.01390123e-01
1.54564106e+00
1.84166873e+00
6.18648529e-01
1.07273841e+00
1.63720858e+00
7.45445669e-01
5.59957087e-01
1.25709200e+00
1.34579587e+00
8.59904230e-01
2.12048912e+00
1.50526571e+00
7.02313542e-01
5.87669373e-01
5.99793434e-01
1.12214899e+00
1.93568301e+00
1.72543967e+00
1.23974359e+00
1.32913995e+00
1.60573387e+00
9.12681401e-01
1.24556386e+00
1.87983012e+00
1.83796692e+00
1.24739099e+00
8.53420794e-01
9.07520890e-01
1.12300086e+00
2.38595271e+00
2.11845136e+00
6.82988942e-01
4.40144151e-01
8.49436164e-01
1.64233136e+00
1.39602411e+00
8.75869155e-01
9.17774320e-01
1.44592452e+00
1.43262279e+00
1.60396028e+00
4.10590410e-01
7.26986885e-01
2.07766747e+00
1.50124168e+00
1.36991477e+00
5.67721844e-01
8.59711826e-01
1.81338167e+00
1.86359358e+00
9.42535043e-01
9.10183847e-01
6.07916236e-01
1.37085688e+00
1.25197852e+00
9.18655217e-01
1.64682162e+00
8.13172460e-01
7.43681133e-01
1.47735858e+00
1.53972042e+00
1.18243170e+00
1.56499302e+00
1.69136357e+00
1.81448901e+00
1.46355057e+00
9.11322653e-01
9.46995199e-01
1.58569551e+00
1.43229079e+00
1.14019918e+00
1.35711503e+00
1.48054910e+00
9.49936926e-01
4.58155423e-01
8.05874705e-01
5.93084753e-01
5.33075035e-01
1.00470352e+00
1.07147288e+00
5.71372926e-01
2.19871044e+00
1.37705803e+00
1.20820081e+00
1.12035060e+00
8.35774183e-01
1.08816683e+00
1.78910065e+00
1.54304707e+00
1.59451210e+00
1.42194724e+00
9.49401498e-01
9.34237897e-01
1.49345446e+00
8.79064143e-01
1.71824455e+00
1.20791805e+00
3.99775505e-01
1.20256877e+00
9.92025197e-01
2.00826263e+00
1.26805151e+00
1.25307918e+00
1.34059918e+00
5.04140615e-01
7.40874648e-01
1.33232260e+00
7.56101072e-01
7.47995257e-01
1.19087648e+00
1.15179622e+00
1.57802653e+00
1.76067424e+00
2.21725821e+00
1.80671203e+00
2.87461591e+00
2.42438793e+00
1.72207677e+00
1.10646570e+00
1.09420371e+00
1.56859124e+00
1.28840280e+00
1.27631605e+00
9.35706675e-01
1.30284989e+00
1.09196997e+00
8.97990525e-01
1.21724558e+00
1.62461400e+00
1.39278793e+00
1.13253462e+00
1.08363092e+00
9.56319153e-01
8.07706773e-01
9.87474620e-01
1.25549996e+00
8.55459452e-01
1.09058595e+00
1.37136984e+00
1.58474040e+00
1.76989651e+00
9.92761016e-01
1.04434812e+00
1.24183047e+00
1.02472281e+00
9.00166094e-01
1.04877222e+00
6.61035895e-01
1.32816935e+00
1.60804451e+00
1.52867043e+00
1.51724124e+00
1.23533177e+00
6.01919770e-01
2.14001489e+00
1.32379007e+00
8.77500236e-01
1.72954369e+00
1.76450300e+00
1.09621954e+00
1.18289411e+00
1.02880001e+00
1.59726810e+00
1.84803343e+00
8.10067415e-01
1.63666642e+00
1.53371263e+00
1.29158568e+00
1.47761536e+00
1.33725107e+00
9.07138228e-01
1.83080280e+00
1.39210737e+00
1.58966398e+00
1.23253977e+00
5.82474470e-01
7.74048746e-01
9.21167612e-01
2.02259016e+00
1.54533017e+00
9.11478758e-01
8.39341104e-01
8.72084320e-01
1.41766930e+00
1.49374413e+00
1.99786389e+00
1.57696128e+00
1.00274873e+00
1.58657777e+00
1.21304226e+00
7.30777323e-01
1.45266509e+00
1.17996156e+00
4.47958261e-01
6.85734332e-01
8.82402897e-01
9.56048667e-01
1.39632964e+00
1.54549861e+00
1.19621825e+00
1.02941287e+00
1.30107355e+00
1.01413393e+00
1.44962668e+00
1.44895077e+00
1.26228356e+00
1.50132322e+00
5.31070054e-01
8.69397700e-01
1.12392604e+00
1.38658023e+00
1.58706605e+00
1.32649887e+00
1.14772117e+00
1.38178909e+00
3.81657720e-01
6.03804708e-01
2.12200522e+00
1.67225277e+00
1.08484316e+00
9.93432641e-01
7.73884952e-01
9.78200018e-01
1.28066087e+00
1.17935717e+00
1.97436464e+00
1.07463062e+00
5.10687709e-01
1.28516734e+00
1.62164581e+00
3.71965170e-01
1.16779590e+00
9.46217239e-01
8.17303956e-01
9.88754094e-01
1.03878963e+00
1.00309789e+00
1.55500686e+00
1.34245729e+00
7.32365966e-01
5.83110571e-01
7.23875582e-01
6.48908377e-01
8.33762228e-01
1.35934663e+00
9.08254564e-01
4.82033998e-01
4.30009246e-01
7.17800438e-01
1.70249069e+00
1.18612695e+00
1.13370574e+00
1.63807762e+00
1.65933919e+00
1.21286678e+00
1.92609310e+00
1.43981171e+00
1.40157628e+00
1.02949882e+00
9.25111353e-01
1.74744642e+00
8.97363365e-01
1.58141065e+00
1.46560597e+00
8.50788713e-01
6.61915898e-01
1.02364075e+00
1.45020700e+00
1.50549304e+00
1.26776111e+00
1.02415657e+00
1.11214876e+00
1.31348526e+00
8.41544509e-01
9.31569278e-01
4.67918038e-01
8.25325370e-01
1.89593863e+00
1.27704597e+00
6.67156637e-01
7.10253596e-01
4.81932998e-01
5.87511361e-01
1.12098932e+00
6.91244423e-01
1.01069343e+00
3.73125315e-01
8.18972528e-01
1.36013448e+00
1.14059293e+00
1.01107156e+00
1.23936486e+00
1.20068598e+00
1.55041111e+00
1.33874130e+00
9.50789392e-01
1.22804093e+00
1.00173783e+00
1.60395563e+00
4.07492995e-01
4.06225890e-01
1.11326301e+00
1.32680702e+00
3.90151739e-01
1.17180598e+00
4.16087300e-01
5.94436109e-01
1.35368311e+00
3.33404988e-01
1.30311215e+00
5.94120562e-01
8.68201733e-01
1.08136892e+00
8.94310176e-01
9.97509181e-01
3.39546233e-01
1.79680991e+00
1.43959212e+00
4.09155726e-01
4.97406989e-01
1.04499483e+00
5.87656677e-01
7.87646711e-01
9.49977458e-01
1.24152648e+00
1.39468157e+00
5.64360380e-01
1.27039909e+00
5.18168509e-01
4.32561964e-01
6.87010467e-01
7.24642932e-01
7.99984694e-01
1.11346972e+00
1.26405632e+00
1.40823829e+00
1.51179433e+00
1.43641758e+00
1.37281334e+00
2.01047015e+00
1.71305573e+00
1.13841259e+00
9.14791584e-01
1.12115490e+00
1.45161593e+00
1.09099209e+00
4.67616171e-01
7.87199318e-01
9.10152256e-01
7.92168438e-01
1.10620654e+00
5.08025527e-01
1.17227685e+00
4.86529261e-01
1.33607566e+00
1.21810877e+00
1.04218578e+00
8.59197617e-01
9.99746263e-01
4.50658798e-01
1.39465427e+00
2.63287210e+00
1.36151767e+00
1.75347912e+00
8.54641080e-01
1.33101165e+00
1.11413503e+00
6.35516286e-01
1.72683537e+00
1.41365206e+00
1.10889900e+00
1.20217633e+00
1.29272938e+00
1.45613456e+00
1.49643230e+00
3.53108287e-01
7.57040143e-01
1.33580792e+00
1.35044503e+00
1.61614716e+00
1.97233307e+00
7.70328820e-01
3.74708056e-01
7.59911656e-01
8.96375775e-01
1.13759744e+00
2.12544203e+00
1.19290328e+00
1.04698229e+00
9.58042741e-01
9.25296545e-01
8.80363822e-01
8.98701370e-01
1.37139654e+00
9.03550982e-01
1.57691705e+00
1.34064472e+00
5.64736843e-01
1.49427843e+00
2.58077621e+00
8.48247051e-01
4.13231045e-01
8.49411428e-01
1.15997052e+00
1.21629202e+00
1.34088588e+00
9.31704104e-01
1.72399533e+00
1.93827152e+00
1.04650521e+00
5.18146217e-01
5.24242222e-01
9.12284315e-01
1.58211172e+00
1.13655090e+00
4.42584336e-01
8.10025036e-01
1.22921145e+00
1.42472982e+00
1.68904471e+00
1.41836286e+00
7.29732811e-01
6.76031768e-01
1.38544726e+00
4.51424479e-01
1.12408447e+00
9.53337252e-01
4.71554846e-01
2.02037787e+00
1.74342752e+00
1.10780621e+00
1.52092814e+00
8.95369649e-01
4.00626957e-01
1.39868903e+00
3.81535888e-01
2.24459147e+00
1.34534883e+00
1.51125133e+00
2.20359635e+00
1.35283959e+00
1.20237672e+00
1.06351388e+00
1.60055435e+00
6.42616272e-01
4.44388002e-01
1.15944850e+00
8.85008216e-01
7.97936857e-01
1.77546930e+00
1.37295640e+00
4.14476067e-01
9.34789956e-01
6.01435244e-01
1.26013303e+00
1.36162543e+00
7.96081007e-01
4.71144617e-01
7.36398518e-01
1.49031782e+00
4.42219496e-01
4.92125183e-01
1.06145847e+00
1.20517957e+00
9.40728366e-01
6.07816637e-01
1.57880831e+00
5.74378192e-01
4.75031465e-01
8.46937537e-01
1.28383410e+00
1.15427113e+00
5.49177051e-01
1.16674256e+00
9.07229364e-01
3.20657700e-01
8.61233652e-01
4.26366627e-01
1.75845063e+00
8.86377335e-01
5.65324426e-01
1.26633275e+00
5.01681745e-01
5.03651261e-01
1.37698233e+00
1.86089206e+00
1.48663390e+00
5.89596033e-01
3.11315030e-01
1.39658773e+00
5.39723098e-01
1.32192373e+00
2.21800876e+00
1.61133194e+00
6.43574297e-01
7.93991745e-01
4.80326533e-01
7.77019083e-01
1.63110530e+00
1.44247103e+00
3.92100245e-01
1.65294349e+00
1.53196347e+00
1.28765345e+00
4.83920991e-01
3.85245025e-01
2.08352733e+00
1.48566055e+00
9.24786747e-01
4.49060500e-01
4.60656583e-01
1.26943982e+00
1.96743143e+00
6.75160825e-01
8.84126365e-01
6.84317231e-01
1.18177593e+00
1.61002004e+00
3.36430728e-01
6.26623631e-01
1.21673775e+00
1.22095001e+00
1.09335279e+00
1.33235943e+00
1.73593795e+00
1.33549881e+00
6.63054287e-01
1.41943181e+00
1.68364859e+00
8.15261006e-01
4.94401991e-01
9.62279320e-01
1.60071385e+00
1.39337683e+00
7.59704232e-01
6.47488415e-01
1.23931742e+00
1.18388188e+00
9.61244404e-01
5.69152713e-01
7.71603227e-01
1.02462518e+00
7.44394839e-01
1.71236563e+00
1.56370640e+00
3.14428031e-01
0.00000000e+00
4.90670860e-01
4.27652895e-01
7.77994335e-01
5.52224159e-01
1.02612340e+00
1.37270749e+00
1.08509183e+00
7.24585176e-01
2.71645606e-01
3.45515281e-01
5.79986095e-01
5.84753215e-01
7.30069458e-01
1.07590544e+00
3.77756387e-01
4.98101056e-01
1.10339463e+00
8.58306766e-01
3.00122678e-01
3.92383784e-01
1.24701393e+00
9.67326880e-01
4.74623173e-01
9.32080269e-01
1.46982408e+00
6.40186489e-01
7.39390433e-01
1.36839533e+00
1.14903021e+00
5.19563258e-01
9.39810991e-01
2.10830569e+00
5.72291672e-01
7.16709375e-01
7.29444206e-01
3.91290635e-01
5.66253662e-01
6.88336790e-01
1.43827033e+00
1.71981406e+00
1.34129763e+00
5.36391079e-01
3.64975780e-01
4.64179009e-01
1.77426016e+00
4.42861557e-01
2.52432585e-01
8.64733756e-01
1.07668698e+00
7.02635705e-01
7.91167736e-01
5.71401358e-01
3.93822432e-01
7.61681318e-01
1.40506136e+00
1.41566288e+00
1.53449667e+00
8.28522444e-01
5.37478566e-01
3.48048002e-01
4.47307527e-01
9.32080925e-01
1.09557891e+00
3.20456147e-01
3.77719820e-01
1.03927290e+00
1.06866217e+00
1.03508031e+00
1.65773189e+00
3.43593240e-01
4.86143291e-01
1.23728311e+00
8.88223350e-01
5.03358662e-01
3.10384840e-01
7.88840890e-01
7.90794790e-01
4.27873641e-01
4.31719244e-01
7.64541626e-01
3.58964115e-01
1.49607170e+00
1.47571254e+00
8.67221355e-01
9.90909517e-01
1.36671114e+00
7.44540870e-01
1.65395570e+00
8.29249263e-01
5.18408418e-01
3.59908342e-01
1.26535368e+00
3.44903946e-01
8.32018793e-01
1.43627596e+00
5.79648495e-01
7.68999398e-01
1.22366142e+00
9.98336256e-01
7.07645059e-01
7.71399140e-01
3.15121114e-01
1.19395339e+00
1.11548162e+00
1.65265715e+00
3.17414641e-01
3.91791254e-01
7.89454639e-01
8.06413233e-01
1.44465196e+00
1.01700985e+00
9.92495179e-01
1.07089174e+00
9.83368099e-01
7.17782080e-01
6.78163469e-01
1.19526088e+00
3.56122673e-01
9.34943140e-01
9.46172178e-01
3.92502546e-01
1.10824180e+00
8.32350314e-01
1.40716565e+00
9.96725440e-01
6.32080734e-01
7.99748838e-01
7.00374663e-01
6.92196310e-01
9.15430844e-01
4.39725280e-01
3.49367380e-01
5.80005407e-01
1.04527974e+00
1.66710007e+00
5.17330706e-01
5.65628052e-01
7.37139821e-01
5.23416519e-01
9.10547316e-01
4.96716529e-01
4.83153701e-01
7.42968321e-01
5.19837439e-01
4.97839063e-01
1.95687306e+00
5.29574931e-01
9.35718298e-01
5.97253621e-01
6.69993937e-01
8.67688119e-01
3.76008719e-01
1.18660522e+00
6.42782867e-01
8.70453238e-01
9.99919176e-01
6.60283804e-01
8.72106373e-01
7.43610024e-01
4.89725530e-01
6.17142677e-01
9.02187586e-01
5.81850350e-01
4.98082072e-01
9.18005168e-01
7.04092920e-01
6.50872588e-01
5.76546669e-01
5.48214316e-01
1.01595151e+00
5.01995623e-01
8.41018319e-01
1.28147840e+00
1.32250297e+00
1.09413230e+00
9.69217777e-01
9.70585287e-01
6.81778967e-01
4.95865673e-01
3.46832871e-01
6.09450281e-01
1.39738727e+00
8.26250851e-01
9.10132051e-01
4.06557471e-01
6.48047626e-01
1.03696287e+00
3.45393717e-01
1.51223409e+00
5.83321393e-01
4.03884798e-01
6.83829367e-01
1.04512179e+00
1.29186010e+00
1.15963471e+00
9.60590720e-01
1.52330935e+00
1.60165799e+00
9.09875274e-01
6.13892496e-01
6.89173281e-01
5.43119073e-01
1.03654778e+00
1.09048748e+00
4.55009967e-01
3.64866644e-01
8.69925857e-01
5.82469940e-01
4.00295496e-01
7.04369903e-01
6.89771831e-01
3.30824226e-01
1.98487687e+00
9.80681777e-01
5.41948676e-01
6.95356488e-01
7.61473536e-01
1.01638770e+00
9.07264709e-01
8.57398093e-01
3.32466930e-01
2.61100352e-01
3.69559169e-01
2.99203455e-01
9.97776210e-01
4.39154983e-01
2.68001407e-01
2.92369217e-01
4.26207334e-01
9.02101994e-01
9.08667564e-01
3.53234857e-01
1.00643837e+00
4.86855626e-01
9.67687309e-01
2.48435304e-01
4.24288630e-01
1.79151297e+00
1.33230495e+00
6.66193783e-01
8.75253677e-01
8.32301259e-01
3.54750872e-01
5.61753333e-01
7.62021601e-01
2.68534482e-01
3.43776584e-01
3.54815900e-01
2.63733625e-01
8.70375514e-01
9.70007956e-01
3.82073700e-01
2.69040734e-01
9.68614340e-01
8.78303111e-01
1.75597572e+00
1.08201885e+00
6.27011418e-01
8.68042648e-01
4.28698152e-01
5.32482028e-01
3.07747900e-01
6.92640901e-01
9.98068333e-01
7.80949295e-01
1.02501810e+00
1.05305791e+00
8.00100207e-01
2.65932143e-01
5.50734460e-01
2.35652938e-01
9.30324972e-01
1.02279294e+00
5.87258339e-01
6.46366537e-01
1.55330825e+00
1.20643961e+00
7.84540713e-01
1.08214056e+00
3.76071602e-01
7.36151874e-01
7.51093090e-01
2.79857367e-01
5.67614853e-01
3.56573194e-01
7.73712814e-01
8.79697025e-01
6.25897169e-01
7.68364966e-01
8.77743483e-01
9.54092562e-01
4.33517009e-01
9.90661263e-01
1.11421728e+00
2.59141952e-01
2.75735348e-01
8.43218029e-01
2.75877833e-01
4.21835393e-01
2.86495239e-01
7.62005389e-01
6.03954494e-01
6.70646548e-01
5.52809477e-01
1.05025482e+00
8.76242936e-01
8.26537013e-01
1.00401413e+00
1.32178414e+00
4.76598650e-01
2.81076968e-01
5.56478024e-01
6.54913068e-01
4.67060000e-01
4.05214638e-01
2.70517528e-01
1.02708972e+00
1.24888265e+00
5.91984272e-01
1.32146049e+00
8.35655868e-01
6.67238772e-01
6.97123289e-01
1.17242444e+00
1.22220981e+00
3.06641430e-01
5.62058270e-01
3.96449417e-01
5.59335470e-01
1.40691233e+00
1.80052626e+00
9.59403992e-01
8.61209214e-01
4.84012723e-01
8.04835618e-01
7.00414240e-01
3.21732461e-01
8.77303302e-01
1.00396311e+00
4.17926550e-01
6.04035079e-01
7.66074181e-01
4.81133550e-01
6.78174973e-01
1.29789102e+00
9.53049898e-01
8.07148933e-01
9.96209502e-01
9.66818869e-01
4.55975175e-01
2.27651894e-01
4.75298196e-01
9.89428103e-01
1.02799642e+00
8.64755630e-01
9.92555618e-01
5.54846644e-01
6.32938206e-01
7.14426517e-01
1.06237626e+00
1.04380095e+00
4.03366029e-01
1.72310042e+00
7.65046537e-01
1.17931366e+00
9.42692161e-01
2.52577305e-01
1.27513516e+00
5.37796915e-01
8.02948833e-01
8.83283556e-01
5.45139313e-01
2.17266515e-01
3.18216830e-01
4.70894963e-01
7.57051528e-01
8.30808043e-01
8.42685044e-01
8.18766892e-01
6.23356402e-01
2.39956304e-01
3.29651058e-01
8.99146199e-01
5.94083309e-01
2.57455707e-01
8.01479340e-01
7.01217890e-01
9.88888383e-01
3.16240340e-01
2.22270340e-01
7.42989659e-01
4.58720177e-01
5.62840223e-01
6.20006680e-01
6.71099782e-01
6.19131029e-01
5.10680079e-01
6.11425281e-01
1.36346173e+00
7.49224544e-01
8.19448411e-01
7.52961457e-01
3.72617453e-01
6.09389544e-01
1.04867268e+00
2.14639872e-01
2.64287204e-01
7.51663923e-01
1.28715146e+00
7.81876087e-01
4.18821305e-01
8.01602423e-01
8.18795145e-01
8.29739332e-01
1.01078212e+00
1.00775182e+00
1.58947289e+00
5.95503509e-01
2.11915255e+00
1.17693639e+00
7.39966035e-01
7.91198313e-01
4.60840851e-01
3.70788902e-01
7.25906491e-01
5.26791811e-01
3.14927578e-01
1.18922770e+00
3.92009825e-01
2.08381921e-01
6.75721049e-01
9.30513024e-01
5.07483840e-01
5.01230776e-01
8.41021955e-01
7.97149777e-01
8.29850376e-01
7.97094226e-01
8.16372156e-01
9.18789983e-01
2.33297601e-01
2.74131060e-01
8.33216071e-01
1.47628188e+00
1.05032063e+00
4.78265911e-01
4.70454484e-01
5.12580812e-01
3.03618342e-01
6.49594903e-01
7.72835314e-01
1.21006572e+00
1.04152870e+00
2.48845249e-01
4.79573190e-01
1.25837469e+00
7.99707294e-01
7.65576065e-01
7.33200610e-01
8.35405588e-01
4.96627390e-01
4.36790258e-01
6.57086432e-01
4.82839912e-01
7.90574789e-01
1.06106603e+00
5.39158404e-01
6.35301709e-01
9.92702186e-01
2.71564960e-01
7.41888344e-01
7.97015667e-01
4.63177711e-01
7.66514063e-01
1.08713114e+00
2.50551552e-01
4.72868145e-01
1.30975652e+00
4.39879924e-01
3.67177814e-01
1.05282128e+00
4.20108318e-01
1.18825316e+00
1.26045871e+00
7.68288374e-01
4.52906340e-01
5.91186106e-01
9.61959481e-01
7.35551000e-01
2.79605776e-01
9.68980193e-01
1.09939384e+00
3.17043930e-01
3.73796135e-01
3.72581333e-01
5.49052298e-01
1.21744013e+00
1.03896606e+00
4.54600543e-01
1.00110543e+00
1.11045563e+00
5.43396056e-01
5.88654518e-01
5.49628437e-01
6.75634146e-01
1.44612730e+00
2.49377206e-01
5.38313150e-01
3.52351695e-01
2.23514915e-01
8.43174398e-01
9.19838011e-01
4.11426365e-01
8.61533403e-01
1.14021480e+00
4.18447137e-01
2.19838634e-01
1.18880188e+00
8.60367715e-01
4.97927725e-01
3.09711069e-01
6.86800480e-01
8.09030592e-01
3.18748593e-01
9.51721072e-01
7.64356256e-01
6.19338214e-01
7.40964353e-01
5.73342323e-01
2.07136601e-01
3.56297970e-01
3.46639872e-01
6.39700353e-01
5.07839322e-01
3.91489327e-01
1.11206174e+00
2.96441525e-01
3.16504002e-01
5.57794333e-01
3.49427760e-01
4.12829012e-01
1.06591415e+00
4.55458462e-01
2.28828296e-01
8.48556519e-01
8.04553986e-01
2.27481052e-01
5.94694376e-01
5.77347338e-01
7.58332908e-01
6.58746302e-01
6.82422996e-01
7.46641457e-01
2.77326524e-01
2.36225352e-01
6.20423913e-01
6.89510107e-01
4.96616989e-01
5.80386519e-01
1.00629449e+00
2.87219435e-01
5.87752998e-01
3.27185065e-01
2.17681453e-01
3.94860476e-01
5.17994821e-01
2.58590966e-01
5.07340610e-01
3.67029250e-01
4.06243205e-01
8.12741876e-01
5.59196174e-01
2.60776073e-01
8.05587769e-01
1.28363252e+00
9.75479305e-01
5.73943615e-01
5.34323394e-01
6.03318036e-01
6.81468427e-01
8.74653757e-01
7.02427030e-01
4.84903961e-01
8.66974115e-01
7.02317476e-01
5.17985702e-01
3.75416785e-01
2.58384019e-01
3.45095456e-01
5.12695730e-01
2.81637341e-01
2.30045184e-01
4.98559147e-01
6.14854813e-01
4.28935617e-01
3.44207734e-01
3.54007304e-01
2.37982482e-01
3.04377109e-01
5.67548633e-01
4.83647674e-01
2.58333534e-01
2.52700746e-01
3.25302213e-01
7.52489865e-01
9.16504800e-01
5.74897826e-01
3.69072616e-01
5.90636253e-01
9.29724753e-01
8.09725881e-01
8.13368022e-01
1.00455582e+00
6.60554647e-01
2.22487047e-01
5.09751976e-01
4.51234818e-01
2.26698175e-01
2.44084969e-01
6.15187168e-01
8.66658390e-01
8.93589675e-01
4.46070999e-01
4.94076252e-01
1.07646871e+00
1.02314401e+00
7.06639528e-01
6.47583902e-01
7.98278213e-01
7.63757229e-01
5.01274467e-01
4.65208620e-01
8.72316241e-01
3.89983863e-01
6.09653831e-01
7.29502559e-01
3.76612365e-01
3.95060122e-01
2.70267546e-01
5.84000111e-01
8.45787227e-01
6.44779205e-01
6.88409686e-01
8.70151043e-01
5.23305237e-01
6.39359117e-01
4.17473525e-01
2.92254448e-01
4.45841551e-01
4.24110353e-01
5.27203202e-01
6.57275856e-01
3.42570335e-01
3.34235609e-01
1.97608054e-01
6.87798440e-01
3.46372455e-01
3.19813281e-01
2.46130779e-01
3.14689666e-01
5.94108284e-01
4.63715702e-01
3.95307332e-01
1.01276553e+00
8.21445405e-01
8.04257154e-01
1.02570605e+00
4.76973325e-01
1.36332166e+00
4.39742565e-01
1.88755617e-01
7.26109982e-01
9.46583092e-01
2.08210558e-01
4.01315570e-01
4.93233562e-01
3.19016159e-01
3.38349789e-01
5.51551878e-01
5.70607483e-01
7.77569711e-01
6.46077394e-01
2.43357748e-01
2.83016294e-01
3.07147473e-01
9.60377574e-01
1.26288521e+00
3.89851421e-01
3.82096767e-01
7.63734996e-01
6.50815070e-01
6.01220191e-01
1.45852375e+00
2.31092840e-01
2.28632331e-01
4.36423928e-01
3.27773750e-01
8.34741533e-01
3.28900129e-01
2.33120412e-01
4.11487281e-01
6.92933202e-01
5.77949345e-01
3.51655722e-01
3.09496492e-01
3.14761162e-01
8.00822556e-01
7.56015182e-01
2.05746129e-01
5.25461137e-01
4.49283987e-01
6.08472347e-01
8.23323548e-01
5.16970813e-01
3.08920205e-01
9.06701088e-01
4.67122048e-01
3.95386726e-01
2.59028882e-01
3.43514174e-01
8.36392581e-01
1.02118814e+00
4.96295810e-01
8.97209048e-01
8.25757980e-01
3.41463029e-01
3.26935410e-01
7.97568500e-01
2.81628340e-01
5.43459833e-01
8.90603304e-01
7.63890326e-01
4.48063523e-01
2.25074023e-01
4.28632021e-01
7.87800312e-01
1.17241991e+00
7.23417938e-01
4.03779984e-01
4.86557066e-01
2.80378312e-01
4.15074915e-01
5.12738883e-01
7.04736531e-01
1.05117977e+00
6.12512350e-01
1.11013317e+00
4.09539282e-01
7.59731650e-01
5.00395298e-01
3.27749878e-01
1.39019132e+00
4.80723202e-01
3.87780368e-01
6.24788821e-01
5.16156256e-01
3.65274876e-01
7.86120594e-01
3.59747171e-01
1.18785477e+00
9.57596064e-01
3.36841762e-01
4.39710706e-01
7.13931441e-01
4.71871793e-01
8.09938014e-01
8.05473626e-01
5.91747820e-01
6.03519917e-01
7.07236469e-01
8.13107967e-01
6.00734293e-01
8.58527422e-01
5.23509741e-01
2.64756769e-01
1.00423014e+00
2.59296954e-01
3.48483175e-01
4.28477913e-01
3.45682085e-01
2.72450030e-01
5.69093943e-01
4.11373198e-01
2.27053270e-01
4.59238648e-01
6.57087088e-01
6.52086258e-01
8.93348277e-01
2.25723699e-01
4.91201073e-01
7.13951230e-01
6.52775407e-01
6.88094318e-01
7.63161898e-01
4.08977985e-01
1.05347502e+00
5.60183644e-01
3.31076533e-01
7.39119411e-01
3.85662615e-01
6.60279214e-01
6.96667790e-01
2.14925259e-01
3.34356755e-01
1.01508296e+00
5.78969896e-01
6.11912787e-01
4.99347359e-01
7.64614820e-01
7.39694059e-01
3.82011414e-01
6.12294078e-01
1.00313282e+00
3.05355340e-01
4.72089469e-01
6.21081710e-01
2.55131721e-01
4.28916246e-01
2.34482363e-01
6.34986162e-01
2.39289254e-01
2.82664388e-01
1.02137506e+00
3.11566770e-01
2.54591882e-01
9.70990956e-01
1.08737409e+00
7.50007093e-01
6.65519536e-01
7.91132987e-01
7.91459441e-01
4.36708719e-01
4.00608808e-01
4.94712174e-01
4.12216663e-01
4.46967125e-01
9.98629212e-01
4.72591460e-01
3.96458358e-01
7.68715799e-01
1.08052075e+00
1.12230575e+00
1.99365407e-01
3.28991950e-01
2.08886817e-01
6.03154361e-01
8.32088590e-01
3.08298916e-01
2.99148381e-01
4.89747465e-01
2.88702428e-01
4.48035389e-01
1.04843545e+00
7.90511310e-01
7.01909900e-01
6.66270792e-01
9.73589778e-01
6.94543839e-01
2.10582837e-01
5.54625750e-01
7.80755341e-01
2.19413668e-01
7.54802227e-01
1.00235546e+00
2.26195753e-01
2.68488973e-01
3.12620699e-01
5.20188749e-01
5.85102737e-01
8.38677227e-01
9.75498855e-01
3.02617759e-01
4.56439167e-01
4.68776196e-01
7.39457846e-01
7.02229559e-01
5.14409184e-01
1.09568000e+00
8.29297006e-01
6.64077163e-01
9.48886812e-01
8.00288200e-01
3.09973538e-01
4.75895643e-01
3.44606608e-01
6.80070639e-01
6.33726954e-01
4.91098583e-01
5.64710975e-01
4.43241537e-01
2.77078927e-01
3.11557472e-01
3.95282835e-01
6.44339085e-01
9.20095742e-01
2.86984980e-01
5.23768365e-01
4.48902279e-01
4.37647790e-01
1.86194479e-01
8.95878017e-01
2.42786065e-01
5.36379933e-01
2.32284039e-01
2.63402760e-01
4.83179808e-01
4.20990586e-01
4.70973969e-01
2.33794317e-01
2.22619206e-01
5.36189675e-01
7.63929486e-01
3.83910328e-01
7.24837363e-01
1.50733030e+00
5.88201582e-01
1.10414994e+00
1.61554289e+00
4.59960878e-01
3.28947544e-01
4.43354428e-01
1.23822081e+00
2.06358537e-01
5.74692547e-01
3.90107363e-01
1.49102736e+00
8.44857156e-01
6.37332678e-01
5.19257903e-01
3.39907348e-01
3.19073528e-01
3.38375211e-01
1.68661332e+00
2.99131483e-01
6.05230153e-01
2.25261644e-01
2.44794518e-01
2.67664999e-01
4.92783755e-01
4.58686441e-01
4.26346630e-01
3.09755236e-01
8.13758016e-01
1.02497470e+00
7.72834957e-01
5.86742222e-01
4.98939008e-01
5.16682506e-01
5.57899237e-01
5.98575890e-01
6.68136001e-01
4.28333640e-01
2.34140500e-01
3.15675974e-01
5.33586919e-01
4.96383995e-01
1.87951535e-01
2.55185544e-01
3.86944890e-01
6.25056803e-01
8.31816077e-01
5.54325044e-01
3.81306589e-01
2.89393961e-01
7.44564235e-01
8.36762965e-01
3.46502870e-01
2.86639005e-01
1.99986994e-01
4.35924381e-01
1.03054297e+00
6.12901688e-01
1.82291254e-01
1.13595748e+00
7.23451853e-01
2.90592581e-01
4.80676293e-01
7.32818186e-01
4.97105300e-01
3.97961795e-01
6.79892540e-01
3.14778239e-01
2.45887980e-01
5.34326792e-01
7.67077327e-01
7.42201865e-01
5.87587655e-01
6.44247711e-01
6.72507226e-01
9.08431530e-01
1.19883084e+00
9.08316970e-01
3.77265871e-01
7.08208978e-01
1.05951929e+00
6.22469842e-01
3.62698376e-01
6.51285231e-01
6.08135760e-01
6.81044221e-01
7.17038095e-01
7.02212870e-01
5.73684335e-01
3.51727307e-01
9.06413138e-01
5.67373395e-01
1.92980126e-01
4.25787747e-01
8.05731475e-01
3.28509092e-01
7.99860656e-01
5.11901438e-01
9.09475446e-01
9.57858264e-01
2.29745686e-01
2.20128044e-01
8.76530826e-01
3.07146370e-01
2.24450380e-01
3.45915169e-01
6.86423779e-01
1.66174746e+00
4.59540248e-01
5.83671451e-01
7.70875931e-01
8.33419859e-01
6.47696614e-01
4.58484143e-01
7.55752265e-01
3.92349929e-01
2.88301140e-01
4.43749487e-01
3.03373635e-01
2.47164801e-01
7.03341722e-01
3.08217943e-01
4.03208077e-01
5.99071026e-01
6.16484106e-01
5.78979015e-01
3.60849291e-01
5.89611948e-01
4.29314137e-01
3.62953931e-01
7.74289310e-01
7.92037308e-01
5.06901801e-01
4.07136381e-01
4.66960490e-01
2.65050262e-01
1.88657939e-01
8.66968453e-01
5.37207246e-01
4.31314230e-01
5.51208496e-01
7.07308650e-01
8.09674621e-01
7.29049027e-01
3.94663692e-01
4.17170167e-01
2.47521311e-01
4.81936216e-01
6.47518456e-01
9.79548573e-01
7.22930491e-01
5.03908515e-01
6.23993516e-01
7.04333842e-01
6.91707551e-01
8.88960660e-01
3.86689544e-01
1.02128756e+00
5.03674924e-01
3.07740927e-01
7.08240807e-01
4.16516691e-01
5.68263710e-01
3.94969046e-01
3.93228322e-01
4.83958900e-01
2.79674113e-01
1.95350230e-01
3.15411776e-01
3.25427830e-01
7.68978059e-01
9.82277691e-01
3.83238971e-01
6.22302949e-01
1.83337855e+00
1.23078692e+00
6.66761458e-01
3.09388787e-01
6.81029499e-01
1.01726341e+00
3.60457778e-01
1.85754240e-01
3.75692159e-01
5.68569005e-01
7.66371548e-01
1.06503820e+00
2.95253575e-01
3.61287266e-01
6.77035689e-01
6.70062900e-01
6.34833694e-01
8.37073326e-01
2.26373628e-01
7.01822162e-01
1.05002260e+00
6.42114818e-01
2.09256038e-01
2.36797079e-01
5.26097953e-01
2.99993455e-01
4.31424946e-01
1.05237043e+00
7.16409504e-01
1.09096754e+00
3.47626239e-01
6.29555225e-01
6.47378981e-01
4.75076854e-01
5.22543609e-01
3.15441608e-01
8.72486889e-01
1.10544884e+00
1.06470466e+00
6.11006200e-01
2.27696821e-01
4.07152355e-01
5.27946770e-01
6.21876657e-01
1.50427973e+00
1.48212314e+00
8.57996702e-01
6.92816794e-01
4.85529721e-01
4.65787232e-01
4.68038350e-01
3.87537628e-01
3.10437351e-01
4.79157925e-01
7.29969919e-01
3.33609283e-01
6.67882144e-01
7.64795065e-01
5.29933214e-01
4.17713672e-01
6.09678328e-01
7.48002887e-01
1.35508752e+00
9.37087655e-01
9.69509125e-01
2.23937249e+00
1.80528688e+00
5.11402905e-01
5.87418377e-01
2.62682885e-01
3.91843408e-01
6.72897577e-01
7.35680401e-01
4.28264380e-01
2.09354997e-01
4.15435165e-01
9.92086709e-01
3.55830461e-01
6.24046147e-01
6.50328994e-01
3.08153600e-01
2.84867913e-01
9.55176532e-01
7.84366429e-01
5.67526937e-01
7.13825583e-01
5.76219440e-01
2.61396736e-01
2.58169502e-01
8.65093529e-01
1.19382632e+00
4.90018606e-01
6.06650174e-01
9.80412424e-01
7.27210522e-01
5.90940952e-01
6.64668441e-01
2.46596590e-01
1.92898557e-01
5.75923264e-01
7.66866565e-01
2.15469003e-01
8.77133071e-01
1.24901807e+00
5.46785295e-01
2.68118143e-01
6.29272461e-01
5.92649281e-01
1.09946609e+00
8.19088697e-01
2.59477347e-01
6.25544429e-01
1.31545115e+00
2.81578004e-01
1.37576389e+00
7.37223625e-01
3.86265397e-01
7.80324638e-01
7.68473685e-01
1.90620005e-01
1.16024804e+00
3.14947963e-01
6.50879323e-01
1.08796287e+00
4.07072544e-01
5.87241828e-01
4.00252432e-01
9.95461047e-01
6.25662029e-01
5.47610760e-01
1.20232224e+00
5.46633482e-01
6.86722636e-01
6.38720453e-01
4.81077969e-01
5.08095920e-01
5.80150604e-01
2.66970724e-01
4.09610212e-01
7.52228022e-01
8.41995478e-01
5.29106498e-01
6.08520508e-01
1.95520937e-01
2.41141230e-01
5.04123688e-01
5.88033080e-01
5.50261915e-01
5.49495816e-01
5.42351604e-01
4.07510012e-01
3.59454840e-01
4.26189274e-01
3.66759986e-01
3.48279327e-01
7.31063068e-01
5.00434637e-01
4.27378416e-01
5.26079834e-01
4.16351050e-01
3.07963312e-01
7.66423821e-01
6.86732292e-01
2.65669286e-01
2.45950773e-01
3.70517313e-01
2.70720363e-01
2.03901082e-01
7.75744081e-01
6.17542565e-01
6.43937349e-01
7.05257833e-01
4.46671128e-01
3.71997863e-01
3.43241394e-01
3.16438556e-01
4.87208039e-01
6.14072442e-01
4.41805035e-01
3.13014001e-01
8.51597130e-01
6.49413466e-01
5.90671360e-01
5.13332367e-01
1.90479219e-01
2.71405220e-01
9.67659831e-01
7.48984456e-01
5.22266626e-01
2.91565210e-01
1.83420703e-01
1.60089716e-01
1.81712016e-01
4.34489369e-01
7.67946005e-01
1.19676638e+00
3.88400674e-01
6.19129360e-01
3.95569712e-01
3.64561766e-01
8.04676116e-01
4.33002889e-01
1.64510703e+00
4.66847479e-01
7.45328307e-01
5.42006373e-01
6.42006397e-01
9.55211043e-01
1.51941931e+00
4.60652769e-01
1.20378304e+00
2.31601655e-01
3.27904254e-01
7.56558657e-01
2.25282609e-01
2.15153903e-01
5.42390645e-01
5.29462695e-01
7.01057613e-01
4.23971176e-01
1.98191956e-01
8.83933783e-01
2.38866687e-01
2.13158891e-01
3.07971865e-01
4.47675139e-01
4.64711219e-01
1.97632700e-01
3.74791116e-01
3.38330555e+00
1.08927619e+00
2.58049107e+00
1.10402513e+00
5.03791690e-01
7.61669278e-01
1.00099456e+00
5.24843991e-01
1.91157669e-01
3.11985642e-01
9.31073964e-01
5.42160809e-01
3.32855195e-01
3.54760945e-01
5.78094721e-01
7.39435911e-01
5.84409058e-01
7.46496499e-01
8.84938478e-01
3.51338387e-01
2.64953375e-01
7.34055340e-01
1.02776885e+00
9.54496324e-01
8.56678903e-01
2.74653733e-01
3.78413856e-01
2.58037746e-01
1.26199794e+00
8.77345502e-01
6.53274179e-01
5.39023578e-01
5.68502188e-01
2.41240636e-01
9.95096087e-01
2.88755387e-01
7.10972965e-01
1.00192976e+00
8.30632806e-01
6.65670693e-01
3.84817660e-01
7.42307246e-01
2.42690772e-01
4.20654655e-01
1.09954095e+00
7.63833284e-01
1.80324006e+00
5.69400609e-01
7.41393685e-01
4.77405757e-01
3.64242792e-01
6.11268997e-01
9.73460317e-01
8.57527614e-01
5.26089787e-01
7.09737062e-01
5.46579421e-01
3.18268806e-01
1.10896444e+00
7.13660359e-01
7.20425606e-01
1.13315833e+00
8.29277337e-01
5.36600113e-01
5.36758006e-01
7.15045691e-01
5.46577871e-01
5.05895793e-01
5.44396996e-01
3.94464284e-01
3.17744792e-01
3.54799062e-01
4.90506738e-01
7.87591338e-01
5.94757318e-01
2.33047903e-01
7.24957585e-01
4.82960790e-01
8.81887674e-01
9.03652966e-01
4.49123979e-01
3.06768298e-01
4.77742404e-01
7.79440701e-01
6.47613883e-01
7.72744477e-01
3.34994107e-01
6.44350469e-01
6.58982992e-01
9.82493639e-01
7.78244197e-01
1.08901823e+00
9.69987333e-01
2.44554028e-01
6.16714597e-01
8.05678606e-01
4.59838092e-01
4.19248909e-01
4.54544663e-01
3.11916500e-01
4.02554870e-01
3.97452980e-01
5.04526556e-01
8.00298274e-01
5.22818506e-01
2.46789828e-01
8.82223427e-01
2.16783851e-01
2.78038859e-01
2.86878794e-01
4.52322245e-01
7.67604232e-01
2.23648772e-01
6.43214762e-01
6.19914711e-01
2.39904687e-01
3.95332962e-01
9.30829823e-01
7.19782054e-01
2.29802340e-01
1.86362848e-01
3.13850999e-01
3.81786793e-01
1.98547646e-01
3.78999144e-01
5.87375581e-01
4.94299412e-01
4.72096145e-01
8.10446262e-01
9.41686511e-01
1.89770684e-01
3.55011821e-01
6.51074290e-01
4.75984484e-01
3.89521509e-01
6.05565071e-01
5.34388304e-01
7.63686359e-01
5.57379246e-01
5.72861910e-01
6.91727161e-01
5.88948786e-01
5.45943558e-01
4.80452657e-01
8.49540770e-01
8.92850161e-01
8.30686986e-01
9.29332435e-01
6.32697165e-01
5.49421787e-01
4.34117019e-01
3.75456989e-01
6.06591702e-01
1.09157908e+00
1.26637888e+00
7.38552928e-01
2.31196299e-01
6.60136878e-01
1.09100461e+00
6.62088215e-01
5.47944903e-01
2.96687961e-01
8.69058609e-01
4.33090627e-01
3.01756173e-01
6.62944555e-01
7.92955458e-01
4.57347423e-01
9.23564076e-01
5.08704126e-01
3.70168120e-01
1.00623059e+00
3.52677733e-01
5.84858596e-01
7.44981170e-01
6.15854204e-01
6.98767006e-01
8.97047400e-01
5.27749419e-01
5.46820045e-01
6.78539813e-01
3.43904078e-01
4.48045492e-01
9.83257353e-01
3.20452750e-01
3.40121984e-01
6.15380943e-01
2.87628651e-01
2.48419136e-01
9.11188900e-01
7.74043322e-01
4.90815639e-01
6.96634173e-01
7.56102204e-01
6.71961427e-01
6.20142877e-01
4.47549343e-01
6.80958033e-01
2.84786969e-01
1.67869359e-01
3.41504514e-01
5.86521566e-01
6.82409883e-01
6.70616984e-01
6.92419589e-01
2.79302686e-01
1.65858179e-01
4.01455671e-01
4.16810781e-01
5.98811507e-01
3.02444935e-01
6.08545542e-01
7.04012990e-01
4.98703897e-01
4.49305177e-01
7.99570322e-01
1.13355494e+00
1.19260633e+00
3.84833574e-01
3.35253656e-01
8.84026885e-01
8.24388623e-01
1.05530417e+00
7.64971137e-01
2.21536100e-01
4.74592745e-01
3.32992315e-01
5.71901977e-01
3.43112141e-01
2.90517300e-01
7.54169226e-01
4.40647423e-01
7.77743220e-01
5.41267574e-01
6.00527167e-01
6.17252648e-01
4.27573234e-01
2.53762722e-01
3.12150717e-01
4.68598336e-01
7.44609594e-01
6.66097760e-01
2.21046761e-01
6.49859130e-01
1.55715036e+00
2.99599433e+00
1.02001750e+00
1.00693178e+00
4.41869766e-01
4.48554277e-01
6.45483434e-01
1.01739395e+00
6.52273118e-01
4.62486029e-01
6.56840682e-01
5.14585793e-01
2.94333249e-01
6.36313081e-01
4.84567016e-01
4.90653992e-01
5.30841053e-01
3.62650901e-01
7.25686133e-01
2.25389197e-01
2.75338799e-01
6.73571765e-01
1.10733247e+00
9.49890912e-01
5.20204961e-01
4.43066239e-01
3.34448218e-01
1.18879080e+00
4.51021731e-01
2.42098260e+00
1.38745940e+00
2.15312600e+00
1.74231219e+00
3.94915491e-01
2.86640406e-01
9.17556286e-01
6.81402504e-01
3.14021260e-01
5.04060388e-01
1.12201512e+00
1.28575468e+00
2.35899732e-01
6.42842710e-01
4.54332829e-01
9.95664835e-01
1.38061202e+00
2.92914581e+00
8.99211168e-01
1.81406975e+00
6.82133138e-01
5.73260307e-01
6.22249901e-01
2.52036572e-01
1.82696491e-01
4.31383759e-01
8.01467180e-01
2.16197446e-01
5.81614316e-01
4.39348012e-01
4.96967316e-01
6.98273063e-01
5.38108289e-01
8.18395436e-01
3.89057815e-01
1.06590068e+00
1.20584595e+00
1.50333488e+00
8.83319318e-01
8.40672791e-01
6.76920414e-01
3.81441176e-01
4.81501788e-01
3.63550544e-01
7.30677128e-01
1.70095727e-01
2.58476913e-01
3.23262364e-01
3.27637583e-01
1.97851494e-01
3.66351396e-01
6.05776727e-01
6.55755877e-01
4.13201511e-01
2.04754397e-01
2.96681553e-01
4.49848950e-01
5.12270391e-01
6.21591926e-01
