2.61488128e+00
2.53437853e+00
2.57360625e+00
2.62317061e+00
2.73193336e+00
2.68268442e+00
2.65925264e+00
2.71807718e+00
2.69195056e+00
2.74655151e+00
2.65846324e+00
2.72771835e+00
2.70135593e+00
2.70080280e+00
2.77269101e+00
2.72479796e+00
2.69253612e+00
2.73838854e+00
2.70797753e+00
2.72769189e+00
2.74592948e+00
2.62667990e+00
2.71603990e+00
2.74021506e+00
2.72293735e+00
2.76932907e+00
2.69945979e+00
2.69202518e+00
2.72659326e+00
2.69394708e+00
2.68813872e+00
2.61715174e+00
2.56407547e+00
2.70325685e+00
2.63319802e+00
2.58303666e+00
2.55384898e+00
2.53594446e+00
2.54874253e+00
2.55177188e+00
2.49749923e+00
2.46687937e+00
2.43949437e+00
2.45453978e+00
2.49216294e+00
2.40387249e+00
2.42882180e+00
2.49864578e+00
2.49062634e+00
2.54052711e+00
2.53041434e+00
2.50905704e+00
2.54714847e+00
2.60146284e+00
2.62817144e+00
2.66603589e+00
2.69551873e+00
2.68013358e+00
2.69628501e+00
2.64709139e+00
2.68637109e+00
2.71767902e+00
2.73089385e+00
2.67543268e+00
2.67859769e+00
2.73494768e+00
2.78303623e+00
2.70580578e+00
2.63050985e+00
2.70879459e+00
2.72380972e+00
2.69993806e+00
2.62024379e+00
2.67311621e+00
2.68283653e+00
2.59342122e+00
2.64544249e+00
2.69148993e+00
2.71671939e+00
2.67532611e+00
2.66010523e+00
2.63587284e+00
2.56218529e+00
2.54639459e+00
2.58122182e+00
2.56025696e+00
2.54563451e+00
2.57898498e+00
2.49574828e+00
2.53920460e+00
2.54190087e+00
2.44603825e+00
2.44237351e+00
2.44139147e+00
2.35629416e+00
2.28091002e+00
2.29570222e+00
2.30580139e+00
2.23456717e+00
2.24868846e+00
2.18457603e+00
2.16199088e+00
2.14489484e+00
2.08809948e+00
2.09074068e+00
2.06774426e+00
2.16044354e+00
2.19881344e+00
2.19885755e+00
2.16978240e+00
2.20520329e+00
2.26250887e+00
2.30726910e+00
2.33503294e+00
2.33000493e+00
2.34255123e+00
2.41431737e+00
2.45485830e+00
2.49156904e+00
2.47342181e+00
2.53332376e+00
2.50696874e+00
2.51647782e+00
2.58824563e+00
2.51237774e+00
2.67255616e+00
2.66196871e+00
2.67127848e+00
2.70823669e+00
2.68574619e+00
2.67383623e+00
2.67579579e+00
2.72801900e+00
2.70536280e+00
2.66474319e+00
2.67501450e+00
2.67249727e+00
2.71975040e+00
2.78519392e+00
2.79537630e+00
2.79365325e+00
2.75733781e+00
2.69147921e+00
2.75200033e+00
2.76070094e+00
2.76233029e+00
2.74952507e+00
2.70713210e+00
2.70739412e+00
2.77789307e+00
2.71191859e+00
2.66149688e+00
2.68432331e+00
2.66598296e+00
2.67337108e+00
2.69625282e+00
2.70872045e+00
2.71272397e+00
2.74161839e+00
2.71987939e+00
2.65680170e+00
2.63512325e+00
2.59892225e+00
2.56513238e+00
2.61621809e+00
2.55754614e+00
2.56183529e+00
2.54372334e+00
2.51034474e+00
2.48635268e+00
2.48401165e+00
2.46432090e+00
2.44700623e+00
2.42618036e+00
2.39676738e+00
2.39892650e+00
2.34774041e+00
2.35677409e+00
2.37851834e+00
2.25533175e+00
2.20723820e+00
2.16544557e+00
2.08320427e+00
2.16206861e+00
2.11432362e+00
2.06726837e+00
2.00738859e+00
1.94034982e+00
1.89775240e+00
1.89567971e+00
1.82577932e+00
1.75546610e+00
1.71558857e+00
1.71811521e+00
1.70972872e+00
1.76646507e+00
1.76234984e+00
1.86096525e+00
1.90903473e+00
1.92209685e+00
1.95725763e+00
1.99924135e+00
2.06854057e+00
2.03044486e+00
2.08868241e+00
2.16196465e+00
2.18540025e+00
2.21721005e+00
2.24132824e+00
2.18539572e+00
2.26274276e+00
2.36635137e+00
2.32574606e+00
2.32013130e+00
2.39792252e+00
2.44288182e+00
2.46328521e+00
2.51478076e+00
2.49953365e+00
2.44517326e+00
2.52618194e+00
2.55889058e+00
2.60640359e+00
2.64144731e+00
2.64783359e+00
2.62164187e+00
2.64782238e+00
2.76667261e+00
2.72782779e+00
2.67749643e+00
2.69650221e+00
2.69469976e+00
2.71984911e+00
2.77850223e+00
2.76120043e+00
2.75357699e+00
2.80112791e+00
2.77416563e+00
2.78123331e+00
2.83741426e+00
2.80679774e+00
2.78759599e+00
2.76780438e+00
2.74720263e+00
2.85162306e+00
2.77282643e+00
2.80010390e+00
2.86887431e+00
2.83558273e+00
2.82549047e+00
2.85943246e+00
2.86450982e+00
2.89153934e+00
2.86342859e+00
2.81565642e+00
2.80809402e+00
2.81337142e+00
2.90654778e+00
2.90886950e+00
2.87066603e+00
2.90526152e+00
2.87651348e+00
2.92477274e+00
2.89612603e+00
2.87573266e+00
2.90033197e+00
2.86339045e+00
2.88779783e+00
2.83349109e+00
2.84210539e+00
2.90310383e+00
2.88527107e+00
2.82054067e+00
2.84604311e+00
2.83728981e+00
2.84762335e+00
2.86932516e+00
2.83009338e+00
2.82823181e+00
2.80413175e+00
2.77730918e+00
2.78880286e+00
2.78952789e+00
2.80377221e+00
2.78799415e+00
2.73087215e+00
2.79183173e+00
2.78085208e+00
2.74612164e+00
2.70999026e+00
2.67317271e+00
2.67956018e+00
2.68176103e+00
2.64521623e+00
2.67096567e+00
2.68033290e+00
2.59392118e+00
2.56167698e+00
2.64072323e+00
2.51752257e+00
2.53637338e+00
2.56795478e+00
2.52941751e+00
2.48651838e+00
2.42166853e+00
2.44214678e+00
2.43276572e+00
2.38995242e+00
2.38450408e+00
2.37229371e+00
2.31026053e+00
2.32198334e+00
2.24757171e+00
2.21757507e+00
2.22410250e+00
2.20744634e+00
2.16044593e+00
2.11815453e+00
2.05235124e+00
2.05969357e+00
2.13498044e+00
1.99685621e+00
2.03805161e+00
2.00249195e+00
1.95880401e+00
1.91260946e+00
1.83394587e+00
1.79939520e+00
1.74423957e+00
1.72537434e+00
1.69661367e+00
1.63721216e+00
1.57670927e+00
1.51589227e+00
1.42968202e+00
1.38620901e+00
1.41052556e+00
1.47120428e+00
1.56165957e+00
1.58657122e+00
1.63063538e+00
1.72841072e+00
1.74181342e+00
1.75509429e+00
1.78079450e+00
1.79255152e+00
1.93153942e+00
1.89413011e+00
1.94788957e+00
1.97435117e+00
1.99083579e+00
2.09054089e+00
2.05971098e+00
2.08516431e+00
2.16829300e+00
2.18289566e+00
2.15287662e+00
2.20489287e+00
2.16795826e+00
2.21149921e+00
2.22393537e+00
2.22807860e+00
2.29138970e+00
2.31958294e+00
2.36258531e+00
2.37559772e+00
2.34606814e+00
2.39500570e+00
2.45683646e+00
2.43748355e+00
2.45006967e+00
2.47754192e+00
2.46250510e+00
2.49426746e+00
2.52701688e+00
2.53896356e+00
2.50292730e+00
2.57396102e+00
2.57770872e+00
2.58350110e+00
2.61838675e+00
2.55638790e+00
2.59941864e+00
2.62201452e+00
2.63932371e+00
2.63134146e+00
2.66484070e+00
2.67066836e+00
2.67798162e+00
2.68322110e+00
2.72532821e+00
2.73791480e+00
2.69999814e+00
2.72188520e+00
2.74951935e+00
2.81606197e+00
2.75057483e+00
2.73645258e+00
2.73435044e+00
2.74409819e+00
2.73399734e+00
2.74221206e+00
2.81421256e+00
2.81624055e+00
2.77955270e+00
2.77517414e+00
2.78922009e+00
2.81623435e+00
2.80876255e+00
2.78859806e+00
2.84650588e+00
2.84694052e+00
2.86210227e+00
2.80248737e+00
2.80276203e+00
2.80855417e+00
2.80185175e+00
2.84312510e+00
2.82489395e+00
2.84248877e+00
2.84016228e+00
2.83280158e+00
2.86321902e+00
2.77283144e+00
2.81984758e+00
2.82169414e+00
2.83027482e+00
2.84570026e+00
2.84183288e+00
2.87379766e+00
2.82882357e+00
2.79860044e+00
2.78323746e+00
2.81612492e+00
2.86906815e+00
2.82925272e+00
2.85959482e+00
2.85593224e+00
2.86035132e+00
2.86910129e+00
2.86270523e+00
2.86592698e+00
2.85632420e+00
2.85756111e+00
2.87016106e+00
2.86210656e+00
2.85714626e+00
2.81182742e+00
2.80500650e+00
2.84499288e+00
2.83801365e+00
2.81422400e+00
2.86739421e+00
2.84324265e+00
2.87085867e+00
2.85875320e+00
2.82375550e+00
2.81211066e+00
2.77890372e+00
2.79383516e+00
2.77530646e+00
2.81012464e+00
2.85642290e+00
2.83037996e+00
2.77201819e+00
2.84234357e+00
2.81296301e+00
2.77313375e+00
2.76864839e+00
2.76858711e+00
2.77834296e+00
2.77881861e+00
2.81069207e+00
2.82813382e+00
2.82589817e+00
2.81228447e+00
2.76375842e+00
2.75552773e+00
2.80495143e+00
2.75101638e+00
2.75179529e+00
2.78861904e+00
2.71929622e+00
2.73243690e+00
2.75988603e+00
2.71076894e+00
2.73236060e+00
2.79190135e+00
2.72736192e+00
2.72290087e+00
2.69479585e+00
2.72615838e+00
2.71354818e+00
2.70701885e+00
2.69874263e+00
2.75491810e+00
2.69176388e+00
2.68424296e+00
2.71662045e+00
2.71050453e+00
2.64748430e+00
2.70291543e+00
2.68054104e+00
2.65979147e+00
2.64945364e+00
2.65631986e+00
2.68098259e+00
2.64441013e+00
2.65846086e+00
2.64121151e+00
2.62595463e+00
2.61186266e+00
2.61041808e+00
2.58103228e+00
2.59078789e+00
2.55483198e+00
2.57492518e+00
2.59027433e+00
2.53947806e+00
2.51953340e+00
2.53767228e+00
2.51330137e+00
2.48299146e+00
2.48544312e+00
2.50502348e+00
2.50633430e+00
2.44020534e+00
2.45898461e+00
2.45940614e+00
2.48087096e+00
2.50376606e+00
2.42029166e+00
2.38064289e+00
2.35819054e+00
2.39174700e+00
2.40019107e+00
2.41780376e+00
2.40004945e+00
2.34465241e+00
2.35917234e+00
2.32588625e+00
2.30548358e+00
2.29179573e+00
2.24077916e+00
2.25268888e+00
2.26945829e+00
2.24214029e+00
2.23043585e+00
2.25528550e+00
2.18213582e+00
2.16162395e+00
2.18887210e+00
2.12757587e+00
2.08328438e+00
2.10751653e+00
2.09794259e+00
2.02775908e+00
2.00433135e+00
1.99635196e+00
1.99959552e+00
1.97048700e+00
1.88202739e+00
1.90811241e+00
1.86116064e+00
1.82697284e+00
1.82710803e+00
1.81771398e+00
1.79483235e+00
1.78451276e+00
1.68836498e+00
1.61732471e+00
1.60986257e+00
1.59153807e+00
1.57353497e+00
1.49965942e+00
1.47386408e+00
1.44191897e+00
1.40631413e+00
1.34321630e+00
1.24375212e+00
1.16819942e+00
1.14844739e+00
1.19243324e+00
1.22521067e+00
1.28051007e+00
1.40816069e+00
1.45951140e+00
1.47886181e+00
1.48741591e+00
1.52824903e+00
1.58391309e+00
1.57718122e+00
1.66478038e+00
1.74024296e+00
1.72870672e+00
1.73129296e+00
1.78748631e+00
1.78045344e+00
1.81821716e+00
1.82881701e+00
1.85204279e+00
1.85923588e+00
1.90353227e+00
1.93132377e+00
1.91644454e+00
1.92795694e+00
1.98524570e+00
2.00489330e+00
2.03382874e+00
2.07529354e+00
2.05275917e+00
2.08642316e+00
2.08519053e+00
2.07852197e+00
2.11675835e+00
2.14065075e+00
2.19947720e+00
2.18519497e+00
2.18436790e+00
2.21275926e+00
2.20383048e+00
2.20497656e+00
2.20215797e+00
2.21742511e+00
2.24521661e+00
2.27076340e+00
2.26338410e+00
2.25548840e+00
2.25780368e+00
2.30553603e+00
2.33467436e+00
2.28603649e+00
2.26502514e+00
2.32124710e+00
2.34887123e+00
2.28799176e+00
2.35294461e+00
2.37205791e+00
2.34791231e+00
2.35752773e+00
2.37128854e+00
2.38259530e+00
2.37226057e+00
2.33520961e+00
2.34103656e+00
2.36560702e+00
2.36999345e+00
2.32100368e+00
2.39265442e+00
2.41684031e+00
2.36057782e+00
2.42862463e+00
2.40186381e+00
2.43754888e+00
2.44792843e+00
2.41775560e+00
2.40932608e+00
2.40242124e+00
2.44560838e+00
2.46824861e+00
2.42450738e+00
2.43227625e+00
2.43297005e+00
2.44189334e+00
2.49702120e+00
2.43932295e+00
2.40277600e+00
2.44475961e+00
2.48027325e+00
2.44503093e+00
2.46172166e+00
2.39956212e+00
2.42827010e+00
2.47018671e+00
2.45192003e+00
2.47809720e+00
2.47346592e+00
2.46479106e+00
2.45771050e+00
2.45179701e+00
2.43485093e+00
2.45731544e+00
2.43383598e+00
2.44906116e+00
2.42846751e+00
2.44971848e+00
2.47222233e+00
2.42762232e+00
2.46024513e+00
2.40725780e+00
2.43900895e+00
2.46772742e+00
2.45034957e+00
2.46333098e+00
2.48707199e+00
2.47219849e+00
2.46770525e+00
2.47915387e+00
2.47052383e+00
2.49999714e+00
2.48376632e+00
2.48443937e+00
2.49295187e+00
2.49957776e+00
2.47378373e+00
2.48061848e+00
2.48871875e+00
2.43993235e+00
2.46105266e+00
2.44922066e+00
2.42706919e+00
2.47385001e+00
2.47785616e+00
2.47568274e+00
2.46916723e+00
2.44444418e+00
2.46257925e+00
2.45737839e+00
2.44422960e+00
2.47651029e+00
2.48653555e+00
2.49315214e+00
2.48756719e+00
2.44105387e+00
2.44124985e+00
2.44314551e+00
2.45585489e+00
2.44349337e+00
2.43652058e+00
2.45059872e+00
2.48368049e+00
2.48483157e+00
2.46094513e+00
2.45734882e+00
2.45382977e+00
2.46704388e+00
2.48111916e+00
2.42979074e+00
2.42101479e+00
2.42563748e+00
2.47168875e+00
2.49898386e+00
2.41863084e+00
2.41032290e+00
2.39695501e+00
2.41751385e+00
2.44394827e+00
2.42660093e+00
2.42004132e+00
2.44355440e+00
2.41145277e+00
2.42951870e+00
2.42214203e+00
2.42441654e+00
2.45286965e+00
2.45351124e+00
2.42325234e+00
2.40239787e+00
2.44375014e+00
2.44682121e+00
2.42557168e+00
2.48262358e+00
2.43911338e+00
2.40886807e+00
2.44305062e+00
2.38300872e+00
2.43299127e+00
2.43535829e+00
2.44741011e+00
2.43339109e+00
2.41625547e+00
2.41591501e+00
2.38912129e+00
2.43635154e+00
2.37871289e+00
2.35688353e+00
2.41614723e+00
2.39541411e+00
2.42093825e+00
2.37527990e+00
2.39923477e+00
2.42117548e+00
2.40341496e+00
2.39042878e+00
2.42951083e+00
2.39764690e+00
2.40895581e+00
2.40216398e+00
2.39514136e+00
2.34888029e+00
2.39894700e+00
2.41177273e+00
2.37189817e+00
2.36018276e+00
2.39357615e+00
2.40029216e+00
2.36515045e+00
2.39528465e+00
2.36914539e+00
2.35144448e+00
2.40396428e+00
2.37446260e+00
2.35665393e+00
2.37407684e+00
2.35052872e+00
2.33124781e+00
2.38580561e+00
2.33996725e+00
2.37066078e+00
2.39384580e+00
2.32855892e+00
2.33974743e+00
2.38395977e+00
2.35468864e+00
2.34267712e+00
2.34338164e+00
2.36720824e+00
2.38535953e+00
2.38243985e+00
2.34056783e+00
2.35995388e+00
2.37440777e+00
2.33451176e+00
2.34932470e+00
2.36428165e+00
2.32544470e+00
2.33158255e+00
2.32404613e+00
2.34932852e+00
2.35460520e+00
2.33894849e+00
2.36690617e+00
2.34151006e+00
2.33698797e+00
2.33078361e+00
2.32656837e+00
2.32449055e+00
2.32131362e+00
2.28826261e+00
2.29741907e+00
2.30056047e+00
2.29955053e+00
2.31906915e+00
2.29052877e+00
2.31791520e+00
2.32547903e+00
2.31520677e+00
2.28886127e+00
2.29138803e+00
2.31099868e+00
2.27222705e+00
2.26720929e+00
2.28303528e+00
2.30358434e+00
2.29248238e+00
2.23477006e+00
2.30835366e+00
2.29523849e+00
2.29529381e+00
2.30140257e+00
2.26276302e+00
2.26317835e+00
2.22855473e+00
2.23999858e+00
2.26209307e+00
2.25863266e+00
2.26303673e+00
2.26081014e+00
2.25140524e+00
2.28044748e+00
2.28150749e+00
2.29885817e+00
2.28669190e+00
2.23411107e+00
2.22613120e+00
2.28135705e+00
2.25746250e+00
2.23126698e+00
2.26313281e+00
2.26826954e+00
2.24816203e+00
2.27649236e+00
2.25288248e+00
2.25213981e+00
2.26450944e+00
2.26128745e+00
2.26166558e+00
2.24127030e+00
2.23276949e+00
2.23711944e+00
2.24509096e+00
2.23985267e+00
2.24123597e+00
2.23918366e+00
2.24055147e+00
2.25529361e+00
2.26277614e+00
2.20303631e+00
2.20396543e+00
2.23617244e+00
2.27043629e+00
2.24359083e+00
2.20417094e+00
2.25686955e+00
2.21859908e+00
2.23877263e+00
2.24249339e+00
2.19763947e+00
2.19532824e+00
2.20199800e+00
2.19614983e+00
2.14612722e+00
2.17964530e+00
2.24892998e+00
2.22658467e+00
2.18450379e+00
2.16602182e+00
2.17213082e+00
2.21989036e+00
2.22723389e+00
2.19423962e+00
2.24451613e+00
2.21378708e+00
2.21507955e+00
2.22766471e+00
2.20302629e+00
2.17884398e+00
2.15815687e+00
2.19020796e+00
2.17485547e+00
2.19119835e+00
2.19430757e+00
2.16721606e+00
2.14665890e+00
2.16419053e+00
2.14679933e+00
2.12719798e+00
2.15721321e+00
2.17856789e+00
2.12413239e+00
2.15439320e+00
2.10905504e+00
2.11512756e+00
2.14615417e+00
2.14015317e+00
2.15507889e+00
2.15456319e+00
2.13428020e+00
2.10529447e+00
2.09918880e+00
2.10806799e+00
2.12228465e+00
2.12925625e+00
2.09420705e+00
2.12731743e+00
2.15543389e+00
2.13783360e+00
2.11084676e+00
2.10150576e+00
2.10442257e+00
2.06750226e+00
2.07050657e+00
2.12018180e+00
2.08294058e+00
2.05702496e+00
2.05547094e+00
2.06222701e+00
2.08829308e+00
2.10117912e+00
2.03610325e+00
2.07099056e+00
2.05937028e+00
2.07690930e+00
2.07944322e+00
2.07662344e+00
2.05274749e+00
2.12003756e+00
2.08053517e+00
2.04769826e+00
2.07704616e+00
2.06520128e+00
2.04944396e+00
2.04481101e+00
2.04317951e+00
2.01874828e+00
2.03109145e+00
2.01640892e+00
2.01418018e+00
2.02991962e+00
2.06166458e+00
2.00858283e+00
1.98418450e+00
2.00127363e+00
1.97759247e+00
2.02272773e+00
2.01113820e+00
1.95406616e+00
1.96803248e+00
2.01385617e+00
1.95346725e+00
2.00622249e+00
1.92274332e+00
1.93988740e+00
1.97235894e+00
1.94247735e+00
1.94117963e+00
1.91367650e+00
1.96136844e+00
1.92874789e+00
1.89938319e+00
1.90053558e+00
1.91046536e+00
1.89244759e+00
1.89421463e+00
1.89640343e+00
1.88037026e+00
1.85886061e+00
1.87546957e+00
1.84011161e+00
1.86649883e+00
1.85557282e+00
1.81399453e+00
1.85155010e+00
1.83622158e+00
1.81582642e+00
1.79647934e+00
1.79901707e+00
1.82372856e+00
1.80303442e+00
1.79168868e+00
1.76892722e+00
1.76254952e+00
1.75465763e+00
1.73587847e+00
1.74822092e+00
1.70608199e+00
1.69201279e+00
1.71281147e+00
1.67693400e+00
1.66607940e+00
1.69431973e+00
1.67893612e+00
1.60478187e+00
1.59222698e+00
1.59817648e+00
1.59417236e+00
1.56424344e+00
1.56345057e+00
1.58213770e+00
1.56244826e+00
1.54113984e+00
1.50699365e+00
1.46313882e+00
1.47182429e+00
1.46085918e+00
1.48348367e+00
1.48999238e+00
1.42651093e+00
1.38512933e+00
1.37206376e+00
1.36709785e+00
1.32429779e+00
1.29354560e+00
1.28962779e+00
1.27391624e+00
1.25137937e+00
1.19340396e+00
1.13808370e+00
1.13064754e+00
1.11367798e+00
1.06109619e+00
1.03365350e+00
9.69802380e-01
9.22714770e-01
9.61835444e-01
9.88585174e-01
1.01480901e+00
1.10634005e+00
1.13679957e+00
1.15076375e+00
1.19061637e+00
1.24890840e+00
1.27483892e+00
1.30924249e+00
1.29544306e+00
1.32330060e+00
1.35102952e+00
1.34021997e+00
1.35946977e+00
1.41553938e+00
1.40128720e+00
1.43883395e+00
1.45311177e+00
1.44863999e+00
1.47936177e+00
1.46041811e+00
1.49837518e+00
1.50267851e+00
1.52073181e+00
1.52543807e+00
1.51264572e+00
1.57121742e+00
1.53116012e+00
1.55650103e+00
1.58767545e+00
1.60863221e+00
1.62222075e+00
1.62114549e+00
1.59634197e+00
1.60480464e+00
1.64783752e+00
1.66127539e+00
1.66724253e+00
1.66916978e+00
1.63623953e+00
1.67950356e+00
1.71442318e+00
1.68095887e+00
1.67503476e+00
1.68141592e+00
1.70602679e+00
1.69039583e+00
1.72747767e+00
1.73697078e+00
1.71212876e+00
1.72656322e+00
1.76328516e+00
1.78760481e+00
1.77619612e+00
1.76165736e+00
1.78117990e+00
1.76484203e+00
1.77691388e+00
1.80383432e+00
1.80847478e+00
1.77998710e+00
1.78359485e+00
1.78181958e+00
1.77492881e+00
1.79756868e+00
1.81684124e+00
1.79148233e+00
1.77725375e+00
1.81871223e+00
1.78985119e+00
1.79317176e+00
1.82269430e+00
1.81192303e+00
1.82144880e+00
1.80727530e+00
1.76462734e+00
1.80006123e+00
1.82217073e+00
1.80204856e+00
1.79400814e+00
1.79486823e+00
1.83624041e+00
1.81957650e+00
1.80372763e+00
1.81787264e+00
1.79836392e+00
1.79121387e+00
1.81405592e+00
1.81427562e+00
1.79697371e+00
1.80649662e+00
1.81002295e+00
1.82799566e+00
1.83624685e+00
1.82008040e+00
1.82394016e+00
1.82413232e+00
1.80320203e+00
1.81035638e+00
1.83466852e+00
1.83288813e+00
1.81208205e+00
1.82929564e+00
1.84374833e+00
1.80724418e+00
1.84803295e+00
1.81428981e+00
1.80616903e+00
1.82553756e+00
1.82421649e+00
1.86667812e+00
1.83963311e+00
1.82087922e+00
1.81719828e+00
1.82096159e+00
1.80549490e+00
1.84170115e+00
1.85270631e+00
1.82091844e+00
1.80305529e+00
1.82378256e+00
1.83378017e+00
1.80244279e+00
1.82351351e+00
1.81392777e+00
1.83174241e+00
1.82273173e+00
1.80441475e+00
1.84710395e+00
1.85478556e+00
1.82258904e+00
1.80221975e+00
1.79956806e+00
1.81007802e+00
1.83053863e+00
1.84119558e+00
1.82678986e+00
1.78710604e+00
1.79977441e+00
1.83351707e+00
1.79971623e+00
1.81390357e+00
1.84373760e+00
1.83934975e+00
1.82493496e+00
1.83472836e+00
1.84578526e+00
1.83126163e+00
1.82302058e+00
1.82661355e+00
1.83020878e+00
1.82808316e+00
1.85135198e+00
1.83083451e+00
1.82516789e+00
1.82108533e+00
1.80828142e+00
1.79307520e+00
1.80340803e+00
1.77889979e+00
1.81720042e+00
1.80496657e+00
1.81448281e+00
1.84235442e+00
1.81004989e+00
1.81610918e+00
1.82929361e+00
1.80405009e+00
1.78807747e+00
1.81013691e+00
1.83176959e+00
1.80604315e+00
1.79273725e+00
1.79806697e+00
1.79772854e+00
1.79966676e+00
1.78690290e+00
1.77927792e+00
1.76777422e+00
1.78526413e+00
1.80273628e+00
1.79034626e+00
1.81272221e+00
1.80138278e+00
1.81377363e+00
1.80125141e+00
1.76050293e+00
1.77638793e+00
1.76056910e+00
1.77539337e+00
1.77868664e+00
1.77023518e+00
1.79107118e+00
1.78460741e+00
1.75653327e+00
1.80874801e+00
1.75928748e+00
1.77529335e+00
1.79875171e+00
1.76983070e+00
1.78434932e+00
1.77816474e+00
1.77388930e+00
1.77621770e+00
1.76468432e+00
1.76728189e+00
1.78241861e+00
1.77005851e+00
1.76844466e+00
1.77584398e+00
1.77149856e+00
1.78601456e+00
1.79282320e+00
1.75364316e+00
1.76005530e+00
1.78065038e+00
1.77667403e+00
1.74846888e+00
1.77610064e+00
1.78365040e+00
1.77433121e+00
1.78446782e+00
1.76091576e+00
1.75771141e+00
1.76762307e+00
1.74396288e+00
1.74926674e+00
1.75342715e+00
1.73620129e+00
1.74033511e+00
1.76990235e+00
1.77486372e+00
1.76000643e+00
1.74858427e+00
1.76036799e+00
1.76889062e+00
1.72214901e+00
1.76329696e+00
1.74577510e+00
1.73419034e+00
1.74823737e+00
1.73882449e+00
1.73257756e+00
1.72417212e+00
1.72879505e+00
1.73245537e+00
1.74199295e+00
1.73023093e+00
1.72160900e+00
1.74071348e+00
1.71599925e+00
1.72331822e+00
1.74930573e+00
1.73192120e+00
1.73195755e+00
1.74647450e+00
1.72943962e+00
1.72268844e+00
1.72758722e+00
1.71800852e+00
1.73630035e+00
1.71640444e+00
1.72337604e+00
1.73360157e+00
1.70395207e+00
1.68799174e+00
1.68528974e+00
1.72257507e+00
1.71372247e+00
1.70119357e+00
1.70663130e+00
1.65717089e+00
1.69020772e+00
1.68411279e+00
1.68925416e+00
1.68205297e+00
1.67975605e+00
1.69914567e+00
1.66714752e+00
1.68570244e+00
1.69977140e+00
1.68072593e+00
1.68959105e+00
1.71791518e+00
1.67812848e+00
1.69237936e+00
1.70651209e+00
1.69912064e+00
1.67364407e+00
1.67774606e+00
1.67603481e+00
1.70850682e+00
1.69732058e+00
1.69307816e+00
1.71845078e+00
1.68471968e+00
1.67477131e+00
1.67278969e+00
1.71002567e+00
1.71017790e+00
1.68529856e+00
1.69314778e+00
1.68534219e+00
1.68110859e+00
1.69320023e+00
1.67421985e+00
1.65130329e+00
1.66733944e+00
1.70309258e+00
1.69352925e+00
1.65776777e+00
1.66178215e+00
1.67823803e+00
1.66100335e+00
1.66921008e+00
1.66226518e+00
1.67728364e+00
1.66097915e+00
1.66792870e+00
1.66705287e+00
1.63231349e+00
1.65978622e+00
1.64947069e+00
1.67039359e+00
1.66797078e+00
1.64319813e+00
1.68291664e+00
1.64206266e+00
1.66217971e+00
1.68520892e+00
1.65450156e+00
1.62218332e+00
1.66451859e+00
1.64712405e+00
1.65970755e+00
1.64156985e+00
1.60515451e+00
1.63078320e+00
1.63017321e+00
1.63260520e+00
1.61480546e+00
1.60469460e+00
1.61982453e+00
1.61801481e+00
1.61491644e+00
1.62072253e+00
1.63411736e+00
1.61054242e+00
1.62917554e+00
1.64834821e+00
1.61333990e+00
1.61890435e+00
1.59373927e+00
1.63000286e+00
1.64076245e+00
1.59533131e+00
1.60569727e+00
1.60268903e+00
1.61457860e+00
1.62390876e+00
1.63598359e+00
1.61207807e+00
1.61030090e+00
1.61645782e+00
1.61105287e+00
1.60090399e+00
1.59893847e+00
1.59407139e+00
1.61921728e+00
1.60133255e+00
1.60162401e+00
1.59721017e+00
1.59268534e+00
1.60399151e+00
1.60744631e+00
1.60705972e+00
1.59727502e+00
1.56960368e+00
1.57732093e+00
1.60111475e+00
1.56245625e+00
1.59756720e+00
1.60032535e+00
1.58569241e+00
1.59685421e+00
1.60538828e+00
1.59676337e+00
1.60085547e+00
1.59113503e+00
1.59216607e+00
1.59092140e+00
1.57866442e+00
1.59121048e+00
1.59870684e+00
1.58094776e+00
1.56198549e+00
1.55679655e+00
1.57337379e+00
1.58474696e+00
1.57866800e+00
1.56776679e+00
1.56339645e+00
1.55856478e+00
1.55421507e+00
1.53657651e+00
1.55916286e+00
1.57173920e+00
1.54620886e+00
1.54465067e+00
1.55138946e+00
1.55361950e+00
1.53725386e+00
1.55337787e+00
1.55789185e+00
1.54644418e+00
1.56164563e+00
1.56293058e+00
1.57064342e+00
1.57566655e+00
1.56025684e+00
1.54092944e+00
1.53503573e+00
1.52599275e+00
1.53181756e+00
1.54865289e+00
1.55702007e+00
1.56781709e+00
1.57899880e+00
1.55457139e+00
1.51758683e+00
1.55406308e+00
1.56344140e+00
1.53784633e+00
1.54684329e+00
1.57270026e+00
1.54002738e+00
1.53181148e+00
1.54818618e+00
1.54874182e+00
1.54915440e+00
1.52871716e+00
1.53123271e+00
1.57273161e+00
1.54053295e+00
1.50784993e+00
1.55678070e+00
1.55768955e+00
1.53094244e+00
1.50708699e+00
1.51428306e+00
1.53133500e+00
1.52908778e+00
1.52625716e+00
1.49804747e+00
1.51610518e+00
1.52359140e+00
1.51532149e+00
1.52232325e+00
1.52572966e+00
1.51536858e+00
1.50320685e+00
1.49877393e+00
1.50515413e+00
1.52020824e+00
1.53504801e+00
1.53945327e+00
1.52806795e+00
1.52190363e+00
1.49252152e+00
1.49859154e+00
1.52287567e+00
1.53346074e+00
1.52632320e+00
1.50202394e+00
1.50006330e+00
1.52332592e+00
1.50572979e+00
1.47871912e+00
1.49279869e+00
1.50064683e+00
1.50502050e+00
1.46691597e+00
1.48983502e+00
1.51302600e+00
1.47696257e+00
1.46211350e+00
1.48891413e+00
1.49857068e+00
1.48207688e+00
1.52620363e+00
1.49965072e+00
1.47308373e+00
1.47785175e+00
1.46091068e+00
1.47747552e+00
1.49683940e+00
1.49807751e+00
1.48654342e+00
1.49196231e+00
1.49550509e+00
1.46909463e+00
1.45973313e+00
1.48869979e+00
1.47914112e+00
1.46509111e+00
1.45991552e+00
1.45820677e+00
1.46084583e+00
1.50960243e+00
1.50307429e+00
1.46184564e+00
1.43757832e+00
1.45753682e+00
1.48990095e+00
1.46489823e+00
1.45620334e+00
1.46796584e+00
1.47608685e+00
1.46827114e+00
1.47537434e+00
1.43732285e+00
1.45446193e+00
1.48708081e+00
1.45811927e+00
1.45030618e+00
1.41514802e+00
1.43039167e+00
1.44919813e+00
1.45907116e+00
1.43969953e+00
1.42602170e+00
1.42057192e+00
1.45699668e+00
1.44548380e+00
1.43259001e+00
1.46334684e+00
1.42357397e+00
1.42147338e+00
1.44673204e+00
1.44767261e+00
1.43726420e+00
1.46411633e+00
1.46044505e+00
1.44645286e+00
1.44724166e+00
1.41934383e+00
1.41370642e+00
1.43281293e+00
1.43226445e+00
1.41543722e+00
1.42089510e+00
1.44118392e+00
1.42597640e+00
1.40427065e+00
1.41339242e+00
1.40607905e+00
1.40042233e+00
1.42201853e+00
1.42057598e+00
1.39936829e+00
1.44892216e+00
1.42927003e+00
1.42153513e+00
1.41933048e+00
1.40953982e+00
1.40255177e+00
1.42272472e+00
1.43069327e+00
1.43069410e+00
1.41714060e+00
1.40070677e+00
1.39873850e+00
1.41518474e+00
1.40005183e+00
1.42979443e+00
1.41274691e+00
1.36664271e+00
1.40912116e+00
1.40581369e+00
1.42000473e+00
1.40180552e+00
1.40233946e+00
1.41711688e+00
1.36680746e+00
1.37962079e+00
1.39958131e+00
1.38396299e+00
1.38842475e+00
1.40767801e+00
1.39737320e+00
1.40466464e+00
1.39899647e+00
1.37953711e+00
1.43828094e+00
1.33877730e+00
1.18513703e+00
1.38573074e+00
1.43722808e+00
1.38772905e+00
1.39845598e+00
1.39580703e+00
1.38357031e+00
1.36637080e+00
1.39726543e+00
1.37905467e+00
1.38061488e+00
1.38660777e+00
1.39117420e+00
1.40172517e+00
1.39240229e+00
1.38084686e+00
1.36625624e+00
1.35384917e+00
1.36087286e+00
1.36652923e+00
1.35340571e+00
1.37943828e+00
1.37441015e+00
1.38469303e+00
1.39327180e+00
1.36579835e+00
1.35596025e+00
1.37008834e+00
1.36356556e+00
1.35824811e+00
1.35775530e+00
1.34031129e+00
1.36819994e+00
1.36790168e+00
1.37025511e+00
1.37389708e+00
1.35369933e+00
1.33812046e+00
1.38226330e+00
1.35419357e+00
1.33668816e+00
1.36814117e+00
1.36811388e+00
1.35629046e+00
1.35124266e+00
1.34376454e+00
1.36619699e+00
1.36630964e+00
1.34263492e+00
1.36642456e+00
1.34530306e+00
1.35022008e+00
1.36257279e+00
1.33271503e+00
1.30782819e+00
1.35301816e+00
1.35856092e+00
1.35892081e+00
1.34319162e+00
1.31900072e+00
1.32665753e+00
1.32417774e+00
1.35664141e+00
1.34647274e+00
1.31143570e+00
1.31163561e+00
1.32243299e+00
1.34069097e+00
1.34803963e+00
1.36179090e+00
1.34735239e+00
1.33027875e+00
1.33752489e+00
1.32848370e+00
1.30731010e+00
1.32436562e+00
1.32006669e+00
1.29309988e+00
1.30737221e+00
1.31946266e+00
1.30796599e+00
1.32540727e+00
1.33221340e+00
1.31465018e+00
1.31885588e+00
1.32378078e+00
1.30412543e+00
1.33012307e+00
1.32527733e+00
1.32392251e+00
1.32457817e+00
1.28127074e+00
1.29878116e+00
1.30448556e+00
1.32278550e+00
1.32489526e+00
1.31853390e+00
1.31421494e+00
1.31888020e+00
1.27588344e+00
1.28640139e+00
1.32508886e+00
1.31767452e+00
1.31055796e+00
1.30019152e+00
1.29185283e+00
1.30058205e+00
1.30569458e+00
1.30416298e+00
1.32118273e+00
1.28715801e+00
1.28149104e+00
1.28845263e+00
1.29345250e+00
1.27066028e+00
1.29169834e+00
1.27611995e+00
1.28238416e+00
1.28862596e+00
1.26982081e+00
1.28951216e+00
1.30704427e+00
1.29315960e+00
1.27172947e+00
1.25956619e+00
1.26773238e+00
1.26853931e+00
1.26267409e+00
1.27388644e+00
1.25925756e+00
1.24573302e+00
1.24563289e+00
1.25125372e+00
1.27801692e+00
1.27468872e+00
1.27893889e+00
1.28158641e+00
1.28697538e+00
1.26366508e+00
1.28583646e+00
1.27361608e+00
1.27775908e+00
1.25792801e+00
1.25722277e+00
1.28518927e+00
1.23683786e+00
1.27823961e+00
1.27622032e+00
1.25247061e+00
1.25000501e+00
1.26131809e+00
1.28084242e+00
1.28191495e+00
1.26930535e+00
1.25997913e+00
1.26018214e+00
1.26570380e+00
1.24662721e+00
1.25145924e+00
1.24421906e+00
1.25461614e+00
1.27842307e+00
1.26770568e+00
1.19945872e+00
1.23705697e+00
1.22109962e+00
1.21810257e+00
1.23727655e+00
1.22755599e+00
1.24839747e+00
1.21977854e+00
1.23526502e+00
1.25665319e+00
1.24523222e+00
1.23637760e+00
1.26013792e+00
1.23032033e+00
1.24723780e+00
1.24798226e+00
1.23389840e+00
1.24851418e+00
1.23044384e+00
1.24020755e+00
1.20107782e+00
1.17887962e+00
1.22120345e+00
1.23987603e+00
1.20724428e+00
1.22920489e+00
1.19127834e+00
1.20434570e+00
1.24071312e+00
1.19761455e+00
1.24062705e+00
1.20439279e+00
1.21327317e+00
1.23249841e+00
1.21193314e+00
1.20909595e+00
1.18119252e+00
1.23970020e+00
1.22397900e+00
1.20302975e+00
1.19642043e+00
1.21748674e+00
1.17106926e+00
1.19904900e+00
1.21569037e+00
1.21157837e+00
1.22108674e+00
1.20715415e+00
1.22973585e+00
1.18399942e+00
1.18864214e+00
1.19503641e+00
1.19282794e+00
1.19955277e+00
1.20210791e+00
1.19398379e+00
1.20726299e+00
1.22114360e+00
1.21088719e+00
1.21668935e+00
1.22540963e+00
1.21969211e+00
1.19207382e+00
1.19555640e+00
1.20346940e+00
1.20212960e+00
1.19555390e+00
1.16160989e+00
1.16810632e+00
1.19008982e+00
1.19334090e+00
1.18236601e+00
1.16269279e+00
1.08596087e+00
1.10571635e+00
1.18370032e+00
1.19439292e+00
1.15583098e+00
1.13814855e+00
1.16730499e+00
1.15145338e+00
1.18195629e+00
1.22974324e+00
1.19561648e+00
1.21487606e+00
1.17915881e+00
1.18838096e+00
1.17573225e+00
1.15912402e+00
1.20130897e+00
1.19053996e+00
1.17771983e+00
1.19372547e+00
1.18930376e+00
1.18898618e+00
1.19137239e+00
1.13034141e+00
1.14444792e+00
1.17514372e+00
1.17016077e+00
1.18455207e+00
1.20189357e+00
1.16066706e+00
1.14703023e+00
1.14597976e+00
1.16619146e+00
1.16870785e+00
1.18633318e+00
1.18241286e+00
1.17059076e+00
1.16238034e+00
1.15942478e+00
1.14846146e+00
1.15547204e+00
1.16924787e+00
1.15498185e+00
1.16759217e+00
1.16355705e+00
1.15329707e+00
1.17201865e+00
1.19727075e+00
1.14569569e+00
1.13712823e+00
1.15189409e+00
1.15391994e+00
1.15495324e+00
1.16730893e+00
1.14301622e+00
1.18378806e+00
1.19030392e+00
1.14546573e+00
1.13150775e+00
1.13267910e+00
1.15110302e+00
1.16048729e+00
1.15621328e+00
1.12497628e+00
1.13327861e+00
1.14855266e+00
1.14485979e+00
1.15678990e+00
1.14859939e+00
1.13673508e+00
1.13380635e+00
1.15311718e+00
1.11479342e+00
1.13379264e+00
1.13922715e+00
1.11640799e+00
1.16323662e+00
1.16290581e+00
1.14614904e+00
1.16060615e+00
1.12028515e+00
1.10196233e+00
1.13764882e+00
1.11931551e+00
1.17283750e+00
1.15070558e+00
1.16735876e+00
1.18840003e+00
1.14162683e+00
1.12865722e+00
1.14313352e+00
1.15688777e+00
1.12575352e+00
1.11578810e+00
1.13033092e+00
1.11638403e+00
1.10767508e+00
1.14119875e+00
1.13194883e+00
1.09666491e+00
1.11421418e+00
1.10823429e+00
1.12822068e+00
1.12584293e+00
1.10467744e+00
1.09193671e+00
1.10557520e+00
1.13189793e+00
1.10248709e+00
1.08635068e+00
1.11976707e+00
1.12205803e+00
1.10825932e+00
1.05626082e+00
1.11656642e+00
1.09402525e+00
1.07368124e+00
1.10725558e+00
1.12212563e+00
1.11203420e+00
1.08177316e+00
1.11479080e+00
1.10949266e+00
1.08440614e+00
1.09712923e+00
1.07853341e+00
1.13238394e+00
1.10343075e+00
1.08818591e+00
1.09997129e+00
1.08223879e+00
1.08061242e+00
1.09975278e+00
1.12246037e+00
1.11764967e+00
1.08293366e+00
1.05365825e+00
1.10913134e+00
1.08516121e+00
1.08837080e+00
1.13067317e+00
1.11571491e+00
1.07127774e+00
1.08591211e+00
1.07422304e+00
1.08596277e+00
1.10022056e+00
1.08955324e+00
1.06573904e+00
1.10683870e+00
1.10545802e+00
1.10107553e+00
1.06635511e+00
1.05962229e+00
1.11973131e+00
1.10568297e+00
1.07810056e+00
1.05849457e+00
1.05939794e+00
1.07402980e+00
1.09502196e+00
1.07289779e+00
1.07490504e+00
1.07688868e+00
1.07416368e+00
1.08194602e+00
1.04904604e+00
1.06548846e+00
1.07359242e+00
1.07080448e+00
1.06167567e+00
1.07315791e+00
1.09215677e+00
1.07644153e+00
1.06219733e+00
1.08065498e+00
1.08356476e+00
1.05673909e+00
1.05237460e+00
1.06441200e+00
1.09092784e+00
1.07669747e+00
1.05378532e+00
1.05613005e+00
1.07491422e+00
1.07397890e+00
1.05262792e+00
1.04581988e+00
1.05370903e+00
1.06267071e+00
1.05151296e+00
1.06630754e+00
1.07046878e+00
1.02768147e+00
1.00000000e+00
1.03179359e+00
1.01924467e+00
1.03835452e+00
1.02294242e+00
1.04058814e+00
1.05710387e+00
1.05098081e+00
1.03300071e+00
1.01676571e+00
1.02298772e+00
1.03116608e+00
1.01794863e+00
1.02928543e+00
1.05174339e+00
1.00702858e+00
1.02343333e+00
1.03173125e+00
1.03670073e+00
1.02049196e+00
1.02049899e+00
1.04476905e+00
1.04712725e+00
1.02668059e+00
1.03785074e+00
1.04451215e+00
1.02261734e+00
1.03268170e+00
1.05386686e+00
1.04029858e+00
1.02091563e+00
1.03009820e+00
1.06555212e+00
9.79593456e-01
1.01459575e+00
1.01672351e+00
1.00886214e+00
1.00426149e+00
1.00979114e+00
1.04914379e+00
1.05368352e+00
1.04334724e+00
1.00267327e+00
9.83600914e-01
1.00245678e+00
1.04889798e+00
1.01206982e+00
9.90538657e-01
1.00568366e+00
1.01819181e+00
1.01696241e+00
1.01272941e+00
1.00945807e+00
9.94074702e-01
1.00752282e+00
1.03006816e+00
1.03664029e+00
1.03420937e+00
9.97791708e-01
1.00236678e+00
9.88506258e-01
9.75115418e-01
1.00827026e+00
1.01160514e+00
9.78699744e-01
9.92494762e-01
1.00958848e+00
1.00494969e+00
1.00466692e+00
1.01427102e+00
9.63443637e-01
9.88734424e-01
1.00662732e+00
9.95034814e-01
1.00037003e+00
9.79144633e-01
9.87264693e-01
9.86585498e-01
9.80107009e-01
9.75841105e-01
9.90705967e-01
9.81238723e-01
1.01023877e+00
1.00571227e+00
9.81820166e-01
9.93408620e-01
1.00794256e+00
9.97056425e-01
1.03645051e+00
1.00980365e+00
9.58754778e-01
9.72099125e-01
1.00763619e+00
9.74427402e-01
9.90286648e-01
1.00286186e+00
9.69971061e-01
9.17980313e-01
9.60957646e-01
1.08100832e+00
1.00222373e+00
7.74777353e-01
8.96526039e-01
1.10300148e+00
1.09018469e+00
1.00928271e+00
9.15795505e-01
9.15718019e-01
9.40639794e-01
9.75018859e-01
9.91080105e-01
9.72139597e-01
9.69392121e-01
9.71356511e-01
9.77979779e-01
9.60147262e-01
9.57027495e-01
9.69703019e-01
9.46555078e-01
9.75464225e-01
9.75811064e-01
9.52580214e-01
9.62240458e-01
9.57226157e-01
9.75491762e-01
9.72365618e-01
9.58667099e-01
9.60552752e-01
9.52420950e-01
9.58510339e-01
9.73489523e-01
9.47244823e-01
9.32913005e-01
9.45632994e-01
9.59376574e-01
9.68747437e-01
9.39646125e-01
9.41643715e-01
9.53003168e-01
9.36785281e-01
9.45845008e-01
9.26536202e-01
9.09181416e-01
9.39053237e-01
9.38021183e-01
9.33256686e-01
9.80067849e-01
9.29338217e-01
9.54175055e-01
9.36479211e-01
9.39617753e-01
9.40729737e-01
9.08042252e-01
9.55339193e-01
9.32337165e-01
9.39024329e-01
9.34652030e-01
9.23707008e-01
9.37008142e-01
9.39492822e-01
9.20476198e-01
9.16246176e-01
9.30584490e-01
9.24806952e-01
8.97339046e-01
9.32282627e-01
9.28818166e-01
9.23934460e-01
9.23113883e-01
9.15125549e-01
9.27544475e-01
9.02995586e-01
9.24110591e-01
9.42923248e-01
9.17411089e-01
9.19720471e-01
9.38890219e-01
9.25334573e-01
9.19687986e-01
9.03132081e-01
8.96832466e-01
9.14276898e-01
9.30565655e-01
9.05168056e-01
9.07814264e-01
8.91451955e-01
8.94036233e-01
9.07051206e-01
8.92449617e-01
9.22827482e-01
8.99098217e-01
8.81056905e-01
8.93832147e-01
9.09251571e-01
9.08273578e-01
9.09205854e-01
8.96242321e-01
9.19396579e-01
9.27276671e-01
9.00415242e-01
8.83542717e-01
8.85956228e-01
8.81708503e-01
8.90924156e-01
8.96849573e-01
8.73273671e-01
8.62928212e-01
8.88892114e-01
8.71749163e-01
8.67465019e-01
8.76313388e-01
8.62920403e-01
8.55753779e-01
9.12602127e-01
8.79246891e-01
8.56885076e-01
8.68484139e-01
8.65968704e-01
8.70908439e-01
8.65338206e-01
8.53484809e-01
8.30524266e-01
8.27322483e-01
8.38274479e-01
8.29068244e-01
8.48522305e-01
8.33987415e-01
8.26324999e-01
8.31893086e-01
8.32716465e-01
8.39721203e-01
8.46134663e-01
8.29303682e-01
7.73917496e-01
8.00065398e-01
8.34079683e-01
7.95384526e-01
8.10577154e-01
8.43049943e-01
8.27232242e-01
8.11879992e-01
8.17294598e-01
8.17785740e-01
7.79294908e-01
7.92106390e-01
7.86875486e-01
7.69412458e-01
7.72997439e-01
7.77901888e-01
7.66639233e-01
7.82854974e-01
7.76025891e-01
7.56222785e-01
7.47083247e-01
7.60458589e-01
7.53333926e-01
7.72014499e-01
7.50252962e-01
7.32845783e-01
7.26495862e-01
7.03689516e-01
6.99997306e-01
6.81781828e-01
6.95639729e-01
7.01583385e-01
6.85226440e-01
6.69823468e-01
6.76892400e-01
6.58213079e-01
6.19128644e-01
6.00576758e-01
6.02695167e-01
6.11817360e-01
5.99810719e-01
5.17090678e-01
4.94542360e-01
5.18824637e-01
4.92509305e-01
4.93697971e-01
5.60487866e-01
5.67064762e-01
5.91700494e-01
6.07597351e-01
6.06517553e-01
6.27377868e-01
6.21270299e-01
6.54500484e-01
6.58502638e-01
6.72807038e-01
6.71501994e-01
6.72646880e-01
6.96113765e-01
6.73301101e-01
7.01719880e-01
7.19631672e-01
7.04205751e-01
6.96988821e-01
7.33487010e-01
7.21026182e-01
7.00901747e-01
7.15600789e-01
7.36987233e-01
7.41059661e-01
7.07095861e-01
7.44912565e-01
7.62734175e-01
7.56056845e-01
7.66461432e-01
7.71758258e-01
7.81614304e-01
7.57058620e-01
7.53411889e-01
7.68594742e-01
7.63974488e-01
7.70319104e-01
7.62797296e-01
7.48997867e-01
7.88917899e-01
7.92237818e-01
7.77776778e-01
7.93093145e-01
7.91156054e-01
7.87263989e-01
7.81845927e-01
8.01939249e-01
8.14605892e-01
7.73280919e-01
7.82001317e-01
7.83984721e-01
7.89521277e-01
8.12370896e-01
8.29234779e-01
8.06889892e-01
8.03473234e-01
7.84567356e-01
8.00727963e-01
7.94214010e-01
7.79627919e-01
8.10808063e-01
8.13302100e-01
7.96175838e-01
7.93437779e-01
7.96259582e-01
7.86726773e-01
8.01216304e-01
8.25966179e-01
8.11636031e-01
7.96962440e-01
8.06119502e-01
8.06504786e-01
7.95666695e-01
7.79357851e-01
7.92527735e-01
8.07501316e-01
8.11244786e-01
8.15382481e-01
8.21427107e-01
8.00557315e-01
8.02049577e-01
8.06233943e-01
8.17104876e-01
8.12738240e-01
7.96280265e-01
8.32736492e-01
7.98777282e-01
8.16221416e-01
8.09814513e-01
7.84567535e-01
8.15990925e-01
7.93192565e-01
8.12104166e-01
8.04328918e-01
7.95437872e-01
7.83867896e-01
7.69638896e-01
7.89412796e-01
7.98181474e-01
8.00158978e-01
8.03239584e-01
8.08137834e-01
8.02349448e-01
7.78689146e-01
7.81903625e-01
8.00111175e-01
7.97213495e-01
7.73465872e-01
7.84105182e-01
7.88956046e-01
8.05205345e-01
7.79330909e-01
7.71597028e-01
7.96766818e-01
7.88804770e-01
7.92106986e-01
7.95257092e-01
8.00702870e-01
7.93965161e-01
7.92252183e-01
7.85518706e-01
8.08192253e-01
7.97081709e-01
7.93489456e-01
7.92826593e-01
7.84148633e-01
7.93648481e-01
8.04754257e-01
7.70175457e-01
7.59801984e-01
7.86999106e-01
8.10786664e-01
7.89064646e-01
7.72062957e-01
7.90973425e-01
7.93304622e-01
7.88594306e-01
7.97554433e-01
8.02115202e-01
8.15096140e-01
7.90234864e-01
8.27427030e-01
8.14060926e-01
7.91950524e-01
7.90017009e-01
7.74773657e-01
7.65073001e-01
7.77728081e-01
7.75092244e-01
7.65708029e-01
7.98780501e-01
7.68874943e-01
7.56980658e-01
7.76857555e-01
7.85357058e-01
7.71211624e-01
7.73218393e-01
7.83079207e-01
7.82317519e-01
7.89058805e-01
7.81710625e-01
7.73249388e-01
7.85755694e-01
7.63982058e-01
7.62664557e-01
7.73943067e-01
7.96586871e-01
7.84147263e-01
7.42423356e-01
7.75669873e-01
7.65273750e-01
7.55201638e-01
7.69435465e-01
7.58006752e-01
7.13994920e-01
7.80021012e-01
7.52714872e-01
7.66614914e-01
7.87134469e-01
7.75641918e-01
7.79821992e-01
7.68848658e-01
7.63393700e-01
7.50490904e-01
7.60061800e-01
7.67800331e-01
7.58382916e-01
7.71878183e-01
7.67345369e-01
7.52655327e-01
7.52891362e-01
7.63020635e-01
7.38419473e-01
7.52281427e-01
7.60410190e-01
7.46627927e-01
7.67075419e-01
7.79944360e-01
7.30688810e-01
7.46870756e-01
7.72249222e-01
7.50337839e-01
7.49522567e-01
7.73273528e-01
7.48180985e-01
7.81268477e-01
7.68251657e-01
7.56783307e-01
7.52996087e-01
7.54811049e-01
7.59428382e-01
7.49981046e-01
7.38922596e-01
7.59240389e-01
7.67066061e-01
7.42029250e-01
7.48495519e-01
7.46200323e-01
7.47970581e-01
7.57861674e-01
7.64098883e-01
7.51641810e-01
7.53957987e-01
7.58376598e-01
7.40759850e-01
7.48595476e-01
7.39992321e-01
7.42745221e-01
7.67794073e-01
7.17468143e-01
7.38690078e-01
7.35580027e-01
7.29404986e-01
7.53136098e-01
7.52196014e-01
7.31877625e-01
7.54105210e-01
7.55937159e-01
7.32555807e-01
7.23249912e-01
7.58134067e-01
7.41146207e-01
7.25017905e-01
7.24186182e-01
7.42003798e-01
7.42824793e-01
7.10350513e-01
7.34623075e-01
7.41570413e-01
7.37385690e-01
7.38134265e-01
7.24503577e-01
7.16465592e-01
7.25335836e-01
7.19280124e-01
7.36062646e-01
7.34860241e-01
7.21726000e-01
7.42756784e-01
7.21957445e-01
7.00701833e-01
7.19919086e-01
7.17223883e-01
7.08638668e-01
7.47981548e-01
7.24277198e-01
7.13070631e-01
7.37071693e-01
7.31468558e-01
7.12571442e-01
7.27508008e-01
7.27773786e-01
7.26738036e-01
7.21924484e-01
7.20927119e-01
7.24745333e-01
7.12405622e-01
7.03300595e-01
7.25960791e-01
7.26721823e-01
7.13790536e-01
7.22541273e-01
7.40907848e-01
7.12267339e-01
7.16249764e-01
7.07345486e-01
7.03434527e-01
7.21567154e-01
7.23039746e-01
7.06126928e-01
7.14116454e-01
6.99967623e-01
7.08336055e-01
7.27366924e-01
7.13597238e-01
6.92398667e-01
7.17439711e-01
7.28662074e-01
7.26381600e-01
7.15037584e-01
7.06238210e-01
7.20691562e-01
7.13513553e-01
7.15520084e-01
7.15735495e-01
6.99724793e-01
7.13404357e-01
7.13075280e-01
7.04777479e-01
7.01459706e-01
6.93165481e-01
6.98182285e-01
7.04553545e-01
6.83115721e-01
6.89746439e-01
7.06386447e-01
7.02883422e-01
6.91840947e-01
6.89586222e-01
6.93358660e-01
6.83817267e-01
6.89657271e-01
7.02154160e-01
6.93685412e-01
6.84633374e-01
6.79235101e-01
6.90231681e-01
6.97874367e-01
7.07864106e-01
7.01831520e-01
6.86507642e-01
6.94191217e-01
6.96141601e-01
6.95735157e-01
6.99447155e-01
7.04809666e-01
6.90337598e-01
6.77738070e-01
6.88149095e-01
6.95528984e-01
6.85494542e-01
6.76900089e-01
6.93293869e-01
7.02088177e-01
7.00466096e-01
6.81088865e-01
6.91812098e-01
7.09031761e-01
6.95488989e-01
6.91422462e-01
6.92608714e-01
6.91991568e-01
6.92990303e-01
6.87176704e-01
6.80098653e-01
6.91276431e-01
6.72074318e-01
6.84928119e-01
6.88577056e-01
6.72174513e-01
6.78610086e-01
6.62126839e-01
6.79147422e-01
6.78203046e-01
6.82379484e-01
6.88402057e-01
6.87916100e-01
6.79269254e-01
6.85187161e-01
6.74591601e-01
6.65409267e-01
6.76523089e-01
6.70776844e-01
6.73064470e-01
6.73712552e-01
6.65787458e-01
6.51341498e-01
6.56267583e-01
6.75620377e-01
6.68411791e-01
6.63260043e-01
6.54504597e-01
6.65191948e-01
6.70136750e-01
6.62460744e-01
6.71039343e-01
6.86456203e-01
6.73384190e-01
6.74206078e-01
6.86322510e-01
6.66760683e-01
6.93473279e-01
6.63203359e-01
6.45052195e-01
6.68575585e-01
6.73787236e-01
6.53911233e-01
6.54594481e-01
6.64337099e-01
6.53916538e-01
6.55301034e-01
6.60909295e-01
6.65526509e-01
6.78188086e-01
6.62397921e-01
6.53127551e-01
6.40528023e-01
6.55689955e-01
6.79611325e-01
6.84755683e-01
6.58336461e-01
6.50663137e-01
6.63331807e-01
6.64840937e-01
6.58154905e-01
6.83478236e-01
6.47924960e-01
6.42961025e-01
6.46589518e-01
6.47860527e-01
6.59378707e-01
6.42715275e-01
6.36386514e-01
6.45775437e-01
6.62118614e-01
6.52359188e-01
6.45056784e-01
6.42813504e-01
6.36406243e-01
6.62437856e-01
6.59040809e-01
6.33632958e-01
6.48017943e-01
6.50724530e-01
6.51115358e-01
6.56766713e-01
6.52088821e-01
6.43005252e-01
6.52763963e-01
6.41746283e-01
6.40146017e-01
6.33069932e-01
6.40375853e-01
6.56591713e-01
6.56022847e-01
6.35892510e-01
6.58444822e-01
6.54963732e-01
6.26879990e-01
6.36689603e-01
6.51929200e-01
6.25780523e-01
6.31844878e-01
6.45315230e-01
6.45979166e-01
6.38783634e-01
6.19235158e-01
6.16031706e-01
6.47957087e-01
6.58025444e-01
6.43369079e-01
6.33052051e-01
6.40267849e-01
6.27269566e-01
6.38391435e-01
6.45510674e-01
6.38518512e-01
6.51927114e-01
6.40767872e-01
5.84451318e-01
6.08423948e-01
6.32095695e-01
6.34355247e-01
6.29562378e-01
6.59464538e-01
6.36069536e-01
6.23444080e-01
6.35348141e-01
6.24859750e-01
6.21752560e-01
6.39123023e-01
6.25664830e-01
6.51813805e-01
6.46559119e-01
6.19616270e-01
6.13548219e-01
6.26961172e-01
6.26065910e-01
6.32642150e-01
6.40751779e-01
6.37866914e-01
6.30048156e-01
6.27984524e-01
6.36586666e-01
6.28174603e-01
6.32227778e-01
6.29878223e-01
6.07748091e-01
6.41512096e-01
6.07459426e-01
6.13694489e-01
6.29756331e-01
6.16006792e-01
6.04090512e-01
6.19200826e-01
6.23980224e-01
6.15758538e-01
6.15908504e-01
6.24742866e-01
6.27419114e-01
6.34594321e-01
6.10929430e-01
6.13486886e-01
6.25574529e-01
6.27617717e-01
6.29114389e-01
6.20908558e-01
6.12537265e-01
6.36507154e-01
6.19466543e-01
6.06182575e-01
6.12053335e-01
6.13967299e-01
6.19603932e-01
6.24381483e-01
6.05884969e-01
6.10913277e-01
6.33539617e-01
6.11347318e-01
6.20348275e-01
6.15450084e-01
6.18835747e-01
6.15651488e-01
5.97176194e-01
6.10682964e-01
6.19023383e-01
5.97166896e-01
6.11609817e-01
6.08443618e-01
5.93729496e-01
6.05743766e-01
5.88993788e-01
6.11307383e-01
5.97731054e-01
5.98070741e-01
6.20010197e-01
6.03556514e-01
5.96138656e-01
6.21347487e-01
6.25440836e-01
6.13869131e-01
6.04108214e-01
6.12666190e-01
6.14282250e-01
5.90935528e-01
5.93709826e-01
6.01895809e-01
5.92851400e-01
5.96564651e-01
6.11676812e-01
5.98472655e-01
5.95955729e-01
5.96547186e-01
6.12127066e-01
6.20651841e-01
5.74148715e-01
5.77646375e-01
5.84612191e-01
5.99521816e-01
6.00154459e-01
5.88364840e-01
5.92850924e-01
5.97493351e-01
5.92971027e-01
5.93292356e-01
6.12836599e-01
6.03634417e-01
5.96950948e-01
5.90918005e-01
6.07112765e-01
5.97687423e-01
5.80315828e-01
5.90549171e-01
6.02040768e-01
5.84397674e-01
6.02014303e-01
6.08679295e-01
5.76753795e-01
5.71760893e-01
5.77569485e-01
5.75301409e-01
5.82607925e-01
6.05984271e-01
5.99621594e-01
5.78298628e-01
5.88523865e-01
5.77356279e-01
5.85743427e-01
5.88513255e-01
5.81040144e-01
6.06670380e-01
5.92034042e-01
5.90120673e-01
5.99539638e-01
5.91996253e-01
5.77700615e-01
5.71710110e-01
5.77700436e-01
5.94528377e-01
5.83668947e-01
5.78781962e-01
5.75472474e-01
5.73084712e-01
5.62770247e-01
5.75656176e-01
5.78074217e-01
5.86042643e-01
5.98030388e-01
5.59752584e-01
5.70884109e-01
5.79063594e-01
5.52296937e-01
5.65592468e-01
5.84236026e-01
5.65034151e-01
5.82098007e-01
5.64901948e-01
5.73145688e-01
5.74372709e-01
5.66832244e-01
5.68952441e-01
5.67884922e-01
5.58434069e-01
5.51745176e-01
5.63220918e-01
5.63570976e-01
5.34282744e-01
5.86677730e-01
5.79659522e-01
5.82109928e-01
5.86844921e-01
5.71901679e-01
5.46378374e-01
5.58194935e-01
5.19448340e-01
5.53863227e-01
5.77179849e-01
5.41449666e-01
5.99020302e-01
5.27227223e-01
5.75081110e-01
5.65742493e-01
5.51073194e-01
5.62297106e-01
5.29628098e-01
5.84885836e-01
5.40457428e-01
5.35455048e-01
5.36001503e-01
5.44796407e-01
5.63935459e-01
5.28153658e-01
5.61239302e-01
5.46530604e-01
5.49671352e-01
5.80562472e-01
5.76491058e-01
5.60501933e-01
5.69009900e-01
5.58217227e-01
5.58833718e-01
5.67912400e-01
5.64680457e-01
5.62890828e-01
5.54019868e-01
5.43737531e-01
5.49024165e-01
5.61132073e-01
5.51782191e-01
5.35482228e-01
5.51642120e-01
5.46658933e-01
5.59341609e-01
5.68621516e-01
5.54393411e-01
5.47232509e-01
5.44456720e-01
5.63224614e-01
5.66477716e-01
5.50371468e-01
5.46975255e-01
5.37531912e-01
5.56411564e-01
5.67817271e-01
5.53688884e-01
5.37494540e-01
5.75790524e-01
5.47328770e-01
5.29330254e-01
5.51887572e-01
5.52412868e-01
5.42874217e-01
5.21732807e-01
5.39206207e-01
5.41791797e-01
5.31270087e-01
5.43967247e-01
5.56397617e-01
5.55844188e-01
5.52849948e-01
5.55105925e-01
5.46254992e-01
5.55997670e-01
5.71217418e-01
5.57087839e-01
5.32050610e-01
5.47668517e-01
5.61815500e-01
5.44827223e-01
5.24914384e-01
5.39821446e-01
5.47853529e-01
5.64180255e-01
5.53415477e-01
5.42126656e-01
5.38840175e-01
5.28836429e-01
5.58253646e-01
5.42487085e-01
5.29510081e-01
5.34388423e-01
5.50003171e-01
5.35160780e-01
5.45749247e-01
5.40966570e-01
5.54631591e-01
5.38289070e-01
5.07926941e-01
5.23587227e-01
5.52735567e-01
5.29143333e-01
5.26081383e-01
5.31603456e-01
5.43845415e-01
5.55627048e-01
5.01256585e-01
5.43720126e-01
5.51081121e-01
5.43574870e-01
5.36794066e-01
4.98179168e-01
5.33966243e-01
5.25629938e-01
5.20893812e-01
5.28697670e-01
5.23878157e-01
5.20163953e-01
5.35543144e-01
5.17413080e-01
5.07019520e-01
5.19434750e-01
5.33950448e-01
5.35414279e-01
5.22121668e-01
5.27156830e-01
5.26498437e-01
5.26869357e-01
5.30864716e-01
5.27592480e-01
5.21279633e-01
5.05828500e-01
5.14586449e-01
5.18935263e-01
5.04329622e-01
5.31728268e-01
5.28908610e-01
5.26209116e-01
5.28219283e-01
5.26283145e-01
5.20446897e-01
5.22757947e-01
5.15776038e-01
4.97439802e-01
5.05134165e-01
5.16446292e-01
5.30065775e-01
5.26983798e-01
5.21865726e-01
5.27780414e-01
5.23385167e-01
5.23295999e-01
5.14521182e-01
5.16974568e-01
5.06483972e-01
5.30095875e-01
5.14719665e-01
5.14049947e-01
5.19323647e-01
4.78472769e-01
5.07637382e-01
5.05741775e-01
5.10323048e-01
5.12037635e-01
5.04401565e-01
5.02982616e-01
5.04188180e-01
5.02478182e-01
5.22138000e-01
5.22756696e-01
4.81976390e-01
4.73563224e-01
5.53419411e-01
5.31124115e-01
5.18108785e-01
4.88030612e-01
4.76589739e-01
5.33682466e-01
4.96244848e-01
4.97183770e-01
5.08689940e-01
5.12378156e-01
5.19114077e-01
5.16663671e-01
4.97220904e-01
5.03409505e-01
5.02345383e-01
5.07485271e-01
5.09419799e-01
5.12862682e-01
4.89757031e-01
4.99868751e-01
5.21951497e-01
5.15444577e-01
4.92642492e-01
4.86636311e-01
5.08438110e-01
4.86425191e-01
4.84323978e-01
4.93069351e-01
5.13042986e-01
5.36383450e-01
5.00342727e-01
5.06401896e-01
5.10672569e-01
5.01829386e-01
4.91193831e-01
4.94987398e-01
5.13663411e-01
5.10912657e-01
5.13812840e-01
4.99600708e-01
4.82752293e-01
4.89389598e-01
4.60478008e-01
4.91205931e-01
5.39925754e-01
5.37221313e-01
5.10285497e-01
5.04295528e-01
4.95378286e-01
4.95186687e-01
4.92815644e-01
4.93600249e-01
4.94537920e-01
4.67993438e-01
4.27188307e-01
4.65338558e-01
4.90862966e-01
4.96343285e-01
4.85466808e-01
4.74920839e-01
4.58666623e-01
4.84415859e-01
5.22595346e-01
5.03392220e-01
5.05063057e-01
5.33263803e-01
4.12351459e-01
4.57840830e-01
4.95277822e-01
4.82193410e-01
4.83363867e-01
4.88338888e-01
4.92859513e-01
4.87703413e-01
4.73268270e-01
4.82976466e-01
4.96397585e-01
4.83964771e-01
4.94107991e-01
4.89175647e-01
4.69250172e-01
4.61833894e-01
4.96885210e-01
5.05299211e-01
4.93882865e-01
5.00231206e-01
4.89826411e-01
4.79588032e-01
4.78689104e-01
4.99812275e-01
5.07722855e-01
4.85868961e-01
4.80193704e-01
4.95354265e-01
4.92681623e-01
4.86287326e-01
4.91804510e-01
4.76540774e-01
4.65594769e-01
4.82656777e-01
4.86524284e-01
4.57036495e-01
4.93775845e-01
5.00161946e-01
4.78735983e-01
4.73123699e-01
4.86580163e-01
4.83125329e-01
4.93684471e-01
4.88876641e-01
4.71189171e-01
4.80429769e-01
5.00071228e-01
4.63986576e-01
5.00504494e-01
4.78985012e-01
4.70739543e-01
4.87239540e-01
4.84825552e-01
4.67568278e-01
4.93124694e-01
4.63419586e-01
4.79291618e-01
4.92489964e-01
4.64795023e-01
4.70737189e-01
4.70814407e-01
4.80829060e-01
4.75619286e-01
4.71449226e-01
4.90197420e-01
4.76615906e-01
4.85693932e-01
4.81990337e-01
4.68803138e-01
4.70800340e-01
4.70327079e-01
4.60825711e-01
4.45846319e-01
4.80086595e-01
4.79916364e-01
4.65139031e-01
4.70589072e-01
4.52009887e-01
4.58384961e-01
4.66586709e-01
4.69973207e-01
4.72518384e-01
4.68136132e-01
4.65607733e-01
4.64243501e-01
4.61153239e-01
4.61825997e-01
4.63450044e-01
4.61886764e-01
4.76744264e-01
4.60610062e-01
4.61028516e-01
4.63257551e-01
4.61972237e-01
4.58468914e-01
4.74461108e-01
4.66748297e-01
4.53903198e-01
4.55568075e-01
4.55411106e-01
4.50940281e-01
4.49029386e-01
4.68641937e-01
4.65007633e-01
4.55275953e-01
4.61642683e-01
4.58746225e-01
4.50965524e-01
4.50604886e-01
4.53518957e-01
4.51542825e-01
4.58395958e-01
4.53669578e-01
4.51860160e-01
4.73565489e-01
4.60737288e-01
4.59117353e-01
4.59978551e-01
4.36551332e-01
4.38305944e-01
4.69411165e-01
4.69014198e-01
4.63519961e-01
4.51931298e-01
4.38130230e-01
4.41412956e-01
4.43032473e-01
4.49526012e-01
4.11593407e-01
4.04925197e-01
4.46700007e-01
4.43149596e-01
4.45787221e-01
4.38376129e-01
4.14091468e-01
4.37938005e-01
4.80228066e-01
4.52122867e-01
4.61612403e-01
4.35401976e-01
4.20127869e-01
4.52456862e-01
4.79146212e-01
4.45239902e-01
4.64155585e-01
4.41168457e-01
4.36387062e-01
4.52670187e-01
4.43636835e-01
4.36417252e-01
4.46141779e-01
4.48521286e-01
4.54206526e-01
4.49460864e-01
4.33349371e-01
4.63652402e-01
4.37231153e-01
4.33941543e-01
4.40637559e-01
4.45464194e-01
4.47009116e-01
4.39040452e-01
4.36447412e-01
3.45225334e-01
4.10690099e-01
5.31421423e-01
4.63104129e-01
4.36259478e-01
4.43478674e-01
4.51867461e-01
4.47355539e-01
4.25053596e-01
4.37987238e-01
4.57489222e-01
4.37930822e-01
4.24672693e-01
4.34210479e-01
4.47011560e-01
4.48702633e-01
4.38640594e-01
4.42766279e-01
4.55446303e-01
4.33920771e-01
4.12780732e-01
4.40918922e-01
4.57149416e-01
4.50214595e-01
4.43327010e-01
4.28980291e-01
4.04876381e-01
4.30270433e-01
4.61751580e-01
4.18604553e-01
4.01743084e-01
4.43822384e-01
4.43542689e-01
4.28894430e-01
4.54802424e-01
4.25085247e-01
4.37027574e-01
4.40601945e-01
4.34825659e-01
4.35543537e-01
4.31583822e-01
4.34721082e-01
4.21322823e-01
4.33563232e-01
4.29535627e-01
3.81878555e-01
3.60272884e-01
4.40337151e-01
4.38808292e-01
4.24035370e-01
4.26801771e-01
4.40883070e-01
4.45346594e-01
4.40965116e-01
4.32048023e-01
4.35810834e-01
4.15284812e-01
4.01021361e-01
4.46613044e-01
4.33865309e-01
4.31532234e-01
4.46880937e-01
4.43673909e-01
3.88402551e-01
4.10823017e-01
4.32760000e-01
4.21335697e-01
4.26647574e-01
4.26504642e-01
4.17613417e-01
4.21648413e-01
4.15315837e-01
4.19095218e-01
4.29182053e-01
4.25275266e-01
4.09774840e-01
4.31575567e-01
4.16687757e-01
4.31309283e-01
4.36087847e-01
4.15808141e-01
4.13771838e-01
4.24070418e-01
3.72867674e-01
4.23887253e-01
4.41508055e-01
4.09581751e-01
4.21686023e-01
4.24507111e-01
4.31759745e-01
4.28217977e-01
4.37960356e-01
4.30294484e-01
4.04284954e-01
4.21600252e-01
4.25241411e-01
4.13865030e-01
4.14225668e-01
4.12757099e-01
4.08441752e-01
4.13679540e-01
4.05375600e-01
4.06901389e-01
4.23056364e-01
4.12872255e-01
3.98261368e-01
4.18241560e-01
3.97824615e-01
4.08814043e-01
4.06932950e-01
4.09521937e-01
4.21766549e-01
3.97268713e-01
4.15875763e-01
4.18587178e-01
4.08724934e-01
4.07627642e-01
4.28379416e-01
4.20616060e-01
4.02841747e-01
3.99246752e-01
3.98782372e-01
4.04988110e-01
3.98061842e-01
4.09019232e-01
4.07591105e-01
4.00390089e-01
4.11611289e-01
4.18402433e-01
4.17827368e-01
3.93833697e-01
3.94191146e-01
4.12231296e-01
4.05523717e-01
4.01062071e-01
4.10558552e-01
4.03517962e-01
4.10113573e-01
4.05682594e-01
4.06682014e-01
4.12816346e-01
4.12864655e-01
4.02378529e-01
4.00208920e-01
4.18708533e-01
4.14793879e-01
4.18371618e-01
4.27618504e-01
4.17550415e-01
3.93875241e-01
3.99177134e-01
3.96607161e-01
4.08400953e-01
4.26698714e-01
4.30363864e-01
4.10516560e-01
3.90571505e-01
3.99360150e-01
4.22365934e-01
4.10689443e-01
3.98492336e-01
3.97154897e-01
4.06786203e-01
3.99833262e-01
3.75241667e-01
3.90454888e-01
4.07128811e-01
3.98873925e-01
4.12260920e-01
3.94575715e-01
3.84785295e-01
4.16690916e-01
3.96555334e-01
3.98599654e-01
4.11380470e-01
4.00740683e-01
3.98555845e-01
4.01529402e-01
3.97503376e-01
3.96446824e-01
4.03258294e-01
3.91447484e-01
3.93752277e-01
4.07587051e-01
3.86026174e-01
3.92817706e-01
3.96133989e-01
3.87952000e-01
3.87864262e-01
4.02739227e-01
4.01342243e-01
3.92571896e-01
3.99189234e-01
4.03400600e-01
3.96684140e-01
3.94303501e-01
3.92143786e-01
3.97037596e-01
3.84620696e-01
3.74672055e-01
3.85747463e-01
3.92841488e-01
3.94356400e-01
3.96100223e-01
3.93490314e-01
3.79823864e-01
3.72424483e-01
3.83728147e-01
3.86675537e-01
3.87801498e-01
3.75847399e-01
3.53933036e-01
3.37672353e-01
3.88499498e-01
3.92831594e-01
3.61353666e-01
3.84838969e-01
4.14713264e-01
3.96644711e-01
3.72112691e-01
3.51831913e-01
3.41156840e-01
4.14543509e-01
4.04679447e-01
3.62330943e-01
3.86992872e-01
3.75540674e-01
3.78757328e-01
3.62336099e-01
3.87536764e-01
3.91877860e-01
3.78103048e-01
3.93350780e-01
3.82103682e-01
3.86199772e-01
3.83000851e-01
3.72495592e-01
3.71720195e-01
3.78216743e-01
3.83212805e-01
3.87096316e-01
3.82937938e-01
3.70655626e-01
3.61012608e-01
3.07762086e-01
2.63016433e-01
3.64731461e-01
3.96683276e-01
3.69296312e-01
3.42799902e-01
3.55903953e-01
3.80539984e-01
3.78777564e-01
3.77808630e-01
3.82541001e-01
3.80257249e-01
3.60209227e-01
3.87137413e-01
3.78390372e-01
3.71734351e-01
3.77872556e-01
3.70575726e-01
3.80730510e-01
3.53263706e-01
3.50715458e-01
3.67593795e-01
3.89362037e-01
3.86622369e-01
3.78502280e-01
3.69973868e-01
3.63295525e-01
3.88282090e-01
3.71260911e-01
2.83041954e-01
3.59645605e-01
4.31230873e-01
4.08319354e-01
3.69931042e-01
3.67074817e-01
3.83311063e-01
3.79501730e-01
3.44862163e-01
3.44508111e-01
4.03420419e-01
4.00698930e-01
3.52731854e-01
3.74337345e-01
3.65949273e-01
3.88451815e-01
3.18525910e-01
2.55534381e-01
3.51823151e-01
4.24370587e-01
3.83837879e-01
3.70219529e-01
3.75247091e-01
3.64730626e-01
3.47785830e-01
3.62879366e-01
3.74715179e-01
3.58320832e-01
3.45521897e-01
3.32054317e-01
3.57959300e-01
3.81777555e-01
3.68879646e-01
3.74634027e-01
3.58299553e-01
3.25238496e-01
2.91805178e-01
3.47440690e-01
3.84547710e-01
3.73678625e-01
3.61534119e-01
3.53064507e-01
3.59402895e-01
3.58722419e-01
3.69281352e-01
3.40790212e-01
3.39912564e-01
3.53553087e-01
3.51972163e-01
3.48202586e-01
3.45477045e-01
3.28327030e-01
3.34461391e-01
3.46388191e-01
3.69526088e-01
3.92441660e-01
3.57646108e-01
2.85627484e-01
3.37912798e-01
