5.76059818e+00
5.74582958e+00
5.77464533e+00
5.78850079e+00
5.78053236e+00
5.84536219e+00
5.87601948e+00
5.72638988e+00
5.70133924e+00
5.83615685e+00
5.78122139e+00
5.82054567e+00
5.85710144e+00
5.75729942e+00
5.83885431e+00
5.67428923e+00
5.64835882e+00
5.79170513e+00
5.76625586e+00
5.67545128e+00
5.71048498e+00
5.69706249e+00
5.75591469e+00
5.68067884e+00
5.59075117e+00
5.66532564e+00
5.70028925e+00
5.72696686e+00
5.57962465e+00
5.50496244e+00
5.58700228e+00
5.49251986e+00
5.68500519e+00
5.69106627e+00
5.60418653e+00
5.74159479e+00
5.73836517e+00
5.59276533e+00
5.52802753e+00
5.61926603e+00
5.54496765e+00
5.40441465e+00
5.54784632e+00
5.59183788e+00
5.64936304e+00
5.63030481e+00
5.50212669e+00
5.62041140e+00
5.54489088e+00
5.60306025e+00
5.79044676e+00
5.59869719e+00
5.69091892e+00
5.60103703e+00
5.53656816e+00
5.60040712e+00
5.55453014e+00
5.68255138e+00
5.65602303e+00
5.57885981e+00
5.63146925e+00
5.64097786e+00
5.53006649e+00
5.47431850e+00
5.37712383e+00
5.33936596e+00
5.54456854e+00
5.47419691e+00
5.41062069e+00
5.54769468e+00
5.40189362e+00
5.28802919e+00
5.27919292e+00
5.31872559e+00
5.45569611e+00
5.36688757e+00
5.35455084e+00
5.37788677e+00
5.30443907e+00
5.27869463e+00
5.28710890e+00
5.23326015e+00
5.23078966e+00
5.11288548e+00
5.26049137e+00
5.27079010e+00
5.19014931e+00
5.12481689e+00
5.10622883e+00
5.07113647e+00
5.16043568e+00
5.05268049e+00
5.06971216e+00
5.08543587e+00
5.06534576e+00
4.96059752e+00
4.92136812e+00
5.14317989e+00
4.90950680e+00
4.83623219e+00
4.88143110e+00
4.82432222e+00
4.92074680e+00
4.88320398e+00
4.79645777e+00
4.90063667e+00
4.89950132e+00
4.93733168e+00
5.00409031e+00
4.94287062e+00
4.91693354e+00
4.97581577e+00
4.97117949e+00
5.02509308e+00
5.14697218e+00
5.00832891e+00
5.13918018e+00
5.22112036e+00
5.03761292e+00
5.11654091e+00
5.12542534e+00
5.08369637e+00
5.11464500e+00
5.10845280e+00
5.23506737e+00
5.14436817e+00
5.11326694e+00
5.16909266e+00
5.15831804e+00
5.16408730e+00
5.21281862e+00
5.16635561e+00
5.13078403e+00
5.05387831e+00
5.16493034e+00
5.21667194e+00
5.11211061e+00
5.13679171e+00
5.12176514e+00
5.12915564e+00
5.12959957e+00
5.10258293e+00
5.02630377e+00
5.09423256e+00
5.09722710e+00
4.97204542e+00
5.11704254e+00
5.17727137e+00
5.05191517e+00
5.07439947e+00
5.12845612e+00
4.94373655e+00
4.83641624e+00
4.79672766e+00
4.80054522e+00
4.88353634e+00
5.05555916e+00
4.89296579e+00
5.02241278e+00
5.08925533e+00
5.01291943e+00
4.85587025e+00
4.94433165e+00
4.92704582e+00
4.82405424e+00
4.82827759e+00
4.74631834e+00
4.76678610e+00
4.87415218e+00
4.91814375e+00
4.84209824e+00
4.71846485e+00
4.71638441e+00
4.72245312e+00
4.62398243e+00
4.67720127e+00
4.77760553e+00
4.65369892e+00
4.56329012e+00
4.63881969e+00
4.63197756e+00
4.59122324e+00
4.57522964e+00
4.51249838e+00
4.44437790e+00
4.44145775e+00
4.37159061e+00
4.36358976e+00
4.33540297e+00
4.29089546e+00
4.17672539e+00
4.11100197e+00
4.05310535e+00
4.15078402e+00
4.25037241e+00
4.23705196e+00
4.28497934e+00
4.24354792e+00
4.28859043e+00
4.29072762e+00
4.36287022e+00
4.34756565e+00
4.41088581e+00
4.47255230e+00
4.44182777e+00
4.50871706e+00
4.44573545e+00
4.56522655e+00
4.57942152e+00
4.50511837e+00
4.52007103e+00
4.55314207e+00
4.60337257e+00
4.68625307e+00
4.65122175e+00
4.65266418e+00
4.67138100e+00
4.65734386e+00
4.63603258e+00
4.67028332e+00
4.74799395e+00
4.68837976e+00
4.73671865e+00
4.77040529e+00
4.72429228e+00
4.68741894e+00
4.76095247e+00
4.76929808e+00
4.75655651e+00
4.71128035e+00
4.75180578e+00
4.81787777e+00
4.69577312e+00
4.77300930e+00
4.79465675e+00
4.80420303e+00
4.77192926e+00
4.73904705e+00
4.70823336e+00
4.68515682e+00
4.79302883e+00
4.74596119e+00
4.67015123e+00
4.77973318e+00
4.68511152e+00
4.69675064e+00
4.65646601e+00
4.74260235e+00
4.67411566e+00
4.68564939e+00
4.79541302e+00
4.74043226e+00
4.69752312e+00
4.69552469e+00
4.70665407e+00
4.64220619e+00
4.57338953e+00
4.70455647e+00
4.80108929e+00
4.72602606e+00
4.76257420e+00
4.77346087e+00
4.73162651e+00
4.72261333e+00
4.63020611e+00
4.70746231e+00
4.64605618e+00
4.71369600e+00
4.67908764e+00
4.59987879e+00
4.71238422e+00
4.69219017e+00
4.63813972e+00
4.63405514e+00
4.66816998e+00
4.72443581e+00
4.67072248e+00
4.61384916e+00
4.64034367e+00
4.58757973e+00
4.55333662e+00
4.74099827e+00
4.70392942e+00
4.65615225e+00
4.57845402e+00
4.61701488e+00
4.69864273e+00
4.61379433e+00
4.59921074e+00
4.58630228e+00
4.54834461e+00
4.51448345e+00
4.55254459e+00
4.57625818e+00
4.56905127e+00
4.59332609e+00
4.56843948e+00
4.40496540e+00
4.41947746e+00
4.38449812e+00
4.41158485e+00
4.47455263e+00
4.43736935e+00
4.35861301e+00
4.37093639e+00
4.32876301e+00
4.34827805e+00
4.27262783e+00
4.31982088e+00
4.35318851e+00
4.18545246e+00
4.14792490e+00
4.15458012e+00
4.08723640e+00
4.09000731e+00
4.05242157e+00
4.07215071e+00
4.05369902e+00
3.94356012e+00
3.94023514e+00
3.95732665e+00
3.92342401e+00
3.95508075e+00
3.88852048e+00
3.84858942e+00
3.87263107e+00
3.72453141e+00
3.66647363e+00
3.63505602e+00
3.65599442e+00
3.64138007e+00
3.54935622e+00
3.52460074e+00
3.50023794e+00
3.44256377e+00
3.42999554e+00
3.51543903e+00
3.47255111e+00
3.46887946e+00
3.55550790e+00
3.58531475e+00
3.57737350e+00
3.60741377e+00
3.61725521e+00
3.65667844e+00
3.69862247e+00
3.73632860e+00
3.77105331e+00
3.84863687e+00
3.89424920e+00
3.90881348e+00
3.92270684e+00
3.85069323e+00
3.87917805e+00
3.90782833e+00
3.94469857e+00
4.00724697e+00
3.97584748e+00
3.93536234e+00
3.98015642e+00
4.00534868e+00
4.11832905e+00
4.02603245e+00
4.10986996e+00
4.11116171e+00
4.09609175e+00
4.15916538e+00
4.03508043e+00
4.06026173e+00
4.15939283e+00
4.11700487e+00
4.16843891e+00
4.16168165e+00
4.14888668e+00
4.09619188e+00
4.13092136e+00
4.15979290e+00
4.15333843e+00
4.14389563e+00
4.12846041e+00
4.20551777e+00
4.22558355e+00
4.25675821e+00
4.22993612e+00
4.18002987e+00
4.23566103e+00
4.29792166e+00
4.27068758e+00
4.24323893e+00
4.23578024e+00
4.25713110e+00
4.24194670e+00
4.19675398e+00
4.30211306e+00
4.31351042e+00
4.23934412e+00
4.25979710e+00
4.23510456e+00
4.26604033e+00
4.21729088e+00
4.21931934e+00
4.23016644e+00
4.21504498e+00
4.20991659e+00
4.15673876e+00
4.22858667e+00
4.26328421e+00
4.25706148e+00
4.25871134e+00
4.23428202e+00
4.28798914e+00
4.24758196e+00
4.30031824e+00
4.22638941e+00
4.24636936e+00
4.22166109e+00
4.19899940e+00
4.17126226e+00
4.25061893e+00
4.24566650e+00
4.19967604e+00
4.25249815e+00
4.25334311e+00
4.26360989e+00
4.20945072e+00
4.17496204e+00
4.22373009e+00
4.20346737e+00
4.11377716e+00
4.27254200e+00
4.24282742e+00
4.15970564e+00
4.17922688e+00
4.19105291e+00
4.18517351e+00
4.11830187e+00
4.22446108e+00
4.19462585e+00
4.14496899e+00
4.25979519e+00
4.11517048e+00
4.10441923e+00
4.19679880e+00
4.18204689e+00
4.15402126e+00
4.05393267e+00
4.13768578e+00
4.13265610e+00
4.10540485e+00
4.08461142e+00
4.03632355e+00
4.07070780e+00
4.06314325e+00
4.13988209e+00
4.12457323e+00
4.08636522e+00
4.14713669e+00
4.06602669e+00
4.06321049e+00
4.16409969e+00
4.13205910e+00
4.06672049e+00
4.04920912e+00
4.02433729e+00
4.00895023e+00
4.06533527e+00
4.02493572e+00
4.03672314e+00
4.09546423e+00
3.96256971e+00
4.00782681e+00
4.01800871e+00
4.04778242e+00
4.07801390e+00
3.99062228e+00
4.04893064e+00
4.05152559e+00
4.05383873e+00
4.01963758e+00
4.01469612e+00
4.00967216e+00
3.95495939e+00
3.93591595e+00
4.00305223e+00
3.98885512e+00
4.00885963e+00
3.96676350e+00
4.00748968e+00
4.00696373e+00
3.98106265e+00
3.95327139e+00
3.95980930e+00
4.01320648e+00
3.97720122e+00
3.89399481e+00
3.93935180e+00
3.94637251e+00
3.95230651e+00
3.94461083e+00
3.89710450e+00
3.89254808e+00
3.96951127e+00
3.92381144e+00
3.91081214e+00
3.92865348e+00
3.86476612e+00
3.85288143e+00
3.91913748e+00
3.87411833e+00
3.90378046e+00
3.87174582e+00
3.81671309e+00
3.89267778e+00
3.82829833e+00
3.77848220e+00
3.85547614e+00
3.84528351e+00
3.80543661e+00
3.86891389e+00
3.78861260e+00
3.74714494e+00
3.80619812e+00
3.76832104e+00
3.76384997e+00
3.79944444e+00
3.81716537e+00
3.74567151e+00
3.75480652e+00
3.70798612e+00
3.72810221e+00
3.78603029e+00
3.82642770e+00
3.71705294e+00
3.64702654e+00
3.70362520e+00
3.75014544e+00
3.78700352e+00
3.71092224e+00
3.70617843e+00
3.69751239e+00
3.63810372e+00
3.65459228e+00
3.60271716e+00
3.57804775e+00
3.62074947e+00
3.60603666e+00
3.56649685e+00
3.63234806e+00
3.55776644e+00
3.54816437e+00
3.58131051e+00
3.54446411e+00
3.51273727e+00
3.42822528e+00
3.43596816e+00
3.40163326e+00
3.43805575e+00
3.41765165e+00
3.33518696e+00
3.36187840e+00
3.36540008e+00
3.34316421e+00
3.26625538e+00
3.27931428e+00
3.25435376e+00
3.22106028e+00
3.24212527e+00
3.20513701e+00
3.12521696e+00
3.11992288e+00
3.06058860e+00
3.01667953e+00
2.98545361e+00
2.90662408e+00
2.89113736e+00
2.86119294e+00
2.84757757e+00
2.87532377e+00
2.74565649e+00
2.67946887e+00
2.65372491e+00
2.59682345e+00
2.67102909e+00
2.70627832e+00
2.78049302e+00
2.77300525e+00
2.82513404e+00
2.86103392e+00
2.88696027e+00
2.92933297e+00
2.96733975e+00
2.93317008e+00
2.97802329e+00
3.05284882e+00
3.06190848e+00
3.04822159e+00
3.10116863e+00
3.11899829e+00
3.09316635e+00
3.16794205e+00
3.19044828e+00
3.22314286e+00
3.25807476e+00
3.18452311e+00
3.17096496e+00
3.21904469e+00
3.24472952e+00
3.27914953e+00
3.29665256e+00
3.34700799e+00
3.35343266e+00
3.25626373e+00
3.31435895e+00
3.36685848e+00
3.34674811e+00
3.41097999e+00
3.35374975e+00
3.28299999e+00
3.41632128e+00
3.44581509e+00
3.37591958e+00
3.40496540e+00
3.37985444e+00
3.35499597e+00
3.36314917e+00
3.42351007e+00
3.45847845e+00
3.40112662e+00
3.40395474e+00
3.39975619e+00
3.38649702e+00
3.39564109e+00
3.40889978e+00
3.41038346e+00
3.43575144e+00
3.40061951e+00
3.46249604e+00
3.45169497e+00
3.38096237e+00
3.42798448e+00
3.38126254e+00
3.43228126e+00
3.43237710e+00
3.36937499e+00
3.41572714e+00
3.42168713e+00
3.41592312e+00
3.45103073e+00
3.38259888e+00
3.38576627e+00
3.42448378e+00
3.42006135e+00
3.44391298e+00
3.37395811e+00
3.34547067e+00
3.40083027e+00
3.40525794e+00
3.41037345e+00
3.34981918e+00
3.41019917e+00
3.45463991e+00
3.41142368e+00
3.37588477e+00
3.35795355e+00
3.35194230e+00
3.40107632e+00
3.42234445e+00
3.37553120e+00
3.35851336e+00
3.36802340e+00
3.38742423e+00
3.36617994e+00
3.34531045e+00
3.35159898e+00
3.34424376e+00
3.39268208e+00
3.36669803e+00
3.34176731e+00
3.38775110e+00
3.37946749e+00
3.35353041e+00
3.31467056e+00
3.32111192e+00
3.28505301e+00
3.32505965e+00
3.41698670e+00
3.29378152e+00
3.24142814e+00
3.28366065e+00
3.30627799e+00
3.28656483e+00
3.27283454e+00
3.26946998e+00
3.30201864e+00
3.29830956e+00
3.28837323e+00
3.27097440e+00
3.23720145e+00
3.25957441e+00
3.29708481e+00
3.24700928e+00
3.25649619e+00
3.33676124e+00
3.30989313e+00
3.25663233e+00
3.22610879e+00
3.30406094e+00
3.27920866e+00
3.22544646e+00
3.27597141e+00
3.22884154e+00
3.22972226e+00
3.19964314e+00
3.23163390e+00
3.25413799e+00
3.21890235e+00
3.25698638e+00
3.21216154e+00
3.24960947e+00
3.23733163e+00
3.21806622e+00
3.21707511e+00
3.25309634e+00
3.24832630e+00
3.27619934e+00
3.27594113e+00
3.26365876e+00
3.24145913e+00
3.26354694e+00
3.24883175e+00
3.25710154e+00
3.20882750e+00
3.16671658e+00
3.21403003e+00
3.25336885e+00
3.22649217e+00
3.23546267e+00
3.19242311e+00
3.17593265e+00
3.16939497e+00
3.19390512e+00
3.17176414e+00
3.16273832e+00
3.14118624e+00
3.14110088e+00
3.20941520e+00
3.18687701e+00
3.17523551e+00
3.15946531e+00
3.13139701e+00
3.13123608e+00
3.16898894e+00
3.12336087e+00
3.10505509e+00
3.14615464e+00
3.16079330e+00
3.17931986e+00
3.16032505e+00
3.15697742e+00
3.16967916e+00
3.17473578e+00
3.22196198e+00
3.17751551e+00
3.16434503e+00
3.12652230e+00
3.13700151e+00
3.16394925e+00
3.16052413e+00
3.16820145e+00
3.16563153e+00
3.12751055e+00
3.12426877e+00
3.14440703e+00
3.15208173e+00
3.15211463e+00
3.12479281e+00
3.16505480e+00
3.12790084e+00
3.08596277e+00
3.08964515e+00
3.07023859e+00
3.14243722e+00
3.15720773e+00
3.09077621e+00
3.07068920e+00
3.11479926e+00
3.12299228e+00
3.03322744e+00
3.11311960e+00
3.12947416e+00
3.10812712e+00
3.07117319e+00
3.11050749e+00
3.12260866e+00
3.09525681e+00
3.08465075e+00
3.06874132e+00
3.09670782e+00
3.07511806e+00
3.06899548e+00
3.03054547e+00
3.08086300e+00
3.06380081e+00
3.05302811e+00
3.10135150e+00
3.02922559e+00
3.04219341e+00
3.00255203e+00
3.01221037e+00
3.02094030e+00
3.02391672e+00
3.04515934e+00
3.04275107e+00
2.97445440e+00
2.98728776e+00
3.03360868e+00
2.97001982e+00
3.00857878e+00
3.01314259e+00
2.98743606e+00
2.97085929e+00
3.00752878e+00
3.00613284e+00
3.01687145e+00
3.00722003e+00
2.91456723e+00
2.99489379e+00
3.02256727e+00
2.99273252e+00
2.95859504e+00
2.96818447e+00
2.99265814e+00
2.98129654e+00
3.01110411e+00
2.96512079e+00
2.94063067e+00
2.95343637e+00
2.97303271e+00
2.96260023e+00
2.93660951e+00
2.94481039e+00
2.94797254e+00
2.92771864e+00
2.94172931e+00
2.92704868e+00
2.92771626e+00
2.92191982e+00
2.93543243e+00
2.92010927e+00
2.92804003e+00
2.91540384e+00
2.92959714e+00
2.96154237e+00
2.91841269e+00
2.89816785e+00
2.90992904e+00
2.95266962e+00
2.90440655e+00
2.88191128e+00
2.93010211e+00
2.92759991e+00
2.87314653e+00
2.85687733e+00
2.89988852e+00
2.93319416e+00
2.89195871e+00
2.89479041e+00
2.91452694e+00
2.92159033e+00
2.89891291e+00
2.88126016e+00
2.88125825e+00
2.89716315e+00
2.86372161e+00
2.88222384e+00
2.85568285e+00
2.86602736e+00
2.83306718e+00
2.85619783e+00
2.90918899e+00
2.87543011e+00
2.87776303e+00
2.82003903e+00
2.84760642e+00
2.85828018e+00
2.85908365e+00
2.86368680e+00
2.84716678e+00
2.85803390e+00
2.83122420e+00
2.81787658e+00
2.81201530e+00
2.83724594e+00
2.83721066e+00
2.84255862e+00
2.77192831e+00
2.80233788e+00
2.85189056e+00
2.82638717e+00
2.79467511e+00
2.78647065e+00
2.83291769e+00
2.77943373e+00
2.80973482e+00
2.83543825e+00
2.80417252e+00
2.82118225e+00
2.76914239e+00
2.79970169e+00
2.80149174e+00
2.77086234e+00
2.79000258e+00
2.77168322e+00
2.76248670e+00
2.80516815e+00
2.74709296e+00
2.73837376e+00
2.78234243e+00
2.76325560e+00
2.78566313e+00
2.78264570e+00
2.73594618e+00
2.73188114e+00
2.72848392e+00
2.74016571e+00
2.72508144e+00
2.70900559e+00
2.73689103e+00
2.74736404e+00
2.75949597e+00
2.74993610e+00
2.71312976e+00
2.71416140e+00
2.72460604e+00
2.71509528e+00
2.73950791e+00
2.72004318e+00
2.71491075e+00
2.68412733e+00
2.67358494e+00
2.70806980e+00
2.66247416e+00
2.67553854e+00
2.71132040e+00
2.67538500e+00
2.70047998e+00
2.68971777e+00
2.62708306e+00
2.66505694e+00
2.68134284e+00
2.71687222e+00
2.68976569e+00
2.68815994e+00
2.71789670e+00
2.68982172e+00
2.69597149e+00
2.66904736e+00
2.64860034e+00
2.66643429e+00
2.65100622e+00
2.68252039e+00
2.68771148e+00
2.64268398e+00
2.64419413e+00
2.64682865e+00
2.66617942e+00
2.60619640e+00
2.67261744e+00
2.67810178e+00
2.58404064e+00
2.61341381e+00
2.60590339e+00
2.60263324e+00
2.63233352e+00
2.61363602e+00
2.60194540e+00
2.60983634e+00
2.64861274e+00
2.62793994e+00
2.61866283e+00
2.63434982e+00
2.61221528e+00
2.61713648e+00
2.62769151e+00
2.59306288e+00
2.58936429e+00
2.61211944e+00
2.57609057e+00
2.57866406e+00
2.58671522e+00
2.55596542e+00
2.60116982e+00
2.57611299e+00
2.59759760e+00
2.55781388e+00
2.54784107e+00
2.54351902e+00
2.58588147e+00
2.55575395e+00
2.56642509e+00
2.56196570e+00
2.51471972e+00
2.57227230e+00
2.50425959e+00
2.47981906e+00
2.53206897e+00
2.52136350e+00
2.55376029e+00
2.51054358e+00
2.48481703e+00
2.52119160e+00
2.47101045e+00
2.48738837e+00
2.50418615e+00
2.50400162e+00
2.46391320e+00
2.45295763e+00
2.50658441e+00
2.49311399e+00
2.49583149e+00
2.48396087e+00
2.47155905e+00
2.47306490e+00
2.48074746e+00
2.48319292e+00
2.46935129e+00
2.44269538e+00
2.44471598e+00
2.42575336e+00
2.44068718e+00
2.41984987e+00
2.40519714e+00
2.39032602e+00
2.36109567e+00
2.38468146e+00
2.37861657e+00
2.35329485e+00
2.34813452e+00
2.36581707e+00
2.35284638e+00
2.35370040e+00
2.33327484e+00
2.29545832e+00
2.31340146e+00
2.30162978e+00
2.31270742e+00
2.26887107e+00
2.30549788e+00
2.27699590e+00
2.24062824e+00
2.25344944e+00
2.24722075e+00
2.23735404e+00
2.20139647e+00
2.20040941e+00
2.19241476e+00
2.16454697e+00
2.13214350e+00
2.09896016e+00
2.07906723e+00
2.08373570e+00
2.05305433e+00
2.03603601e+00
2.01513219e+00
1.99873924e+00
1.97946382e+00
1.95028794e+00
1.91756165e+00
1.87779355e+00
1.85320008e+00
1.80171633e+00
1.80990601e+00
1.74942374e+00
1.73923600e+00
1.74206245e+00
1.75024343e+00
1.81209552e+00
1.85528886e+00
1.88035321e+00
1.93690372e+00
1.95212388e+00
1.94468439e+00
1.97004008e+00
1.96920884e+00
2.00169516e+00
2.03775048e+00
2.06244993e+00
2.04583812e+00
2.11222076e+00
2.09023309e+00
2.09382677e+00
2.11785960e+00
2.11085224e+00
2.12233782e+00
2.12900162e+00
2.16324925e+00
2.15061784e+00
2.14313793e+00
2.17747259e+00
2.18389583e+00
2.19854021e+00
2.21350479e+00
2.20195627e+00
2.22424150e+00
2.22270179e+00
2.25798798e+00
2.22366476e+00
2.21735835e+00
2.23401117e+00
2.22875524e+00
2.21887398e+00
2.25080824e+00
2.24381304e+00
2.27169275e+00
2.23177624e+00
2.21806383e+00
2.24525499e+00
2.23227262e+00
2.23514104e+00
2.23392916e+00
2.26299572e+00
2.26670122e+00
2.25598764e+00
2.23883367e+00
2.22374201e+00
2.25694036e+00
2.24511576e+00
2.23806143e+00
2.22356629e+00
2.24252295e+00
2.25974965e+00
2.26294804e+00
2.26147509e+00
2.27361655e+00
2.29278564e+00
2.27834153e+00
2.25482440e+00
2.26060128e+00
2.27172875e+00
2.26947975e+00
2.24179173e+00
2.25543070e+00
2.27397966e+00
2.26928115e+00
2.23924470e+00
2.28062963e+00
2.28952360e+00
2.24873424e+00
2.25606322e+00
2.24392271e+00
2.21915746e+00
2.22872901e+00
2.25724220e+00
2.23130083e+00
2.23706532e+00
2.24532843e+00
2.25272226e+00
2.24832892e+00
2.26067591e+00
2.25272608e+00
2.21219873e+00
2.20192933e+00
2.19178176e+00
2.18221760e+00
2.22586441e+00
2.22912407e+00
2.23385024e+00
2.22618914e+00
2.22274566e+00
2.25415659e+00
2.22133732e+00
2.19302654e+00
2.23585510e+00
2.21631145e+00
2.21383023e+00
2.20842743e+00
2.19551611e+00
2.19784522e+00
2.21372819e+00
2.16622448e+00
2.21135759e+00
2.22797298e+00
2.22911334e+00
2.18395376e+00
2.20822287e+00
2.21989226e+00
2.23106337e+00
2.23106027e+00
2.19123483e+00
2.20098352e+00
2.20702839e+00
2.19553208e+00
2.22718453e+00
2.20598888e+00
2.17171192e+00
2.20300531e+00
2.19144487e+00
2.19753861e+00
2.17383909e+00
2.17924523e+00
2.19107413e+00
2.16821504e+00
2.16262865e+00
2.14941502e+00
2.19223857e+00
2.18169570e+00
2.12476945e+00
2.12872887e+00
2.14512873e+00
2.15690732e+00
2.15451765e+00
2.14446402e+00
2.17775941e+00
2.15344501e+00
2.14352441e+00
2.15291953e+00
2.14065289e+00
2.13524818e+00
2.10555506e+00
2.14839578e+00
2.15764594e+00
2.12970853e+00
2.13724065e+00
2.17708015e+00
2.18491936e+00
2.13474512e+00
2.16182733e+00
2.14063597e+00
2.11801791e+00
2.13411164e+00
2.13160372e+00
2.12156916e+00
2.13767314e+00
2.11890912e+00
2.14639783e+00
2.14151335e+00
2.10095763e+00
2.13604093e+00
2.11206126e+00
2.10708642e+00
2.14713287e+00
2.12012529e+00
2.09779167e+00
2.09770393e+00
2.12321496e+00
2.11373663e+00
2.10787439e+00
2.10021615e+00
2.10324740e+00
2.13279462e+00
2.10871768e+00
2.10190105e+00
2.06230783e+00
2.07943416e+00
2.07832003e+00
2.09977055e+00
2.09861827e+00
2.12003565e+00
2.10997534e+00
2.07677245e+00
2.08075953e+00
2.07208848e+00
2.12278533e+00
2.08673310e+00
2.06484103e+00
2.08059335e+00
2.07582378e+00
2.07440090e+00
2.06651926e+00
2.01416564e+00
2.01906061e+00
2.05735040e+00
2.05050087e+00
2.07914448e+00
2.08367777e+00
2.08289337e+00
2.08016467e+00
2.06161880e+00
2.06339669e+00
2.05462885e+00
2.04721475e+00
2.04103112e+00
2.06323957e+00
2.04609203e+00
2.05466604e+00
2.09220076e+00
2.02787685e+00
2.03581381e+00
2.08238149e+00
2.03657675e+00
2.03006268e+00
2.04200459e+00
2.01810884e+00
2.00877452e+00
2.06348252e+00
2.04517961e+00
2.02084899e+00
2.01581430e+00
2.02914333e+00
2.02273393e+00
2.03493452e+00
2.02036262e+00
2.01252198e+00
2.04381704e+00
2.02590084e+00
2.00306940e+00
2.00967979e+00
2.02485633e+00
2.00712919e+00
1.98457098e+00
2.04643726e+00
2.01709604e+00
2.03453350e+00
2.00453711e+00
1.99005973e+00
2.02240181e+00
2.01197886e+00
1.98111844e+00
2.02059007e+00
2.01430869e+00
1.95540762e+00
1.97685122e+00
1.98500431e+00
1.94878471e+00
1.95539296e+00
1.97525954e+00
1.97341859e+00
1.96303952e+00
1.99601424e+00
1.96022499e+00
1.96298206e+00
1.98367667e+00
1.99967325e+00
1.97484004e+00
1.98272717e+00
1.96999812e+00
1.95361006e+00
1.96546471e+00
1.96217835e+00
1.94472682e+00
1.95041728e+00
1.93753576e+00
1.93744659e+00
1.94022572e+00
1.95869339e+00
1.94652045e+00
1.94163907e+00
1.94704604e+00
1.93625951e+00
1.94388902e+00
1.92162812e+00
1.92710578e+00
1.96104693e+00
1.90134680e+00
1.91675198e+00
1.92171180e+00
1.90067303e+00
1.91779494e+00
1.97088993e+00
1.92845809e+00
1.89539647e+00
1.90654731e+00
1.94146013e+00
1.91469622e+00
1.89772308e+00
1.90474141e+00
1.93429184e+00
1.95841658e+00
1.89281976e+00
1.91075766e+00
1.91352522e+00
1.88457501e+00
1.87591994e+00
1.88610458e+00
1.90673852e+00
1.89820278e+00
1.89922833e+00
1.90828025e+00
1.89639997e+00
1.88668644e+00
1.88075066e+00
1.88048720e+00
1.88758028e+00
1.87699831e+00
1.86356211e+00
1.87986839e+00
1.85800529e+00
1.85343695e+00
1.89787185e+00
1.90085924e+00
1.88543630e+00
1.87273419e+00
1.86468875e+00
1.87303877e+00
1.87674952e+00
1.87072301e+00
1.85761917e+00
1.84998429e+00
1.86226594e+00
1.88844240e+00
1.87030387e+00
1.85172510e+00
1.84467363e+00
1.87236524e+00
1.86671996e+00
1.83510447e+00
1.85922062e+00
1.84658253e+00
1.84608245e+00
1.85841262e+00
1.86409187e+00
1.84620667e+00
1.83108509e+00
1.82911062e+00
1.82977438e+00
1.83144391e+00
1.82582974e+00
1.87917531e+00
1.85115838e+00
1.81458473e+00
1.84169471e+00
1.85436189e+00
1.85151994e+00
1.83787560e+00
1.83525956e+00
1.80761838e+00
1.81292236e+00
1.78955030e+00
1.80106556e+00
1.81958830e+00
1.84942126e+00
1.84970450e+00
1.81954467e+00
1.82390678e+00
1.81661785e+00
1.78546798e+00
1.80640244e+00
1.82228637e+00
1.81372690e+00
1.79626918e+00
1.78228712e+00
1.77385283e+00
1.78327966e+00
1.79273045e+00
1.81275737e+00
1.79779494e+00
1.77255702e+00
1.77685761e+00
1.78080571e+00
1.78156662e+00
1.81995440e+00
1.78926599e+00
1.76760292e+00
1.73854649e+00
1.78802061e+00
1.79197228e+00
1.75839424e+00
1.76653850e+00
1.78060091e+00
1.76332974e+00
1.72440541e+00
1.77942526e+00
1.76950014e+00
1.74783182e+00
1.82037222e+00
1.77112412e+00
1.76797092e+00
1.76646721e+00
1.77300644e+00
1.76505148e+00
1.75312066e+00
1.73735917e+00
1.74367356e+00
1.76317585e+00
1.72924507e+00
1.74297798e+00
1.75161755e+00
1.73837340e+00
1.72958887e+00
1.73925543e+00
1.71597230e+00
1.72954559e+00
1.73479545e+00
1.72343576e+00
1.69938469e+00
1.71994150e+00
1.75247395e+00
1.72120583e+00
1.73202312e+00
1.72417474e+00
1.71142137e+00
1.76396191e+00
1.74181032e+00
1.70658422e+00
1.71474719e+00
1.72631586e+00
1.70984018e+00
1.68361294e+00
1.73055005e+00
1.72583079e+00
1.71607459e+00
1.71112716e+00
1.72812796e+00
1.73945642e+00
1.71637523e+00
1.70674384e+00
1.70326686e+00
1.71585464e+00
1.69886136e+00
1.68861389e+00
1.67455876e+00
1.67802167e+00
1.67821908e+00
1.68001914e+00
1.67317474e+00
1.69932532e+00
1.71295726e+00
1.68352258e+00
1.70526171e+00
1.68777227e+00
1.68048072e+00
1.69284737e+00
1.71697795e+00
1.69289184e+00
1.68068635e+00
1.69727516e+00
1.67326224e+00
1.64803696e+00
1.66126466e+00
1.71045744e+00
1.67585874e+00
1.63826442e+00
1.63572001e+00
1.67199707e+00
1.66675401e+00
1.65204835e+00
1.65881813e+00
1.66684198e+00
1.65319145e+00
1.68934941e+00
1.66083336e+00
1.63739967e+00
1.64901721e+00
1.61896205e+00
1.65157390e+00
1.65275645e+00
1.66097343e+00
1.64345872e+00
1.63827252e+00
1.63991213e+00
1.62223542e+00
1.63189197e+00
1.62826228e+00
1.66446745e+00
1.64124382e+00
1.69026244e+00
1.61422658e+00
1.61554635e+00
1.64407790e+00
1.59962583e+00
1.64550257e+00
1.64577615e+00
1.66485083e+00
1.65153933e+00
1.59811580e+00
1.61614788e+00
1.62120867e+00
1.63994515e+00
1.63274276e+00
1.64692044e+00
1.63753688e+00
1.59730899e+00
1.61904919e+00
1.60117233e+00
1.58496487e+00
1.57875168e+00
1.62805390e+00
1.62504494e+00
1.57705247e+00
1.58526921e+00
1.58529830e+00
1.59617293e+00
1.60191321e+00
1.60257161e+00
1.60242164e+00
1.58954120e+00
1.58008945e+00
1.57963073e+00
1.59464574e+00
1.57279444e+00
1.59894800e+00
1.58642709e+00
1.60720968e+00
1.58851266e+00
1.57718635e+00
1.58541858e+00
1.57261848e+00
1.61233270e+00
1.56502450e+00
1.56194544e+00
1.56023729e+00
1.56501842e+00
1.57700539e+00
1.59144080e+00
1.55492139e+00
1.56945682e+00
1.55324471e+00
1.54688501e+00
1.57145178e+00
1.53870070e+00
1.54257953e+00
1.55225587e+00
1.51606667e+00
1.53474510e+00
1.54626155e+00
1.54619205e+00
1.54100776e+00
1.57426131e+00
1.55277610e+00
1.56828630e+00
1.57695115e+00
1.54739201e+00
1.55565178e+00
1.52952409e+00
1.54034626e+00
1.57897079e+00
1.57461560e+00
1.55950367e+00
1.55036604e+00
1.49782622e+00
1.53456807e+00
1.54534781e+00
1.51995087e+00
1.53247750e+00
1.52918875e+00
1.55278075e+00
1.54034066e+00
1.52394044e+00
1.53203630e+00
1.51232612e+00
1.51060164e+00
1.53338933e+00
1.54047406e+00
1.50794077e+00
1.49775338e+00
1.48144937e+00
1.53366017e+00
1.50677657e+00
1.47470999e+00
1.49611974e+00
1.50376642e+00
1.51815879e+00
1.51642907e+00
1.50586367e+00
1.50285172e+00
1.48248112e+00
1.51982665e+00
1.51213765e+00
1.48534536e+00
1.49918044e+00
1.51365304e+00
1.49105310e+00
1.50385654e+00
1.50086033e+00
1.52809405e+00
1.50307643e+00
1.45983708e+00
1.28609228e+00
1.49014556e+00
1.94319642e+00
1.44214368e+00
1.24071002e+00
1.38370895e+00
1.47996402e+00
1.43934560e+00
1.48771107e+00
1.49434495e+00
1.47862899e+00
1.48352134e+00
1.47779512e+00
1.47786701e+00
1.47294664e+00
1.45534444e+00
1.47533154e+00
1.49555266e+00
1.47261322e+00
1.44198227e+00
1.44978642e+00
1.46377766e+00
1.44357622e+00
1.45332599e+00
1.44944525e+00
1.44439769e+00
1.42104411e+00
1.45563900e+00
1.46848869e+00
1.43735147e+00
1.43820202e+00
1.45932281e+00
1.44281888e+00
1.43855143e+00
1.43207574e+00
1.46935987e+00
1.48165452e+00
1.42269695e+00
1.41476464e+00
1.44402301e+00
1.43493068e+00
1.42900920e+00
1.41324413e+00
1.42365384e+00
1.44247413e+00
1.42422664e+00
1.42765212e+00
1.43432486e+00
1.43216598e+00
1.43064237e+00
1.39032161e+00
1.42330980e+00
1.40602863e+00
1.36439908e+00
1.42174995e+00
1.40709889e+00
1.40684485e+00
1.41157925e+00
1.41245377e+00
1.40328741e+00
1.40004265e+00
1.42138600e+00
1.40182495e+00
1.40544486e+00
1.41939020e+00
1.40108156e+00
1.39743161e+00
1.39059913e+00
1.40112185e+00
1.40579975e+00
1.41261411e+00
1.38574922e+00
1.40369868e+00
1.41090059e+00
1.39154041e+00
1.34848571e+00
1.35939705e+00
1.36647618e+00
1.40033209e+00
1.40352988e+00
1.39706910e+00
1.39403224e+00
1.37503755e+00
1.37517917e+00
1.38021779e+00
1.37829733e+00
1.40372610e+00
1.39868867e+00
1.38811934e+00
1.40241826e+00
1.42552626e+00
1.39817131e+00
1.39749205e+00
1.39626038e+00
1.37665105e+00
1.39914322e+00
1.38719189e+00
1.39125848e+00
1.37056649e+00
1.37875247e+00
1.38047671e+00
1.35540938e+00
1.36202312e+00
1.36131346e+00
1.39604318e+00
1.38084006e+00
1.38324249e+00
1.36140800e+00
1.35582364e+00
1.35967803e+00
1.37466180e+00
1.37191069e+00
1.35213149e+00
1.35760903e+00
1.35154676e+00
1.33890224e+00
1.35573578e+00
1.35171700e+00
1.34880066e+00
1.34482574e+00
1.35625648e+00
1.32206702e+00
1.35048914e+00
1.34296799e+00
1.34614444e+00
1.36260903e+00
1.34443557e+00
1.37139046e+00
1.32679701e+00
1.31012917e+00
1.34198940e+00
1.34904695e+00
1.34886992e+00
1.30557263e+00
1.31187260e+00
1.36567128e+00
1.33717930e+00
1.33102429e+00
1.27565360e+00
1.27684891e+00
1.33226967e+00
1.31883490e+00
1.32230008e+00
1.31676435e+00
1.32590270e+00
1.30822361e+00
1.29656243e+00
1.33096743e+00
1.31478190e+00
1.31521738e+00
1.31080556e+00
1.32608414e+00
1.28943038e+00
1.29499137e+00
1.31285095e+00
1.33930767e+00
1.31232655e+00
1.27402639e+00
1.30325830e+00
1.31131256e+00
1.31792808e+00
1.31829655e+00
1.30546236e+00
1.32532191e+00
1.30807936e+00
1.27081347e+00
1.27840948e+00
1.30906296e+00
1.28580809e+00
1.30659103e+00
1.27097726e+00
1.30686045e+00
1.28398466e+00
1.25986397e+00
1.26625824e+00
1.28786981e+00
1.28743660e+00
1.29191697e+00
1.27849555e+00
1.26620674e+00
1.26506674e+00
1.28149879e+00
1.26817763e+00
1.28526688e+00
1.27671349e+00
1.28366554e+00
1.29047763e+00
1.24774110e+00
1.25165772e+00
1.29271400e+00
1.26750195e+00
1.23631561e+00
1.23511374e+00
1.22226191e+00
1.25076032e+00
1.24841499e+00
1.25282311e+00
1.24663901e+00
1.23715889e+00
1.24002910e+00
1.24105942e+00
1.23151636e+00
1.23301458e+00
1.25288415e+00
1.25973904e+00
1.29228604e+00
1.25459433e+00
1.24741316e+00
1.25870919e+00
1.23061121e+00
1.25039399e+00
1.24578071e+00
1.24045181e+00
1.23735929e+00
1.24427211e+00
1.21973181e+00
1.24126542e+00
1.22783887e+00
1.24458885e+00
1.20193172e+00
1.21410668e+00
1.20300436e+00
1.19725001e+00
1.23484826e+00
1.22247541e+00
1.21916831e+00
1.19264102e+00
1.18695259e+00
1.20311689e+00
1.17896926e+00
1.19640779e+00
1.18723297e+00
1.19305086e+00
1.21631002e+00
1.21550715e+00
1.23580003e+00
1.18136001e+00
1.20387864e+00
1.24122298e+00
1.19473422e+00
1.19105041e+00
1.14086342e+00
1.23285055e+00
1.15377402e+00
1.13947141e+00
1.19621825e+00
1.16206527e+00
1.17413938e+00
1.20222998e+00
1.19577146e+00
1.21124935e+00
1.22945738e+00
1.18635643e+00
1.21503651e+00
1.19242978e+00
1.19757617e+00
1.23072493e+00
1.19044125e+00
1.19019234e+00
1.17926955e+00
1.19463694e+00
1.16672182e+00
1.17022920e+00
1.18831241e+00
1.18830252e+00
1.21372521e+00
1.22981560e+00
1.17828572e+00
1.20636821e+00
1.21042800e+00
1.19214094e+00
1.18587947e+00
1.17208457e+00
1.17841494e+00
1.19249856e+00
1.18445015e+00
1.18041968e+00
1.14758146e+00
1.15678453e+00
1.21497309e+00
1.18184292e+00
1.16771901e+00
1.17738652e+00
1.18630099e+00
1.20102704e+00
1.16133332e+00
1.14477909e+00
1.15510821e+00
1.16409016e+00
1.18467534e+00
1.17183471e+00
1.17789316e+00
1.19749916e+00
1.17499042e+00
1.15766060e+00
1.17285645e+00
1.12502241e+00
1.13398528e+00
1.14549303e+00
1.14179277e+00
1.15595102e+00
1.17272389e+00
1.14992595e+00
1.17545938e+00
1.12531424e+00
1.07789207e+00
1.12767959e+00
1.16391802e+00
1.17102516e+00
1.15704656e+00
1.16340780e+00
1.15017235e+00
1.15636241e+00
1.16743076e+00
1.17020869e+00
1.14753366e+00
1.12023818e+00
1.13646579e+00
1.14483511e+00
1.14804661e+00
1.13169038e+00
1.14678109e+00
1.17045355e+00
1.12381709e+00
1.12456727e+00
1.14708829e+00
1.11780286e+00
1.12839842e+00
1.15577257e+00
1.14157796e+00
1.11107445e+00
1.15805900e+00
1.15468299e+00
1.12239122e+00
1.11750817e+00
1.13081241e+00
1.12110150e+00
1.11462450e+00
1.12129545e+00
1.13790298e+00
1.12346661e+00
1.14169002e+00
1.10922074e+00
1.10197473e+00
1.14075232e+00
1.13339913e+00
1.10580122e+00
1.14303350e+00
1.11618733e+00
1.08292365e+00
1.11345685e+00
1.09980464e+00
1.10190034e+00
1.12621582e+00
1.11621249e+00
1.13121486e+00
1.10485327e+00
1.11595082e+00
1.12055266e+00
1.11272573e+00
1.10868490e+00
1.07622254e+00
1.09272504e+00
1.08747911e+00
1.08305120e+00
1.07309723e+00
1.09385514e+00
1.09045970e+00
1.07410002e+00
1.10553753e+00
1.11911726e+00
1.10707164e+00
1.09776521e+00
1.12243140e+00
1.08244443e+00
1.05943990e+00
1.09201777e+00
1.10109055e+00
1.10501075e+00
1.08540750e+00
1.07892418e+00
1.10660696e+00
1.11639297e+00
1.07487667e+00
1.05410326e+00
1.07608902e+00
1.07557118e+00
1.06870413e+00
1.06888175e+00
1.07091403e+00
1.08080351e+00
1.07793665e+00
1.06852365e+00
1.07178223e+00
1.06456995e+00
1.05964196e+00
1.07737947e+00
1.06147790e+00
1.07778871e+00
1.08026898e+00
1.03768551e+00
1.05286169e+00
1.05522895e+00
1.05013132e+00
1.06621444e+00
1.07351470e+00
1.02019274e+00
1.05809462e+00
1.07466209e+00
1.02781117e+00
1.06773221e+00
1.08110535e+00
1.04194868e+00
1.05413258e+00
1.05048215e+00
1.05261219e+00
1.03373981e+00
1.05240607e+00
1.04800081e+00
1.03873301e+00
1.04795146e+00
1.03424668e+00
1.03518331e+00
1.02952886e+00
1.02688980e+00
1.05121958e+00
1.03995335e+00
1.03711069e+00
1.05857098e+00
1.03300178e+00
1.03433156e+00
1.04795218e+00
1.01934791e+00
1.00000000e+00
1.05029154e+00
1.05098724e+00
1.03825235e+00
1.03497791e+00
1.02471995e+00
1.03662741e+00
1.04096293e+00
1.00652015e+00
1.00593936e+00
1.01155913e+00
1.03939641e+00
1.05406833e+00
1.01552570e+00
1.02075171e+00
1.01869440e+00
1.02672088e+00
1.02159071e+00
1.03388357e+00
1.01390898e+00
1.01590347e+00
1.00698090e+00
1.03118348e+00
1.03752160e+00
9.99829352e-01
1.00008881e+00
1.02882588e+00
1.03284001e+00
1.04917347e+00
1.04628706e+00
1.00264537e+00
9.92085099e-01
1.02341628e+00
1.00334740e+00
1.00185418e+00
9.92189944e-01
9.82486963e-01
1.02236414e+00
1.03480136e+00
1.00852215e+00
9.98325884e-01
9.96894598e-01
9.88823831e-01
1.00236046e+00
1.01981628e+00
1.01016450e+00
1.01746762e+00
1.00171995e+00
1.00037646e+00
1.00220227e+00
9.83901381e-01
9.87832069e-01
1.01088881e+00
9.89883542e-01
9.92286623e-01
9.71744239e-01
9.59588885e-01
1.00271916e+00
1.00571227e+00
1.00735641e+00
9.92546678e-01
9.97752905e-01
1.00023448e+00
9.74380136e-01
9.85524893e-01
9.86611068e-01
9.55945671e-01
9.56333876e-01
9.83060837e-01
9.82365727e-01
9.72897828e-01
9.74967360e-01
9.88849342e-01
9.74083781e-01
9.35352087e-01
9.76658463e-01
9.83809590e-01
9.54303801e-01
9.97323096e-01
9.73309636e-01
9.53723609e-01
9.76080477e-01
9.76222456e-01
9.53021288e-01
9.68800843e-01
9.52398181e-01
9.41699624e-01
9.50190306e-01
9.70075011e-01
9.51808512e-01
9.38912272e-01
9.74148035e-01
9.77676988e-01
9.42233980e-01
9.36365068e-01
9.66255069e-01
9.55590010e-01
8.87475610e-01
9.18840408e-01
1.03308082e+00
9.62391138e-01
8.96890223e-01
9.20755267e-01
1.07416594e+00
1.03419638e+00
9.28216636e-01
9.08584058e-01
9.13854241e-01
9.31509256e-01
9.57456827e-01
9.45688903e-01
9.19693112e-01
9.40863252e-01
9.53465700e-01
9.17239726e-01
9.27904665e-01
9.33970392e-01
9.37132955e-01
9.43504214e-01
9.41259265e-01
9.58161652e-01
9.38188136e-01
9.29488301e-01
9.27478135e-01
9.33910906e-01
9.48481858e-01
9.14162934e-01
9.14521456e-01
9.14105475e-01
9.14825797e-01
9.22387362e-01
9.26449478e-01
9.36336100e-01
9.32385325e-01
9.00450468e-01
9.18731451e-01
9.29778755e-01
9.20378089e-01
9.27069962e-01
9.09174860e-01
9.22928572e-01
8.93107474e-01
8.96809638e-01
9.10365105e-01
9.41340089e-01
9.21261251e-01
8.99910390e-01
9.01587069e-01
9.10052061e-01
9.14348006e-01
8.99966300e-01
9.12900865e-01
9.00375009e-01
9.27493632e-01
9.14820552e-01
9.10056174e-01
8.95671189e-01
9.18079257e-01
9.01680708e-01
9.07661438e-01
9.08051610e-01
9.07532275e-01
9.06894386e-01
8.91048193e-01
9.22705591e-01
9.05997217e-01
8.96212280e-01
9.03035879e-01
9.02457118e-01
8.92369568e-01
9.01404142e-01
8.99935007e-01
9.03371692e-01
9.01033700e-01
8.71135592e-01
8.90303910e-01
8.87209654e-01
8.97162676e-01
9.06468689e-01
8.98605883e-01
8.95651698e-01
8.93719733e-01
8.72824907e-01
8.77483964e-01
8.80510092e-01
8.84049177e-01
8.86650801e-01
8.79850149e-01
8.90424013e-01
8.84120107e-01
8.87259483e-01
8.90040755e-01
8.58802438e-01
8.75647128e-01
8.85726988e-01
8.94315362e-01
8.98823023e-01
8.92784357e-01
8.91135156e-01
8.69952917e-01
8.69476616e-01
8.74581456e-01
8.59710932e-01
8.51627469e-01
8.73619735e-01
8.65578651e-01
8.66052270e-01
8.62264752e-01
8.55696261e-01
8.62388730e-01
8.71911585e-01
8.62876832e-01
8.68271470e-01
8.76858354e-01
8.38440895e-01
8.55974317e-01
8.75440598e-01
8.58327985e-01
8.40898216e-01
8.36690009e-01
8.35316002e-01
8.54258776e-01
8.43001306e-01
8.48588049e-01
8.55179906e-01
8.27715874e-01
8.32600653e-01
8.51000547e-01
8.50867689e-01
8.20766568e-01
8.37785423e-01
8.22590709e-01
8.34634185e-01
8.47732902e-01
8.42486382e-01
8.34366262e-01
8.32013071e-01
8.15089166e-01
8.17985117e-01
8.25026751e-01
7.95764506e-01
8.16684186e-01
8.04502904e-01
8.30901265e-01
8.24885786e-01
7.98912764e-01
8.12760711e-01
8.09884727e-01
8.10911894e-01
8.21315706e-01
7.99029469e-01
8.03740859e-01
8.00187349e-01
7.84949422e-01
7.85999954e-01
8.04899454e-01
7.78554618e-01
7.65678406e-01
7.69010961e-01
7.63998151e-01
7.74892151e-01
7.69739866e-01
7.56277740e-01
7.59107947e-01
7.63733268e-01
7.51031816e-01
7.39289999e-01
7.24241972e-01
7.30548322e-01
6.94805145e-01
7.00545549e-01
7.10067332e-01
6.94905877e-01
6.79055929e-01
6.47194982e-01
6.10945165e-01
6.04279518e-01
6.53153658e-01
6.67141497e-01
6.78761184e-01
6.93402946e-01
6.92259073e-01
6.91121459e-01
7.01144159e-01
7.17778742e-01
7.15686858e-01
7.40254045e-01
7.40628183e-01
7.17819571e-01
7.06059098e-01
7.07821846e-01
7.39847124e-01
7.53587306e-01
7.63747633e-01
7.49776721e-01
7.44790316e-01
7.59501100e-01
7.50056326e-01
7.70076513e-01
7.65838563e-01
7.66418517e-01
7.46441245e-01
7.71673501e-01
7.90542841e-01
7.90548742e-01
7.83951819e-01
7.61066318e-01
7.75748134e-01
7.76261687e-01
7.79809952e-01
7.81402588e-01
7.55912066e-01
7.67272890e-01
7.75221705e-01
7.63235450e-01
7.77449548e-01
7.70989716e-01
7.70948708e-01
7.88977385e-01
7.85950720e-01
7.76475906e-01
7.94253409e-01
7.94684708e-01
7.81841040e-01
7.71402001e-01
7.60936141e-01
7.71191895e-01
7.86528528e-01
7.79325247e-01
7.71913290e-01
7.76794374e-01
7.83051133e-01
7.68949389e-01
7.62738168e-01
7.74867058e-01
7.67952085e-01
7.61390030e-01
7.65424013e-01
7.57456183e-01
7.63249755e-01
7.70936966e-01
7.62420297e-01
7.69734621e-01
7.59499848e-01
7.74179161e-01
7.45524526e-01
7.38009572e-01
7.68289447e-01
7.50980675e-01
7.48407423e-01
7.43462145e-01
7.50589609e-01
7.47013330e-01
7.42236376e-01
7.65941501e-01
7.47452378e-01
7.67561853e-01
7.64969826e-01
7.32376099e-01
7.63057768e-01
7.41807580e-01
7.47268081e-01
7.58097887e-01
7.53711939e-01
7.57209718e-01
7.37515032e-01
7.35047400e-01
7.71254897e-01
7.62168586e-01
7.49933600e-01
7.74801493e-01
7.58836806e-01
7.45792031e-01
7.63475835e-01
7.52168894e-01
7.49032617e-01
7.54853368e-01
7.48323321e-01
7.51090944e-01
7.72927940e-01
7.55032897e-01
7.43851304e-01
7.50927389e-01
7.42694795e-01
7.35188067e-01
7.41212726e-01
7.33116269e-01
7.44615495e-01
7.62019515e-01
7.53332376e-01
7.44715989e-01
7.37223506e-01
7.43155122e-01
7.41142690e-01
7.35884726e-01
7.33381033e-01
7.45692313e-01
7.32235968e-01
7.54428148e-01
7.60339856e-01
7.36586928e-01
7.29276776e-01
7.43854821e-01
7.30523050e-01
7.30848730e-01
7.31264949e-01
7.21622825e-01
7.28724062e-01
7.25865126e-01
7.35127509e-01
7.16906786e-01
7.32468307e-01
7.33401716e-01
7.17220724e-01
7.48717964e-01
7.41844416e-01
7.25575984e-01
7.39490747e-01
7.43058920e-01
7.29880750e-01
7.28492796e-01
7.16518521e-01
7.18629122e-01
7.27517426e-01
7.17706621e-01
7.11754382e-01
7.19889998e-01
7.21405268e-01
7.27456033e-01
7.25597441e-01
7.23141372e-01
7.27627099e-01
7.20882416e-01
7.31148779e-01
7.21214354e-01
7.23406076e-01
7.08680868e-01
7.02584982e-01
7.28030622e-01
7.10936189e-01
7.06153154e-01
7.38235474e-01
7.35201001e-01
7.12486863e-01
7.16896951e-01
7.23122001e-01
6.96591616e-01
7.13247240e-01
7.39617765e-01
7.28827596e-01
7.30927110e-01
7.03322828e-01
7.05348849e-01
6.93166971e-01
7.13228226e-01
7.07703829e-01
7.12261438e-01
7.06013441e-01
7.01362967e-01
7.03954995e-01
7.03524649e-01
6.92714393e-01
7.08387136e-01
7.12588191e-01
7.14543402e-01
7.09318280e-01
6.84935331e-01
6.86644912e-01
6.92288458e-01
6.95305943e-01
7.00232565e-01
7.01243162e-01
6.91858649e-01
7.10595369e-01
6.97008491e-01
7.15525746e-01
7.10981488e-01
6.93295836e-01
6.99629664e-01
6.83254540e-01
6.79314077e-01
6.82720482e-01
6.87206924e-01
6.95489883e-01
6.83226645e-01
6.69805527e-01
7.06890821e-01
7.03604817e-01
6.89905167e-01
6.87786400e-01
6.91117823e-01
6.84910536e-01
6.71631277e-01
6.92109466e-01
7.20977187e-01
7.07708955e-01
6.88671827e-01
6.94908082e-01
6.78487837e-01
6.83861673e-01
6.83984101e-01
6.80159450e-01
6.87883019e-01
6.67930901e-01
6.64923072e-01
6.88136220e-01
6.66165948e-01
6.57745063e-01
6.76299632e-01
6.64756119e-01
6.52745485e-01
6.75262868e-01
6.68571353e-01
6.66405082e-01
6.71891570e-01
6.71677887e-01
6.67538702e-01
6.62832320e-01
6.84310794e-01
6.85424089e-01
6.64212942e-01
6.69127166e-01
6.56193018e-01
6.36885583e-01
6.84338629e-01
6.85451388e-01
6.38213992e-01
6.54651761e-01
6.72723353e-01
6.38841987e-01
6.59789085e-01
6.70823514e-01
6.63136244e-01
6.68054461e-01
6.62555933e-01
6.56154633e-01
6.53901339e-01
6.62561953e-01
6.76399171e-01
6.57018960e-01
6.56373441e-01
6.74283266e-01
6.44743800e-01
6.65161133e-01
6.66388452e-01
6.54855490e-01
6.70695007e-01
6.40029788e-01
6.54044449e-01
6.45742536e-01
6.34960711e-01
6.37991786e-01
6.49674654e-01
6.60056233e-01
6.65859938e-01
6.53641999e-01
6.37894869e-01
6.40789926e-01
6.38567507e-01
6.57231092e-01
6.58906281e-01
6.54645205e-01
6.45820916e-01
6.36496902e-01
6.47678912e-01
6.53354406e-01
6.48324370e-01
6.41895413e-01
6.40004516e-01
6.42910242e-01
6.47047698e-01
6.43955171e-01
6.49466932e-01
6.47182107e-01
6.28967941e-01
6.36746407e-01
6.47499084e-01
6.47342026e-01
6.31852984e-01
6.39072716e-01
6.37354851e-01
6.26801491e-01
6.39509618e-01
6.28580332e-01
6.36791229e-01
6.42169058e-01
6.53925002e-01
6.33216739e-01
6.17468119e-01
6.31590605e-01
6.39408946e-01
6.38348222e-01
6.45039618e-01
6.36183977e-01
6.37337327e-01
6.15000367e-01
6.10173583e-01
6.21215403e-01
6.18143499e-01
6.26079977e-01
6.22447610e-01
6.32323265e-01
6.08482242e-01
6.12512231e-01
6.24711871e-01
6.11341715e-01
6.10095263e-01
6.02179348e-01
6.23487055e-01
6.22573614e-01
6.15139663e-01
6.24499261e-01
6.08687162e-01
6.22694731e-01
6.17455900e-01
6.14359617e-01
6.36199236e-01
6.20131075e-01
6.16087973e-01
6.18279755e-01
5.94868422e-01
6.03464484e-01
6.00765765e-01
6.19602740e-01
6.39849901e-01
6.19996130e-01
5.98215640e-01
6.06698275e-01
6.20001674e-01
6.07000530e-01
6.23564005e-01
6.24081910e-01
6.04084253e-01
6.06101632e-01
6.07595146e-01
6.08124137e-01
5.97772896e-01
6.14349306e-01
6.04844093e-01
5.99178672e-01
5.97484708e-01
5.99292219e-01
6.03488266e-01
6.11851156e-01
6.14529550e-01
6.08648717e-01
6.03507757e-01
6.07790709e-01
6.02810085e-01
6.16064191e-01
6.10625625e-01
6.05109870e-01
6.05716884e-01
5.96236765e-01
5.91907442e-01
6.01139903e-01
5.93321085e-01
5.94335079e-01
5.91846764e-01
5.88398159e-01
5.85401356e-01
6.02470696e-01
6.00100338e-01
5.93665838e-01
5.83597720e-01
5.88887095e-01
5.94758630e-01
6.03588343e-01
5.82306266e-01
5.67952991e-01
5.87742627e-01
5.87522149e-01
5.91787219e-01
5.84535003e-01
5.93777776e-01
5.77619493e-01
5.86908817e-01
5.90664327e-01
6.06127381e-01
5.76625407e-01
5.73738039e-01
6.02232873e-01
5.88019967e-01
5.92532516e-01
5.77635348e-01
5.87056041e-01
5.94389200e-01
5.78050554e-01
5.92154145e-01
5.85484266e-01
5.95185041e-01
5.92586935e-01
5.67284226e-01
5.91908813e-01
5.78646898e-01
5.78918457e-01
5.73606610e-01
5.86954415e-01
5.75068593e-01
5.54910243e-01
5.63195705e-01
5.87233186e-01
5.94406664e-01
5.94569743e-01
5.63550830e-01
5.91040850e-01
5.82378507e-01
5.82862198e-01
5.74918568e-01
5.96325636e-01
5.93251407e-01
5.46692431e-01
5.60796559e-01
5.76324046e-01
5.67471564e-01
5.67952752e-01
5.82063675e-01
5.57156980e-01
5.56856394e-01
5.68045378e-01
5.69038510e-01
5.69728792e-01
5.30413032e-01
5.26510835e-01
5.44991553e-01
5.63106120e-01
5.66486657e-01
5.56747615e-01
5.40964544e-01
5.66136539e-01
5.74547470e-01
5.50063133e-01
5.60111403e-01
5.73502421e-01
5.70152342e-01
5.55955589e-01
5.54856360e-01
5.53676248e-01
5.53921640e-01
5.61367512e-01
5.65668166e-01
5.43727994e-01
5.48303902e-01
5.47427952e-01
5.63811481e-01
5.52712679e-01
5.46353936e-01
5.69901884e-01
5.74720323e-01
5.44301271e-01
5.38425624e-01
5.59303701e-01
5.48161268e-01
5.53358316e-01
5.62906325e-01
5.58183074e-01
5.56185961e-01
5.35004199e-01
5.21260917e-01
5.39262772e-01
5.28762162e-01
5.38845420e-01
5.76392114e-01
5.08443713e-01
4.98990834e-01
5.63574970e-01
5.49806237e-01
5.45145094e-01
5.37707865e-01
5.24435759e-01
5.51119208e-01
5.40413022e-01
5.56040704e-01
5.71222901e-01
5.57305217e-01
5.39353132e-01
5.14346480e-01
5.25012851e-01
5.42360961e-01
5.59337258e-01
5.30739069e-01
5.29281259e-01
5.34065068e-01
5.26467979e-01
5.28410196e-01
5.37593663e-01
5.29963136e-01
5.31068444e-01
5.40884376e-01
5.43835521e-01
5.36704421e-01
5.34762919e-01
5.42516589e-01
5.60362458e-01
5.32572210e-01
5.28077185e-01
5.28428853e-01
5.27773201e-01
5.76267421e-01
5.52220583e-01
5.29382944e-01
5.24719477e-01
5.33602953e-01
5.21539927e-01
5.41951299e-01
5.34817994e-01
5.38501501e-01
5.43447495e-01
5.28948426e-01
5.27495980e-01
5.20839095e-01
5.36199093e-01
5.34804583e-01
5.21555543e-01
5.34403384e-01
5.30878484e-01
5.33616722e-01
5.19181371e-01
5.10008752e-01
5.13330579e-01
5.33556879e-01
5.44747174e-01
4.98566628e-01
5.19025087e-01
5.29503226e-01
5.20204365e-01
5.38983703e-01
5.23973346e-01
5.22054136e-01
5.22595346e-01
5.26236832e-01
5.16443193e-01
5.19024432e-01
5.27323902e-01
5.17108560e-01
5.15011251e-01
5.11707187e-01
5.05355120e-01
5.15083313e-01
5.06477773e-01
5.14198720e-01
5.31990409e-01
5.08387566e-01
4.99719113e-01
5.07262588e-01
5.14121056e-01
5.08701205e-01
4.98831749e-01
4.99137461e-01
5.23933291e-01
5.16647577e-01
5.02766252e-01
5.05287766e-01
5.25557637e-01
5.07627547e-01
5.06507456e-01
5.09931862e-01
5.04757822e-01
5.03263474e-01
5.11256218e-01
5.09725988e-01
5.08701563e-01
5.03611624e-01
4.98568952e-01
5.03868699e-01
5.03722250e-01
5.03489137e-01
4.84425724e-01
4.87288117e-01
5.09407759e-01
5.17936170e-01
5.15975058e-01
4.90464211e-01
4.78830010e-01
4.91505176e-01
5.15454352e-01
4.87368643e-01
4.80442524e-01
4.79846448e-01
4.93612289e-01
5.00265002e-01
5.00577033e-01
5.11128128e-01
4.92377162e-01
4.86271173e-01
5.00771284e-01
4.98724908e-01
4.97403204e-01
4.96290714e-01
4.75430638e-01
4.86736506e-01
4.97511268e-01
4.89076674e-01
4.90022033e-01
4.86041218e-01
4.87076461e-01
4.95475113e-01
5.08335948e-01
4.93367344e-01
4.83471513e-01
4.90228295e-01
4.88908499e-01
5.05496681e-01
4.88351077e-01
4.80400503e-01
4.90659773e-01
5.00486732e-01
4.86147672e-01
4.77640659e-01
5.12402177e-01
4.95265305e-01
4.61386144e-01
4.85292554e-01
4.84153807e-01
4.56497371e-01
4.63976800e-01
4.63814944e-01
4.96926963e-01
4.86057281e-01
5.18680751e-01
4.74433690e-01
4.86959487e-01
4.89238590e-01
5.05659699e-01
4.85223413e-01
4.56686497e-01
4.88266647e-01
4.84296590e-01
4.45766181e-01
4.69641000e-01
4.70560610e-01
4.88438547e-01
4.76198375e-01
4.59091872e-01
4.62492913e-01
5.00898719e-01
4.97642577e-01
4.75036025e-01
4.61876541e-01
4.76324499e-01
4.85477269e-01
4.86264348e-01
4.82503921e-01
4.85425353e-01
4.71609771e-01
4.64191586e-01
4.78932083e-01
4.73441333e-01
4.85866517e-01
4.86360997e-01
4.68576312e-01
4.56767410e-01
4.63676333e-01
4.72675115e-01
4.64903384e-01
4.83708590e-01
4.72454756e-01
4.71837372e-01
4.70813870e-01
4.61790264e-01
4.71714914e-01
4.77154791e-01
4.72856104e-01
4.67445046e-01
4.63936776e-01
4.65829343e-01
4.74798530e-01
4.92098123e-01
4.64717656e-01
4.66623425e-01
4.70712632e-01
4.54958916e-01
4.73428547e-01
4.78439748e-01
4.65813518e-01
4.47413802e-01
4.53863591e-01
4.45421040e-01
4.60481942e-01
5.43470263e-01
4.57445621e-01
4.23277527e-01
4.27532405e-01
4.50534552e-01
4.79835451e-01
4.65632647e-01
4.54928845e-01
4.46925014e-01
4.62660342e-01
4.57288086e-01
4.63664740e-01
4.66571599e-01
4.64039296e-01
4.51970309e-01
4.42210019e-01
4.52124715e-01
4.46751088e-01
4.73534554e-01
4.93395329e-01
4.66026038e-01
4.66901809e-01
4.38265979e-01
4.46321696e-01
4.47823942e-01
4.68065470e-01
4.47231650e-01
4.34492707e-01
4.48819607e-01
4.38656271e-01
4.60675359e-01
4.51448977e-01
4.48425710e-01
4.59347576e-01
4.36805040e-01
4.31716412e-01
4.73353028e-01
4.59441841e-01
4.40058917e-01
4.65338826e-01
4.70518440e-01
4.62566346e-01
4.38722610e-01
4.60511714e-01
4.34223980e-01
4.23604369e-01
4.45812881e-01
4.24574792e-01
4.32941377e-01
4.34624314e-01
4.40335155e-01
4.74165618e-01
4.33218151e-01
4.05031890e-01
4.24707204e-01
4.38503146e-01
4.46892321e-01
4.33719099e-01
4.36691105e-01
4.78542775e-01
4.55328017e-01
4.31420118e-01
4.25424755e-01
4.31043476e-01
4.34055477e-01
4.44267541e-01
4.34933245e-01
4.27346975e-01
4.23843980e-01
4.38652873e-01
4.50812936e-01
4.28031117e-01
4.04298365e-01
4.18684751e-01
4.40406024e-01
4.73205209e-01
4.33608204e-01
4.36073989e-01
4.23010558e-01
3.84992331e-01
4.18110371e-01
4.63131100e-01
4.34831768e-01
4.30331707e-01
4.38049048e-01
4.20611560e-01
4.14169967e-01
4.49229300e-01
4.41400051e-01
4.15268540e-01
4.53269541e-01
4.34844285e-01
4.12368268e-01
4.31679547e-01
4.22088474e-01
4.11421955e-01
4.06519860e-01
4.18163002e-01
4.33347642e-01
4.01716977e-01
4.24775630e-01
4.31649178e-01
4.21462685e-01
4.20506835e-01
4.14596587e-01
4.17575717e-01
4.22474653e-01
4.28013682e-01
3.64446521e-01
3.72505724e-01
4.59957659e-01
4.44814384e-01
3.96615148e-01
4.10712451e-01
4.56151307e-01
4.51949775e-01
4.09763157e-01
4.03662562e-01
4.05698776e-01
4.02409285e-01
4.17769253e-01
4.16042984e-01
4.17711854e-01
4.16097313e-01
4.03785348e-01
4.03944820e-01
4.00334239e-01
4.15830910e-01
3.98101598e-01
4.03512686e-01
4.50414360e-01
4.33570027e-01
4.16034430e-01
3.94465178e-01
4.05012310e-01
4.07881230e-01
3.99549276e-01
4.17570293e-01
4.23503518e-01
4.31034088e-01
4.03253227e-01
4.19321567e-01
4.15713936e-01
4.07178044e-01
3.94224942e-01
3.82707298e-01
4.08877492e-01
4.22543317e-01
4.16495949e-01
3.93809199e-01
4.06293511e-01
4.00729507e-01
3.46851408e-01
3.56268346e-01
4.14698094e-01
4.23469663e-01
3.94115806e-01
4.08959329e-01
4.09220964e-01
4.10991848e-01
4.15157318e-01
4.01579261e-01
4.00973618e-01
4.02204186e-01
3.87478352e-01
3.90142858e-01
3.90904129e-01
3.91744554e-01
3.96550775e-01
4.11335170e-01
4.24132645e-01
3.28003228e-01
3.83892268e-01
3.89995396e-01
3.71483117e-01
3.97358716e-01
3.94760549e-01
3.96065861e-01
4.09760952e-01
4.02912825e-01
4.04110938e-01
3.97583187e-01
3.96661788e-01
3.95407885e-01
3.94461840e-01
4.01741087e-01
4.11742061e-01
3.88871044e-01
3.86101305e-01
3.94033968e-01
3.97691667e-01
3.90852779e-01
3.90666455e-01
4.01438177e-01
3.98975492e-01
3.91189754e-01
4.01931405e-01
4.04048920e-01
4.06257212e-01
3.99559468e-01
4.05152142e-01
4.07841861e-01
3.89163226e-01
3.98157179e-01
3.95743400e-01
3.73085380e-01
3.73441815e-01
3.93529743e-01
3.99332374e-01
3.92694503e-01
3.89318645e-01
3.81492317e-01
3.94662410e-01
4.11854088e-01
3.92594516e-01
3.78322184e-01
3.88013512e-01
3.91291916e-01
3.87812763e-01
3.92032743e-01
3.84024441e-01
3.77167732e-01
3.73575568e-01
3.92484128e-01
4.06344712e-01
3.81699711e-01
3.76965880e-01
3.85609269e-01
3.84622574e-01
3.85326922e-01
3.89025390e-01
3.69821042e-01
3.83296341e-01
3.91601503e-01
3.86805385e-01
3.87011796e-01
3.80845517e-01
3.88160706e-01
3.93268317e-01
3.73990834e-01
3.79150718e-01
3.83668244e-01
3.83662164e-01
3.82489711e-01
3.76347512e-01
3.92727822e-01
3.75677288e-01
3.88342559e-01
3.94719481e-01
3.78935516e-01
3.73331219e-01
3.76231939e-01
3.88249755e-01
3.86335373e-01
3.85173112e-01
3.82667571e-01
3.75357836e-01
3.70721042e-01
3.92199397e-01
3.81629050e-01
3.79805356e-01
3.82630497e-01
3.89674127e-01
3.74375641e-01
3.75306636e-01
3.84278744e-01
3.59328210e-01
3.71198028e-01
3.86097372e-01
3.72037560e-01
3.61198395e-01
3.72448415e-01
3.66191328e-01
3.72419834e-01
3.84828717e-01
3.66191864e-01
3.67867768e-01
3.91879410e-01
3.85501742e-01
3.76829326e-01
3.82237375e-01
3.64895850e-01
3.56925756e-01
3.85333180e-01
3.83408993e-01
3.72824609e-01
3.69078279e-01
3.85653317e-01
3.59701753e-01
3.52869838e-01
3.79379451e-01
3.76005769e-01
3.70162308e-01
3.70212883e-01
3.58802348e-01
3.65657300e-01
3.65836740e-01
3.58534306e-01
3.60514462e-01
3.63249987e-01
3.61100316e-01
3.51060510e-01
3.61915112e-01
3.53247911e-01
3.62177074e-01
3.64675879e-01
3.60249519e-01
3.60561877e-01
3.37078750e-01
3.24219167e-01
3.52230042e-01
3.33267868e-01
3.19848239e-01
3.28569949e-01
3.52051675e-01
3.51546407e-01
3.58376324e-01
3.33238244e-01
3.39240372e-01
3.50021213e-01
3.53185833e-01
3.55141342e-01
3.45288932e-01
3.48553658e-01
3.46166432e-01
3.27563912e-01
3.51259917e-01
3.53898078e-01
3.36714864e-01
3.50859016e-01
3.58058095e-01
3.52392644e-01
3.53974134e-01
3.62653762e-01
3.49835247e-01
3.51823300e-01
3.49983096e-01
3.51278812e-01
3.37799668e-01
3.21625441e-01
3.41952533e-01
2.70968854e-01
2.88805395e-01
3.29961509e-01
3.48762184e-01
3.67756873e-01
3.26065093e-01
3.28561842e-01
3.49778950e-01
3.45871240e-01
3.49482864e-01
3.57470572e-01
3.45575690e-01
3.49491090e-01
3.54710847e-01
3.43225539e-01
3.41409981e-01
3.38244408e-01
3.28665107e-01
3.61632496e-01
3.40674758e-01
3.31489295e-01
3.44715416e-01
3.49394321e-01
3.45594823e-01
3.40634495e-01
3.55019093e-01
3.57988417e-01
3.30633581e-01
3.36340487e-01
3.16079944e-01
3.32017899e-01
3.47025365e-01
3.55018109e-01
3.43226612e-01
3.42899680e-01
3.59965742e-01
2.84763902e-01
3.31180155e-01
3.55120599e-01
3.36890250e-01
3.38543624e-01
3.45823884e-01
2.97637969e-01
3.50616246e-01
4.37344015e-01
3.50298822e-01
3.11574280e-01
3.36857915e-01
3.41664612e-01
3.26317519e-01
3.31977814e-01
3.42505813e-01
3.41606647e-01
3.27586532e-01
3.08944494e-01
2.96184242e-01
3.39449942e-01
3.42065006e-01
3.22079957e-01
3.25071603e-01
2.95924067e-01
3.26928407e-01
3.72679174e-01
3.50418866e-01
3.22323442e-01
3.30184907e-01
3.34157050e-01
3.21125150e-01
3.33455503e-01
3.32264066e-01
3.31015170e-01
3.28479707e-01
3.24126691e-01
3.23845685e-01
3.23453277e-01
3.03050399e-01
3.30808908e-01
3.53027940e-01
3.33710253e-01
3.25067967e-01
3.31823230e-01
3.08170319e-01
3.02247763e-01
3.48117232e-01
3.39396954e-01
3.23761314e-01
3.31331313e-01
3.20458710e-01
3.17410767e-01
3.22841644e-01
3.24913234e-01
3.25851858e-01
3.11117232e-01
3.23236406e-01
3.16827267e-01
3.27187806e-01
3.25820446e-01
3.23474884e-01
3.22717935e-01
3.35727721e-01
3.29424053e-01
3.04207265e-01
3.17893237e-01
3.22713524e-01
3.24904501e-01
3.23881090e-01
3.03846419e-01
3.25637370e-01
3.15991879e-01
3.16994786e-01
3.19594204e-01
3.11973214e-01
3.08263004e-01
3.16825658e-01
3.09222758e-01
3.12911958e-01
3.18339705e-01
3.25017810e-01
3.22273046e-01
3.24410439e-01
3.17060679e-01
3.10784012e-01
3.06048423e-01
3.08006138e-01
3.16754788e-01
3.23305935e-01
3.07381183e-01
3.09391350e-01
3.04297715e-01
3.15945446e-01
3.11022162e-01
3.22630703e-01
3.16180766e-01
3.21440905e-01
3.05510819e-01
3.04551095e-01
3.14806253e-01
3.09945166e-01
3.33396763e-01
3.23930681e-01
3.07100058e-01
3.12037170e-01
2.94942021e-01
3.18553507e-01
3.16931784e-01
2.99801767e-01
2.93862641e-01
2.89818913e-01
3.00723672e-01
3.13098878e-01
3.08392167e-01
3.08458924e-01
3.17239016e-01
3.12329143e-01
3.31797719e-01
3.17678809e-01
3.48962098e-01
3.36392581e-01
3.09500337e-01
3.17874014e-01
2.90112138e-01
3.16508174e-01
3.25336665e-01
3.01808625e-01
3.04111779e-01
2.94666171e-01
2.93676972e-01
2.99650580e-01
3.36490631e-01
3.04749578e-01
2.92997301e-01
3.08649093e-01
3.17264736e-01
3.16980809e-01
2.97811985e-01
2.87806332e-01
2.98469454e-01
3.05903167e-01
3.01501304e-01
3.00685644e-01
2.93572515e-01
2.91010082e-01
2.99977809e-01
3.06591332e-01
2.87481844e-01
3.09694260e-01
3.07148010e-01
2.99910724e-01
3.03445399e-01
3.08369279e-01
2.95903444e-01
3.04536015e-01
2.97599018e-01
2.96590388e-01
3.04125369e-01
3.06194097e-01
2.91061133e-01
2.89782792e-01
2.92720169e-01
2.96186417e-01
2.99030870e-01
2.94717848e-01
2.94313222e-01
2.95899630e-01
2.98531085e-01
2.99651980e-01
2.96720445e-01
2.95810729e-01
2.91716814e-01
2.90645421e-01
2.92004198e-01
2.61250824e-01
2.93498456e-01
3.15432429e-01
3.27541411e-01
3.12037498e-01
3.05401415e-01
2.82253474e-01
2.63752460e-01
2.81467497e-01
3.46171856e-01
2.84411132e-01
2.87621886e-01
2.85162807e-01
2.83181161e-01
2.99042523e-01
3.00581753e-01
3.11236441e-01
3.12781125e-01
2.84040391e-01
2.78044432e-01
2.90036052e-01
2.96884477e-01
2.94102013e-01
2.81536818e-01
2.74640232e-01
2.87192613e-01
2.84905642e-01
2.76443034e-01
2.90824592e-01
2.85407096e-01
2.84904063e-01
3.29946697e-01
2.74469495e-01
3.98747087e-01
3.24637562e-01
2.71340787e-01
2.79132634e-01
2.56744713e-01
3.16328555e-01
2.83117771e-01
2.71088302e-01
2.75965542e-01
2.86672324e-01
2.82434762e-01
2.95608938e-01
2.99833089e-01
2.72823274e-01
2.81588197e-01
2.96199977e-01
2.93189734e-01
2.75359899e-01
2.69969374e-01
2.81442761e-01
2.68588245e-01
2.81648189e-01
2.75347948e-01
2.91773260e-01
2.72127002e-01
2.74183214e-01
2.70597160e-01
2.49367252e-01
3.30662221e-01
3.62065047e-01
2.94606268e-01
2.73732603e-01
2.79042393e-01
2.71094829e-01
2.73223370e-01
2.71459877e-01
2.69437760e-01
2.81345040e-01
2.90001899e-01
2.79743880e-01
2.72749394e-01
2.71215558e-01
2.71180034e-01
2.90485471e-01
2.67696112e-01
1.85691461e-01
1.87608242e-01
2.70826578e-01
2.67136842e-01
2.58346796e-01
2.66730577e-01
2.63104975e-01
2.66957104e-01
2.58840293e-01
2.62512088e-01
2.98590243e-01
2.89514482e-01
2.83286601e-01
2.60524213e-01
2.60890990e-01
2.65458792e-01
3.05159599e-01
3.49941730e-01
3.54099274e-01
2.58915871e-01
2.21424431e-01
2.38171488e-01
2.64788657e-01
2.75870264e-01
2.54498780e-01
2.64901280e-01
2.77454019e-01
2.64960289e-01
2.51920998e-01
2.63754010e-01
2.63398677e-01
2.54382879e-01
2.79940635e-01
2.89564013e-01
2.56871581e-01
2.43671879e-01
2.86706030e-01
2.97952116e-01
2.52392590e-01
2.32052982e-01
3.11189920e-01
