7.38223791e-01
7.87815869e-01
7.11404443e-01
7.25533545e-01
7.13488579e-01
7.75212288e-01
7.18462288e-01
7.66361892e-01
7.64936507e-01
8.26321661e-01
7.17093408e-01
7.69433141e-01
7.10670352e-01
7.47569859e-01
7.21834421e-01
7.59159923e-01
7.07763255e-01
7.04164147e-01
8.01677704e-01
7.61465609e-01
7.19078839e-01
7.44405627e-01
7.61711240e-01
7.18656242e-01
6.95671439e-01
7.78187215e-01
7.37970948e-01
7.21036971e-01
7.33775616e-01
7.99133301e-01
7.42531002e-01
7.39009976e-01
7.27916479e-01
7.51281977e-01
7.09171653e-01
7.96086431e-01
7.07738996e-01
6.58744633e-01
7.75806963e-01
7.05069184e-01
6.29687369e-01
6.75659835e-01
7.44145930e-01
6.60139740e-01
6.61869705e-01
7.28956521e-01
6.67809844e-01
6.71077788e-01
6.71514452e-01
6.45390034e-01
6.89688563e-01
7.02992618e-01
8.09828758e-01
7.17281103e-01
6.99463189e-01
7.08336353e-01
6.84130907e-01
7.22793639e-01
6.89349353e-01
6.73724413e-01
7.19534636e-01
6.14826024e-01
6.45448923e-01
7.06713855e-01
6.85000598e-01
6.90684080e-01
7.18573391e-01
7.66515732e-01
7.37104237e-01
7.26677001e-01
6.94648087e-01
7.22676933e-01
6.32875383e-01
6.39087498e-01
7.01386273e-01
6.92481160e-01
6.94072545e-01
6.57620728e-01
6.81881607e-01
6.62814915e-01
6.83705330e-01
7.58643270e-01
6.68461382e-01
7.48310924e-01
7.46437311e-01
6.72570825e-01
6.66921020e-01
6.49919033e-01
6.25746012e-01
6.54560626e-01
6.71429157e-01
6.43138230e-01
6.52974904e-01
6.12079263e-01
6.57909811e-01
6.64699733e-01
6.18250668e-01
6.05509102e-01
6.28814220e-01
6.12894058e-01
5.93312562e-01
6.85227394e-01
6.92548335e-01
6.21647179e-01
5.68586051e-01
6.06266975e-01
5.95484138e-01
6.50146544e-01
6.60737872e-01
6.20067477e-01
6.02396965e-01
6.33145988e-01
6.90831363e-01
6.89352989e-01
6.41463459e-01
6.16929412e-01
6.74222708e-01
6.64102376e-01
6.24440491e-01
6.86776876e-01
7.11841702e-01
6.90444648e-01
6.85091972e-01
7.04099238e-01
6.75280988e-01
7.30746567e-01
7.36809433e-01
6.84490621e-01
7.14964449e-01
6.99966669e-01
6.71826184e-01
6.22693419e-01
6.77938461e-01
6.37534380e-01
6.79510891e-01
7.47477949e-01
6.81540728e-01
6.78058922e-01
6.82032585e-01
6.57390714e-01
6.66997910e-01
6.65822148e-01
6.36706412e-01
6.28013849e-01
6.53259099e-01
6.76406443e-01
6.81055784e-01
6.67244136e-01
6.79594278e-01
6.55542314e-01
6.48382485e-01
6.97836041e-01
6.47925794e-01
6.58799946e-01
6.34657204e-01
6.10306859e-01
6.58886969e-01
6.28537774e-01
6.79549217e-01
6.88572109e-01
6.63599253e-01
6.34023070e-01
6.12164378e-01
5.92632771e-01
6.31386459e-01
6.80778146e-01
6.67323768e-01
6.69884026e-01
6.41786158e-01
6.67153537e-01
6.22201741e-01
6.27295375e-01
6.44985557e-01
6.06163442e-01
5.89815557e-01
6.05710924e-01
5.92607677e-01
6.31783485e-01
6.72750652e-01
6.20038331e-01
5.75674355e-01
6.09904885e-01
6.33518040e-01
5.98781049e-01
6.08104229e-01
6.21507287e-01
6.09433591e-01
5.72438776e-01
5.64143717e-01
5.27077436e-01
5.61603010e-01
5.44710219e-01
5.36988497e-01
4.92977530e-01
4.96792734e-01
6.05259895e-01
5.63144684e-01
5.52007258e-01
6.09566510e-01
5.59043527e-01
5.52618802e-01
6.10000193e-01
5.94293594e-01
6.11996174e-01
6.35770142e-01
6.36564314e-01
6.22167945e-01
6.30688131e-01
6.16959155e-01
6.25030339e-01
5.72656512e-01
6.16242468e-01
5.99753976e-01
6.28490448e-01
6.38114870e-01
6.14231408e-01
6.44329667e-01
6.18261993e-01
6.14869297e-01
6.75366580e-01
5.95764875e-01
5.93943655e-01
6.68337822e-01
6.08402193e-01
6.28816605e-01
5.82245827e-01
5.81121743e-01
6.42739832e-01
5.82014501e-01
6.13605261e-01
6.34382844e-01
6.28774405e-01
6.30453527e-01
6.28633618e-01
6.61717534e-01
6.34568810e-01
5.87565958e-01
5.62398672e-01
5.78538001e-01
5.93469381e-01
6.65452659e-01
6.11033916e-01
5.91382444e-01
6.56896770e-01
6.21625960e-01
5.75225830e-01
6.07103765e-01
6.33611381e-01
6.24488533e-01
6.01811588e-01
5.95810056e-01
6.58977270e-01
6.21940911e-01
5.85611045e-01
5.76674938e-01
6.46232724e-01
6.29664123e-01
6.51453614e-01
5.66068590e-01
5.89781106e-01
5.80085039e-01
6.15901470e-01
6.07458889e-01
6.38605118e-01
6.26976848e-01
6.28386259e-01
6.11297607e-01
5.87894499e-01
5.90774775e-01
6.39420211e-01
6.45631850e-01
5.92404604e-01
6.13590479e-01
5.72240472e-01
5.98036766e-01
5.77493727e-01
6.01692736e-01
5.95523238e-01
6.00278497e-01
6.10365331e-01
6.23887241e-01
6.44476056e-01
6.09522581e-01
5.32663167e-01
6.11763358e-01
6.05460286e-01
6.38911068e-01
5.90482116e-01
5.72532177e-01
6.08749747e-01
5.91788471e-01
5.73940337e-01
6.37732804e-01
6.36590779e-01
6.28935516e-01
6.28515005e-01
6.36434197e-01
5.94083965e-01
6.23135805e-01
5.91798782e-01
5.57175040e-01
6.36925161e-01
5.82787275e-01
5.67239583e-01
5.68551779e-01
5.41374147e-01
5.72540700e-01
5.80441058e-01
5.55133045e-01
5.64354539e-01
5.67139983e-01
6.34667575e-01
5.98003805e-01
5.67483842e-01
5.80965400e-01
5.50652862e-01
5.55631697e-01
5.38248539e-01
5.74407458e-01
5.91470480e-01
5.61454833e-01
5.48255920e-01
5.45155704e-01
5.85725129e-01
5.53836346e-01
5.19039035e-01
5.26079357e-01
5.14762163e-01
5.00065267e-01
5.00294566e-01
4.76683915e-01
4.96930897e-01
4.89852399e-01
4.54154789e-01
4.95103300e-01
4.63390082e-01
4.77358103e-01
5.03136814e-01
4.90285248e-01
5.02710521e-01
5.24585605e-01
5.13493180e-01
5.19831240e-01
5.19127011e-01
5.23093224e-01
4.93696451e-01
5.19357562e-01
5.01886129e-01
5.22111714e-01
5.45126915e-01
5.66826940e-01
5.93425155e-01
5.17748237e-01
5.92450261e-01
6.05042040e-01
5.89318693e-01
5.63959539e-01
5.54119408e-01
5.49254775e-01
5.74021518e-01
5.37893236e-01
5.43543935e-01
5.78954875e-01
5.76285899e-01
6.12855315e-01
5.17427683e-01
5.13866305e-01
5.55739582e-01
5.83342791e-01
5.55496037e-01
5.33678532e-01
5.62382281e-01
5.39307535e-01
5.66325724e-01
5.74996293e-01
5.82953930e-01
5.76304793e-01
5.55309594e-01
5.20876706e-01
5.51231325e-01
5.48929513e-01
5.48840642e-01
5.59659898e-01
6.11836851e-01
5.46043813e-01
5.67779362e-01
5.61812580e-01
6.23255491e-01
5.66586733e-01
5.60495019e-01
5.57290256e-01
5.23632944e-01
5.76611757e-01
5.37981451e-01
5.42026043e-01
5.30260503e-01
5.32924473e-01
5.60190380e-01
5.40158570e-01
5.53849638e-01
5.77322841e-01
5.68477273e-01
5.77944040e-01
5.36686778e-01
5.36822200e-01
5.66725671e-01
5.62402844e-01
5.60583472e-01
5.39316416e-01
5.90683341e-01
5.36928117e-01
5.36156714e-01
5.53655684e-01
5.58479488e-01
5.53626299e-01
5.41390300e-01
5.59110761e-01
5.71119666e-01
5.43617666e-01
5.64215004e-01
5.35538495e-01
5.45950770e-01
5.45979500e-01
5.54764628e-01
5.42672932e-01
5.25782764e-01
5.53045273e-01
5.60308099e-01
5.55303991e-01
5.34246743e-01
5.52768350e-01
5.57385206e-01
5.61589301e-01
5.57710826e-01
5.26416600e-01
5.13162136e-01
5.14915347e-01
4.96810704e-01
5.39022028e-01
5.52937508e-01
5.12049913e-01
5.60078502e-01
5.64881980e-01
5.41905820e-01
5.43171704e-01
5.43810427e-01
5.70669770e-01
5.21477282e-01
5.30183911e-01
5.24554372e-01
4.96653408e-01
5.38874328e-01
5.43780327e-01
5.00588775e-01
5.27992308e-01
5.29513836e-01
5.45074046e-01
5.29840589e-01
5.48507392e-01
5.17451644e-01
5.36584079e-01
5.19214332e-01
5.44150531e-01
5.42254090e-01
5.18017650e-01
5.35686970e-01
5.41577458e-01
5.31182110e-01
5.48999012e-01
5.46361029e-01
5.40319085e-01
5.20725250e-01
5.35487175e-01
5.14839351e-01
5.07374883e-01
5.30085862e-01
5.29085696e-01
5.13092697e-01
4.98585075e-01
5.11824310e-01
5.12840390e-01
4.96377617e-01
5.08998454e-01
5.24122417e-01
5.29770792e-01
5.31682909e-01
5.31355083e-01
5.29096365e-01
5.15476108e-01
4.78222728e-01
5.27381599e-01
5.12597680e-01
5.03768444e-01
5.34786046e-01
5.09945333e-01
5.51635444e-01
5.05840480e-01
5.52938879e-01
5.44436455e-01
5.37698269e-01
5.48438251e-01
5.32904804e-01
5.07861078e-01
5.64111412e-01
5.23706138e-01
4.94284540e-01
5.45707047e-01
5.11846542e-01
5.42211294e-01
5.61684608e-01
5.20402908e-01
4.95418251e-01
5.21097481e-01
4.76606637e-01
4.90252882e-01
5.13966560e-01
5.24671495e-01
5.09734273e-01
4.95872855e-01
5.02617478e-01
5.00410497e-01
4.94531512e-01
5.18743873e-01
5.29572248e-01
5.21047950e-01
5.14626086e-01
5.00267982e-01
5.44035554e-01
5.39410174e-01
5.11832058e-01
4.76257920e-01
5.42530656e-01
5.32320738e-01
4.91007715e-01
4.82448250e-01
5.00764906e-01
5.28922617e-01
5.16678035e-01
4.95425105e-01
5.34241080e-01
5.16337812e-01
5.18484354e-01
4.97053593e-01
5.12800276e-01
5.23069024e-01
5.13522387e-01
4.93618220e-01
5.08164942e-01
5.15865803e-01
5.01877666e-01
4.99039918e-01
5.09046555e-01
4.93771106e-01
4.95810926e-01
4.71940458e-01
5.31974792e-01
4.97630507e-01
4.93428171e-01
4.97203141e-01
5.14293253e-01
4.88568634e-01
5.25767803e-01
4.94514525e-01
4.82152551e-01
5.23834646e-01
5.00515461e-01
5.02102911e-01
4.61224616e-01
4.55065846e-01
4.95582461e-01
4.73324150e-01
4.58846420e-01
4.75249618e-01
4.43631232e-01
4.50988978e-01
4.28273767e-01
4.17786777e-01
3.84710044e-01
3.75402540e-01
3.97284061e-01
3.70052516e-01
4.02887225e-01
3.87677550e-01
3.86573851e-01
4.11299855e-01
4.26438957e-01
4.47192580e-01
4.20219570e-01
4.52490330e-01
4.58500624e-01
4.66603279e-01
4.78008002e-01
4.58506227e-01
4.64560926e-01
4.67885822e-01
4.50580835e-01
5.01021147e-01
4.96114969e-01
4.90547478e-01
5.27613342e-01
4.81696904e-01
5.01131594e-01
4.95310038e-01
4.75251198e-01
4.84005481e-01
4.81258631e-01
4.66156662e-01
4.84912068e-01
4.74043161e-01
4.88492548e-01
4.73205656e-01
4.89523023e-01
4.93067771e-01
4.69426274e-01
4.81879443e-01
4.68591928e-01
4.83064234e-01
4.98318017e-01
4.84946042e-01
4.74814028e-01
4.53971297e-01
4.89715278e-01
4.72640693e-01
4.55216348e-01
4.71427709e-01
4.70742762e-01
4.71518219e-01
4.83748347e-01
4.92713273e-01
4.68543470e-01
4.33950424e-01
4.72676456e-01
4.69447494e-01
4.39660996e-01
4.76352721e-01
4.33552235e-01
4.57539022e-01
4.71130043e-01
4.79647785e-01
4.94619548e-01
4.56998736e-01
4.79839087e-01
4.84667271e-01
4.89343822e-01
4.65865970e-01
4.52001631e-01
4.96749610e-01
4.84650731e-01
4.61793661e-01
4.83368129e-01
4.82591242e-01
4.58071858e-01
4.81399566e-01
4.71941620e-01
4.50359255e-01
4.58246619e-01
4.50399965e-01
4.44833070e-01
4.72762167e-01
4.70303416e-01
4.63378459e-01
4.84389096e-01
4.70607996e-01
4.74256784e-01
4.41734374e-01
4.47149098e-01
4.52946186e-01
4.60897237e-01
4.46734190e-01
4.85893756e-01
4.46608156e-01
4.31268811e-01
4.68018889e-01
4.56690550e-01
4.39941496e-01
4.51413989e-01
4.62514400e-01
4.50533152e-01
4.55351979e-01
4.72152174e-01
4.66280162e-01
4.60614175e-01
4.50475127e-01
4.19255793e-01
4.38948900e-01
4.48297232e-01
4.31264341e-01
4.91333216e-01
4.48683351e-01
4.51498300e-01
4.51032072e-01
3.99605244e-01
4.20706451e-01
4.76628125e-01
4.53458279e-01
4.44790065e-01
4.22768772e-01
4.42852646e-01
4.22920436e-01
4.32987154e-01
4.31167930e-01
4.38907593e-01
4.51059639e-01
4.45563257e-01
4.13340688e-01
4.33152974e-01
4.56656992e-01
4.33877856e-01
4.32350010e-01
4.06138062e-01
4.03122514e-01
4.29938406e-01
4.50244457e-01
4.78970289e-01
4.46717709e-01
4.58304435e-01
4.43353146e-01
4.41152394e-01
4.34090942e-01
4.33839113e-01
4.37356025e-01
4.40677017e-01
4.59129244e-01
4.57459182e-01
4.63207662e-01
4.37488616e-01
4.21615601e-01
4.60444033e-01
4.17544067e-01
4.25937265e-01
4.14136052e-01
4.43738401e-01
4.46375489e-01
4.22243088e-01
4.44345713e-01
4.47502553e-01
4.19412732e-01
3.95661652e-01
4.27619576e-01
4.67075437e-01
4.46636707e-01
4.22527999e-01
4.11277771e-01
4.19331521e-01
4.21443582e-01
4.55228835e-01
4.21394378e-01
4.44594920e-01
4.09221292e-01
4.39823747e-01
4.20822710e-01
4.15779829e-01
4.29792553e-01
4.37111646e-01
4.12323624e-01
4.36071306e-01
4.20724750e-01
3.97686511e-01
4.14894998e-01
4.46444601e-01
4.64093059e-01
4.32702303e-01
4.27575946e-01
4.08285081e-01
4.29359913e-01
4.66607451e-01
4.40182596e-01
4.25008148e-01
4.45652694e-01
4.48254973e-01
4.22546595e-01
4.06393945e-01
4.30487245e-01
4.13368553e-01
4.04158026e-01
4.16622430e-01
4.20551151e-01
4.17278141e-01
3.95953149e-01
4.06194121e-01
4.27836508e-01
4.55240667e-01
4.28911865e-01
4.09618229e-01
4.35078233e-01
4.20383185e-01
3.91410917e-01
4.11333561e-01
4.38611150e-01
4.05216783e-01
4.00196254e-01
4.25272971e-01
4.20511186e-01
4.07669544e-01
4.34827179e-01
4.24425900e-01
3.95832717e-01
4.31070268e-01
4.01345372e-01
4.04210061e-01
3.93449605e-01
4.13227439e-01
3.99327189e-01
4.30471689e-01
4.05412942e-01
3.82681668e-01
3.98727685e-01
4.02932018e-01
3.99727970e-01
4.10292983e-01
4.25608516e-01
4.33787107e-01
3.89811635e-01
3.85700345e-01
3.94726843e-01
4.03248698e-01
4.29150790e-01
4.21596587e-01
3.98032844e-01
4.18788493e-01
4.12981361e-01
3.86381209e-01
4.00037050e-01
4.22668844e-01
4.11000818e-01
4.07815367e-01
4.23231632e-01
4.05325860e-01
3.90461385e-01
4.15329099e-01
4.13638532e-01
4.00147825e-01
4.11886930e-01
4.01988626e-01
4.24396217e-01
4.00885433e-01
3.89993727e-01
3.93432081e-01
4.32376087e-01
3.89071584e-01
3.98276597e-01
4.02893513e-01
3.92943472e-01
3.86836290e-01
4.02099550e-01
3.73654991e-01
3.91301483e-01
4.20396924e-01
3.94015163e-01
3.89221162e-01
3.98518026e-01
4.11256462e-01
4.05775815e-01
3.86183083e-01
3.73729140e-01
3.81896824e-01
4.26355839e-01
3.97810131e-01
3.79623592e-01
3.90481800e-01
3.88917983e-01
3.90014827e-01
3.90325576e-01
3.66747320e-01
3.89786839e-01
3.82229745e-01
4.06795144e-01
3.77395928e-01
3.80656868e-01
3.85468513e-01
3.85124654e-01
3.72099251e-01
3.96669686e-01
3.78332168e-01
3.71742427e-01
3.69284838e-01
4.02584791e-01
3.92138988e-01
3.70763332e-01
3.64986390e-01
3.98179799e-01
3.74676615e-01
3.66256118e-01
3.85649472e-01
3.81944925e-01
3.68704736e-01
3.68717611e-01
3.75198364e-01
3.74803811e-01
4.08550531e-01
3.68222296e-01
3.59269321e-01
3.76183927e-01
4.01295871e-01
4.11331177e-01
3.65419298e-01
3.83042604e-01
3.61218870e-01
3.64117354e-01
3.75847965e-01
3.66706342e-01
3.73669922e-01
3.73499960e-01
4.06119645e-01
3.68788987e-01
3.55414063e-01
3.84919077e-01
3.75523835e-01
3.60505104e-01
3.81610334e-01
3.88658196e-01
3.75559211e-01
3.76471519e-01
3.51264834e-01
3.62880349e-01
3.66630882e-01
3.66822869e-01
3.67839158e-01
3.70870620e-01
3.71293396e-01
3.65493715e-01
3.93959254e-01
4.04348403e-01
4.03548330e-01
3.92051429e-01
3.74307662e-01
3.83397222e-01
3.80611509e-01
3.73273641e-01
3.66241127e-01
3.53707433e-01
3.57938379e-01
3.54212552e-01
3.87989253e-01
3.63967329e-01
3.65478039e-01
3.78560543e-01
3.69971424e-01
3.80377293e-01
3.70395690e-01
3.71987104e-01
3.68045837e-01
3.53431910e-01
3.55098486e-01
3.84016901e-01
3.76544863e-01
3.64883155e-01
3.52308959e-01
3.44386876e-01
3.59111518e-01
3.46170902e-01
3.43376130e-01
3.61555815e-01
3.79251093e-01
3.67095709e-01
3.73408824e-01
3.36243987e-01
3.36960763e-01
3.52691412e-01
3.68458033e-01
3.54685843e-01
3.49972814e-01
3.65948081e-01
3.65544915e-01
3.62067163e-01
3.62069815e-01
3.39559615e-01
3.56779456e-01
3.68264228e-01
3.41304719e-01
3.64515126e-01
3.37975621e-01
3.52343321e-01
3.47487032e-01
3.37456793e-01
3.41179818e-01
3.71061474e-01
3.70132267e-01
3.55488628e-01
3.63979280e-01
3.50112677e-01
3.54395896e-01
3.50030512e-01
3.43723536e-01
3.40523750e-01
3.31482738e-01
3.31934750e-01
3.48758668e-01
3.69567811e-01
3.59663486e-01
3.51001084e-01
3.59005481e-01
3.60298753e-01
3.48761082e-01
3.42124611e-01
3.60000223e-01
3.35994482e-01
3.54929507e-01
3.56321156e-01
3.57624114e-01
3.53635907e-01
3.60210806e-01
3.65004867e-01
3.47484678e-01
3.46546471e-01
3.11494291e-01
3.31825942e-01
3.47812444e-01
3.53526592e-01
3.64641011e-01
3.61521214e-01
3.63284379e-01
3.52134883e-01
3.57228786e-01
3.62903208e-01
3.50409240e-01
3.35651129e-01
3.57736051e-01
3.36998314e-01
3.43797952e-01
3.52439761e-01
3.37397933e-01
3.58339787e-01
3.37000877e-01
3.44708174e-01
3.47100616e-01
3.40875745e-01
3.33750188e-01
3.37383002e-01
3.42024595e-01
3.28918189e-01
3.45240653e-01
3.59448493e-01
3.62824798e-01
3.53404820e-01
3.59373480e-01
3.26792896e-01
3.43290269e-01
3.69883090e-01
3.44582349e-01
3.63025993e-01
3.64252925e-01
3.50190103e-01
3.45928401e-01
3.41963470e-01
3.43680143e-01
3.44700396e-01
3.43969196e-01
3.59671980e-01
3.45904678e-01
3.51942360e-01
3.37705165e-01
3.39865178e-01
3.54676306e-01
3.54626834e-01
3.53906333e-01
3.55225384e-01
3.45624506e-01
3.38986248e-01
3.42518061e-01
3.38663489e-01
3.41709435e-01
3.57819974e-01
3.29008788e-01
3.11359167e-01
3.34833711e-01
3.32829416e-01
3.02793682e-01
3.02526295e-01
3.07336330e-01
3.04168344e-01
2.69751549e-01
2.88923532e-01
3.65367323e-01
2.88141459e-01
2.79058963e-01
2.78673649e-01
2.97101468e-01
2.92205364e-01
3.13417256e-01
3.32203299e-01
3.15602273e-01
3.34851593e-01
3.17659944e-01
3.35178584e-01
3.25337321e-01
3.08678418e-01
3.30427080e-01
3.52593988e-01
3.50146562e-01
3.23651046e-01
3.18832338e-01
3.43286961e-01
3.42363119e-01
3.30061823e-01
3.30180764e-01
3.38367999e-01
3.39289963e-01
3.57125670e-01
3.31591040e-01
3.31265450e-01
3.40919018e-01
3.24959159e-01
3.14772785e-01
3.35416973e-01
3.38601857e-01
3.22325021e-01
3.12026352e-01
3.19354624e-01
3.28688771e-01
3.22667152e-01
3.32160681e-01
3.16604227e-01
3.27730894e-01
3.45445126e-01
3.16832066e-01
3.19367290e-01
3.13649595e-01
3.29917103e-01
3.17410320e-01
3.27823073e-01
3.24449152e-01
3.13033700e-01
3.34158063e-01
3.23603094e-01
3.07183743e-01
3.06518406e-01
3.03037971e-01
3.13635021e-01
3.24075997e-01
3.19772661e-01
3.39040875e-01
3.26395214e-01
3.11134577e-01
2.93007046e-01
2.99982667e-01
3.13735902e-01
3.06566954e-01
3.15573245e-01
2.94659227e-01
3.12306106e-01
2.96673596e-01
3.02756011e-01
3.10031593e-01
3.13673943e-01
3.12470824e-01
2.99011499e-01
2.96119153e-01
2.99164534e-01
3.12720388e-01
3.01959664e-01
2.97045708e-01
2.99300730e-01
3.07975709e-01
3.11189860e-01
3.08303177e-01
3.16287547e-01
3.16338658e-01
3.40333998e-01
3.40959221e-01
3.43572885e-01
3.16490203e-01
3.01372826e-01
3.08038801e-01
2.91945934e-01
2.94298798e-01
2.95638621e-01
3.16105813e-01
2.91547298e-01
2.81911939e-01
2.94137299e-01
3.20153743e-01
2.95890063e-01
2.92118460e-01
2.92393804e-01
2.89775401e-01
2.85507679e-01
2.88260400e-01
2.90274948e-01
3.02826285e-01
3.13072205e-01
3.09101880e-01
3.11250627e-01
2.94922888e-01
3.00842166e-01
3.16537648e-01
2.98646629e-01
2.95509130e-01
2.94022024e-01
2.89028734e-01
2.94525206e-01
2.95309663e-01
2.87732244e-01
2.73652196e-01
2.95287430e-01
3.12474251e-01
2.88486868e-01
2.75511265e-01
3.04836243e-01
3.18191051e-01
3.07724327e-01
3.12086880e-01
3.45015019e-01
3.51571739e-01
3.04184139e-01
2.92384595e-01
3.03447843e-01
3.05858731e-01
2.70783603e-01
2.87412792e-01
2.98881829e-01
2.88132399e-01
2.85616130e-01
2.75834382e-01
2.86989629e-01
2.87348419e-01
3.14128727e-01
2.90624499e-01
2.83333331e-01
2.91728079e-01
2.83546567e-01
2.99443364e-01
2.82047451e-01
2.95703471e-01
2.81629384e-01
2.86036968e-01
2.96839058e-01
2.92080909e-01
3.01799625e-01
2.85796702e-01
2.92240530e-01
2.91639388e-01
2.90502936e-01
2.76259094e-01
2.75184721e-01
2.78065711e-01
2.72330225e-01
2.74535775e-01
2.86710769e-01
2.97292203e-01
3.00508559e-01
2.67786235e-01
2.75863081e-01
2.94554412e-01
2.67369479e-01
2.45874494e-01
2.64161199e-01
2.71974593e-01
2.83944637e-01
2.86082715e-01
2.79673249e-01
2.87939191e-01
2.84836859e-01
2.88523465e-01
2.77433634e-01
2.63164848e-01
2.79738814e-01
2.65921891e-01
2.59274572e-01
2.65894979e-01
2.67808497e-01
3.04191262e-01
2.80977279e-01
2.57583350e-01
2.73649275e-01
2.59282649e-01
2.60830194e-01
2.78112531e-01
2.94504464e-01
2.75698632e-01
2.54420727e-01
2.63359129e-01
2.57813305e-01
2.60675460e-01
2.75494158e-01
2.83549547e-01
2.64518648e-01
2.59023070e-01
2.73979634e-01
2.62342036e-01
2.70073652e-01
2.80507505e-01
2.80682921e-01
2.75738358e-01
2.45052695e-01
2.65053481e-01
2.66766578e-01
2.38979161e-01
2.81517684e-01
2.90412515e-01
2.52009809e-01
2.60672241e-01
2.77913898e-01
2.59844005e-01
2.67278522e-01
2.48117179e-01
2.80363262e-01
2.80452579e-01
2.57223874e-01
2.67416418e-01
2.78216362e-01
2.66811758e-01
2.64468074e-01
2.59046376e-01
2.71256626e-01
2.63416439e-01
2.42803618e-01
2.61605680e-01
2.53601491e-01
2.67248899e-01
2.66211808e-01
2.41350278e-01
2.48225078e-01
2.58585691e-01
2.49695718e-01
2.52291590e-01
2.60537326e-01
2.50095278e-01
2.64111787e-01
2.85751253e-01
2.41232067e-01
2.58035600e-01
2.68710345e-01
2.56106555e-01
2.26246759e-01
2.64536053e-01
2.57136226e-01
2.40314037e-01
2.57163942e-01
2.53576785e-01
2.45922700e-01
2.70951450e-01
2.33203456e-01
2.48870164e-01
2.65280634e-01
2.47420073e-01
2.37043262e-01
2.36262724e-01
2.62526810e-01
2.70974815e-01
2.46680930e-01
2.61566490e-01
2.70642877e-01
2.58120030e-01
2.49089748e-01
2.60453165e-01
2.66223311e-01
2.72635520e-01
2.74042100e-01
2.69620776e-01
2.53336191e-01
2.69170493e-01
2.61612386e-01
2.53167152e-01
2.63147533e-01
2.37337112e-01
2.42305622e-01
2.32001871e-01
2.69974142e-01
2.60784656e-01
2.56220132e-01
2.32340321e-01
2.35656008e-01
2.57344544e-01
2.37792268e-01
2.52775133e-01
2.83096135e-01
2.55890042e-01
2.47931570e-01
2.50123233e-01
2.41015553e-01
2.46974990e-01
2.63262421e-01
2.63992906e-01
2.50976175e-01
2.43735656e-01
2.31705800e-01
2.33000264e-01
2.45498434e-01
2.38813013e-01
2.36501321e-01
2.39108101e-01
2.42244676e-01
2.30406225e-01
2.42127240e-01
2.50664234e-01
2.44982690e-01
2.43354321e-01
2.30900064e-01
2.42954805e-01
2.35693470e-01
2.47663453e-01
2.42930621e-01
2.26004705e-01
2.34834179e-01
2.39753932e-01
2.37261683e-01
2.45429233e-01
2.37203002e-01
2.35912696e-01
2.52550960e-01
2.45864883e-01
2.38400638e-01
2.44520962e-01
2.47671008e-01
2.47284114e-01
2.29765788e-01
2.30643734e-01
2.30387181e-01
2.54978478e-01
2.33770609e-01
2.21386090e-01
2.27659479e-01
2.37048224e-01
2.44039983e-01
2.43018031e-01
2.26689503e-01
2.36453190e-01
2.40629673e-01
2.18101457e-01
2.35692084e-01
2.26310462e-01
2.36440644e-01
2.52455294e-01
2.45920345e-01
2.39770770e-01
2.52861381e-01
2.33023942e-01
2.41523236e-01
2.43507311e-01
2.32014865e-01
2.23219931e-01
2.32714742e-01
2.25106418e-01
2.47361407e-01
2.58265585e-01
2.36630559e-01
2.39733234e-01
2.44557813e-01
2.36172616e-01
2.32277840e-01
2.42325619e-01
2.40623116e-01
2.35217065e-01
2.33637825e-01
2.45661080e-01
2.30260268e-01
2.22918734e-01
2.35938132e-01
2.21514508e-01
2.19257429e-01
2.16698498e-01
2.29258090e-01
2.13468954e-01
2.15562344e-01
2.46065289e-01
2.31586516e-01
2.32187614e-01
2.15390667e-01
2.18537450e-01
2.32326269e-01
2.45692119e-01
2.32502460e-01
2.08611801e-01
2.23441586e-01
2.42267027e-01
2.32886851e-01
2.29496628e-01
2.23356664e-01
2.22845316e-01
2.23411933e-01
2.21149981e-01
2.15226427e-01
2.26576760e-01
2.40321696e-01
2.27719441e-01
2.26919532e-01
2.25567386e-01
2.18919605e-01
2.26303399e-01
2.23268569e-01
2.30253935e-01
2.49984086e-01
2.19481423e-01
2.11314559e-01
2.25867599e-01
2.33463719e-01
1.94728956e-01
2.16269612e-01
2.37574562e-01
2.21424162e-01
2.14366272e-01
2.25372761e-01
2.25873545e-01
2.08492398e-01
2.21246630e-01
2.03579858e-01
2.24267319e-01
2.19321176e-01
2.11176768e-01
2.20776990e-01
2.32754603e-01
2.18673125e-01
2.17068985e-01
2.02031359e-01
2.12447882e-01
2.17806727e-01
2.23182082e-01
2.02388257e-01
2.18663886e-01
2.15099007e-01
2.17942894e-01
2.20886558e-01
2.32014656e-01
2.19368085e-01
2.09563896e-01
2.16832593e-01
2.10093006e-01
1.99462727e-01
2.00092718e-01
2.16514260e-01
2.05330685e-01
2.12161109e-01
2.01380819e-01
2.16211632e-01
2.09695429e-01
2.10681066e-01
2.15567335e-01
1.99448660e-01
2.01648980e-01
2.16529727e-01
2.07160905e-01
2.07926422e-01
2.20996365e-01
2.12156773e-01
2.18515277e-01
2.07757875e-01
2.07761109e-01
2.10761949e-01
2.23014265e-01
2.08965257e-01
2.19707444e-01
2.17298061e-01
2.00703815e-01
2.04947978e-01
2.19762102e-01
2.06980139e-01
1.99226856e-01
2.05902249e-01
2.24464059e-01
2.14026123e-01
2.04914793e-01
2.15608567e-01
1.93655238e-01
2.04158217e-01
2.12832138e-01
2.01554328e-01
2.05394834e-01
2.00797886e-01
2.05889702e-01
2.18547598e-01
2.05167815e-01
1.97813675e-01
1.93851188e-01
2.10945964e-01
1.88632876e-01
2.05791146e-01
2.07626566e-01
2.19784096e-01
2.16313154e-01
2.07930356e-01
2.06517205e-01
1.95554286e-01
1.91067204e-01
1.86180755e-01
1.99626520e-01
2.01214671e-01
1.94731072e-01
2.08915114e-01
2.03146279e-01
2.02749580e-01
2.07615510e-01
2.04083875e-01
2.05502763e-01
2.26311311e-01
2.04929471e-01
2.06760809e-01
1.86919957e-01
2.05914184e-01
2.09283903e-01
1.85359597e-01
2.13933170e-01
2.01995730e-01
2.04050839e-01
2.07101524e-01
2.07930923e-01
2.14117721e-01
2.08887279e-01
1.84900016e-01
1.93753973e-01
2.14175388e-01
1.93546548e-01
1.94378540e-01
2.27628753e-01
1.95308864e-01
1.83097020e-01
2.02467546e-01
1.93901926e-01
2.18479961e-01
2.02441752e-01
1.86956182e-01
2.02526987e-01
1.76758781e-01
1.91479579e-01
1.96232527e-01
1.79980174e-01
1.90603986e-01
1.88066825e-01
1.78420037e-01
2.25261375e-01
2.04051137e-01
1.95007309e-01
2.07874209e-01
2.15452030e-01
2.00142771e-01
1.90866560e-01
2.17091814e-01
1.84933513e-01
1.75303712e-01
2.03339174e-01
1.89747661e-01
1.87853187e-01
1.91922814e-01
1.98358819e-01
1.95360735e-01
1.99447840e-01
2.01549858e-01
2.07244292e-01
1.93614542e-01
1.78743675e-01
2.06202373e-01
1.81956321e-01
2.05039024e-01
1.96066201e-01
2.06741467e-01
2.02017069e-01
1.87722981e-01
2.17789829e-01
1.86494961e-01
1.94897041e-01
2.05587149e-01
1.98378697e-01
1.87205270e-01
2.06639156e-01
1.96460456e-01
2.06987739e-01
2.13194147e-01
2.11230040e-01
1.86590970e-01
1.89099044e-01
2.07919523e-01
2.01557025e-01
1.66641623e-01
1.76161915e-01
1.89821437e-01
1.93983495e-01
2.38866046e-01
8.28310847e-01
6.04385197e-01
1.13772333e+00
8.63939106e-01
7.37118423e-01
4.23137486e-01
2.14658454e-01
1.86774805e-01
1.98269382e-01
1.99332118e-01
2.02277288e-01
1.78948313e-01
1.81434259e-01
1.70472637e-01
1.80793896e-01
1.95666179e-01
1.85949534e-01
1.80927038e-01
1.92077488e-01
2.04073429e-01
1.83396906e-01
1.89956054e-01
2.24499524e-01
1.73097149e-01
1.68284714e-01
1.84280679e-01
2.10251480e-01
1.96188405e-01
1.90051377e-01
1.89418599e-01
1.80127501e-01
1.77071735e-01
1.71889037e-01
1.85127437e-01
1.85910881e-01
1.79172397e-01
1.91857472e-01
2.12577596e-01
1.99199960e-01
1.89773679e-01
1.83804303e-01
1.84470817e-01
1.85579702e-01
1.90295815e-01
1.99867070e-01
1.77878276e-01
1.93714350e-01
1.78782403e-01
1.63520440e-01
1.81813776e-01
1.64663702e-01
1.73610389e-01
1.82038307e-01
1.85372517e-01
1.89645842e-01
1.98048055e-01
2.65360832e-01
2.75480807e-01
1.72442123e-01
1.79777786e-01
1.93351820e-01
1.95862442e-01
1.79591864e-01
1.88968495e-01
1.65568575e-01
1.74369141e-01
1.87233165e-01
2.01569602e-01
2.02006742e-01
1.69236541e-01
1.87768444e-01
1.85494930e-01
1.74667612e-01
1.76146880e-01
1.76646963e-01
1.99316576e-01
1.87895447e-01
1.81253880e-01
2.01145068e-01
1.83742091e-01
1.73369899e-01
1.82795852e-01
1.77511394e-01
1.70264512e-01
1.82555139e-01
1.97804257e-01
1.81154728e-01
1.83112606e-01
1.85718477e-01
1.55328050e-01
1.84109122e-01
1.78886220e-01
1.79315865e-01
1.77362591e-01
2.07200170e-01
1.69258878e-01
1.67245418e-01
1.90724939e-01
1.69245467e-01
1.71519741e-01
1.96474761e-01
1.97783455e-01
1.82875082e-01
1.59508452e-01
1.52757123e-01
1.82804346e-01
2.02648863e-01
1.90759867e-01
1.67012081e-01
1.92474321e-01
1.67180449e-01
1.65484011e-01
1.67064264e-01
1.72135636e-01
1.69779345e-01
1.83033928e-01
1.70842960e-01
1.82986170e-01
1.80436864e-01
1.86377093e-01
1.66956738e-01
1.58830673e-01
1.71133742e-01
1.67452440e-01
1.67826131e-01
1.81323081e-01
1.84557438e-01
1.66359633e-01
1.61448807e-01
1.72038123e-01
1.93798661e-01
1.78791478e-01
2.07146227e-01
1.65704444e-01
1.72930270e-01
1.56117037e-01
1.70977786e-01
1.82371855e-01
1.83067530e-01
1.80617511e-01
1.64764717e-01
1.78812787e-01
1.85110331e-01
1.87224090e-01
1.76592737e-01
1.92919284e-01
1.94632038e-01
1.72879368e-01
1.72190070e-01
1.73133016e-01
1.69346988e-01
1.76081166e-01
1.84858993e-01
1.77625671e-01
1.83014408e-01
1.74761027e-01
1.92777351e-01
1.71791494e-01
1.68198645e-01
1.59642547e-01
1.61068648e-01
1.89615130e-01
1.77291363e-01
1.75923049e-01
1.78950325e-01
1.76841080e-01
1.93558291e-01
1.78998157e-01
1.58728436e-01
1.58288762e-01
1.70183808e-01
1.72413990e-01
1.83547512e-01
1.65274143e-01
1.54306889e-01
1.68137163e-01
1.61228389e-01
1.66813061e-01
1.91091076e-01
1.89824492e-01
1.68152109e-01
1.76191568e-01
1.79028079e-01
1.53210163e-01
1.68751374e-01
1.61170006e-01
1.57006264e-01
1.61705509e-01
1.62625819e-01
1.58394441e-01
1.77273467e-01
1.82881206e-01
1.62395060e-01
1.64625093e-01
1.73294023e-01
1.61707371e-01
1.65879160e-01
1.54859066e-01
1.52396306e-01
1.66412681e-01
1.67902812e-01
1.53571889e-01
1.57327026e-01
1.75813839e-01
1.58449531e-01
1.61648467e-01
1.74344406e-01
1.63913712e-01
1.67418420e-01
1.72027051e-01
1.94017142e-01
1.60975799e-01
1.73457459e-01
1.62134632e-01
1.65617809e-01
1.53885260e-01
1.77042365e-01
1.65820673e-01
1.50598809e-01
1.69769377e-01
1.79783031e-01
1.74551979e-01
1.76057130e-01
1.78023890e-01
1.58449143e-01
1.76032215e-01
1.83754593e-01
1.73376977e-01
1.84251472e-01
2.08230659e-01
2.19462320e-01
1.68968067e-01
1.69226289e-01
1.64176777e-01
1.57878429e-01
1.78873196e-01
1.66692600e-01
1.85486317e-01
2.31218755e-01
2.90633082e-01
2.52651066e-01
2.24953249e-01
2.06044972e-01
2.59898841e-01
2.61985570e-01
2.01588467e-01
1.59697175e-01
1.48453191e-01
1.63251981e-01
1.47061363e-01
1.57401979e-01
1.53024703e-01
1.74199447e-01
1.59091756e-01
1.78525493e-01
1.67850807e-01
1.58515155e-01
1.64750561e-01
1.73172683e-01
1.64299533e-01
1.56855181e-01
1.55994117e-01
1.65515482e-01
1.55761227e-01
1.34914175e-01
1.65311337e-01
1.57887131e-01
1.61959067e-01
1.56791449e-01
1.71220109e-01
1.73772335e-01
1.83141828e-01
1.74121022e-01
1.56878710e-01
1.37760073e-01
1.64428547e-01
1.66243970e-01
1.66950896e-01
1.52389318e-01
1.55172870e-01
1.67268977e-01
1.82252064e-01
1.62521526e-01
1.41495630e-01
1.55922309e-01
1.40293241e-01
1.69053823e-01
1.34122178e-01
1.46934032e-01
1.57726303e-01
1.41202495e-01
1.46586612e-01
1.38922766e-01
1.36993542e-01
1.52117550e-01
1.53765470e-01
1.41894281e-01
1.42056614e-01
1.57903925e-01
1.65139809e-01
1.56160221e-01
1.57130465e-01
1.68343991e-01
1.53676748e-01
1.46848887e-01
1.28172547e-01
1.56641588e-01
1.64892465e-01
1.85985968e-01
1.85542479e-01
1.53022662e-01
1.39745474e-01
1.43619493e-01
1.59270614e-01
1.60897031e-01
1.47129908e-01
1.70411959e-01
1.54804662e-01
1.65034160e-01
1.45937160e-01
1.58940539e-01
1.68040201e-01
1.45365030e-01
1.58883065e-01
1.63808972e-01
1.57592207e-01
1.48690298e-01
1.65544480e-01
1.61586002e-01
1.64224118e-01
1.48380727e-01
1.40366793e-01
1.51210368e-01
1.74917921e-01
1.67262942e-01
1.74668536e-01
1.55945301e-01
1.32473111e-01
1.33374944e-01
1.47257045e-01
1.45269945e-01
1.52374938e-01
1.48409262e-01
1.74080506e-01
1.35448560e-01
1.54829934e-01
1.47037536e-01
1.49942592e-01
1.60022870e-01
1.52839214e-01
1.78281620e-01
1.46181628e-01
1.32538348e-01
1.56182215e-01
1.43890500e-01
1.41638771e-01
1.33623868e-01
1.63640797e-01
1.50575265e-01
1.39435858e-01
1.44201711e-01
1.27171472e-01
1.39517620e-01
1.43091828e-01
1.49643585e-01
1.42116681e-01
1.37877911e-01
1.52891636e-01
1.46021530e-01
1.52412117e-01
1.13817796e-01
1.26685187e-01
1.39718115e-01
1.49438083e-01
1.42193288e-01
1.41714334e-01
1.40181392e-01
1.34818435e-01
1.53904542e-01
1.25377849e-01
1.23474680e-01
1.34411156e-01
1.32679388e-01
1.49045900e-01
1.50234371e-01
1.37390733e-01
1.38229564e-01
1.61501378e-01
1.58151850e-01
1.63575292e-01
1.50434047e-01
1.36376247e-01
1.31572887e-01
1.52018771e-01
1.38537586e-01
1.25809729e-01
1.25827730e-01
1.37286812e-01
1.48582876e-01
1.57782629e-01
1.50462061e-01
1.46593094e-01
1.51323542e-01
1.49231061e-01
1.30649298e-01
1.54288143e-01
1.49112806e-01
1.44460261e-01
1.39677241e-01
1.50743768e-01
1.36953175e-01
1.45687178e-01
1.33565754e-01
1.56888217e-01
1.48919061e-01
1.41793489e-01
1.25019670e-01
1.39170408e-01
1.30725324e-01
1.39077514e-01
1.43716410e-01
1.35501921e-01
1.44822106e-01
1.65742934e-01
1.60038292e-01
1.36278644e-01
1.31935850e-01
1.51630282e-01
1.33822948e-01
1.37726098e-01
1.22125730e-01
1.63454503e-01
1.41434342e-01
0.00000000e+00
1.46380574e-01
1.71233490e-01
1.25205785e-01
1.33779377e-01
1.24052629e-01
1.61769703e-01
1.46449849e-01
1.69236317e-01
1.66174352e-01
1.28294662e-01
1.33009002e-01
1.43276498e-01
1.39952153e-01
1.27834171e-01
1.35610864e-01
1.53315648e-01
1.21384032e-01
1.29155010e-01
1.41403139e-01
1.53661698e-01
1.63672850e-01
1.29938006e-01
1.35817990e-01
1.34137660e-01
1.35148481e-01
1.34140313e-01
1.32543355e-01
1.22313254e-01
1.55132264e-01
1.22274481e-01
1.22932151e-01
1.50306046e-01
1.28116041e-01
1.40173078e-01
1.49216086e-01
1.31451651e-01
1.18659616e-01
1.38783112e-01
1.31406069e-01
1.43363401e-01
1.33477122e-01
1.38575301e-01
1.30961299e-01
1.36164770e-01
1.35970742e-01
1.33075342e-01
1.31646499e-01
1.22356497e-01
1.24187179e-01
1.26934186e-01
1.47796154e-01
1.58623785e-01
1.47361264e-01
1.48831382e-01
1.43981904e-01
1.45314440e-01
1.28050059e-01
1.29293352e-01
1.36718869e-01
1.31319255e-01
1.43835664e-01
1.29136533e-01
1.34212241e-01
1.36071891e-01
1.32140890e-01
1.20804235e-01
1.21648148e-01
1.42125130e-01
1.55786335e-01
1.49728715e-01
1.38542578e-01
1.32569343e-01
1.32134497e-01
1.31465331e-01
1.57577708e-01
1.36977360e-01
1.35952979e-01
1.09782115e-01
1.40136257e-01
1.49919316e-01
1.54355019e-01
1.36393219e-01
1.23261906e-01
1.47658989e-01
1.39679149e-01
1.16389588e-01
1.41758680e-01
1.31570935e-01
1.56849205e-01
1.37587294e-01
1.40576005e-01
1.63323119e-01
1.33318454e-01
1.58717558e-01
1.34062946e-01
2.15054750e-01
3.03234518e-01
3.56572241e-01
4.58846867e-01
2.83226967e-01
2.24453807e-01
1.85223252e-01
1.69488460e-01
1.80149347e-01
1.55375555e-01
1.44878641e-01
1.46939591e-01
1.36340544e-01
1.29029706e-01
1.34571388e-01
1.38383642e-01
1.35597661e-01
1.29820898e-01
1.33023471e-01
1.39987066e-01
1.47628188e-01
1.39011398e-01
1.32718474e-01
1.50816470e-01
1.41529456e-01
1.43509760e-01
1.48462683e-01
1.47356123e-01
1.20850295e-01
1.27152801e-01
1.34862229e-01
1.33230805e-01
1.30656019e-01
1.27722025e-01
1.28411680e-01
1.18286625e-01
1.17728069e-01
1.29098505e-01
1.32395849e-01
1.22816414e-01
1.52798310e-01
1.38951570e-01
1.35287017e-01
1.76916465e-01
1.75695673e-01
1.90412149e-01
1.63878351e-01
1.99242234e-01
1.60833180e-01
1.21170484e-01
1.30739152e-01
1.38671055e-01
1.36851609e-01
1.25255466e-01
1.23875983e-01
1.35209665e-01
1.16846412e-01
1.35639995e-01
1.34625748e-01
1.31041691e-01
1.47648036e-01
1.51828170e-01
1.42930046e-01
1.38126001e-01
1.24457181e-01
1.34120107e-01
1.22661099e-01
1.31444529e-01
1.27253577e-01
1.39913529e-01
1.31743342e-01
1.18176758e-01
1.22207358e-01
1.38639465e-01
1.38583332e-01
1.35986939e-01
1.40106782e-01
1.24813698e-01
1.24918878e-01
1.16511732e-01
1.46024108e-01
1.35969207e-01
1.33058801e-01
1.42243087e-01
1.31625921e-01
1.18719548e-01
1.30318880e-01
1.21937737e-01
1.16218820e-01
1.32363215e-01
1.28642157e-01
1.16329715e-01
1.27993196e-01
1.31765679e-01
1.35092840e-01
1.24735296e-01
1.17500760e-01
1.36986837e-01
1.35413915e-01
1.31631941e-01
1.42182916e-01
1.34518117e-01
1.14854507e-01
1.05576895e-01
1.47979856e-01
1.42390862e-01
1.24306709e-01
1.26247033e-01
1.19991049e-01
1.16285838e-01
1.33889258e-01
1.32642567e-01
1.27108946e-01
1.17639206e-01
1.30730048e-01
1.25432745e-01
1.15581170e-01
1.35805994e-01
1.25187948e-01
1.31369770e-01
1.15009256e-01
1.37284815e-01
1.38479233e-01
1.26986206e-01
1.16141714e-01
1.47015050e-01
1.37596399e-01
1.24869473e-01
1.17470719e-01
1.16421655e-01
1.35010898e-01
1.41802341e-01
1.30540580e-01
1.20757744e-01
1.44641966e-01
1.39889374e-01
1.28895834e-01
1.29478917e-01
1.17175013e-01
1.51656449e-01
1.19549803e-01
1.26235873e-01
1.43772095e-01
1.25307187e-01
1.18972227e-01
1.17896058e-01
1.28198668e-01
1.39839113e-01
1.29590929e-01
1.25454426e-01
1.30673781e-01
1.37754455e-01
1.22159980e-01
1.30051836e-01
1.42161787e-01
1.33960530e-01
1.24863327e-01
1.29332259e-01
1.28314048e-01
1.44216031e-01
1.27748072e-01
1.26668215e-01
1.41253084e-01
1.28779784e-01
1.25774771e-01
1.38090551e-01
1.33715168e-01
1.55541614e-01
1.32333040e-01
2.02174231e-01
4.51190889e-01
3.75639021e-01
2.78950393e-01
1.45466477e-01
1.51926979e-01
1.39434785e-01
1.35650903e-01
1.70610294e-01
3.04229110e-01
8.14075291e-01
6.31442130e-01
6.02106571e-01
4.22752887e-01
2.56368160e-01
1.60778508e-01
1.55602738e-01
1.41768739e-01
1.37685090e-01
1.40334174e-01
1.42282367e-01
1.30201712e-01
1.37317181e-01
1.74374387e-01
2.21753746e-01
3.16266119e-01
2.24061102e-01
1.61322281e-01
1.52164444e-01
1.39580160e-01
1.37672126e-01
1.32671446e-01
1.14294477e-01
1.22904278e-01
1.45673156e-01
1.33264348e-01
1.42330095e-01
1.31022498e-01
1.35761544e-01
1.38608381e-01
1.14423528e-01
1.32990703e-01
1.45937562e-01
1.49853200e-01
1.33740813e-01
1.49841383e-01
1.46533862e-01
1.53913155e-01
1.34844437e-01
1.26785755e-01
1.29366338e-01
1.26266062e-01
1.30294621e-01
1.28282100e-01
1.11815929e-01
1.14991620e-01
1.34248942e-01
1.38127327e-01
1.23360410e-01
1.24143340e-01
1.28617197e-01
1.26939833e-01
1.32034734e-01
1.25229672e-01
1.23072423e-01
1.19146071e-01
1.40515372e-01
1.11312374e-01
1.24507993e-01
1.33083329e-01
1.18962340e-01
1.21946253e-01
1.33319646e-01
1.29458785e-01
1.26386583e-01
1.18140638e-01
1.24464504e-01
1.24875650e-01
1.24433406e-01
1.30972177e-01
1.20018639e-01
1.34569213e-01
1.11738831e-01
1.24927841e-01
1.39544398e-01
1.32644102e-01
1.33687571e-01
1.51361048e-01
1.29897654e-01
1.25501215e-01
1.28575653e-01
1.28612727e-01
1.25539720e-01
1.24441460e-01
1.25290394e-01
1.33281201e-01
1.45061493e-01
1.24103494e-01
1.38956979e-01
1.35663703e-01
1.34785220e-01
1.17083080e-01
1.26329318e-01
1.34151682e-01
1.32726669e-01
1.25683725e-01
1.31829351e-01
1.35708988e-01
1.20281786e-01
1.32479742e-01
1.47121266e-01
2.12445140e-01
2.28302270e-01
1.96059510e-01
2.10109681e-01
1.15462452e-01
1.17935404e-01
1.22379884e-01
1.18624650e-01
1.31365433e-01
2.06782922e-01
3.70138317e-01
2.81385332e-01
1.75070375e-01
1.19129322e-01
1.21149048e-01
1.18247107e-01
1.36981130e-01
1.33924305e-01
1.38673156e-01
1.21416233e-01
1.14602700e-01
1.16104968e-01
1.14493594e-01
1.35519370e-01
1.37984067e-01
1.25963092e-01
1.34797290e-01
1.22771926e-01
1.24896713e-01
1.17884181e-01
1.24013521e-01
1.21883675e-01
1.28906921e-01
1.17748946e-01
1.33424327e-01
1.34959489e-01
1.27481520e-01
1.21328466e-01
1.32644981e-01
1.26631826e-01
1.24124475e-01
1.27650395e-01
1.19127087e-01
1.25065356e-01
1.28145814e-01
1.22133344e-01
1.39409944e-01
1.29788443e-01
1.17370792e-01
1.16353877e-01
1.25196412e-01
1.14742853e-01
1.14274263e-01
1.33242100e-01
1.20456643e-01
1.21309184e-01
1.26804024e-01
1.10983022e-01
1.15784302e-01
1.36754379e-01
1.25849590e-01
1.29289687e-01
1.25948638e-01
1.27620578e-01
1.32933185e-01
1.15675166e-01
1.23503774e-01
1.20344482e-01
1.16221771e-01
1.17539622e-01
1.75346479e-01
3.99478018e-01
4.12651062e-01
2.44370714e-01
1.48327038e-01
1.34322792e-01
1.48848742e-01
1.32199943e-01
1.24110252e-01
1.29035026e-01
1.14873871e-01
1.29923835e-01
1.45866141e-01
1.31322414e-01
1.28860310e-01
1.31017208e-01
1.14683576e-01
1.41606927e-01
1.36871412e-01
1.21528715e-01
1.23128928e-01
1.42100155e-01
1.33575842e-01
1.37062833e-01
1.63976535e-01
1.77634016e-01
1.72032133e-01
1.49249643e-01
1.41416758e-01
1.48973063e-01
1.32304966e-01
1.26804247e-01
1.46382987e-01
1.34808064e-01
1.43054828e-01
1.17620431e-01
1.16830252e-01
1.35737404e-01
1.24226995e-01
1.44887626e-01
1.45738289e-01
1.20890141e-01
1.24320559e-01
1.22938834e-01
1.36224955e-01
1.35037959e-01
1.39314413e-01
1.47302508e-01
1.15469553e-01
2.33811215e-01
1.94570050e-01
1.19463362e-01
1.31820694e-01
1.23567566e-01
1.26581714e-01
1.30049035e-01
1.43337071e-01
1.39892936e-01
1.30903661e-01
1.36408359e-01
1.42615333e-01
1.49443462e-01
1.44439369e-01
1.50303483e-01
1.42501667e-01
1.36865810e-01
1.37338400e-01
1.42656416e-01
1.20649889e-01
1.22838870e-01
1.30914286e-01
1.35225803e-01
1.22388907e-01
1.24346539e-01
1.24389842e-01
1.49714798e-01
1.42630428e-01
1.42221674e-01
1.48480430e-01
1.57398507e-01
1.44414663e-01
1.31014496e-01
1.34401321e-01
1.42808512e-01
1.27816707e-01
1.17112309e-01
1.33845121e-01
1.41079798e-01
1.19245775e-01
1.32984459e-01
1.39831796e-01
1.53224975e-01
1.52632251e-01
1.39426991e-01
1.36095881e-01
1.26037225e-01
1.26687482e-01
1.28967717e-01
1.34028524e-01
1.38677239e-01
1.24965407e-01
1.39417931e-01
1.18989147e-01
1.19402282e-01
1.27321512e-01
1.41544610e-01
1.24901697e-01
1.15713619e-01
1.21158041e-01
1.30532116e-01
1.35328770e-01
1.25685632e-01
1.37035117e-01
1.28179878e-01
1.28618926e-01
1.34997949e-01
1.30063161e-01
1.38382256e-01
1.33188874e-01
1.22109473e-01
1.23792872e-01
1.30409300e-01
1.13227554e-01
1.24178931e-01
1.35471448e-01
1.27778575e-01
1.29960284e-01
1.33224443e-01
1.30964980e-01
1.34531885e-01
1.27402723e-01
1.23157874e-01
1.36423320e-01
1.42896131e-01
1.29551426e-01
1.42070159e-01
1.39935672e-01
1.34981722e-01
1.51385263e-01
1.33371308e-01
1.33285791e-01
1.47831574e-01
1.20437413e-01
1.19350061e-01
1.27714857e-01
1.37334123e-01
1.39989346e-01
1.38491482e-01
1.36208147e-01
1.39707163e-01
1.31043404e-01
1.40744016e-01
1.33269802e-01
1.24590985e-01
1.26891881e-01
1.42083168e-01
1.24075197e-01
1.20441131e-01
1.38896570e-01
1.32547975e-01
1.38819203e-01
1.17973551e-01
1.23057619e-01
1.37096301e-01
1.28033161e-01
1.26019090e-01
1.31487161e-01
1.29854992e-01
1.31745473e-01
1.49025887e-01
1.44665569e-01
1.28727779e-01
1.18750393e-01
1.20475993e-01
1.26397476e-01
1.27236515e-01
1.19710289e-01
1.26360878e-01
1.29654258e-01
1.37303844e-01
1.20522968e-01
1.18071698e-01
1.34271428e-01
1.25375658e-01
1.31140307e-01
1.27728283e-01
1.28220677e-01
1.22239515e-01
1.29774675e-01
1.20606646e-01
1.28313273e-01
1.33115575e-01
1.35900199e-01
1.66512638e-01
2.02689275e-01
1.57197863e-01
1.24025740e-01
1.32215858e-01
1.42953575e-01
1.21943220e-01
1.29165605e-01
1.36118218e-01
1.39969215e-01
1.37826890e-01
1.23837277e-01
1.32114545e-01
1.39422029e-01
1.29785120e-01
1.22232608e-01
1.29661933e-01
1.52286425e-01
1.21096246e-01
1.27506629e-01
1.16381235e-01
1.31602183e-01
1.33086547e-01
1.25772849e-01
1.39896572e-01
1.54818222e-01
1.32058010e-01
1.30884632e-01
1.51377320e-01
1.31489679e-01
1.37627929e-01
1.39758512e-01
1.36117205e-01
1.25159070e-01
1.22270688e-01
1.34163409e-01
1.35354042e-01
1.37224585e-01
1.44607484e-01
1.29102796e-01
1.26498744e-01
1.32203177e-01
1.21822514e-01
1.43941939e-01
1.25575751e-01
1.37671173e-01
1.35142148e-01
1.29933342e-01
1.26489669e-01
1.30734414e-01
1.43140689e-01
1.42333284e-01
1.37532115e-01
1.36320248e-01
1.38434649e-01
1.32560685e-01
1.24961041e-01
1.26342118e-01
1.33538127e-01
1.48662403e-01
1.39388755e-01
1.53311491e-01
1.63882494e-01
1.76547378e-01
1.73582256e-01
1.88194349e-01
1.76053375e-01
1.74325749e-01
1.63131788e-01
1.35005757e-01
1.44578442e-01
1.51890457e-01
1.28774971e-01
1.36766896e-01
1.35037452e-01
1.24486394e-01
1.24378778e-01
1.21870197e-01
1.28265083e-01
1.54365778e-01
1.42256394e-01
1.27897114e-01
1.47062749e-01
1.62763819e-01
2.10939154e-01
2.08239242e-01
2.16457412e-01
1.72997907e-01
1.73987523e-01
1.64706200e-01
1.55952647e-01
1.58501640e-01
1.43217549e-01
1.27767533e-01
1.31273448e-01
1.48036912e-01
1.48222461e-01
1.36685729e-01
1.40499681e-01
1.27328843e-01
1.41273886e-01
1.57926112e-01
1.47261262e-01
1.55111790e-01
1.33714110e-01
1.51986569e-01
1.51112601e-01
1.91044554e-01
2.04236582e-01
1.91662312e-01
1.92331329e-01
1.77592427e-01
1.39937505e-01
1.33192867e-01
1.47473857e-01
1.54710680e-01
1.51770517e-01
1.47073284e-01
1.40054047e-01
1.45714194e-01
1.48289472e-01
1.61294386e-01
2.11829126e-01
1.88474163e-01
1.90815613e-01
1.95484474e-01
1.54648229e-01
1.22408368e-01
1.45522490e-01
1.43504232e-01
1.41401887e-01
1.34885937e-01
1.49622083e-01
1.67023346e-01
1.45040035e-01
1.57377899e-01
1.47735298e-01
1.32417917e-01
1.49083480e-01
2.14013979e-01
1.74763605e-01
1.78115830e-01
1.79758444e-01
1.54209793e-01
1.39031276e-01
1.36209905e-01
1.31939679e-01
1.32394508e-01
1.44589588e-01
1.40925854e-01
1.44251481e-01
1.46093696e-01
1.42677933e-01
1.44194707e-01
1.48739383e-01
1.50613606e-01
1.35414705e-01
1.43667877e-01
1.74111575e-01
1.55793458e-01
1.58465415e-01
1.57141551e-01
1.39697760e-01
1.29670084e-01
1.35630608e-01
1.39854953e-01
1.43384412e-01
1.28472775e-01
1.31125882e-01
1.40478924e-01
1.32949635e-01
1.34623468e-01
1.52041376e-01
1.52794480e-01
1.38545647e-01
1.47089019e-01
1.44899502e-01
1.46444559e-01
1.40494704e-01
1.50104508e-01
1.47732124e-01
1.48048177e-01
1.49022982e-01
1.48591757e-01
1.48275405e-01
1.48035914e-01
1.31842092e-01
1.49200648e-01
1.51259407e-01
1.37740970e-01
1.50032386e-01
1.40852988e-01
1.38922393e-01
1.46887600e-01
1.51220605e-01
1.57380134e-01
1.34729117e-01
1.38555825e-01
1.49002805e-01
1.46129370e-01
1.55448675e-01
1.47455722e-01
1.43725678e-01
1.42375469e-01
1.57174692e-01
1.48677170e-01
1.38407812e-01
1.49514720e-01
1.49296671e-01
1.44084707e-01
1.45626187e-01
1.49073496e-01
1.34855390e-01
1.33172125e-01
1.44871384e-01
1.39662296e-01
1.29294425e-01
1.32700741e-01
1.33346945e-01
1.30917892e-01
1.41017064e-01
1.38319477e-01
1.46139860e-01
1.27545983e-01
1.48257717e-01
1.45332873e-01
1.35772228e-01
1.38990760e-01
1.41497672e-01
1.56343415e-01
1.67849600e-01
1.73548877e-01
1.75252810e-01
1.71435848e-01
1.46382093e-01
1.66552678e-01
1.57082066e-01
1.43974438e-01
1.36788234e-01
1.50134891e-01
1.58485919e-01
1.41355142e-01
1.46956563e-01
1.43493146e-01
1.39215291e-01
1.46457121e-01
1.45236149e-01
1.46249756e-01
1.49485111e-01
1.48868382e-01
1.37528479e-01
1.50867209e-01
1.57531023e-01
1.53696582e-01
1.51022032e-01
1.38178602e-01
1.64241403e-01
1.64714456e-01
1.59584239e-01
1.66634768e-01
1.51360005e-01
1.32615954e-01
1.42704204e-01
1.51830018e-01
1.41760036e-01
1.36286661e-01
1.33061886e-01
1.45297289e-01
1.46440163e-01
1.46636531e-01
1.47633687e-01
1.61857083e-01
1.88482583e-01
2.21488029e-01
2.20206141e-01
2.07078934e-01
2.52758801e-01
2.52761304e-01
2.11430952e-01
2.14442492e-01
2.08936065e-01
1.87451959e-01
1.92462221e-01
1.62728548e-01
1.57967687e-01
1.43965870e-01
1.58957452e-01
1.68542683e-01
1.78767964e-01
1.62163466e-01
2.01024458e-01
1.94904283e-01
1.66899383e-01
1.63581461e-01
1.34285524e-01
1.46403953e-01
1.58251166e-01
1.58666193e-01
1.63513616e-01
1.66002095e-01
1.65551588e-01
1.50338724e-01
1.58899352e-01
1.67118832e-01
1.62115604e-01
1.64827809e-01
1.71389207e-01
1.47927046e-01
1.51695952e-01
1.74078494e-01
1.55025423e-01
1.47728622e-01
1.41244426e-01
1.47480652e-01
1.39659449e-01
1.42200530e-01
1.45150289e-01
1.51214153e-01
1.50919214e-01
1.50564045e-01
1.41681090e-01
1.42788649e-01
1.44974902e-01
1.37670338e-01
1.49269506e-01
1.45006210e-01
1.52330935e-01
1.53756112e-01
1.52109891e-01
1.45455003e-01
1.47723407e-01
1.56382039e-01
1.47552401e-01
1.48423865e-01
1.47473589e-01
1.49389759e-01
1.76316157e-01
1.95698857e-01
2.20570877e-01
1.97363839e-01
2.23981962e-01
2.40021691e-01
2.06710294e-01
1.58997178e-01
1.49981186e-01
1.60378769e-01
1.60546765e-01
1.53577790e-01
1.49451718e-01
1.52494490e-01
1.50803164e-01
1.44740418e-01
1.50338337e-01
1.57529205e-01
1.47842273e-01
1.54318154e-01
1.53484449e-01
1.59136683e-01
2.19517812e-01
2.62223840e-01
2.67768502e-01
2.17372924e-01
1.69157147e-01
1.63885608e-01
1.77753597e-01
1.81176364e-01
1.60460666e-01
1.66583270e-01
1.53353944e-01
1.51414216e-01
1.61975592e-01
1.53073773e-01
1.42040923e-01
1.66326165e-01
1.62878141e-01
1.66213840e-01
1.65917739e-01
1.49680123e-01
1.57802984e-01
1.51210517e-01
1.33311659e-01
1.54285803e-01
1.92386255e-01
2.23058894e-01
2.07527801e-01
1.87213480e-01
1.72692090e-01
1.57881677e-01
1.47710130e-01
1.57478988e-01
1.67600945e-01
1.59409791e-01
1.78642556e-01
1.64497092e-01
1.54220924e-01
1.51123673e-01
1.49949133e-01
1.88142806e-01
2.44663671e-01
2.29443967e-01
2.27390394e-01
1.88216195e-01
1.53319687e-01
1.41368419e-01
1.46295920e-01
1.48703739e-01
1.46434680e-01
1.44823998e-01
1.58583701e-01
1.88716486e-01
1.58784017e-01
1.63756341e-01
1.52516410e-01
1.48936599e-01
1.66877672e-01
2.27447167e-01
2.44883284e-01
2.50859380e-01
2.30382368e-01
2.31018826e-01
1.91476852e-01
1.81297213e-01
1.67320982e-01
1.71202123e-01
1.76436186e-01
1.74298361e-01
1.76768228e-01
1.99398041e-01
1.63331255e-01
1.61601022e-01
1.73994064e-01
1.74370334e-01
1.65606439e-01
1.61010191e-01
1.53327882e-01
1.84738800e-01
2.03831404e-01
1.87131107e-01
1.84949413e-01
1.52019307e-01
1.59081012e-01
1.36155531e-01
1.45176128e-01
1.71960056e-01
1.69411615e-01
1.67293772e-01
1.72309369e-01
1.54058054e-01
2.35813230e-01
3.45658094e-01
3.16796750e-01
2.54411548e-01
2.08520576e-01
2.23308876e-01
1.72073364e-01
1.82143897e-01
1.70789331e-01
1.65910959e-01
1.83520183e-01
1.77564368e-01
1.88957229e-01
1.82431281e-01
1.58223718e-01
1.47597402e-01
1.65845051e-01
1.54757589e-01
1.33561507e-01
1.53655663e-01
1.69917122e-01
1.69512734e-01
1.73232138e-01
1.63382620e-01
1.58728123e-01
1.69390231e-01
1.66784346e-01
1.58171400e-01
2.19408751e-01
2.24448830e-01
2.14308321e-01
2.02192664e-01
1.95603088e-01
1.67995632e-01
1.62560791e-01
1.70088217e-01
1.57532141e-01
1.83280319e-01
2.05546454e-01
1.79885253e-01
1.71165556e-01
1.58971071e-01
1.58638492e-01
1.74524844e-01
2.60444522e-01
3.09549153e-01
2.71642447e-01
2.05748364e-01
1.73067823e-01
1.61049530e-01
1.72954023e-01
1.70869902e-01
1.66224450e-01
1.62857577e-01
1.60889789e-01
1.76707670e-01
1.71979517e-01
1.95302382e-01
1.89947605e-01
1.75060287e-01
1.63134396e-01
2.10199580e-01
2.55264550e-01
3.23076189e-01
3.01621705e-01
2.05417365e-01
1.69177294e-01
1.65484786e-01
1.78357452e-01
1.61018744e-01
1.51153982e-01
1.71830997e-01
1.66408896e-01
1.65192991e-01
1.68305442e-01
1.62601531e-01
1.64861143e-01
1.65660843e-01
1.92891166e-01
1.70882896e-01
1.70292020e-01
1.78850055e-01
1.68787107e-01
1.82505801e-01
1.78564966e-01
1.70374930e-01
1.63133159e-01
1.70674413e-01
1.52660966e-01
1.62999243e-01
1.64835364e-01
1.71350673e-01
1.59805059e-01
1.69642866e-01
1.62564322e-01
1.58434898e-01
1.62552416e-01
1.74258903e-01
1.62417889e-01
1.51953086e-01
1.65913969e-01
1.61794275e-01
1.56886742e-01
1.66522324e-01
1.76006928e-01
1.64760068e-01
1.63228363e-01
1.62909672e-01
1.67012781e-01
1.59434825e-01
1.49124160e-01
1.51248470e-01
1.51556209e-01
1.62156984e-01
1.54684052e-01
1.56673655e-01
1.73676416e-01
1.70004666e-01
1.63667485e-01
1.58063620e-01
1.57920837e-01
1.60608113e-01
1.63288802e-01
1.65719956e-01
1.67345256e-01
1.63959622e-01
1.60256341e-01
1.60506979e-01
1.71060219e-01
1.65464371e-01
1.62190273e-01
1.52356014e-01
1.52537003e-01
1.65361151e-01
1.68060675e-01
1.66998044e-01
1.52698353e-01
1.64608285e-01
1.70064718e-01
1.57113969e-01
1.58282369e-01
1.64745003e-01
1.42874375e-01
1.52660564e-01
1.66688189e-01
1.71622932e-01
1.80597097e-01
1.60085320e-01
1.64394155e-01
1.69576049e-01
1.73868760e-01
1.85230359e-01
1.60178870e-01
1.74132988e-01
1.72920510e-01
1.71670005e-01
1.59489945e-01
1.66510239e-01
1.59012571e-01
1.61472619e-01
1.54189542e-01
1.59239799e-01
1.60562307e-01
1.76434800e-01
1.64395213e-01
1.64764822e-01
1.57677263e-01
1.59404114e-01
1.64266601e-01
1.75607577e-01
1.55979782e-01
1.66314602e-01
1.61943823e-01
1.73408002e-01
1.75418273e-01
1.62746131e-01
1.52864575e-01
1.53199434e-01
1.59267128e-01
1.70912817e-01
1.69517279e-01
1.68859467e-01
1.70324057e-01
1.67053148e-01
1.65642679e-01
1.64135486e-01
1.66141674e-01
1.73042238e-01
1.78653628e-01
1.83124363e-01
1.56846434e-01
1.72025800e-01
1.70488432e-01
1.66219234e-01
1.80221349e-01
1.66732609e-01
1.81560442e-01
1.91137165e-01
2.10695118e-01
2.30306551e-01
2.12681025e-01
2.15376720e-01
2.14120224e-01
2.64515847e-01
2.29643181e-01
1.90654308e-01
2.34157249e-01
2.47864321e-01
2.25765094e-01
2.38840461e-01
1.95905000e-01
1.67612597e-01
1.58982441e-01
1.75768584e-01
1.79980218e-01
1.87956363e-01
1.76332846e-01
1.70072556e-01
1.65466651e-01
1.66614592e-01
1.73105374e-01
1.69131830e-01
1.58597514e-01
1.53196320e-01
1.59425348e-01
1.67297646e-01
1.68362811e-01
1.62219286e-01
1.74480498e-01
1.70507804e-01
2.41539121e-01
4.62700278e-01
3.81774276e-01
4.17373478e-01
2.92819083e-01
2.30185553e-01
2.57371008e-01
2.09260195e-01
1.88963652e-01
1.65591806e-01
1.60090417e-01
1.78805470e-01
1.91297874e-01
1.88318104e-01
1.76178604e-01
1.90971643e-01
1.79724813e-01
1.67408541e-01
1.67365298e-01
1.81111678e-01
1.83788434e-01
1.94409072e-01
1.99996516e-01
1.97406292e-01
1.77607939e-01
1.70390293e-01
1.77932233e-01
1.69767529e-01
1.94301561e-01
3.10801446e-01
3.17699969e-01
3.45502406e-01
2.77969986e-01
1.97091162e-01
1.79291770e-01
1.71721637e-01
1.60582066e-01
1.82728112e-01
2.23762468e-01
2.19008163e-01
2.20504656e-01
2.58621305e-01
2.14112699e-01
1.71176985e-01
1.95542112e-01
3.36615652e-01
3.78910542e-01
4.77803141e-01
3.35677236e-01
2.13145375e-01
1.59997717e-01
1.75518706e-01
1.72577262e-01
1.66670978e-01
1.89160481e-01
1.89337432e-01
1.82860464e-01
2.29155153e-01
2.34092921e-01
2.13140443e-01
1.83249220e-01
1.63868532e-01
1.96738049e-01
2.36399934e-01
3.11387300e-01
3.39748800e-01
2.54320115e-01
1.67209387e-01
1.74488395e-01
1.77554846e-01
1.69297159e-01
1.61532521e-01
1.76433101e-01
1.78459808e-01
1.65389523e-01
1.81881160e-01
1.66846916e-01
1.85592949e-01
2.06127971e-01
2.03609973e-01
1.94358572e-01
1.69918567e-01
1.73929185e-01
2.06545040e-01
2.39068121e-01
2.32523873e-01
1.96280003e-01
1.89210996e-01
1.78392291e-01
1.67664647e-01
1.69148028e-01
1.73894942e-01
1.73238844e-01
1.77478120e-01
1.85326397e-01
1.85502514e-01
1.76754251e-01
1.73208028e-01
1.76133409e-01
1.81985617e-01
1.84144631e-01
1.66547328e-01
1.74666300e-01
1.72936887e-01
1.56140849e-01
1.81106523e-01
1.79798573e-01
1.82844639e-01
1.82017505e-01
1.59404695e-01
1.72438487e-01
1.70172215e-01
1.78813279e-01
1.83581308e-01
1.82490811e-01
1.80383191e-01
1.77717686e-01
1.86397910e-01
1.89487487e-01
1.77622467e-01
1.76012143e-01
1.79398820e-01
1.71795830e-01
1.69418320e-01
1.74584642e-01
1.74219236e-01
1.77413955e-01
1.72681600e-01
1.71495020e-01
1.66482478e-01
1.69628486e-01
1.75927341e-01
1.79178819e-01
1.73247129e-01
1.68578327e-01
1.74606413e-01
1.78554714e-01
1.72432512e-01
1.79366946e-01
1.93299308e-01
1.70206621e-01
1.86301455e-01
1.81441441e-01
1.97262809e-01
1.99487895e-01
2.08463237e-01
2.37713933e-01
2.05848560e-01
2.06954673e-01
2.33371913e-01
2.23903582e-01
1.82637483e-01
2.01929584e-01
1.93223581e-01
1.81567714e-01
1.85779348e-01
1.96147054e-01
1.94604278e-01
2.02253163e-01
2.08882526e-01
2.06010491e-01
2.09694505e-01
2.11775288e-01
1.82732046e-01
1.94575310e-01
1.84893563e-01
2.00800031e-01
2.09956855e-01
1.92629978e-01
2.04167277e-01
1.80859655e-01
2.02137947e-01
1.91234156e-01
1.82174668e-01
2.01644704e-01
1.88634142e-01
1.81740329e-01
1.90068305e-01
1.85150206e-01
1.73368365e-01
1.79455966e-01
1.83059394e-01
1.85509011e-01
1.77904755e-01
1.90680057e-01
1.85913071e-01
1.84462085e-01
1.88205093e-01
1.85438260e-01
1.85727328e-01
1.88469186e-01
2.00387999e-01
1.87648118e-01
2.03303456e-01
1.76200733e-01
1.75310656e-01
1.81197122e-01
1.83334142e-01
1.80552438e-01
1.88722178e-01
1.76094100e-01
1.73254937e-01
1.80722237e-01
1.79648355e-01
1.76532492e-01
1.82524353e-01
1.91101402e-01
1.67110905e-01
1.71984032e-01
1.93037271e-01
1.69591621e-01
1.89653680e-01
2.49524474e-01
3.69488239e-01
2.84142047e-01
2.55094737e-01
3.66994470e-01
2.92474568e-01
2.75487542e-01
2.40604579e-01
2.06229463e-01
3.89450967e-01
3.98502558e-01
3.00544381e-01
2.07434326e-01
1.89795613e-01
1.71699345e-01
1.93467915e-01
2.31377944e-01
2.18468070e-01
1.88101634e-01
1.83001429e-01
1.82235286e-01
1.83330432e-01
1.85540885e-01
1.73285708e-01
1.77270845e-01
1.88183025e-01
1.83652803e-01
1.89600736e-01
1.85855404e-01
1.81702465e-01
1.88390449e-01
1.76363125e-01
2.41774172e-01
6.58957660e-01
6.81190133e-01
5.97534835e-01
3.43148291e-01
3.24494034e-01
2.98242271e-01
3.07977825e-01
3.02975833e-01
1.86754197e-01
1.93017796e-01
1.76663905e-01
1.86659157e-01
1.94204807e-01
2.24577531e-01
1.87711582e-01
1.77923515e-01
1.76420912e-01
1.84157938e-01
1.66880086e-01
1.95220187e-01
2.45223865e-01
2.10582033e-01
2.25734890e-01
1.97311983e-01
1.82838291e-01
1.86527044e-01
1.80467814e-01
2.03910232e-01
2.93156505e-01
4.49966758e-01
4.59445328e-01
4.05931741e-01
2.27662578e-01
1.80782288e-01
1.80630594e-01
1.93105042e-01
1.94135651e-01
2.57763594e-01
2.64146864e-01
2.38066509e-01
2.07792923e-01
1.75567478e-01
1.78682655e-01
1.81733057e-01
1.87724814e-01
4.38891619e-01
5.34732103e-01
4.36854094e-01
3.63554507e-01
2.08011970e-01
1.74889237e-01
1.85110450e-01
1.84591830e-01
1.96034417e-01
1.92801073e-01
1.80215344e-01
2.06725165e-01
2.39076421e-01
2.96676666e-01
2.89704144e-01
1.91350326e-01
1.89741954e-01
1.82478696e-01
2.34548777e-01
4.09687489e-01
4.38340217e-01
4.83244568e-01
2.67771721e-01
1.78185940e-01
1.80051163e-01
1.66044071e-01
1.72010615e-01
1.75307572e-01
1.80820823e-01
1.76930532e-01
1.72646359e-01
1.77971661e-01
1.82769269e-01
1.91698536e-01
2.46204913e-01
2.83253521e-01
1.94238901e-01
1.70286790e-01
2.12870270e-01
2.65680015e-01
3.01712930e-01
3.30752611e-01
2.68568337e-01
