2.30785060e+00
2.17085314e+00
2.08779287e+00
2.18557382e+00
2.18036222e+00
2.15933108e+00
2.36796474e+00
2.51405454e+00
2.28030849e+00
2.24008584e+00
2.27966690e+00
2.34062219e+00
2.26160383e+00
1.90534163e+00
2.07511353e+00
1.85538745e+00
1.95143676e+00
2.28156209e+00
2.29638720e+00
2.10038877e+00
2.05904365e+00
2.14876723e+00
2.32885504e+00
2.09827328e+00
2.09940958e+00
2.37127113e+00
2.25045037e+00
2.27893949e+00
2.05940652e+00
1.81361079e+00
1.92719746e+00
2.30525923e+00
2.40114665e+00
1.97100675e+00
2.07621145e+00
2.46334529e+00
2.48009062e+00
1.77614009e+00
2.15947127e+00
2.28191781e+00
1.90529466e+00
1.88635159e+00
2.00599551e+00
1.89979970e+00
2.34402132e+00
1.95653772e+00
2.03639817e+00
2.14875221e+00
1.73749113e+00
2.07211328e+00
2.54328966e+00
2.14611983e+00
2.00951719e+00
2.01956153e+00
1.87458801e+00
1.94842768e+00
1.80714583e+00
1.90249968e+00
2.35770869e+00
2.41709828e+00
2.00705814e+00
1.99226356e+00
2.01802158e+00
1.89621890e+00
1.79422987e+00
1.83852470e+00
1.91661930e+00
1.97671783e+00
1.80176997e+00
1.89418495e+00
1.84665179e+00
1.70134556e+00
1.81530273e+00
1.74852753e+00
2.07229877e+00
1.98545074e+00
1.79919565e+00
1.93278265e+00
1.96480143e+00
1.66485929e+00
1.90104246e+00
1.77329588e+00
1.64047062e+00
1.76449430e+00
1.72127450e+00
1.73160279e+00
1.78021550e+00
1.57295334e+00
1.64307773e+00
1.85157871e+00
1.62204599e+00
1.52570581e+00
1.87881422e+00
1.56223094e+00
1.50466263e+00
1.69587767e+00
1.63650143e+00
1.86267507e+00
1.43846333e+00
1.42242718e+00
1.50210690e+00
1.62680626e+00
1.70692289e+00
1.68628371e+00
1.55137110e+00
1.66147053e+00
1.68766546e+00
1.65646291e+00
1.65391469e+00
1.58586621e+00
1.42405820e+00
1.66522443e+00
1.51917017e+00
1.53813684e+00
1.80199397e+00
1.54328334e+00
1.67077112e+00
1.50620580e+00
1.57923317e+00
1.76296329e+00
1.70091856e+00
1.68258584e+00
1.77456129e+00
1.79888582e+00
1.83262253e+00
1.85357881e+00
1.75290060e+00
1.55257809e+00
1.60208690e+00
1.60746896e+00
1.70397007e+00
1.78455043e+00
1.47503304e+00
1.42301357e+00
1.58208025e+00
1.59479320e+00
1.81425893e+00
1.81940174e+00
1.63099551e+00
1.49290907e+00
1.80127776e+00
1.67065966e+00
1.53222191e+00
1.52459288e+00
1.75599813e+00
1.54824817e+00
1.59176338e+00
1.73841274e+00
1.66781652e+00
1.69119942e+00
1.80876040e+00
1.53423154e+00
1.42640078e+00
1.56837356e+00
1.48900354e+00
1.42220712e+00
1.57388377e+00
1.38673556e+00
1.84504604e+00
1.84399223e+00
1.38685369e+00
1.42143345e+00
1.75005341e+00
1.51469254e+00
1.49102366e+00
1.39150524e+00
1.36937463e+00
1.32240558e+00
1.38204122e+00
1.73736858e+00
1.56079280e+00
1.25974882e+00
1.33881330e+00
1.37932110e+00
1.32333457e+00
1.37584078e+00
1.50889063e+00
1.25922406e+00
1.31606245e+00
1.43961275e+00
1.23137283e+00
1.20244837e+00
1.44460213e+00
1.35131335e+00
1.22017264e+00
1.15276492e+00
1.21325147e+00
1.33496022e+00
1.17593443e+00
1.17785311e+00
1.20990849e+00
1.19038868e+00
1.20310068e+00
1.10942996e+00
1.10643661e+00
1.22199643e+00
1.30026042e+00
1.32523382e+00
1.34939992e+00
1.13719821e+00
1.03152120e+00
1.18113184e+00
1.32061660e+00
1.28973830e+00
1.44642842e+00
1.39722943e+00
1.19073474e+00
1.33627546e+00
1.30995846e+00
1.18759501e+00
1.18118620e+00
1.23597133e+00
1.27970636e+00
1.38524532e+00
1.32603741e+00
1.21065617e+00
1.25459778e+00
1.37648678e+00
1.20214510e+00
1.30060816e+00
1.37771499e+00
1.30394793e+00
1.35485315e+00
1.27729368e+00
1.32862258e+00
1.24495792e+00
1.44408488e+00
1.43204844e+00
1.21411240e+00
1.35087204e+00
1.41533387e+00
1.32528031e+00
1.31062424e+00
1.32151771e+00
1.52047932e+00
1.42711198e+00
1.38195050e+00
1.43478489e+00
1.32659614e+00
1.41552675e+00
1.53723526e+00
1.38256669e+00
1.39133167e+00
1.47468007e+00
1.42730916e+00
1.30301821e+00
1.48085558e+00
1.47415614e+00
1.31160533e+00
1.32237923e+00
1.49303365e+00
1.49003005e+00
1.33101881e+00
1.39504266e+00
1.41004777e+00
1.43677723e+00
1.36058986e+00
1.40057945e+00
1.58414602e+00
1.35754478e+00
1.41372788e+00
1.56858468e+00
1.51758933e+00
1.26973724e+00
1.28502345e+00
1.39236355e+00
1.29736674e+00
1.34232438e+00
1.29949808e+00
1.20247912e+00
1.36484480e+00
1.32245255e+00
1.33364832e+00
1.27771544e+00
1.31081772e+00
1.38473773e+00
1.25875866e+00
1.29688668e+00
1.32043052e+00
1.24277675e+00
1.23147190e+00
1.33474255e+00
1.37561107e+00
1.31220126e+00
1.22100616e+00
1.39791918e+00
1.34174573e+00
1.20741200e+00
1.35187054e+00
1.31826019e+00
1.23897958e+00
1.31462419e+00
1.28190958e+00
1.29052913e+00
1.26989186e+00
1.22782755e+00
1.27177250e+00
1.08163643e+00
1.13768041e+00
1.17748368e+00
1.11469078e+00
1.25551498e+00
1.12341607e+00
1.18071890e+00
1.16447115e+00
1.11205745e+00
1.05084169e+00
1.06543696e+00
1.10531580e+00
1.15621614e+00
1.06059206e+00
9.86941993e-01
9.99234736e-01
9.30012405e-01
1.04593599e+00
9.27483618e-01
8.77958834e-01
9.65324283e-01
9.30541933e-01
9.26432669e-01
9.49289083e-01
9.85074103e-01
9.15812254e-01
8.68787766e-01
8.57508063e-01
9.78074729e-01
8.17961693e-01
7.94445872e-01
8.47377241e-01
8.08956206e-01
8.51165950e-01
8.23517501e-01
7.89697289e-01
7.69545436e-01
7.42058933e-01
8.55505466e-01
8.91172528e-01
7.97542691e-01
7.83157527e-01
7.64237165e-01
7.35180080e-01
8.65371346e-01
8.54166627e-01
7.49967396e-01
7.86759794e-01
8.28060687e-01
8.74300361e-01
8.37727726e-01
9.31230366e-01
9.57922459e-01
9.05060410e-01
8.94572854e-01
9.15287852e-01
9.18414474e-01
9.34866130e-01
9.55011785e-01
1.01516533e+00
9.43143308e-01
9.34899330e-01
8.61972451e-01
8.95240724e-01
1.07985556e+00
9.20649886e-01
9.86222088e-01
9.73989964e-01
1.03567433e+00
1.09483767e+00
9.82120395e-01
9.74712729e-01
1.02772462e+00
1.10659528e+00
1.06144512e+00
1.05568469e+00
1.00358617e+00
9.26750124e-01
1.04350114e+00
1.04977691e+00
1.02942657e+00
1.08184195e+00
1.14026105e+00
1.04032576e+00
1.05275810e+00
1.10990620e+00
1.05053246e+00
1.03821528e+00
1.05893719e+00
1.05203307e+00
9.65422153e-01
1.01111913e+00
1.02055860e+00
1.04110348e+00
1.09114397e+00
1.01410055e+00
1.14210010e+00
1.10349929e+00
1.06180501e+00
1.11502647e+00
1.02643037e+00
1.03567564e+00
1.05304933e+00
1.02773774e+00
1.04515767e+00
1.04432499e+00
9.79657650e-01
1.00598776e+00
1.10411298e+00
1.15807664e+00
1.00818253e+00
9.82980728e-01
1.03790712e+00
1.00998521e+00
1.06146872e+00
1.10873663e+00
1.12547708e+00
1.12808847e+00
1.10398793e+00
9.77540195e-01
9.89585578e-01
1.08177531e+00
1.07155824e+00
9.46945250e-01
1.12133110e+00
1.08737326e+00
9.80990231e-01
1.02521539e+00
1.04092336e+00
9.75674629e-01
1.03757524e+00
1.02154326e+00
1.05204964e+00
1.06077433e+00
9.79293585e-01
9.79405522e-01
1.01956129e+00
9.44402754e-01
8.89137089e-01
1.10227847e+00
1.14226973e+00
1.02404213e+00
1.15572369e+00
1.04376662e+00
9.80124116e-01
1.01766944e+00
1.05169356e+00
1.06432676e+00
1.04057288e+00
1.07793474e+00
1.00359857e+00
9.28475738e-01
9.02163327e-01
9.68984246e-01
9.19428051e-01
1.05349898e+00
1.04634047e+00
9.71615732e-01
1.01729465e+00
1.02359331e+00
9.76322412e-01
9.24178064e-01
9.78512347e-01
9.48722839e-01
9.61386919e-01
9.40818727e-01
9.79210675e-01
9.09001648e-01
9.21215415e-01
8.97485197e-01
9.05559063e-01
9.73619044e-01
8.89520824e-01
9.09542382e-01
9.02921736e-01
9.44359541e-01
1.00354207e+00
9.58738625e-01
1.00574040e+00
9.43661153e-01
9.91343081e-01
1.06260431e+00
9.99733925e-01
9.90219295e-01
9.50601399e-01
9.24128771e-01
9.00019526e-01
9.18720067e-01
9.38480318e-01
1.00655913e+00
9.85839844e-01
9.30816054e-01
9.13757920e-01
9.55283642e-01
9.40075278e-01
8.76780212e-01
9.66089487e-01
9.37731147e-01
8.92692924e-01
8.57563257e-01
8.04359972e-01
9.11144197e-01
8.90415490e-01
8.26152444e-01
9.69788790e-01
9.62542772e-01
8.15659642e-01
9.07377124e-01
9.10195231e-01
8.27014565e-01
8.34906042e-01
9.39153075e-01
9.39391732e-01
7.49544978e-01
7.77385175e-01
9.42398131e-01
9.03643370e-01
8.01820278e-01
8.57714474e-01
8.63527417e-01
8.29500973e-01
9.16722476e-01
8.09957206e-01
8.02397668e-01
8.09881151e-01
7.80201674e-01
8.64641130e-01
8.14547360e-01
8.01904738e-01
8.74472499e-01
8.71246517e-01
8.40618670e-01
7.31278837e-01
7.79801607e-01
8.06184709e-01
8.12870026e-01
7.65617251e-01
7.42865026e-01
8.24661374e-01
8.51891100e-01
8.43279839e-01
7.55948305e-01
8.04025531e-01
7.05417871e-01
7.54846394e-01
7.42305517e-01
7.31117368e-01
8.31772923e-01
7.72549212e-01
7.25876331e-01
7.99076259e-01
7.19824851e-01
7.66272902e-01
7.26828933e-01
7.18879759e-01
7.02543914e-01
6.93673909e-01
7.48839021e-01
6.50599599e-01
6.21173263e-01
6.40737891e-01
6.13194287e-01
6.63462758e-01
6.13858998e-01
6.16441071e-01
6.55617595e-01
5.97687364e-01
5.98666191e-01
6.77361488e-01
6.74752593e-01
6.01496696e-01
5.83637714e-01
5.80047786e-01
5.37672520e-01
5.57818294e-01
5.03880441e-01
5.38052559e-01
5.15331388e-01
5.34113288e-01
5.31187832e-01
5.58736563e-01
4.98705775e-01
5.33096135e-01
5.29615700e-01
5.39832354e-01
5.40083289e-01
5.28691411e-01
5.38122714e-01
4.66012239e-01
5.38508952e-01
6.47447050e-01
5.78282595e-01
5.58487415e-01
5.47037959e-01
5.61271966e-01
5.11757612e-01
5.79382360e-01
6.12285197e-01
5.17014146e-01
5.70164263e-01
5.69618702e-01
5.79671800e-01
6.55140877e-01
6.78902328e-01
6.72348499e-01
6.55821979e-01
5.98110616e-01
5.82667291e-01
6.30684257e-01
6.46907032e-01
6.91886544e-01
6.71078861e-01
6.81561828e-01
6.19779170e-01
6.40543997e-01
6.51087880e-01
6.07049823e-01
6.12586975e-01
7.12346375e-01
6.61447167e-01
6.20435536e-01
7.48640120e-01
6.93091333e-01
6.31739974e-01
6.68427289e-01
6.76630735e-01
6.19687200e-01
6.41406238e-01
6.73073232e-01
8.03130507e-01
6.78988516e-01
6.61281168e-01
7.24140167e-01
6.60959423e-01
6.39803052e-01
7.19153464e-01
7.44795501e-01
7.58199453e-01
7.06856787e-01
7.62489855e-01
7.55010068e-01
6.39633417e-01
6.62624478e-01
7.21172988e-01
6.72995090e-01
7.11210489e-01
7.09576547e-01
7.63797581e-01
7.57174432e-01
7.17006981e-01
6.65786743e-01
7.07046032e-01
6.88507378e-01
6.97478592e-01
6.80907845e-01
7.53352225e-01
7.04319537e-01
6.25407040e-01
6.81496680e-01
6.73099637e-01
6.31953776e-01
6.76802158e-01
6.82666004e-01
6.97775960e-01
7.30875969e-01
6.90416276e-01
6.47635877e-01
7.10104406e-01
7.28966832e-01
7.09600091e-01
6.58809841e-01
7.14360416e-01
7.18642950e-01
7.06787050e-01
6.43637300e-01
6.99600101e-01
6.85641646e-01
6.67934000e-01
7.30894089e-01
6.98269188e-01
6.38310552e-01
7.04516113e-01
7.20851421e-01
6.89986825e-01
6.27159059e-01
6.53310120e-01
7.16284394e-01
6.85148120e-01
7.23531067e-01
6.67644680e-01
6.59465492e-01
6.48204923e-01
7.05978096e-01
6.68922305e-01
6.82666421e-01
7.51961768e-01
7.44166315e-01
7.01761425e-01
6.71533763e-01
6.88052416e-01
7.16087639e-01
7.16265857e-01
6.83489680e-01
6.70481503e-01
6.87597454e-01
7.39784181e-01
7.11172938e-01
7.12518573e-01
7.34741628e-01
7.34855056e-01
7.61978209e-01
7.48300791e-01
8.06272209e-01
7.64134765e-01
7.11932123e-01
7.15185106e-01
7.30554998e-01
7.45554686e-01
6.76130831e-01
7.15452135e-01
7.03884542e-01
6.84885383e-01
6.57303095e-01
6.73732579e-01
6.40929222e-01
6.61936879e-01
6.60776377e-01
6.61930978e-01
6.60172105e-01
6.82376623e-01
6.69011474e-01
6.73109710e-01
6.37869179e-01
6.79147601e-01
6.33461416e-01
5.86916625e-01
6.22058332e-01
6.98677957e-01
6.43159509e-01
5.59228480e-01
6.47695541e-01
6.31435394e-01
5.80768287e-01
6.72446251e-01
6.14507139e-01
6.15888178e-01
6.26125455e-01
6.06208742e-01
6.52896464e-01
6.23643279e-01
6.55632675e-01
5.95323145e-01
5.72598875e-01
5.64819634e-01
6.34900868e-01
6.07346237e-01
6.00394845e-01
6.26980245e-01
6.48755610e-01
6.38937771e-01
6.19879246e-01
5.95876634e-01
6.29848182e-01
6.42110050e-01
6.38153434e-01
6.06863856e-01
6.56789064e-01
6.20656133e-01
6.34628534e-01
6.45911455e-01
6.22798800e-01
6.26259148e-01
5.94187260e-01
5.94792604e-01
6.00220084e-01
5.87382674e-01
6.02279723e-01
6.34218752e-01
6.23233020e-01
6.13218784e-01
5.71480930e-01
5.44839919e-01
5.93488693e-01
5.91069639e-01
5.67777932e-01
6.10967755e-01
5.84741056e-01
5.72255492e-01
5.85513175e-01
5.85241675e-01
5.10932624e-01
5.88309288e-01
6.28630698e-01
5.46412051e-01
5.27295232e-01
5.56680918e-01
5.88705420e-01
6.78431034e-01
6.11088932e-01
5.66899240e-01
6.12968206e-01
5.77911675e-01
5.62072635e-01
5.33910096e-01
5.65976977e-01
5.69274366e-01
5.54217458e-01
6.14049733e-01
5.63332796e-01
5.30029774e-01
5.46496809e-01
5.81646144e-01
5.25030196e-01
5.12382329e-01
5.88356674e-01
5.45733511e-01
5.05840659e-01
5.38608611e-01
5.80662370e-01
5.42294443e-01
5.48730552e-01
5.74091017e-01
5.10181546e-01
5.25196493e-01
5.69829702e-01
6.54986858e-01
5.73288381e-01
5.81464827e-01
5.36531270e-01
5.31846821e-01
5.78843772e-01
5.71426034e-01
5.42066336e-01
5.45992494e-01
5.61371386e-01
6.02842033e-01
5.64793587e-01
5.46872139e-01
5.37419021e-01
5.36568701e-01
5.52430212e-01
5.17549217e-01
5.53072810e-01
5.74423969e-01
5.25555730e-01
5.08155882e-01
5.06237328e-01
5.37728012e-01
5.48896670e-01
5.81690729e-01
5.96401274e-01
5.55297732e-01
5.10346949e-01
5.13188124e-01
5.68898916e-01
5.57983518e-01
5.31259239e-01
5.38626790e-01
5.14376879e-01
5.37367463e-01
5.70645809e-01
5.02052307e-01
5.29020011e-01
6.18026376e-01
5.12862504e-01
4.70272779e-01
5.15299499e-01
5.48591971e-01
4.96878862e-01
5.27268589e-01
5.48579395e-01
5.72051764e-01
5.25488496e-01
4.92851228e-01
4.94358093e-01
5.22041857e-01
5.33998728e-01
5.06424129e-01
5.28332412e-01
5.16946912e-01
4.32024509e-01
5.09458363e-01
5.13610065e-01
5.15765786e-01
4.92134303e-01
5.09126723e-01
4.92401123e-01
4.99453634e-01
5.21384418e-01
5.12857616e-01
4.74451482e-01
5.01319289e-01
4.67332989e-01
4.98269647e-01
5.30084610e-01
4.66640860e-01
5.01873553e-01
5.31621695e-01
4.36011493e-01
4.78092670e-01
4.93585616e-01
4.86040026e-01
4.92226809e-01
4.88965780e-01
5.25446951e-01
4.91911739e-01
4.81487155e-01
5.32519042e-01
5.08172810e-01
5.14244378e-01
4.51426506e-01
5.28702915e-01
4.60809886e-01
4.53254253e-01
5.29425561e-01
4.93430823e-01
4.67145115e-01
5.15938997e-01
4.84171271e-01
5.01557291e-01
5.17962515e-01
4.15851206e-01
4.91593808e-01
4.92265016e-01
4.57342684e-01
4.58032012e-01
4.72102672e-01
4.47267145e-01
4.55410987e-01
5.17901540e-01
4.66974437e-01
4.85216290e-01
5.17302155e-01
4.32516575e-01
4.08422649e-01
4.64572072e-01
4.51973140e-01
4.63850081e-01
4.99524385e-01
4.59089488e-01
4.74434674e-01
4.59354341e-01
5.11427045e-01
4.69817519e-01
4.38330024e-01
4.97030616e-01
5.00468969e-01
4.73428518e-01
4.20426428e-01
4.69572216e-01
4.92437363e-01
4.31355089e-01
4.29685920e-01
4.67346996e-01
4.44695383e-01
4.75515634e-01
5.27915955e-01
4.43483382e-01
4.46831614e-01
4.71521795e-01
4.72985297e-01
4.79553193e-01
4.71710801e-01
4.36577141e-01
4.52316463e-01
4.48106796e-01
4.36499119e-01
4.62745488e-01
4.44207221e-01
4.73692596e-01
5.06094635e-01
4.29961443e-01
4.60443795e-01
4.26635325e-01
4.24436808e-01
4.18929100e-01
3.98048759e-01
4.23264682e-01
3.90612215e-01
4.38849777e-01
4.77574319e-01
4.10349399e-01
4.15560782e-01
4.44355518e-01
4.36005235e-01
4.13175881e-01
4.34628934e-01
4.36264127e-01
4.44673419e-01
4.54301983e-01
3.90048683e-01
3.77456874e-01
4.45853084e-01
3.76693517e-01
4.27459031e-01
4.40702260e-01
4.58671242e-01
4.20543373e-01
4.20443982e-01
3.95841748e-01
4.18976188e-01
3.99514675e-01
4.17167455e-01
4.05078709e-01
3.78047764e-01
4.25663650e-01
4.16795194e-01
4.05474782e-01
4.02138948e-01
4.46275830e-01
4.57994550e-01
3.86872739e-01
4.37158167e-01
4.18787390e-01
3.75803798e-01
3.64004612e-01
4.14667308e-01
3.95433724e-01
3.78603339e-01
3.61123323e-01
4.04849678e-01
3.52818221e-01
3.79656136e-01
3.84181798e-01
3.89820933e-01
4.17143703e-01
4.06348020e-01
3.52453768e-01
3.64463389e-01
3.69194657e-01
4.09525335e-01
3.87143493e-01
3.47488016e-01
3.82974833e-01
3.87694716e-01
4.00688380e-01
3.58568579e-01
3.43910068e-01
3.53178978e-01
3.07827652e-01
3.63399088e-01
4.07178432e-01
4.10518646e-01
3.49972665e-01
3.45423728e-01
4.02269244e-01
3.70308369e-01
3.67327899e-01
3.86193097e-01
2.97929913e-01
3.24727118e-01
3.47548813e-01
2.95306057e-01
3.41579586e-01
3.42051625e-01
3.34861130e-01
2.64482230e-01
3.23969007e-01
3.85060996e-01
3.44714791e-01
2.97959358e-01
3.24965954e-01
3.39807957e-01
3.05555969e-01
2.71341205e-01
2.61625946e-01
2.54361689e-01
2.51705557e-01
2.72435546e-01
3.12455803e-01
2.84092724e-01
2.72766292e-01
2.97524452e-01
2.79010415e-01
3.09114307e-01
3.20739061e-01
2.90394992e-01
3.35885346e-01
3.03950161e-01
2.72332042e-01
3.06252360e-01
3.18216741e-01
3.06237340e-01
2.99073786e-01
2.98523515e-01
2.77044356e-01
3.08982342e-01
3.00252646e-01
2.56283492e-01
3.04371446e-01
2.73830146e-01
3.22317094e-01
2.88614631e-01
2.65664309e-01
3.00581574e-01
2.97215194e-01
3.28439087e-01
2.98192561e-01
3.32057804e-01
3.43563408e-01
2.88251340e-01
3.48181188e-01
3.02171946e-01
3.50626230e-01
3.53773594e-01
3.10989827e-01
3.05969685e-01
3.15612823e-01
3.39577287e-01
3.45782191e-01
3.63925993e-01
3.59636366e-01
3.01601827e-01
3.00449103e-01
3.38548392e-01
3.76332492e-01
3.74743938e-01
3.69044423e-01
3.67326021e-01
3.35072070e-01
3.52818131e-01
3.61331046e-01
3.65726054e-01
3.44737083e-01
3.49575698e-01
4.00153577e-01
3.26337039e-01
3.66714537e-01
3.75198275e-01
3.60658705e-01
3.96412402e-01
3.72735858e-01
3.80373210e-01
3.36647332e-01
3.24514955e-01
3.54093343e-01
3.88959259e-01
3.75787735e-01
3.44977230e-01
3.40858012e-01
3.56751442e-01
3.82395267e-01
3.65960330e-01
3.34010959e-01
3.74271095e-01
3.49750370e-01
3.35539043e-01
3.33043694e-01
3.35856527e-01
3.58385563e-01
3.21049750e-01
3.39124858e-01
3.23247284e-01
3.15419495e-01
3.33124667e-01
3.26368541e-01
3.40459704e-01
3.46489429e-01
3.52457106e-01
3.61770213e-01
3.15360576e-01
3.56344998e-01
3.32165033e-01
3.25766236e-01
3.20345074e-01
3.13219011e-01
3.00218761e-01
3.35739046e-01
3.41375381e-01
3.41095299e-01
3.29867512e-01
3.34912062e-01
3.23386550e-01
3.28764409e-01
3.26285392e-01
3.13458055e-01
3.25667232e-01
3.58285427e-01
3.26707542e-01
3.38053882e-01
3.21473986e-01
3.46097261e-01
3.27232569e-01
3.16622853e-01
3.64869624e-01
3.77841502e-01
3.64069730e-01
3.70561570e-01
3.15071583e-01
3.31584275e-01
3.65866363e-01
3.37033510e-01
3.12130779e-01
3.72504264e-01
3.48670006e-01
3.47127318e-01
3.65882754e-01
3.25845361e-01
3.42281222e-01
3.52995098e-01
3.31324071e-01
2.95677662e-01
3.52965117e-01
3.52757514e-01
3.37778360e-01
3.05273145e-01
2.77953565e-01
3.44493747e-01
3.71515691e-01
3.04833084e-01
3.36868048e-01
3.38901252e-01
3.46723080e-01
3.63679916e-01
3.34125876e-01
3.36854100e-01
3.40474129e-01
3.29948843e-01
2.86761969e-01
3.18281651e-01
3.25858086e-01
2.86567420e-01
3.32942247e-01
3.14036995e-01
3.02598804e-01
3.36893409e-01
3.56305301e-01
3.28825802e-01
3.31640363e-01
3.28665018e-01
3.16930860e-01
3.04087520e-01
3.56770366e-01
3.28968048e-01
2.87049204e-01
3.40216458e-01
3.32300067e-01
3.34793627e-01
3.41638833e-01
3.24611038e-01
3.40968877e-01
3.24462503e-01
3.26859742e-01
3.16860259e-01
2.97568589e-01
3.07930976e-01
2.62155294e-01
3.46627325e-01
2.96957314e-01
3.01254183e-01
3.21520209e-01
2.91130483e-01
3.44553858e-01
3.18619311e-01
3.18369567e-01
2.86665767e-01
2.91611731e-01
3.03609729e-01
3.19091737e-01
3.15644979e-01
3.43385041e-01
3.60751927e-01
3.07617784e-01
2.94719279e-01
2.90290773e-01
3.23617518e-01
3.20478767e-01
3.00480634e-01
3.23666334e-01
2.94647366e-01
3.10384899e-01
3.13004524e-01
3.10881376e-01
3.06343347e-01
2.68899024e-01
2.82789558e-01
3.00856054e-01
3.19391459e-01
3.02121073e-01
3.14628273e-01
3.36233616e-01
3.47094417e-01
2.67612010e-01
3.21843088e-01
2.96296775e-01
2.54833251e-01
2.86820471e-01
3.06272686e-01
3.52108538e-01
2.62315035e-01
3.12602431e-01
3.51511240e-01
3.11245173e-01
3.05736393e-01
3.09372097e-01
2.64199227e-01
2.92931259e-01
3.23845983e-01
3.29973489e-01
2.91809708e-01
2.43597910e-01
2.84244925e-01
2.96887308e-01
3.27627748e-01
3.28236520e-01
2.98444629e-01
2.98743963e-01
3.39521199e-01
3.13243240e-01
2.94624507e-01
2.90047795e-01
2.93742299e-01
3.35461587e-01
3.34341139e-01
2.68042594e-01
3.09054255e-01
2.92423666e-01
3.20624620e-01
2.72654653e-01
2.69278020e-01
2.75459230e-01
2.87840337e-01
3.16609174e-01
3.06474239e-01
2.97268212e-01
2.79338330e-01
3.27443272e-01
3.33708495e-01
2.63240069e-01
2.79521495e-01
3.17000687e-01
2.79295504e-01
2.80208915e-01
2.68541992e-01
2.68798739e-01
3.35586816e-01
2.94094682e-01
2.82964975e-01
2.85309434e-01
2.65170068e-01
2.98523366e-01
2.90486038e-01
3.13694388e-01
2.86697656e-01
3.07031870e-01
2.90219814e-01
2.68637002e-01
3.04331332e-01
2.78228879e-01
3.00630301e-01
2.65684843e-01
2.64572710e-01
2.95347840e-01
2.56904036e-01
2.70857155e-01
2.91224092e-01
2.65224814e-01
2.54090011e-01
2.30722234e-01
2.89305449e-01
2.81883359e-01
3.26702386e-01
2.63027638e-01
2.84732997e-01
2.77789533e-01
3.43362153e-01
2.86316961e-01
2.67613113e-01
2.87833333e-01
2.91700542e-01
3.12307537e-01
2.67570198e-01
2.55846173e-01
2.57740378e-01
2.85507739e-01
2.51367867e-01
2.55087107e-01
2.49303192e-01
2.47449860e-01
2.40663141e-01
2.59635448e-01
3.08445871e-01
2.62492776e-01
2.56920785e-01
2.71549970e-01
2.88128704e-01
2.26826444e-01
2.57600129e-01
2.83643275e-01
2.28963882e-01
2.64862746e-01
2.92307436e-01
2.99298137e-01
2.90734649e-01
2.73690045e-01
2.95959502e-01
2.63491780e-01
2.74658740e-01
2.57604420e-01
2.51630992e-01
2.63600349e-01
2.95720190e-01
2.95989454e-01
2.99077660e-01
2.66987413e-01
2.30480254e-01
2.79481292e-01
2.79272348e-01
2.53614813e-01
2.51193255e-01
2.54472077e-01
2.69238174e-01
2.54869789e-01
2.92879164e-01
2.41014421e-01
2.41639197e-01
2.50394911e-01
2.30116829e-01
2.28069723e-01
2.35168517e-01
2.74354696e-01
2.78406233e-01
2.25507617e-01
2.57845283e-01
2.80424118e-01
2.71409690e-01
2.75783896e-01
2.46846393e-01
2.47479334e-01
2.33998060e-01
1.93391785e-01
2.44738951e-01
2.70461172e-01
2.88416773e-01
2.44432151e-01
3.15172791e-01
2.49285296e-01
2.68243253e-01
2.70988852e-01
2.39602923e-01
2.36034825e-01
2.24946246e-01
2.90490001e-01
2.34913900e-01
2.11677521e-01
2.30226427e-01
2.31903300e-01
2.65249193e-01
2.44361758e-01
2.37717256e-01
2.58552849e-01
2.36449778e-01
2.46901453e-01
2.70803571e-01
1.99383348e-01
2.40450174e-01
2.54605949e-01
2.34800458e-01
2.59837836e-01
2.31602460e-01
2.89432734e-01
2.43631467e-01
2.35918701e-01
2.13185057e-01
2.42802724e-01
2.50211298e-01
2.35998258e-01
3.29774499e-01
2.84265995e-01
2.18159959e-01
2.34657675e-01
2.70393997e-01
2.57303566e-01
2.78761595e-01
2.22353637e-01
1.93598583e-01
2.28428438e-01
2.67455429e-01
2.57108629e-01
2.53989697e-01
2.41008833e-01
2.49731928e-01
2.48563662e-01
2.25563765e-01
2.43141755e-01
2.48600885e-01
2.27330104e-01
2.53675014e-01
2.36594021e-01
2.28165716e-01
2.29128450e-01
2.82955229e-01
2.11219788e-01
2.09191233e-01
3.08153063e-01
2.57904768e-01
2.11256057e-01
2.04040825e-01
2.18423262e-01
2.34121293e-01
2.19088346e-01
2.58294910e-01
2.39161506e-01
2.37119466e-01
2.31252149e-01
2.31154978e-01
2.62233585e-01
2.54564196e-01
2.54560083e-01
2.48946518e-01
2.51895189e-01
2.13302881e-01
2.38164157e-01
2.47383147e-01
2.34446079e-01
1.99510038e-01
2.27117479e-01
2.09067434e-01
2.04941347e-01
2.15854883e-01
2.15672716e-01
2.41755158e-01
2.08023369e-01
2.36047477e-01
2.10024655e-01
2.50233322e-01
2.69061267e-01
2.26187766e-01
2.53135234e-01
2.30332464e-01
2.09630221e-01
2.16945693e-01
2.58440584e-01
2.57942051e-01
2.34858558e-01
2.07336858e-01
2.15399429e-01
2.36179680e-01
2.43814275e-01
2.08159581e-01
2.25887462e-01
2.13466987e-01
2.20228225e-01
2.41464630e-01
2.28701696e-01
2.35289901e-01
1.68232486e-01
2.36589596e-01
2.37412021e-01
2.13241905e-01
1.94770083e-01
2.19327807e-01
1.70141026e-01
2.21699655e-01
2.16280222e-01
2.18888000e-01
2.37840414e-01
2.15151653e-01
2.95895636e-01
2.62175351e-01
1.97559014e-01
2.37150848e-01
1.87193304e-01
2.38162324e-01
2.79201537e-01
2.36965820e-01
2.25205734e-01
2.10444108e-01
2.05385104e-01
2.05301121e-01
2.28531450e-01
2.17335835e-01
2.39084020e-01
2.64194638e-01
2.13911563e-01
2.26552054e-01
2.05364615e-01
2.30833724e-01
2.18064412e-01
2.08499044e-01
2.61429280e-01
1.99497312e-01
2.18739733e-01
2.56117076e-01
2.77344048e-01
2.69002616e-01
1.83244064e-01
2.19543189e-01
2.49274984e-01
2.24828959e-01
2.24897578e-01
2.27538109e-01
2.05633059e-01
2.00214535e-01
1.98697180e-01
2.26491407e-01
2.32943371e-01
1.87782109e-01
2.11266920e-01
2.01167971e-01
2.45701790e-01
2.08807126e-01
1.98165104e-01
2.33548939e-01
2.12463155e-01
2.00209856e-01
2.36729026e-01
2.17659593e-01
1.89868271e-01
1.90928131e-01
1.98989749e-01
2.04198390e-01
1.94033116e-01
2.19401702e-01
2.41150707e-01
1.66628808e-01
1.92613244e-01
2.33444348e-01
2.06784219e-01
2.39383370e-01
2.22418457e-01
2.34870970e-01
2.77029127e-01
2.49648571e-01
2.14493915e-01
2.15185359e-01
2.20590919e-01
2.41485268e-01
2.52926558e-01
2.03377679e-01
2.36501977e-01
2.17193812e-01
1.88392743e-01
1.66612446e-01
1.98615760e-01
2.14634374e-01
1.90307245e-01
1.78174451e-01
2.10043147e-01
2.49140576e-01
2.10416898e-01
2.09404215e-01
1.63488433e-01
2.14147374e-01
2.41140515e-01
2.40554094e-01
2.15471402e-01
1.92323357e-01
2.42272556e-01
2.41154984e-01
2.04065070e-01
1.60799310e-01
1.98284581e-01
2.19319701e-01
1.78350791e-01
2.15208560e-01
2.29351074e-01
2.25119248e-01
2.01471388e-01
2.41230175e-01
2.16555998e-01
1.87091038e-01
2.29430273e-01
2.78188854e-01
1.55650511e-01
1.58582389e-01
1.98891327e-01
2.06593886e-01
2.41188303e-01
2.55666733e-01
1.02928662e+00
9.03431535e-01
1.59604478e+00
1.42763305e+00
1.06172991e+00
5.17989099e-01
2.10774183e-01
2.04341561e-01
2.01866224e-01
1.92154795e-01
1.85736775e-01
2.04751670e-01
1.94042489e-01
2.18322948e-01
1.94267392e-01
1.68553829e-01
1.58385694e-01
1.95621938e-01
1.74276426e-01
1.53640807e-01
2.22518727e-01
1.91462934e-01
1.88822538e-01
1.81935683e-01
1.90967634e-01
1.93627879e-01
1.93644896e-01
2.00948894e-01
1.88467875e-01
2.07766250e-01
1.98657632e-01
1.69605538e-01
1.93929672e-01
1.91581175e-01
1.73979312e-01
2.37338349e-01
2.66069591e-01
1.85908243e-01
1.66088730e-01
1.96672365e-01
1.92342311e-01
1.76855996e-01
1.56776488e-01
1.73164845e-01
2.48716593e-01
1.60629630e-01
1.62175417e-01
2.00705513e-01
2.12525308e-01
1.83944806e-01
1.71183437e-01
1.89945757e-01
1.76926926e-01
2.61962086e-01
2.59308577e-01
1.88145041e-01
1.80383667e-01
1.83119789e-01
1.76669493e-01
1.96699977e-01
1.58370271e-01
1.88684776e-01
1.79865837e-01
1.82617843e-01
1.99252993e-01
1.88668221e-01
2.12267801e-01
1.90010473e-01
2.24039301e-01
2.02678084e-01
1.87299609e-01
1.89770535e-01
1.95506558e-01
1.79460064e-01
1.54254779e-01
3.02197158e-01
2.47359097e-01
1.45917654e-01
2.06792355e-01
1.96389005e-01
2.32692778e-01
1.78074926e-01
1.75681204e-01
2.16653675e-01
1.98479101e-01
1.96037576e-01
2.15142593e-01
2.10890740e-01
1.64181158e-01
1.79607242e-01
2.28586107e-01
2.14157149e-01
2.15120330e-01
2.07339227e-01
2.14903146e-01
2.01632217e-01
1.77577540e-01
2.47552916e-01
1.84228390e-01
1.91549107e-01
1.87971532e-01
1.69939816e-01
1.59473419e-01
2.03112051e-01
2.16885760e-01
1.98985830e-01
1.88061044e-01
1.86245397e-01
1.94234893e-01
1.92708686e-01
1.96789622e-01
1.66747928e-01
1.73153281e-01
1.56307966e-01
1.93855464e-01
1.93315208e-01
1.55154482e-01
2.02616811e-01
2.02309579e-01
1.56115338e-01
2.05424160e-01
1.63152412e-01
1.90898463e-01
1.78755566e-01
1.75629869e-01
1.95713475e-01
1.52294531e-01
2.22021490e-01
1.61492407e-01
1.52388558e-01
2.11403012e-01
1.92139164e-01
1.80107296e-01
1.61826685e-01
1.54576823e-01
1.88732848e-01
2.09161401e-01
1.77433550e-01
3.30094367e-01
2.89528072e-01
1.90018550e-01
1.73081324e-01
1.88110396e-01
1.59601688e-01
1.71341121e-01
1.43736213e-01
1.82289854e-01
1.94437608e-01
1.68112963e-01
1.58922642e-01
1.96313620e-01
1.89634144e-01
1.48844153e-01
1.92614555e-01
1.69666126e-01
1.58623248e-01
1.88892558e-01
1.48061365e-01
1.72672123e-01
2.03352302e-01
2.51013964e-01
2.21574530e-01
1.53304011e-01
1.85558856e-01
1.95406616e-01
1.73554450e-01
2.08863825e-01
1.95368007e-01
1.88382491e-01
1.80858657e-01
1.60797060e-01
1.70197919e-01
1.78022653e-01
1.35357141e-01
1.55036479e-01
2.19236016e-01
1.71253204e-01
1.68729782e-01
1.72172293e-01
1.64310828e-01
1.63257435e-01
1.91673845e-01
1.76070005e-01
1.75146326e-01
1.59552246e-01
1.82008579e-01
1.76782846e-01
1.62772372e-01
1.45832226e-01
2.01238841e-01
1.89843312e-01
1.37638405e-01
1.36005804e-01
1.33901924e-01
1.80221304e-01
2.13380709e-01
1.72270700e-01
1.57331109e-01
1.74336776e-01
1.65303305e-01
1.66635677e-01
1.36440933e-01
1.87244385e-01
1.81517094e-01
1.65861115e-01
1.97844669e-01
1.67256653e-01
1.68571219e-01
2.22014844e-01
1.71275720e-01
1.86340526e-01
1.76537499e-01
1.69808090e-01
1.76537439e-01
1.77922145e-01
1.54534787e-01
1.44102111e-01
1.46109313e-01
2.15720370e-01
1.23306908e-01
1.54852957e-01
1.57776490e-01
1.87334374e-01
1.71162128e-01
1.71426430e-01
1.77444130e-01
1.78950727e-01
1.65258348e-01
2.12287948e-01
2.31912971e-01
1.99514821e-01
1.60372138e-01
1.79296389e-01
1.69932902e-01
1.58230990e-01
2.39859059e-01
1.81567416e-01
2.10359529e-01
3.06238264e-01
3.26421618e-01
2.84727335e-01
3.49525273e-01
3.15193981e-01
2.01406166e-01
2.47520775e-01
2.44897991e-01
1.37729034e-01
1.28172070e-01
1.74218491e-01
1.48626640e-01
1.72345161e-01
1.78887635e-01
1.67221159e-01
2.18706518e-01
1.77645862e-01
1.52007103e-01
1.62267968e-01
1.28290802e-01
2.24566698e-01
1.59265414e-01
1.97960824e-01
1.29228100e-01
1.35147169e-01
1.67505234e-01
1.86450660e-01
1.95783138e-01
1.70988902e-01
1.72366589e-01
1.69873521e-01
1.54380172e-01
1.66490644e-01
1.82800949e-01
1.80763885e-01
1.62574559e-01
1.59762248e-01
1.77914053e-01
1.69096142e-01
1.49305940e-01
1.24792784e-01
2.36974865e-01
1.84371531e-01
1.64964914e-01
1.69568092e-01
1.93424538e-01
1.88018978e-01
1.14645928e-01
1.80018798e-01
1.76303834e-01
1.32900313e-01
1.55408204e-01
1.68442875e-01
1.65429041e-01
1.91479370e-01
1.97999045e-01
1.74653292e-01
1.90790907e-01
1.59609005e-01
1.50152817e-01
1.50108665e-01
1.51519701e-01
1.67676732e-01
1.81953579e-01
2.09636152e-01
2.01574400e-01
1.40344799e-01
1.30789280e-01
1.91116869e-01
1.73840210e-01
1.75611600e-01
1.61879048e-01
1.47349089e-01
1.78222865e-01
1.81310833e-01
1.74151123e-01
2.03550562e-01
1.58906639e-01
1.33560210e-01
1.56699210e-01
1.64192021e-01
1.57384634e-01
1.74104929e-01
1.67421892e-01
1.61266133e-01
1.42076850e-01
1.21956937e-01
1.59918517e-01
2.00343817e-01
1.75972968e-01
1.33741572e-01
2.14206323e-01
1.46588400e-01
1.54930174e-01
1.73880994e-01
1.48198560e-01
1.34379387e-01
1.43123537e-01
1.56981930e-01
1.37681276e-01
1.54046834e-01
1.38519064e-01
1.73534125e-01
1.75277919e-01
1.56749025e-01
1.34107366e-01
1.93635404e-01
1.62351698e-01
1.39180258e-01
2.19644710e-01
1.46969974e-01
1.63854226e-01
1.44482970e-01
1.26144648e-01
1.42157823e-01
1.65384933e-01
1.33050963e-01
1.91082641e-01
1.26832917e-01
1.48728877e-01
1.75284728e-01
1.42714813e-01
1.34283856e-01
1.24423288e-01
1.57899752e-01
1.80153742e-01
1.64049789e-01
1.55661583e-01
1.60328150e-01
1.66756839e-01
1.58561006e-01
1.53232068e-01
1.48064688e-01
1.46991238e-01
1.68182999e-01
1.65599793e-01
1.10027596e-01
1.35243773e-01
1.15230501e-01
1.21584818e-01
1.42826736e-01
1.08226575e-01
1.51137680e-01
1.68514252e-01
1.67678267e-01
1.17735542e-01
1.22988783e-01
1.28466636e-01
1.25282541e-01
1.26781553e-01
1.25287488e-01
1.44044086e-01
1.83330148e-01
1.71775237e-01
1.40732393e-01
1.27769381e-01
1.17701739e-01
1.23390734e-01
1.48699328e-01
1.31407440e-01
1.98008344e-01
1.52266502e-01
1.60704270e-01
1.55096501e-01
1.17648251e-01
1.31297514e-01
2.07856640e-01
1.49615675e-01
1.17360659e-01
1.49709582e-01
1.70441777e-01
1.41138926e-01
1.71519488e-01
1.85380131e-01
1.46102145e-01
1.38002887e-01
1.41679183e-01
1.47013605e-01
1.31192222e-01
1.17163025e-01
1.23482361e-01
1.52699828e-01
1.39034539e-01
1.23752668e-01
1.48349896e-01
1.46157771e-01
1.22484870e-01
1.78463027e-01
1.58708736e-01
1.08352877e-01
1.22748241e-01
1.07206240e-01
1.31063685e-01
1.66511610e-01
1.55686557e-01
0.00000000e+00
1.51475891e-01
1.41660973e-01
1.47289246e-01
1.82150662e-01
1.27308220e-01
1.35735646e-01
1.19083196e-01
1.14308424e-01
1.40882745e-01
1.35582820e-01
1.46597907e-01
1.68042958e-01
1.39245912e-01
1.68289304e-01
1.80296034e-01
1.42952263e-01
1.21804863e-01
1.56025916e-01
1.22096673e-01
1.43433124e-01
1.29994571e-01
1.55275643e-01
1.50249138e-01
1.20574214e-01
9.23203155e-02
1.10798456e-01
1.62499800e-01
1.54098004e-01
1.40793741e-01
1.35957643e-01
1.41905308e-01
1.76075712e-01
1.40778869e-01
1.62444443e-01
1.22726895e-01
1.14201002e-01
1.58461526e-01
1.62617832e-01
1.54313073e-01
1.18750528e-01
1.28939465e-01
1.13112263e-01
1.25607044e-01
1.36194170e-01
1.49703771e-01
1.37426496e-01
1.31145492e-01
1.09700896e-01
1.22251518e-01
1.30033687e-01
1.41767830e-01
1.37625188e-01
1.78265050e-01
1.74502030e-01
1.47359669e-01
1.26942784e-01
1.57019034e-01
1.48481801e-01
1.35297582e-01
1.46597520e-01
1.53416976e-01
1.51987210e-01
1.32587403e-01
1.06056511e-01
1.93152413e-01
1.25739768e-01
1.10742494e-01
1.36527032e-01
1.91957444e-01
1.78411081e-01
1.56326458e-01
2.12394640e-01
1.70132920e-01
1.43612638e-01
1.49675384e-01
1.47279337e-01
1.57943770e-01
1.75556332e-01
1.24491952e-01
1.56165734e-01
1.31614760e-01
1.56275034e-01
1.29923448e-01
1.15049273e-01
1.48414418e-01
1.10282443e-01
1.18969098e-01
1.51011780e-01
1.21110260e-01
1.31543651e-01
1.46620989e-01
1.32190436e-01
1.14971153e-01
1.29962265e-01
1.49799094e-01
1.79690093e-01
3.04688096e-01
3.21908832e-01
2.49348000e-01
2.75640398e-01
3.62488121e-01
1.81571111e-01
2.78184444e-01
2.25067914e-01
1.22191861e-01
8.56544152e-02
1.30614236e-01
1.54073626e-01
1.42417043e-01
1.13339387e-01
1.00601204e-01
1.48920327e-01
1.59761652e-01
1.11794308e-01
1.34893447e-01
1.24617904e-01
1.26445800e-01
1.33063346e-01
1.25953600e-01
1.34025380e-01
1.34414479e-01
1.02016337e-01
1.02948122e-01
1.14353955e-01
1.81295097e-01
1.31704181e-01
1.33286655e-01
1.40707493e-01
1.41465217e-01
1.26053199e-01
1.29973710e-01
1.52723789e-01
1.74964160e-01
1.24587290e-01
1.21136695e-01
1.46966875e-01
1.44318119e-01
1.75737381e-01
1.32407650e-01
1.02864861e-01
1.74780443e-01
1.55665264e-01
1.20757036e-01
1.81582525e-01
1.46137178e-01
1.25948533e-01
1.39058515e-01
1.17963567e-01
1.20917670e-01
1.08933374e-01
1.42127067e-01
1.31287158e-01
1.42116308e-01
1.47831023e-01
1.24635257e-01
1.12574637e-01
1.33616418e-01
1.41237810e-01
1.24390826e-01
1.12031728e-01
1.25820279e-01
1.15284450e-01
1.18209369e-01
1.56415939e-01
1.37618825e-01
1.14452451e-01
1.29513875e-01
1.25551760e-01
1.32879347e-01
1.62647232e-01
1.32685676e-01
1.18189923e-01
1.60019428e-01
9.79221091e-02
1.61471248e-01
1.22344248e-01
9.58005339e-02
1.16582528e-01
1.22047670e-01
1.36258006e-01
1.48375541e-01
1.06748283e-01
1.27015606e-01
1.46228611e-01
1.05009623e-01
1.60077646e-01
1.15585938e-01
1.14514865e-01
9.93134081e-02
1.15258507e-01
1.05316669e-01
8.75220895e-02
1.09010778e-01
1.22851133e-01
1.16165914e-01
1.29441857e-01
1.29797086e-01
1.15157329e-01
9.29709002e-02
9.16908979e-02
1.03065953e-01
1.22394107e-01
1.39754072e-01
1.20957874e-01
1.24522865e-01
1.21158220e-01
1.00753754e-01
9.12745893e-02
1.13965042e-01
1.59678206e-01
2.04791754e-01
1.47698134e-01
1.24940321e-01
1.36460617e-01
1.45043418e-01
1.70108229e-01
1.12217925e-01
1.01272173e-01
1.12399168e-01
9.15279686e-02
1.17028110e-01
1.00444376e-01
1.20388001e-01
1.13378622e-01
8.63524601e-02
1.00150079e-01
9.87289101e-02
1.17017075e-01
1.01207390e-01
1.22295558e-01
1.11267313e-01
1.23488642e-01
1.43198833e-01
1.27020270e-01
1.03684239e-01
1.46220684e-01
1.59386039e-01
1.38704494e-01
1.24882758e-01
1.04620226e-01
1.19807996e-01
9.35287923e-02
1.11313462e-01
1.19777881e-01
9.32263136e-02
1.20958962e-01
8.94347951e-02
1.32548228e-01
1.30151272e-01
1.17039867e-01
1.44751236e-01
9.65823606e-02
9.20721963e-02
1.08153313e-01
1.28090337e-01
9.66855362e-02
9.44305137e-02
1.09837480e-01
1.04236588e-01
1.05202451e-01
1.07751004e-01
9.91055593e-02
1.28798917e-01
1.49600342e-01
1.37860283e-01
1.23642266e-01
1.03778198e-01
9.71311778e-02
1.69533193e-01
1.24616511e-01
1.43249184e-01
1.27800569e-01
1.18077204e-01
1.51598096e-01
2.75960982e-01
2.96051651e-01
2.18299255e-01
1.83594376e-01
1.36068001e-01
1.06892399e-01
1.26306623e-01
1.23172231e-01
1.06845699e-01
1.20739914e-01
1.25659883e-01
1.44343629e-01
1.26442194e-01
1.24868169e-01
1.54955983e-01
1.81162000e-01
1.33456722e-01
1.01248443e-01
1.15097560e-01
1.11831203e-01
1.07712597e-01
1.06216215e-01
1.17719978e-01
1.03176355e-01
1.19004913e-01
1.19992889e-01
9.77512524e-02
1.26828045e-01
1.24151923e-01
1.25828341e-01
1.32869303e-01
8.15399215e-02
1.16718926e-01
1.21089689e-01
1.07770033e-01
1.16641104e-01
8.46870169e-02
9.06607062e-02
1.20547011e-01
1.00493483e-01
8.37129429e-02
7.97234401e-02
8.83183926e-02
1.06240056e-01
1.58943653e-01
1.10417895e-01
1.05623573e-01
1.10766016e-01
1.14940897e-01
1.37934640e-01
7.20004141e-02
8.88813213e-02
1.09061494e-01
1.20177880e-01
1.14824183e-01
8.58878344e-02
1.09053291e-01
9.47216004e-02
1.14301927e-01
9.61303934e-02
7.32528642e-02
1.32260755e-01
9.61808413e-02
1.06045954e-01
1.10834628e-01
9.83431786e-02
9.79414731e-02
1.06754385e-01
9.56051424e-02
1.02742448e-01
8.85204002e-02
1.13249503e-01
1.24205947e-01
8.95824283e-02
1.32751271e-01
1.10058576e-01
1.05522960e-01
9.74974483e-02
1.13683581e-01
1.21583544e-01
7.98016265e-02
1.32105410e-01
8.26952755e-02
8.19753483e-02
1.07577726e-01
8.30677226e-02
7.84543082e-02
1.22102879e-01
1.06690846e-01
1.15822762e-01
8.81918073e-02
9.40084606e-02
9.18710902e-02
8.18377659e-02
8.89837071e-02
1.34849489e-01
1.07591644e-01
9.05944109e-02
8.20995420e-02
8.53113160e-02
1.30311802e-01
1.51765749e-01
1.38933957e-01
1.40407562e-01
1.10200986e-01
9.51707587e-02
1.04585409e-01
1.02973215e-01
8.00147206e-02
1.06376730e-01
1.23773657e-01
1.18681885e-01
1.18727133e-01
1.47459418e-01
1.00953124e-01
9.21861455e-02
1.07191525e-01
1.08340070e-01
1.12326287e-01
9.50078890e-02
9.05480981e-02
1.21330045e-01
7.53350332e-02
1.22347824e-01
1.20441437e-01
9.01028886e-02
9.29299369e-02
8.93014818e-02
9.18608978e-02
9.55913588e-02
8.81943181e-02
1.18504517e-01
1.21917605e-01
8.94226357e-02
1.08504012e-01
9.18045491e-02
9.01898965e-02
9.66989771e-02
8.40945467e-02
9.92542431e-02
9.51447040e-02
1.01376832e-01
1.25190750e-01
1.33336827e-01
9.62957889e-02
7.35333562e-02
8.52261335e-02
8.89163911e-02
9.58325341e-02
8.82146209e-02
6.54340386e-02
1.00958429e-01
9.98190641e-02
1.16709717e-01
9.71722230e-02
7.56856054e-02
1.12443343e-01
1.04573891e-01
1.05027534e-01
1.10824712e-01
9.48116332e-02
8.25133398e-02
7.31436312e-02
9.58649889e-02
1.03172235e-01
8.03523287e-02
1.00161158e-01
8.58489275e-02
1.12202384e-01
1.05992071e-01
1.11777991e-01
7.42919892e-02
1.03485532e-01
1.38489112e-01
1.09127522e-01
1.39572755e-01
1.31303847e-01
1.34519815e-01
1.44680142e-01
1.60019413e-01
7.14011341e-02
1.00561529e-01
8.96479115e-02
1.02762647e-01
9.79228690e-02
9.49666426e-02
7.20661953e-02
9.55559090e-02
1.03500552e-01
8.83771777e-02
1.09060571e-01
9.26515758e-02
8.71998817e-02
8.05172697e-02
1.10182047e-01
1.71431735e-01
1.63291141e-01
1.44120798e-01
1.44934446e-01
1.34054586e-01
1.30502090e-01
1.39695689e-01
1.25641003e-01
9.31790695e-02
9.36822146e-02
8.96448418e-02
1.22148372e-01
1.01159275e-01
1.23091899e-01
1.22817926e-01
8.33194852e-02
1.17981680e-01
1.25074714e-01
9.58841890e-02
1.08815104e-01
1.18460499e-01
1.22302637e-01
9.15462971e-02
1.17658742e-01
1.57710597e-01
1.12708129e-01
9.98511687e-02
1.02851197e-01
8.05977955e-02
8.93006921e-02
1.22392833e-01
1.35637999e-01
1.49292439e-01
1.01449803e-01
7.51229525e-02
1.00701831e-01
1.09900907e-01
1.27460837e-01
1.19670361e-01
1.12534039e-01
1.03955373e-01
8.19105729e-02
1.02361299e-01
8.21695924e-02
8.76045823e-02
1.00011408e-01
7.85395354e-02
8.96437764e-02
1.13733731e-01
9.17673633e-02
9.43060368e-02
9.00450721e-02
9.10305232e-02
1.27876639e-01
2.04623207e-01
1.78675011e-01
1.21374212e-01
8.16815272e-02
1.19914867e-01
8.70670006e-02
7.66217560e-02
1.04300499e-01
8.41899142e-02
7.37488940e-02
9.64838713e-02
8.73575434e-02
7.57573992e-02
1.10350206e-01
1.08237430e-01
8.74873400e-02
1.02610894e-01
1.14451498e-01
8.78973082e-02
1.15084864e-01
9.37943533e-02
9.83311906e-02
1.11858450e-01
9.37547907e-02
9.19539109e-02
7.43250772e-02
7.70385042e-02
6.58122525e-02
9.19838026e-02
1.09194100e-01
1.04769491e-01
9.93597582e-02
8.55972767e-02
1.03688158e-01
1.01439886e-01
1.18367918e-01
1.18879654e-01
7.98537284e-02
7.97287822e-02
7.13723823e-02
9.89540368e-02
1.04739033e-01
8.34386721e-02
7.95742795e-02
7.89718032e-02
6.84132576e-02
1.07120827e-01
8.70247856e-02
8.15487206e-02
8.69655237e-02
1.02122307e-01
7.70345405e-02
1.03629559e-01
8.15213546e-02
7.47788325e-02
8.88027772e-02
7.21379444e-02
9.81411040e-02
1.36356294e-01
9.12466571e-02
8.81532356e-02
1.32341877e-01
1.25452653e-01
9.43800956e-02
8.56171846e-02
9.75929797e-02
7.43253753e-02
9.62624922e-02
1.29721656e-01
1.07098646e-01
1.08960792e-01
8.98160562e-02
8.17807466e-02
1.00477912e-01
9.62771624e-02
9.73275676e-02
8.69028792e-02
1.19196191e-01
7.64914453e-02
7.17454702e-02
8.18770230e-02
7.13085979e-02
1.06478013e-01
9.16875154e-02
9.33401436e-02
7.68912658e-02
9.81546789e-02
1.04837507e-01
5.72605766e-02
8.90243500e-02
9.25701335e-02
8.53269175e-02
1.05417050e-01
6.83228597e-02
7.21065179e-02
9.65379030e-02
6.44096211e-02
6.97812960e-02
6.54661879e-02
8.54812562e-02
9.08572674e-02
8.43043402e-02
7.82090276e-02
6.67394027e-02
8.92964229e-02
1.15935184e-01
1.05627283e-01
8.92266855e-02
6.48816675e-02
8.20225775e-02
8.88136774e-02
8.47887099e-02
7.96934217e-02
1.15291946e-01
9.60135311e-02
9.78544354e-02
7.47458339e-02
7.90473819e-02
7.78224170e-02
9.94294807e-02
1.05839543e-01
9.58696455e-02
7.86329806e-02
1.03141539e-01
8.72179866e-02
9.75784063e-02
8.38116854e-02
1.05622023e-01
8.86041671e-02
7.86462873e-02
9.02429074e-02
9.50842276e-02
1.12775497e-01
9.82510522e-02
8.10560808e-02
8.63263831e-02
7.21957833e-02
9.61056352e-02
9.57714841e-02
1.03168949e-01
7.31814355e-02
7.75957406e-02
1.28684103e-01
7.48995841e-02
8.66994858e-02
8.71653855e-02
7.85157382e-02
9.22969803e-02
1.09133139e-01
8.16466659e-02
1.04713745e-01
1.04164802e-01
7.64994547e-02
1.02091879e-01
8.98322985e-02
6.82828128e-02
8.30817595e-02
8.32875594e-02
8.20426196e-02
7.55421147e-02
9.85163674e-02
1.08578093e-01
1.05037779e-01
7.90370628e-02
9.12480056e-02
9.62157175e-02
1.31557688e-01
7.94000626e-02
7.98973739e-02
8.08845013e-02
8.47276226e-02
7.66168907e-02
7.21566826e-02
1.06288329e-01
9.15580988e-02
6.99736923e-02
8.71073529e-02
1.56598389e-01
2.37136900e-01
1.97400123e-01
1.47358268e-01
2.41370708e-01
1.13499045e-01
1.57422453e-01
1.50068849e-01
1.33765817e-01
1.39471382e-01
1.18770398e-01
9.94895697e-02
1.21081583e-01
1.00059487e-01
1.00344181e-01
8.24969113e-02
6.85813576e-02
8.45390037e-02
9.84824151e-02
9.06244591e-02
8.41882005e-02
1.24401167e-01
2.55362302e-01
2.11697042e-01
2.79168516e-01
1.47698253e-01
1.04658507e-01
1.24357447e-01
1.30682573e-01
1.30321667e-01
8.29229280e-02
1.07213184e-01
1.00380257e-01
7.80385807e-02
8.33086744e-02
1.01046279e-01
1.13408118e-01
8.65290239e-02
8.48895684e-02
9.16098878e-02
1.18367888e-01
1.20985433e-01
6.40462860e-02
1.05524354e-01
1.03544429e-01
8.83226469e-02
2.10336089e-01
2.01299399e-01
1.13390252e-01
1.29857063e-01
1.16199113e-01
9.27116573e-02
1.08298048e-01
1.10004194e-01
1.44476458e-01
1.25278026e-01
9.93267149e-02
8.89216661e-02
7.65876323e-02
1.17595136e-01
1.54766947e-01
2.18779370e-01
2.13802695e-01
2.29771614e-01
1.32911175e-01
1.03076838e-01
9.03664976e-02
6.60231188e-02
7.21637160e-02
7.52219483e-02
8.06113407e-02
1.14144824e-01
1.29399657e-01
1.32877737e-01
1.06582522e-01
8.95250440e-02
9.56147313e-02
1.55981779e-01
1.69043437e-01
1.23237766e-01
1.31192937e-01
1.04089037e-01
8.28931630e-02
7.84002766e-02
8.55943859e-02
7.71545693e-02
7.12728053e-02
7.55085573e-02
8.28426406e-02
7.26281703e-02
9.30304974e-02
1.04943059e-01
1.25077933e-01
9.64210480e-02
7.79118761e-02
7.83567950e-02
1.07903697e-01
1.67461097e-01
1.50172353e-01
1.23103425e-01
1.03588991e-01
9.07440558e-02
6.96906075e-02
8.06322172e-02
7.30857104e-02
1.11875139e-01
1.09001264e-01
8.33387449e-02
6.99405372e-02
6.97336867e-02
8.41064900e-02
7.24055842e-02
9.11671594e-02
1.04092322e-01
9.82487127e-02
9.00555775e-02
8.66083428e-02
7.04295784e-02
1.04486771e-01
1.09210752e-01
9.79633331e-02
9.64649990e-02
6.37905300e-02
7.65042156e-02
8.39716420e-02
1.01073727e-01
9.52630863e-02
7.97080174e-02
7.95591623e-02
7.91266486e-02
8.92363936e-02
7.05848262e-02
6.03713803e-02
8.70797709e-02
8.72816592e-02
8.41897428e-02
1.17691994e-01
1.02209568e-01
1.19227201e-01
6.92713782e-02
1.03954799e-01
7.95052499e-02
9.69536230e-02
9.02789906e-02
1.25836000e-01
1.07919313e-01
8.76441747e-02
8.38670656e-02
8.14681500e-02
7.27530196e-02
8.44852999e-02
7.76224211e-02
1.00651130e-01
8.12717751e-02
7.52223507e-02
9.11846682e-02
7.77438954e-02
5.99928498e-02
8.75766128e-02
8.81882161e-02
7.13415667e-02
6.92960545e-02
7.79083371e-02
5.47691509e-02
9.35490206e-02
7.44817778e-02
7.53315464e-02
9.62286666e-02
1.68854088e-01
1.41948774e-01
1.32410556e-01
9.12302583e-02
6.77069724e-02
7.83421397e-02
8.77013430e-02
8.30807239e-02
8.84347409e-02
8.08918402e-02
7.00495914e-02
8.31019059e-02
8.44178051e-02
8.26937407e-02
8.51064175e-02
8.33072588e-02
7.57083669e-02
9.24279094e-02
7.80999064e-02
1.00354783e-01
1.00875460e-01
7.94934258e-02
9.57616642e-02
9.89821702e-02
7.13877901e-02
7.57921413e-02
9.73501429e-02
1.11941449e-01
1.59449279e-01
1.23831175e-01
7.27389604e-02
1.04332224e-01
8.34832266e-02
8.76650587e-02
7.80992880e-02
8.21140110e-02
1.13035314e-01
9.52748507e-02
9.49508622e-02
9.85849053e-02
9.88558307e-02
1.03207618e-01
1.14424281e-01
1.81125611e-01
2.63852090e-01
1.70484498e-01
2.25179061e-01
1.44138262e-01
1.04764059e-01
2.05979675e-01
1.58350483e-01
1.06955715e-01
1.02248743e-01
1.19568281e-01
1.39427736e-01
8.26692134e-02
7.61168525e-02
8.14393684e-02
1.14895724e-01
1.37730300e-01
1.57501981e-01
1.30705699e-01
1.31330058e-01
1.22744583e-01
1.03493080e-01
8.82142484e-02
1.06207900e-01
9.50880572e-02
1.07240945e-01
9.50261652e-02
1.17480941e-01
8.45949948e-02
9.54710096e-02
7.93858990e-02
1.04115508e-01
1.11599758e-01
7.06195831e-02
9.00772363e-02
8.65511224e-02
1.24562137e-01
1.05775498e-01
9.87921059e-02
8.30904096e-02
7.25404471e-02
7.11257979e-02
7.85296932e-02
7.37170577e-02
8.09191540e-02
7.54405782e-02
6.76657706e-02
7.88331628e-02
7.50866085e-02
9.24397036e-02
9.08834785e-02
8.20669681e-02
7.41207525e-02
8.06193873e-02
9.72886011e-02
9.96245146e-02
8.70043188e-02
8.62705633e-02
7.81810880e-02
1.00431763e-01
8.20238143e-02
9.17729959e-02
7.36414045e-02
1.12013817e-01
1.90414190e-01
1.96673706e-01
1.80425882e-01
2.80687183e-01
2.02927873e-01
1.86630204e-01
1.45245954e-01
1.03136726e-01
1.42196015e-01
1.11549109e-01
8.01361650e-02
7.97825083e-02
6.45830855e-02
7.35468864e-02
9.76326391e-02
9.80195701e-02
8.27099532e-02
9.17752907e-02
7.64574930e-02
6.96976036e-02
9.46325436e-02
1.74069703e-01
2.35569149e-01
2.23878458e-01
2.45103896e-01
1.31915420e-01
1.23147771e-01
1.10343285e-01
1.07234724e-01
1.00734711e-01
7.55495280e-02
8.10862109e-02
8.11569244e-02
9.59737226e-02
9.23217312e-02
7.71214291e-02
8.54746848e-02
8.60863551e-02
1.04099087e-01
1.26469612e-01
9.93008465e-02
1.00319155e-01
1.00039057e-01
8.93839002e-02
1.15932927e-01
1.23930462e-01
1.75575092e-01
1.78286761e-01
1.68892771e-01
1.04342997e-01
7.76402429e-02
9.06044096e-02
8.92142579e-02
8.23090672e-02
1.49434075e-01
1.09081790e-01
1.22338414e-01
8.68128240e-02
7.52248466e-02
1.11859635e-01
1.22210070e-01
2.34236643e-01
3.04026186e-01
1.65674746e-01
1.78428814e-01
8.94975662e-02
5.67429960e-02
1.06270507e-01
8.16063881e-02
7.31941760e-02
6.52981251e-02
7.78004900e-02
9.84543785e-02
1.15269974e-01
1.16853833e-01
8.43580365e-02
8.52057561e-02
9.55095291e-02
1.69062406e-01
1.64192885e-01
2.71123469e-01
2.07887337e-01
2.12826148e-01
1.06760658e-01
1.90353647e-01
1.39515087e-01
1.52410567e-01
1.06197312e-01
1.26742825e-01
9.71256793e-02
1.36097759e-01
1.25494823e-01
1.00506775e-01
1.26273766e-01
1.29734263e-01
1.22053303e-01
1.23838581e-01
1.09117135e-01
1.19827665e-01
1.15684599e-01
1.52702481e-01
1.47777125e-01
1.30674496e-01
1.03336185e-01
9.48188379e-02
8.67665932e-02
7.10308477e-02
7.80447796e-02
7.20685720e-02
8.22793618e-02
1.05795220e-01
1.27697870e-01
2.73372769e-01
2.36114874e-01
2.71289617e-01
2.52994001e-01
1.66892111e-01
2.02979177e-01
1.33397728e-01
1.36673138e-01
8.55881944e-02
9.47180018e-02
8.07864964e-02
1.55494377e-01
1.17144808e-01
8.08744878e-02
8.43182281e-02
7.26484060e-02
8.13404471e-02
7.71970227e-02
9.45299938e-02
8.56258646e-02
1.01774991e-01
1.71501055e-01
1.11846648e-01
9.09162462e-02
6.80340379e-02
7.77183026e-02
7.89975375e-02
1.14116594e-01
2.99901962e-01
3.04848462e-01
2.51775265e-01
1.19436391e-01
1.25890985e-01
9.33326483e-02
8.28680694e-02
9.36992466e-02
8.98202881e-02
1.23866029e-01
1.75045028e-01
1.13367110e-01
7.76807144e-02
7.23810941e-02
1.09279089e-01
1.97667971e-01
2.15404332e-01
3.45174640e-01
2.92004436e-01
1.32659778e-01
8.49751383e-02
7.35957772e-02
9.39066485e-02
6.99608997e-02
8.54950473e-02
7.47504830e-02
8.51572752e-02
9.54002067e-02
1.71815500e-01
1.02668315e-01
8.74088407e-02
1.24826878e-01
2.33411133e-01
3.89292210e-01
2.66119897e-01
2.16689408e-01
1.37747422e-01
1.12602174e-01
8.13603178e-02
8.84881467e-02
9.54653621e-02
8.35709870e-02
1.01018399e-01
8.40649381e-02
6.61733001e-02
6.94896504e-02
6.68820515e-02
5.99735230e-02
9.78624970e-02
1.36636615e-01
8.40762183e-02
8.72603282e-02
9.25367028e-02
9.80992392e-02
1.22187667e-01
1.11525737e-01
9.05702785e-02
8.63395259e-02
7.33947530e-02
8.30145702e-02
9.60728824e-02
7.95138329e-02
8.33636671e-02
8.30376372e-02
6.75277710e-02
7.88340941e-02
7.93205053e-02
7.10439682e-02
6.50364310e-02
6.76957369e-02
8.91403407e-02
9.28399414e-02
9.91294608e-02
8.19286183e-02
8.36309493e-02
9.22639593e-02
1.17971785e-01
8.97652432e-02
7.31471181e-02
6.83943182e-02
8.40422437e-02
8.05206895e-02
6.16351403e-02
7.83075839e-02
7.17616826e-02
5.90086170e-02
8.94506723e-02
9.42374244e-02
6.35117814e-02
7.70902783e-02
6.55678958e-02
7.49718919e-02
8.34290981e-02
7.40409195e-02
7.99678862e-02
8.79275203e-02
6.92595541e-02
9.02256817e-02
8.20617080e-02
8.35622326e-02
8.81697387e-02
9.63478908e-02
6.59786612e-02
6.15831614e-02
7.70295933e-02
7.49756023e-02
7.46809840e-02
8.01681355e-02
8.94011781e-02
7.03362226e-02
7.79560059e-02
7.40430728e-02
6.98918104e-02
7.62342960e-02
6.99190646e-02
8.17911774e-02
8.18349123e-02
8.31621438e-02
8.93656015e-02
6.86954185e-02
8.50799680e-02
1.11366801e-01
9.17765126e-02
8.82882774e-02
1.02620825e-01
9.75747705e-02
9.32239816e-02
7.72589818e-02
7.78408945e-02
8.18001330e-02
7.21484572e-02
8.72484967e-02
7.91278109e-02
6.76414296e-02
7.42842853e-02
6.19007125e-02
7.17358887e-02
8.43846276e-02
6.48603588e-02
6.66577220e-02
8.77184793e-02
9.47162285e-02
7.10235462e-02
7.25171268e-02
8.04412961e-02
7.77368098e-02
8.56172293e-02
8.30623507e-02
8.48004669e-02
6.94822744e-02
9.60550532e-02
8.73136297e-02
8.00216720e-02
8.49732533e-02
7.33931512e-02
6.77234158e-02
8.98760334e-02
5.90484813e-02
6.34904578e-02
6.51642308e-02
6.74348772e-02
6.64798990e-02
7.18336627e-02
7.37782866e-02
7.02757835e-02
7.16691315e-02
6.44801259e-02
8.24911222e-02
1.90412611e-01
1.89834088e-01
1.74356356e-01
1.37472302e-01
1.64989755e-01
2.61510491e-01
2.74113297e-01
2.09965765e-01
1.59543008e-01
1.42790943e-01
1.81470394e-01
2.45924428e-01
1.90800294e-01
2.22329959e-01
1.19589493e-01
7.95880109e-02
8.28424320e-02
1.28749773e-01
1.13122679e-01
9.76786613e-02
9.75087285e-02
6.97823912e-02
6.82315305e-02
7.42446259e-02
4.77891602e-02
6.54307231e-02
6.44554868e-02
5.74517325e-02
6.96213692e-02
6.56972900e-02
6.51352629e-02
6.30861446e-02
7.28188753e-02
1.68191507e-01
3.91047508e-01
5.65457046e-01
5.36067903e-01
4.40980762e-01
1.72306120e-01
1.32506311e-01
2.05517292e-01
2.09568098e-01
1.08566895e-01
7.83659592e-02
9.57071036e-02
1.14478931e-01
9.96098742e-02
1.13205574e-01
8.11939165e-02
7.12402910e-02
7.53560960e-02
7.25461990e-02
6.68330565e-02
7.58686662e-02
1.56528309e-01
1.98288143e-01
1.76079273e-01
1.05135910e-01
9.29064080e-02
6.68681338e-02
8.60059038e-02
1.15435362e-01
1.80495277e-01
2.87184775e-01
3.20594221e-01
3.67408991e-01
1.62733063e-01
9.04958099e-02
7.54072443e-02
6.93330318e-02
8.98622200e-02
1.70174614e-01
1.96051434e-01
1.65721282e-01
1.19689673e-01
7.56121576e-02
6.92959949e-02
8.01851079e-02
2.32290477e-01
4.46272761e-01
4.31839526e-01
2.37049252e-01
1.58397168e-01
7.65893906e-02
6.26840591e-02
5.77324517e-02
6.55122101e-02
7.11738989e-02
7.99809173e-02
8.64842534e-02
1.56600595e-01
1.49956971e-01
1.57782257e-01
1.28260612e-01
8.11719671e-02
7.05850348e-02
2.15223715e-01
3.24462444e-01
2.64639676e-01
2.57870018e-01
1.41578883e-01
7.43062720e-02
7.28031769e-02
7.38597065e-02
6.71666488e-02
5.89685626e-02
6.23424239e-02
7.65233040e-02
7.02274889e-02
6.74537867e-02
6.53418452e-02
8.67047906e-02
1.35794923e-01
1.22588016e-01
7.52423927e-02
6.03870153e-02
1.50251150e-01
1.66969001e-01
1.65741906e-01
1.68863460e-01
1.04734592e-01
5.29878959e-02
6.49853721e-02
6.29330054e-02
7.13432506e-02
5.74341752e-02
5.98851852e-02
6.07237704e-02
6.07196987e-02
7.40182027e-02
6.17458746e-02
7.10156336e-02
6.00284636e-02
5.46213984e-02
6.55067414e-02
8.82502422e-02
9.66967046e-02
7.72735327e-02
7.64613375e-02
1.11082353e-01
1.37976512e-01
1.72819719e-01
1.13536067e-01
8.53597745e-02
6.81392178e-02
5.10259867e-02
6.85402825e-02
6.57252371e-02
6.25233948e-02
6.90372065e-02
6.64500818e-02
6.52897209e-02
6.52812421e-02
7.04359114e-02
6.45533800e-02
6.44448996e-02
6.56387284e-02
7.44242594e-02
6.50717318e-02
6.51916265e-02
6.28020242e-02
7.30846226e-02
7.75150210e-02
9.01217461e-02
8.23291615e-02
7.48178586e-02
5.33268340e-02
6.64151087e-02
6.81263730e-02
7.61236846e-02
6.20172769e-02
5.61017655e-02
8.28741863e-02
9.08309296e-02
1.18400715e-01
1.18443251e-01
8.87592882e-02
1.05511837e-01
1.21889874e-01
1.30094990e-01
1.48657382e-01
1.16155937e-01
1.04771726e-01
1.13410182e-01
1.42776594e-01
1.02953620e-01
1.00099914e-01
1.31979391e-01
8.46196264e-02
8.72025490e-02
8.87311026e-02
1.21760316e-01
1.40773669e-01
1.70697063e-01
1.54896438e-01
1.69295862e-01
1.52245790e-01
1.29295439e-01
1.65442333e-01
1.17411882e-01
1.11479834e-01
1.07918009e-01
1.12071842e-01
1.15582690e-01
1.09314740e-01
8.31317827e-02
7.60217160e-02
1.03879899e-01
7.63264671e-02
9.23461393e-02
7.04516321e-02
7.80813321e-02
8.11703354e-02
8.52036923e-02
8.66098106e-02
6.59281984e-02
8.31998512e-02
6.67183176e-02
7.78666064e-02
7.01148063e-02
8.20409358e-02
8.56043845e-02
5.65269254e-02
5.77265769e-02
5.64643107e-02
5.91180734e-02
6.43887445e-02
5.69378175e-02
5.77541590e-02
5.23355082e-02
6.30135685e-02
6.93427548e-02
6.79123923e-02
6.00718744e-02
6.44505247e-02
7.57114291e-02
5.18969595e-02
4.22586128e-02
6.43709600e-02
6.80725947e-02
6.58818781e-02
4.61285114e-02
6.17051348e-02
8.36728662e-02
7.76215047e-02
1.43866986e-01
1.80437222e-01
3.66080105e-01
2.00789914e-01
2.39251688e-01
2.69992471e-01
1.47644818e-01
1.88556969e-01
1.83086887e-01
3.03216696e-01
2.83811837e-01
3.59382391e-01
2.76462197e-01
9.74527970e-02
8.92814249e-02
9.82963592e-02
1.28709957e-01
1.37515590e-01
1.34265274e-01
1.24718331e-01
6.45995438e-02
5.45376837e-02
5.47856018e-02
5.59155308e-02
7.06589594e-02
8.00387040e-02
7.68009350e-02
7.17983693e-02
6.11964241e-02
5.26275821e-02
6.26124591e-02
6.32412061e-02
1.46278396e-01
5.46934426e-01
8.74741614e-01
6.25321627e-01
7.26385415e-01
1.94031879e-01
2.45541498e-01
2.68526435e-01
2.83145785e-01
2.43302345e-01
9.47383419e-02
8.18649977e-02
7.25657344e-02
1.06157385e-01
9.85018164e-02
1.16930917e-01
8.70715231e-02
7.27914423e-02
5.89576960e-02
7.33612105e-02
9.40240994e-02
1.41736165e-01
1.74349546e-01
2.38352597e-01
1.84616059e-01
7.70719647e-02
7.24878758e-02
5.64151704e-02
7.25882575e-02
1.43079758e-01
3.38239640e-01
4.40134913e-01
5.48412859e-01
3.76496613e-01
1.49548277e-01
7.42359683e-02
8.51644576e-02
7.59944841e-02
1.34724572e-01
2.50882387e-01
2.21464485e-01
2.44217604e-01
1.26654565e-01
6.96987659e-02
5.61013035e-02
1.11041367e-01
3.04966182e-01
8.09731305e-01
4.50834960e-01
4.66141343e-01
3.66699964e-01
7.04798102e-02
7.61857107e-02
8.26927945e-02
5.55707403e-02
5.82972541e-02
6.37529492e-02
1.03824563e-01
1.74590930e-01
2.16391057e-01
2.33584657e-01
1.88021138e-01
9.69142765e-02
6.79623634e-02
1.34392902e-01
3.48029405e-01
5.49444497e-01
4.16507423e-01
4.26291108e-01
1.62224144e-01
8.75233039e-02
6.64600581e-02
7.38285705e-02
7.02557266e-02
7.08616599e-02
5.75147569e-02
7.94087201e-02
7.20268488e-02
9.35260952e-02
9.54935178e-02
2.34639123e-01
2.11894229e-01
2.14427739e-01
1.34113312e-01
7.80074447e-02
8.72959048e-02
2.47410029e-01
2.88615435e-01
3.21000278e-01
