1.31448412e+00
1.30399978e+00
1.20435214e+00
1.24602532e+00
1.28900886e+00
1.32956898e+00
1.32896638e+00
1.33698237e+00
1.34321404e+00
1.33926523e+00
1.33760798e+00
1.30248833e+00
1.32006347e+00
1.37136102e+00
1.39493084e+00
1.41132510e+00
1.37170768e+00
1.35728252e+00
1.40186334e+00
1.36139607e+00
1.36214733e+00
1.38088191e+00
1.33749843e+00
1.33524168e+00
1.38916373e+00
1.35231721e+00
1.32819271e+00
1.35281205e+00
1.32109094e+00
1.37846100e+00
1.33909929e+00
1.25838280e+00
1.30179346e+00
1.32126248e+00
1.28627777e+00
1.34916198e+00
1.28752291e+00
1.27388382e+00
1.31667447e+00
1.20894551e+00
1.17088342e+00
1.26756227e+00
1.26243782e+00
1.19044721e+00
1.20115960e+00
1.21678662e+00
1.26881599e+00
1.24574220e+00
1.22296190e+00
1.26412022e+00
1.27325833e+00
1.29511476e+00
1.37654519e+00
1.39036918e+00
1.33794427e+00
1.29889572e+00
1.37230480e+00
1.39986074e+00
1.34681678e+00
1.35442042e+00
1.37341535e+00
1.32174826e+00
1.37365270e+00
1.37568045e+00
1.33708525e+00
1.33728981e+00
1.33760786e+00
1.32344401e+00
1.29441416e+00
1.34143996e+00
1.35648990e+00
1.41057265e+00
1.33255422e+00
1.33598721e+00
1.35916650e+00
1.33014131e+00
1.31588268e+00
1.36173224e+00
1.35476017e+00
1.37016869e+00
1.34272218e+00
1.36464965e+00
1.35226357e+00
1.33287084e+00
1.33512056e+00
1.28476250e+00
1.29475236e+00
1.27673697e+00
1.29081666e+00
1.26552546e+00
1.26749051e+00
1.30283928e+00
1.25928259e+00
1.26051462e+00
1.22310877e+00
1.26788771e+00
1.25109076e+00
1.23523223e+00
1.21088791e+00
1.21542954e+00
1.18270540e+00
1.18918359e+00
1.12191725e+00
1.09565938e+00
1.07666957e+00
1.11157012e+00
1.18505478e+00
1.18350041e+00
1.18983591e+00
1.22287107e+00
1.21811950e+00
1.28172624e+00
1.25411248e+00
1.22966242e+00
1.29147279e+00
1.28783858e+00
1.28481877e+00
1.30050218e+00
1.26560676e+00
1.31231165e+00
1.28848302e+00
1.34167230e+00
1.33853137e+00
1.30852473e+00
1.32235277e+00
1.40455389e+00
1.35690570e+00
1.31296086e+00
1.38860989e+00
1.43368971e+00
1.32668328e+00
1.33144605e+00
1.38431537e+00
1.32204390e+00
1.34221339e+00
1.36781418e+00
1.34503663e+00
1.33866298e+00
1.35399652e+00
1.36641002e+00
1.36724162e+00
1.35704732e+00
1.33295691e+00
1.34303951e+00
1.35726249e+00
1.34951210e+00
1.38277137e+00
1.31343520e+00
1.32952702e+00
1.33788693e+00
1.31467664e+00
1.29570293e+00
1.27027833e+00
1.27893174e+00
1.23910642e+00
1.23135519e+00
1.30497789e+00
1.28300846e+00
1.32205093e+00
1.33609927e+00
1.34270096e+00
1.34211016e+00
1.30051684e+00
1.31075120e+00
1.31299675e+00
1.32104850e+00
1.33813298e+00
1.33839536e+00
1.30582058e+00
1.36106002e+00
1.33057821e+00
1.30518568e+00
1.32410395e+00
1.26352501e+00
1.27398419e+00
1.29911482e+00
1.28162539e+00
1.29197145e+00
1.23914003e+00
1.25270522e+00
1.23579264e+00
1.23291564e+00
1.23300433e+00
1.21975446e+00
1.23636281e+00
1.20009458e+00
1.17135179e+00
1.16996181e+00
1.11942017e+00
1.07844234e+00
1.05985832e+00
1.02927637e+00
9.91182268e-01
9.67221916e-01
9.76547360e-01
1.02871978e+00
1.04599237e+00
1.08235633e+00
1.10544693e+00
1.12346566e+00
1.15531147e+00
1.21201587e+00
1.22282076e+00
1.22660756e+00
1.23112035e+00
1.22251070e+00
1.25966311e+00
1.30795038e+00
1.27943099e+00
1.28497720e+00
1.25351524e+00
1.31901193e+00
1.34247243e+00
1.29244661e+00
1.32719791e+00
1.33720326e+00
1.34076047e+00
1.35010231e+00
1.34147549e+00
1.38587880e+00
1.36688387e+00
1.33057594e+00
1.38202608e+00
1.34799790e+00
1.38303971e+00
1.40459144e+00
1.37158775e+00
1.39210427e+00
1.39555061e+00
1.36893022e+00
1.39506853e+00
1.35411656e+00
1.36113977e+00
1.41624665e+00
1.39347470e+00
1.40051985e+00
1.38472033e+00
1.32921267e+00
1.33142316e+00
1.36940825e+00
1.36891520e+00
1.36374509e+00
1.37040699e+00
1.40985966e+00
1.40357256e+00
1.33951414e+00
1.39105427e+00
1.41964030e+00
1.37887371e+00
1.35966587e+00
1.38491631e+00
1.40854049e+00
1.34015453e+00
1.36615813e+00
1.36916351e+00
1.39656115e+00
1.39685774e+00
1.37956655e+00
1.37469995e+00
1.37512004e+00
1.35087359e+00
1.37152040e+00
1.39262450e+00
1.40285480e+00
1.41078246e+00
1.43571389e+00
1.37520814e+00
1.35970247e+00
1.39209867e+00
1.40352607e+00
1.40208185e+00
1.36907220e+00
1.36027181e+00
1.38455570e+00
1.37083483e+00
1.41328537e+00
1.36601043e+00
1.34256816e+00
1.38204789e+00
1.40016747e+00
1.42228162e+00
1.46125364e+00
1.39546061e+00
1.34631526e+00
1.38490391e+00
1.40089464e+00
1.39522088e+00
1.37330818e+00
1.36622024e+00
1.40198851e+00
1.39036083e+00
1.37233460e+00
1.40627015e+00
1.38353860e+00
1.37928855e+00
1.39452410e+00
1.36281824e+00
1.33855617e+00
1.37574828e+00
1.32910478e+00
1.33284211e+00
1.35414219e+00
1.31561530e+00
1.36343980e+00
1.31495285e+00
1.30169380e+00
1.32306862e+00
1.31898022e+00
1.30049765e+00
1.27595842e+00
1.30857372e+00
1.31613541e+00
1.27508318e+00
1.29168558e+00
1.30534208e+00
1.26207757e+00
1.29471099e+00
1.25528061e+00
1.24748588e+00
1.27248240e+00
1.24975038e+00
1.26343179e+00
1.24914742e+00
1.22320175e+00
1.24567926e+00
1.19242954e+00
1.16728866e+00
1.15200555e+00
1.14796734e+00
1.10269165e+00
1.09380698e+00
1.07067597e+00
1.00091290e+00
9.68902707e-01
9.18296695e-01
8.93140256e-01
9.32944298e-01
9.33100581e-01
1.00468957e+00
1.05467486e+00
1.10954297e+00
1.12694418e+00
1.11608028e+00
1.14722884e+00
1.16421556e+00
1.17167175e+00
1.18310249e+00
1.20881522e+00
1.24195337e+00
1.21549034e+00
1.25911415e+00
1.33681297e+00
1.24578929e+00
1.27724624e+00
1.32523155e+00
1.28544426e+00
1.28009748e+00
1.31285131e+00
1.27988255e+00
1.29395521e+00
1.31137824e+00
1.31201661e+00
1.33202815e+00
1.34615970e+00
1.34466827e+00
1.30183101e+00
1.29213178e+00
1.33894217e+00
1.34661257e+00
1.32077134e+00
1.33253658e+00
1.32812142e+00
1.34978676e+00
1.35031855e+00
1.37599015e+00
1.36354232e+00
1.35193896e+00
1.34139442e+00
1.31473124e+00
1.34717214e+00
1.35814714e+00
1.33501804e+00
1.36368978e+00
1.37592244e+00
1.36238635e+00
1.37616980e+00
1.37124002e+00
1.41323245e+00
1.37771642e+00
1.36151850e+00
1.36204612e+00
1.36278474e+00
1.39789045e+00
1.38918769e+00
1.39609540e+00
1.38903952e+00
1.34026682e+00
1.36340332e+00
1.38360536e+00
1.38209105e+00
1.39836848e+00
1.37371933e+00
1.38282847e+00
1.36670709e+00
1.39300323e+00
1.40994906e+00
1.38206911e+00
1.39002430e+00
1.39460397e+00
1.41558182e+00
1.40574896e+00
1.34620345e+00
1.35933375e+00
1.39692044e+00
1.41636217e+00
1.41599524e+00
1.39860141e+00
1.38822055e+00
1.38275671e+00
1.39920056e+00
1.41865027e+00
1.41492915e+00
1.35912001e+00
1.40267277e+00
1.39722800e+00
1.35333359e+00
1.36749804e+00
1.39379179e+00
1.38173354e+00
1.39774704e+00
1.37350249e+00
1.34148216e+00
1.38801897e+00
1.37535322e+00
1.39401150e+00
1.37837267e+00
1.38241327e+00
1.33541059e+00
1.37535167e+00
1.41452527e+00
1.38512611e+00
1.37665606e+00
1.36571014e+00
1.40291858e+00
1.36742091e+00
1.37129569e+00
1.42792511e+00
1.37966621e+00
1.38590157e+00
1.38085842e+00
1.36057532e+00
1.37774253e+00
1.37049139e+00
1.36038983e+00
1.39674759e+00
1.39222670e+00
1.37657773e+00
1.36219704e+00
1.40527773e+00
1.39363277e+00
1.36840677e+00
1.34945869e+00
1.39369571e+00
1.39904273e+00
1.34706771e+00
1.36013067e+00
1.37617719e+00
1.36732364e+00
1.36996031e+00
1.40432739e+00
1.39909792e+00
1.35721910e+00
1.36765301e+00
1.37918031e+00
1.36859453e+00
1.36583221e+00
1.36751270e+00
1.35107076e+00
1.38352203e+00
1.37918317e+00
1.38132572e+00
1.36641836e+00
1.35776460e+00
1.38720942e+00
1.38346589e+00
1.36950874e+00
1.36115921e+00
1.38851178e+00
1.37899458e+00
1.36407351e+00
1.36588180e+00
1.33398783e+00
1.33752632e+00
1.39146483e+00
1.38712609e+00
1.38327897e+00
1.35792732e+00
1.37050974e+00
1.38664222e+00
1.37098658e+00
1.37127113e+00
1.36545873e+00
1.36274350e+00
1.37632072e+00
1.39181161e+00
1.34745085e+00
1.36171532e+00
1.38529062e+00
1.35634422e+00
1.34370399e+00
1.35313535e+00
1.33798599e+00
1.34046257e+00
1.33651364e+00
1.33528554e+00
1.37967634e+00
1.38001871e+00
1.34126103e+00
1.29927862e+00
1.33192146e+00
1.34717441e+00
1.33445048e+00
1.32326472e+00
1.34921074e+00
1.33079362e+00
1.32067144e+00
1.34253490e+00
1.34872186e+00
1.34789085e+00
1.34629261e+00
1.32968509e+00
1.35539305e+00
1.35489917e+00
1.32341540e+00
1.30654728e+00
1.31616628e+00
1.31985521e+00
1.31908095e+00
1.32812238e+00
1.30066299e+00
1.30266333e+00
1.30506456e+00
1.29658782e+00
1.31634831e+00
1.30061269e+00
1.27553177e+00
1.27525175e+00
1.29520833e+00
1.28850710e+00
1.27734506e+00
1.27082312e+00
1.28639007e+00
1.25263286e+00
1.26545322e+00
1.26682329e+00
1.28907478e+00
1.26801515e+00
1.27109015e+00
1.30141759e+00
1.28727078e+00
1.25504923e+00
1.27956963e+00
1.22945523e+00
1.23604047e+00
1.24673867e+00
1.21866202e+00
1.24591219e+00
1.19931519e+00
1.18111360e+00
1.16117573e+00
1.18227458e+00
1.15523386e+00
1.14280248e+00
1.17387962e+00
1.09740937e+00
1.05876195e+00
1.03599203e+00
9.77747321e-01
9.46770132e-01
8.94601166e-01
8.08045805e-01
7.76529074e-01
8.07668805e-01
8.74087751e-01
9.44066823e-01
9.88142490e-01
1.02025902e+00
1.06263363e+00
1.10475743e+00
1.12503183e+00
1.13788104e+00
1.14591038e+00
1.18986428e+00
1.16730058e+00
1.14570332e+00
1.19261789e+00
1.23401010e+00
1.22796249e+00
1.19963598e+00
1.22202694e+00
1.25160897e+00
1.23430395e+00
1.25388515e+00
1.25152433e+00
1.25439620e+00
1.25426269e+00
1.27967632e+00
1.27906787e+00
1.28151894e+00
1.28523791e+00
1.29290330e+00
1.28435647e+00
1.28008294e+00
1.30364013e+00
1.31293929e+00
1.27717447e+00
1.29363203e+00
1.33810747e+00
1.30436242e+00
1.31120920e+00
1.31845677e+00
1.32648981e+00
1.30515146e+00
1.29438317e+00
1.31466389e+00
1.30207026e+00
1.28579891e+00
1.29718029e+00
1.29433918e+00
1.32611656e+00
1.30891609e+00
1.29576766e+00
1.32556725e+00
1.34383082e+00
1.32925332e+00
1.31254101e+00
1.31692660e+00
1.32387483e+00
1.33436525e+00
1.34264910e+00
1.33336258e+00
1.32321560e+00
1.34809637e+00
1.35530972e+00
1.32405949e+00
1.32086718e+00
1.32539189e+00
1.31236362e+00
1.32177949e+00
1.33248115e+00
1.33070397e+00
1.32401979e+00
1.33982086e+00
1.33928394e+00
1.32760310e+00
1.33990669e+00
1.33124316e+00
1.32817030e+00
1.33508432e+00
1.34305155e+00
1.34313560e+00
1.33341265e+00
1.32951164e+00
1.33106804e+00
1.34705889e+00
1.34650636e+00
1.34047651e+00
1.35311353e+00
1.34668946e+00
1.35138643e+00
1.35035431e+00
1.33396709e+00
1.33587015e+00
1.32481265e+00
1.31227946e+00
1.34815180e+00
1.33873022e+00
1.31695807e+00
1.32120073e+00
1.34138095e+00
1.36205494e+00
1.33742809e+00
1.33835864e+00
1.33676338e+00
1.32076955e+00
1.31229007e+00
1.32955360e+00
1.34773016e+00
1.32747233e+00
1.33911943e+00
1.34425330e+00
1.30508578e+00
1.31081653e+00
1.34228635e+00
1.31184971e+00
1.32191575e+00
1.32916582e+00
1.33223093e+00
1.31535995e+00
1.31559706e+00
1.33582234e+00
1.31913555e+00
1.33569109e+00
1.35560000e+00
1.32864344e+00
1.31106508e+00
1.34534025e+00
1.31652677e+00
1.34176135e+00
1.34065676e+00
1.30847275e+00
1.31565273e+00
1.32815194e+00
1.34473133e+00
1.34147882e+00
1.36305964e+00
1.33443427e+00
1.33989561e+00
1.33088410e+00
1.33821285e+00
1.31383419e+00
1.30479658e+00
1.34805191e+00
1.35674715e+00
1.33073103e+00
1.32398582e+00
1.31899190e+00
1.34794569e+00
1.34452450e+00
1.32059038e+00
1.32470417e+00
1.32811832e+00
1.32739913e+00
1.30779088e+00
1.34445035e+00
1.33024406e+00
1.30442107e+00
1.30831993e+00
1.31719470e+00
1.33962929e+00
1.34948826e+00
1.31096029e+00
1.30103362e+00
1.31786406e+00
1.32285357e+00
1.34203875e+00
1.32047129e+00
1.32782483e+00
1.33214617e+00
1.33730924e+00
1.35462689e+00
1.34257746e+00
1.33486044e+00
1.32834935e+00
1.33557057e+00
1.33681417e+00
1.32675385e+00
1.31252992e+00
1.33614016e+00
1.35983932e+00
1.35888100e+00
1.32039273e+00
1.33111227e+00
1.32951665e+00
1.32993734e+00
1.32927918e+00
1.32611167e+00
1.32788241e+00
1.32073140e+00
1.32622802e+00
1.33005762e+00
1.31800163e+00
1.30212748e+00
1.33245790e+00
1.33710682e+00
1.34706187e+00
1.33213925e+00
1.32415557e+00
1.33453047e+00
1.31605542e+00
1.34368598e+00
1.34239864e+00
1.32061720e+00
1.33631432e+00
1.34610462e+00
1.33320045e+00
1.31272697e+00
1.33187830e+00
1.34618568e+00
1.33102524e+00
1.35806072e+00
1.35475802e+00
1.34080565e+00
1.34733927e+00
1.36097908e+00
1.34882879e+00
1.31679213e+00
1.34188139e+00
1.34506500e+00
1.32671535e+00
1.31639993e+00
1.34639370e+00
1.32689404e+00
1.32889116e+00
1.32372797e+00
1.30226958e+00
1.33452439e+00
1.30393803e+00
1.31160867e+00
1.34375536e+00
1.31298304e+00
1.33664858e+00
1.32264650e+00
1.31069005e+00
1.31181657e+00
1.32350886e+00
1.33112907e+00
1.34488654e+00
1.32206559e+00
1.31177449e+00
1.32409382e+00
1.32012498e+00
1.29761934e+00
1.33926964e+00
1.33509564e+00
1.31920588e+00
1.31649446e+00
1.31085825e+00
1.31209123e+00
1.32531738e+00
1.31101096e+00
1.31819308e+00
1.33964598e+00
1.31364763e+00
1.31861103e+00
1.33481920e+00
1.31795275e+00
1.30532050e+00
1.32305777e+00
1.30659807e+00
1.30917394e+00
1.32674599e+00
1.33013773e+00
1.30922759e+00
1.30947053e+00
1.30846703e+00
1.30669463e+00
1.28708804e+00
1.27957213e+00
1.31215405e+00
1.31145370e+00
1.30187500e+00
1.31018937e+00
1.29689503e+00
1.29947019e+00
1.31011140e+00
1.32983220e+00
1.31748080e+00
1.29389155e+00
1.30166841e+00
1.29593861e+00
1.28758001e+00
1.29801166e+00
1.31387985e+00
1.30156577e+00
1.29328465e+00
1.32315016e+00
1.31984246e+00
1.29977500e+00
1.30664587e+00
1.31518614e+00
1.33397257e+00
1.31749654e+00
1.29629195e+00
1.30976045e+00
1.30119383e+00
1.31766748e+00
1.31043851e+00
1.30009842e+00
1.29971957e+00
1.31529784e+00
1.31003606e+00
1.30758476e+00
1.30887616e+00
1.29801154e+00
1.29118121e+00
1.31313813e+00
1.31338894e+00
1.31133330e+00
1.31935549e+00
1.30571747e+00
1.30829811e+00
1.31763244e+00
1.33157682e+00
1.35104203e+00
1.30947733e+00
1.32745612e+00
1.30371678e+00
1.30168319e+00
1.30028784e+00
1.30442107e+00
1.31279600e+00
1.30871892e+00
1.33949435e+00
1.32510602e+00
1.28568006e+00
1.30739260e+00
1.31701565e+00
1.29889214e+00
1.31582081e+00
1.31108284e+00
1.29792249e+00
1.29838467e+00
1.28548098e+00
1.28618097e+00
1.28596640e+00
1.30266523e+00
1.28152502e+00
1.28139019e+00
1.32233799e+00
1.30301750e+00
1.31014383e+00
1.31870210e+00
1.29338932e+00
1.30589187e+00
1.30321133e+00
1.30583560e+00
1.31092036e+00
1.30894375e+00
1.29795861e+00
1.30855048e+00
1.29295063e+00
1.28540945e+00
1.31114554e+00
1.29936409e+00
1.30670953e+00
1.29305685e+00
1.28899729e+00
1.27964270e+00
1.27116549e+00
1.30893373e+00
1.30625558e+00
1.27880669e+00
1.27329934e+00
1.29953647e+00
1.28955352e+00
1.29206049e+00
1.28502476e+00
1.26671827e+00
1.28746605e+00
1.28990507e+00
1.29407811e+00
1.27905071e+00
1.27570760e+00
1.29314041e+00
1.29120338e+00
1.29517686e+00
1.29129684e+00
1.26940560e+00
1.29825461e+00
1.29162657e+00
1.28117418e+00
1.28862429e+00
1.26759839e+00
1.26332235e+00
1.29240203e+00
1.29344428e+00
1.27655268e+00
1.27530324e+00
1.24944007e+00
1.25322664e+00
1.27285063e+00
1.28424573e+00
1.27207756e+00
1.26148117e+00
1.27013087e+00
1.29265487e+00
1.28383315e+00
1.26970434e+00
1.26627171e+00
1.28929329e+00
1.27634370e+00
1.27220678e+00
1.26586902e+00
1.26327896e+00
1.27375829e+00
1.27707851e+00
1.25254250e+00
1.27723956e+00
1.28806543e+00
1.28271317e+00
1.27156663e+00
1.27077675e+00
1.27811873e+00
1.27129662e+00
1.27737999e+00
1.26646399e+00
1.26455891e+00
1.27805960e+00
1.25627708e+00
1.27353942e+00
1.25584829e+00
1.26183367e+00
1.25432539e+00
1.24513113e+00
1.25157082e+00
1.25210106e+00
1.25719249e+00
1.24936712e+00
1.24394286e+00
1.25086915e+00
1.25300431e+00
1.24933958e+00
1.25727737e+00
1.26299882e+00
1.26613629e+00
1.25388527e+00
1.26091790e+00
1.26163042e+00
1.23601139e+00
1.22352445e+00
1.22482860e+00
1.24823773e+00
1.24961352e+00
1.25902891e+00
1.26155436e+00
1.23197627e+00
1.24488425e+00
1.24514449e+00
1.24467015e+00
1.24549127e+00
1.24205458e+00
1.24650037e+00
1.23504615e+00
1.23709047e+00
1.22801459e+00
1.21930993e+00
1.22693193e+00
1.22445452e+00
1.21632314e+00
1.22164249e+00
1.22616911e+00
1.20652747e+00
1.20704913e+00
1.19228661e+00
1.18805516e+00
1.20996106e+00
1.19915223e+00
1.20460927e+00
1.17763650e+00
1.17792535e+00
1.17902768e+00
1.17126524e+00
1.17274296e+00
1.16596484e+00
1.17191970e+00
1.16098344e+00
1.16259754e+00
1.14929628e+00
1.11321878e+00
1.10903752e+00
1.11649561e+00
1.10940230e+00
1.08662474e+00
1.07599461e+00
1.06530249e+00
1.02054942e+00
1.00003159e+00
9.75984931e-01
9.51247752e-01
8.84822965e-01
8.05178344e-01
7.57835507e-01
7.16003716e-01
7.24139631e-01
7.55447686e-01
8.42424989e-01
9.20869648e-01
9.67608988e-01
9.99969780e-01
1.02328408e+00
1.03693545e+00
1.06443441e+00
1.07100201e+00
1.08750248e+00
1.07270873e+00
1.09369552e+00
1.11784399e+00
1.13867104e+00
1.14167023e+00
1.13830316e+00
1.15590763e+00
1.15417945e+00
1.16970658e+00
1.16584480e+00
1.17457926e+00
1.17488003e+00
1.17682862e+00
1.19299257e+00
1.18693483e+00
1.18136179e+00
1.19066381e+00
1.22264671e+00
1.18909073e+00
1.19230831e+00
1.21494114e+00
1.20058978e+00
1.21180451e+00
1.22017419e+00
1.19139814e+00
1.21154726e+00
1.21435392e+00
1.22341108e+00
1.23202074e+00
1.22002602e+00
1.20799518e+00
1.22467697e+00
1.20974338e+00
1.21163929e+00
1.23538053e+00
1.25283015e+00
1.23072147e+00
1.23892021e+00
1.22831893e+00
1.23774850e+00
1.23790896e+00
1.21159160e+00
1.21383250e+00
1.22446597e+00
1.21957898e+00
1.23178315e+00
1.23909926e+00
1.23571467e+00
1.25833392e+00
1.22777545e+00
1.23325992e+00
1.24556065e+00
1.23535120e+00
1.24470627e+00
1.23140264e+00
1.23907137e+00
1.24503720e+00
1.22664905e+00
1.25076437e+00
1.25707960e+00
1.23133922e+00
1.25310051e+00
1.25400066e+00
1.25944316e+00
1.23316014e+00
1.22538960e+00
1.23735750e+00
1.23530757e+00
1.24310887e+00
1.24484277e+00
1.23741972e+00
1.23853409e+00
1.22909439e+00
1.21074712e+00
1.21761763e+00
1.22858155e+00
1.22454786e+00
1.24502110e+00
1.22988975e+00
1.23013532e+00
1.24925172e+00
1.24201643e+00
1.23226476e+00
1.22518945e+00
1.23215318e+00
1.24477446e+00
1.25434649e+00
1.23500609e+00
1.25094032e+00
1.24885941e+00
1.22215319e+00
1.24881232e+00
1.24521482e+00
1.24180186e+00
1.23920596e+00
1.24062335e+00
1.22333670e+00
1.23634934e+00
1.25437999e+00
1.25512099e+00
1.25674284e+00
1.24450493e+00
1.24311495e+00
1.25199437e+00
1.24078739e+00
1.24337816e+00
1.24518645e+00
1.23721528e+00
1.23236525e+00
1.21803093e+00
1.22985160e+00
1.21444333e+00
1.22081411e+00
1.23585904e+00
1.22203743e+00
1.22364604e+00
1.22212362e+00
1.23193300e+00
1.23985445e+00
1.25185335e+00
1.23639131e+00
1.21942437e+00
1.24531186e+00
1.22508335e+00
1.23973465e+00
1.23537445e+00
1.22367573e+00
1.22060251e+00
1.23473918e+00
1.24145603e+00
1.23803139e+00
1.25374269e+00
1.25568080e+00
1.25202560e+00
1.23901069e+00
1.24429762e+00
1.24536836e+00
1.23051345e+00
1.24044359e+00
1.22995341e+00
1.22250307e+00
1.23762476e+00
1.22852504e+00
1.23392677e+00
1.23849404e+00
1.22642910e+00
1.23063505e+00
1.21434927e+00
1.21739388e+00
1.24475670e+00
1.23910272e+00
1.24497795e+00
1.23001420e+00
1.21072447e+00
1.24586165e+00
1.24467432e+00
1.21967232e+00
1.25305057e+00
1.23786855e+00
1.22066557e+00
1.22521615e+00
1.23373926e+00
1.24417937e+00
1.23919690e+00
1.22583556e+00
1.20854223e+00
1.23852932e+00
1.22580850e+00
1.23079872e+00
1.23993611e+00
1.21187007e+00
1.21558082e+00
1.23668408e+00
1.23825657e+00
1.20017827e+00
1.22598708e+00
1.24776673e+00
1.22099996e+00
1.21086013e+00
1.24994695e+00
1.21470380e+00
1.21071398e+00
1.22472370e+00
1.22541416e+00
1.22147012e+00
1.21540701e+00
1.20766449e+00
1.23550308e+00
1.23019266e+00
1.22309422e+00
1.22936487e+00
1.22675502e+00
1.21770513e+00
1.22509706e+00
1.21458530e+00
1.20838249e+00
1.21587598e+00
1.21888828e+00
1.22491682e+00
1.23404908e+00
1.23295808e+00
1.23432696e+00
1.22431672e+00
1.22880471e+00
1.22229528e+00
1.21385837e+00
1.22857833e+00
1.23407054e+00
1.20531940e+00
1.20728254e+00
1.21088421e+00
1.24858916e+00
1.23934507e+00
1.22152114e+00
1.22695863e+00
1.22839940e+00
1.21799779e+00
1.20786858e+00
1.20082402e+00
1.19970047e+00
1.20429826e+00
1.20938170e+00
1.22304976e+00
1.20624602e+00
1.21702015e+00
1.23808932e+00
1.20793593e+00
1.21697402e+00
1.22667372e+00
1.20165884e+00
1.20146179e+00
1.20780754e+00
1.21861553e+00
1.20953619e+00
1.20075929e+00
1.20234358e+00
1.22341859e+00
1.24122870e+00
1.20993173e+00
1.20867193e+00
1.21650684e+00
1.20806158e+00
1.21794510e+00
1.21621478e+00
1.19864953e+00
1.21678329e+00
1.24221635e+00
1.22295070e+00
1.20353162e+00
1.21638525e+00
1.20658970e+00
1.19177151e+00
1.19051170e+00
1.19530106e+00
1.18794024e+00
1.18996465e+00
1.18440211e+00
1.18721259e+00
1.18681574e+00
1.17895222e+00
1.19444597e+00
1.19162238e+00
1.19715917e+00
1.20538270e+00
1.20116758e+00
1.18695521e+00
1.18849230e+00
1.18513262e+00
1.18267632e+00
1.19424117e+00
1.18626034e+00
1.17835200e+00
1.19012702e+00
1.20033443e+00
1.19898307e+00
1.18990386e+00
1.18534708e+00
1.19198930e+00
1.17267931e+00
1.19085014e+00
1.22778714e+00
1.22151637e+00
1.18691826e+00
1.18548489e+00
1.21719801e+00
1.19820082e+00
1.19242179e+00
1.20257831e+00
1.20720613e+00
1.19128048e+00
1.19670737e+00
1.21581006e+00
1.19308567e+00
1.18729353e+00
1.19821072e+00
1.20101547e+00
1.19651914e+00
1.19647598e+00
1.18471158e+00
1.18592477e+00
1.19776595e+00
1.20753562e+00
1.19028521e+00
1.19577777e+00
1.19094634e+00
1.18429506e+00
1.21786511e+00
1.21252358e+00
1.18852937e+00
1.20202899e+00
1.20175493e+00
1.18103325e+00
1.20491123e+00
1.19799578e+00
1.19112384e+00
1.19773555e+00
1.20044518e+00
1.19273174e+00
1.19572163e+00
1.18490052e+00
1.20001483e+00
1.19755363e+00
1.19598663e+00
1.17348063e+00
1.19580722e+00
1.18275297e+00
1.19097733e+00
1.19979358e+00
1.19158196e+00
1.19187224e+00
1.18150187e+00
1.18330729e+00
1.17993379e+00
1.16809022e+00
1.17478037e+00
1.19537222e+00
1.20002913e+00
1.19690788e+00
1.17444623e+00
1.17473376e+00
1.19118166e+00
1.18462694e+00
1.17252886e+00
1.18606985e+00
1.18689251e+00
1.20589399e+00
1.19523847e+00
1.17601204e+00
1.17465079e+00
1.17597008e+00
1.17953610e+00
1.18983054e+00
1.18864214e+00
1.17435491e+00
1.17404115e+00
1.19308460e+00
1.17781878e+00
1.16720772e+00
1.17948985e+00
1.17943406e+00
1.17596960e+00
1.17347181e+00
1.14660478e+00
1.17360914e+00
1.17983007e+00
1.16530287e+00
1.17139983e+00
1.16786695e+00
1.16305971e+00
1.17330909e+00
1.17420578e+00
1.18167472e+00
1.17852855e+00
1.17893314e+00
1.18273830e+00
1.16354668e+00
1.18429542e+00
1.16650832e+00
1.16956043e+00
1.16948438e+00
1.18568528e+00
1.18573725e+00
1.17036271e+00
1.16468370e+00
1.16606998e+00
1.15396535e+00
1.17033446e+00
1.16930735e+00
1.16144264e+00
1.18447256e+00
1.16370094e+00
1.15334010e+00
1.16539061e+00
1.16502953e+00
1.17914701e+00
1.15547121e+00
1.16772211e+00
1.15916991e+00
1.15179503e+00
1.16629243e+00
1.16794264e+00
1.16269326e+00
1.16328049e+00
1.15667641e+00
1.16672516e+00
1.15801036e+00
1.17115080e+00
1.16620898e+00
1.17040658e+00
1.17851317e+00
1.17801929e+00
1.17166281e+00
1.18673909e+00
1.18113947e+00
1.16601062e+00
1.16575193e+00
1.16900730e+00
1.17468202e+00
1.18136501e+00
1.16529143e+00
1.14106894e+00
1.16912901e+00
1.17020380e+00
1.15769601e+00
1.16862810e+00
1.17020500e+00
1.15839112e+00
1.16312337e+00
1.17264342e+00
1.16601002e+00
1.17106545e+00
1.15812945e+00
1.15130019e+00
1.16878915e+00
1.15972471e+00
1.17606163e+00
1.17034686e+00
1.15776169e+00
1.17510056e+00
1.17116249e+00
1.16297746e+00
1.14559877e+00
1.16194212e+00
1.13838029e+00
1.15200865e+00
1.15072834e+00
1.14888394e+00
1.15266562e+00
1.13930535e+00
1.15300393e+00
1.15526140e+00
1.14679766e+00
1.14811158e+00
1.15037191e+00
1.16135740e+00
1.15349770e+00
1.15508294e+00
1.15087736e+00
1.15117395e+00
1.16616535e+00
1.14833903e+00
1.13568604e+00
1.15893018e+00
1.16748679e+00
1.14983594e+00
1.15411949e+00
1.16392577e+00
1.15088916e+00
1.13389111e+00
1.14965284e+00
1.16457045e+00
1.14038527e+00
1.13863289e+00
1.14010429e+00
1.15168703e+00
1.15722287e+00
1.15303493e+00
1.15689933e+00
1.14838934e+00
1.14753902e+00
1.14612997e+00
1.16462922e+00
1.16176403e+00
1.14413750e+00
1.14648497e+00
1.15288854e+00
1.13620031e+00
1.14434600e+00
1.13417876e+00
1.14056659e+00
1.15147221e+00
1.17025328e+00
1.14549446e+00
1.13900793e+00
1.16122556e+00
1.14491534e+00
1.13469827e+00
1.16012514e+00
1.13764513e+00
1.14648151e+00
1.14982700e+00
1.14657283e+00
1.15358007e+00
1.14610231e+00
1.13316870e+00
1.13303709e+00
1.14648354e+00
1.13745177e+00
1.12581825e+00
1.15152538e+00
1.16348898e+00
1.13816643e+00
1.13142645e+00
1.13681579e+00
1.12457442e+00
1.15504277e+00
1.13925636e+00
1.12717664e+00
1.12916458e+00
1.12510884e+00
1.13228762e+00
1.12326145e+00
1.13718617e+00
1.14474916e+00
1.14060509e+00
1.13384414e+00
1.13622761e+00
1.12528574e+00
1.14527845e+00
1.13166082e+00
1.14157033e+00
1.15095627e+00
1.13647020e+00
1.13164210e+00
1.12254238e+00
1.14690399e+00
1.12719131e+00
1.11405540e+00
1.13714910e+00
1.13264120e+00
1.13497245e+00
1.12691641e+00
1.14089358e+00
1.13727629e+00
1.11600912e+00
1.12803829e+00
1.12028694e+00
1.12679684e+00
1.13155913e+00
1.11602974e+00
1.11973059e+00
1.13537598e+00
1.13216317e+00
1.13786364e+00
1.14343429e+00
1.14158154e+00
1.11537576e+00
1.11891782e+00
1.12840497e+00
1.13198447e+00
1.13399041e+00
1.12649274e+00
1.13133276e+00
1.11823928e+00
1.11592638e+00
1.15121984e+00
1.12747955e+00
1.12527502e+00
1.13933623e+00
1.11933923e+00
1.11714458e+00
1.11951041e+00
1.11954260e+00
1.12473094e+00
1.12909949e+00
1.11968505e+00
1.13738322e+00
1.11953032e+00
1.12491167e+00
1.12803316e+00
1.12070656e+00
1.13080645e+00
1.18846214e+00
1.15076423e+00
1.05409181e+00
1.12678277e+00
1.18891394e+00
1.14226961e+00
1.13842666e+00
1.11233771e+00
1.12100530e+00
1.12097394e+00
1.10548580e+00
1.12379193e+00
1.12594211e+00
1.11998630e+00
1.10031450e+00
1.10552108e+00
1.12563205e+00
1.11560428e+00
1.11333823e+00
1.12576401e+00
1.11818314e+00
1.11894536e+00
1.12041652e+00
1.10694671e+00
1.11134946e+00
1.11142540e+00
1.10715818e+00
1.09642160e+00
1.10301292e+00
1.10223508e+00
1.09754038e+00
1.11377811e+00
1.11162794e+00
1.09639382e+00
1.11020660e+00
1.10865617e+00
1.10424030e+00
1.10437238e+00
1.10742760e+00
1.11066353e+00
1.11574972e+00
1.11016583e+00
1.10421515e+00
1.11032927e+00
1.10810828e+00
1.10175502e+00
1.10961974e+00
1.10069716e+00
1.10924208e+00
1.11897230e+00
1.10419405e+00
1.10655475e+00
1.10388470e+00
1.10228217e+00
1.10986030e+00
1.09821534e+00
1.07043219e+00
1.07015359e+00
1.10217345e+00
1.11564505e+00
1.09343469e+00
1.10329998e+00
1.10200381e+00
1.09558308e+00
1.09233463e+00
1.10599351e+00
1.09870887e+00
1.09698462e+00
1.10208035e+00
1.10453355e+00
1.10608292e+00
1.09923732e+00
1.08581626e+00
1.10144055e+00
1.11100280e+00
1.10973549e+00
1.09206700e+00
1.09412801e+00
1.08397520e+00
1.07959938e+00
1.09520745e+00
1.11206400e+00
1.09081173e+00
1.10185671e+00
1.08665609e+00
1.10077572e+00
1.09885514e+00
1.09438324e+00
1.08990908e+00
1.09847581e+00
1.10477173e+00
1.09167385e+00
1.09582031e+00
1.08954179e+00
1.07615471e+00
1.10462797e+00
1.09078836e+00
1.10939229e+00
1.10066056e+00
1.08482909e+00
1.09930992e+00
1.10142279e+00
1.08812904e+00
1.08487165e+00
1.09240866e+00
1.09010553e+00
1.08885670e+00
1.10401821e+00
1.09573126e+00
1.09536600e+00
1.08663058e+00
1.08513558e+00
1.07932723e+00
1.06971693e+00
1.08316970e+00
1.08513188e+00
1.07343888e+00
1.09255540e+00
1.09289348e+00
1.07643867e+00
1.08551848e+00
1.10220408e+00
1.07426119e+00
1.06999624e+00
1.07517982e+00
1.09178269e+00
1.09164715e+00
1.07445991e+00
1.08414018e+00
1.08839822e+00
1.06514001e+00
1.07558215e+00
1.08430779e+00
1.07436562e+00
1.08220792e+00
1.05979192e+00
1.04150903e+00
1.06802392e+00
1.07774198e+00
1.07529175e+00
1.07549107e+00
1.07712448e+00
1.08238328e+00
1.08768153e+00
1.05717134e+00
1.07941532e+00
1.06990433e+00
1.05938530e+00
1.06798255e+00
1.08507752e+00
1.07711482e+00
1.06845737e+00
1.07437587e+00
1.08285332e+00
1.09216285e+00
1.08905017e+00
1.06828058e+00
1.07635176e+00
1.08516359e+00
1.08023405e+00
1.06823981e+00
1.07370436e+00
1.07026732e+00
1.07560372e+00
1.07017267e+00
1.06581509e+00
1.07422996e+00
1.06264710e+00
1.07515705e+00
1.07669187e+00
1.07969105e+00
1.05955720e+00
1.05890846e+00
1.06307507e+00
1.06402326e+00
1.07849622e+00
1.08039534e+00
1.07279181e+00
1.06770158e+00
1.04566050e+00
1.07335293e+00
1.07517922e+00
1.06638992e+00
1.06061757e+00
1.04826176e+00
1.05201983e+00
1.06512451e+00
1.06021762e+00
1.05003071e+00
1.05368948e+00
1.06115007e+00
1.05865216e+00
1.04903471e+00
1.06394434e+00
1.04932225e+00
1.04051507e+00
1.05228722e+00
1.04710698e+00
1.05082119e+00
1.06696999e+00
1.05055737e+00
1.03867233e+00
1.05286157e+00
1.05344796e+00
1.06444538e+00
1.05532336e+00
1.06436169e+00
1.05454540e+00
1.04218686e+00
1.05167186e+00
1.06071711e+00
1.05505455e+00
1.05372941e+00
1.06079507e+00
1.04265153e+00
1.04143238e+00
1.04236603e+00
1.04831266e+00
1.05404472e+00
1.05585146e+00
1.04817903e+00
1.05066013e+00
1.04542828e+00
1.05212533e+00
1.05134010e+00
1.05434096e+00
1.05386698e+00
1.03197324e+00
1.02311027e+00
1.02492702e+00
1.02635169e+00
1.03776491e+00
1.05136371e+00
1.04107928e+00
1.04330039e+00
1.05896437e+00
1.05896890e+00
1.03405583e+00
1.03383553e+00
9.98483956e-01
9.77307260e-01
1.03611028e+00
1.03442872e+00
1.02710700e+00
1.00917518e+00
1.02381313e+00
1.04043341e+00
1.02015293e+00
1.04500997e+00
1.04784322e+00
1.01913154e+00
1.04544163e+00
1.05249000e+00
1.02651501e+00
1.04294062e+00
1.03389180e+00
1.04452074e+00
1.05076814e+00
1.05069673e+00
1.03819895e+00
1.02472043e+00
1.04473424e+00
1.02886343e+00
1.01086152e+00
1.03704548e+00
1.05066824e+00
1.03351808e+00
1.03270578e+00
1.02926660e+00
1.03985596e+00
1.04331374e+00
1.04154408e+00
1.04640734e+00
1.04463017e+00
1.03002357e+00
1.04749620e+00
1.02395451e+00
1.02508104e+00
1.04256308e+00
1.03475249e+00
1.04880464e+00
1.01897037e+00
1.03417337e+00
1.02334130e+00
1.02185035e+00
1.02245617e+00
1.03869808e+00
1.02114594e+00
1.04051471e+00
1.04406893e+00
1.03003442e+00
1.03637671e+00
1.03386045e+00
1.02339053e+00
1.04550135e+00
1.03616798e+00
1.02936411e+00
1.04446697e+00
1.03425562e+00
1.03355944e+00
1.04157805e+00
1.04431975e+00
1.04088056e+00
1.02918386e+00
1.04703116e+00
1.04279387e+00
1.02725482e+00
1.01364338e+00
1.04082382e+00
1.04253888e+00
1.02213228e+00
1.03766119e+00
1.02446103e+00
1.03339994e+00
1.02231228e+00
1.02368534e+00
1.04151285e+00
1.01843166e+00
1.02210975e+00
1.04463828e+00
1.04770255e+00
1.03447855e+00
1.02783096e+00
1.02479231e+00
1.01079285e+00
1.02714980e+00
1.03152466e+00
1.04276085e+00
1.03023481e+00
1.03408039e+00
1.03811538e+00
1.02266192e+00
1.01384437e+00
1.02700841e+00
1.03404474e+00
1.02530205e+00
1.02743769e+00
1.02222621e+00
1.01236796e+00
1.00962925e+00
1.02630305e+00
1.02237904e+00
1.02985203e+00
1.03464556e+00
1.00123465e+00
1.01855659e+00
1.03092372e+00
1.01850224e+00
1.00692058e+00
1.02420712e+00
1.00340593e+00
9.88106728e-01
1.01085556e+00
1.01705611e+00
1.03122020e+00
1.01934338e+00
1.02033556e+00
1.02420247e+00
1.02918398e+00
1.00739658e+00
1.01461399e+00
1.02467513e+00
1.01708257e+00
1.02054405e+00
1.00611687e+00
1.01700389e+00
1.01224160e+00
1.01901078e+00
1.00586665e+00
1.00640965e+00
1.00370347e+00
9.95339215e-01
1.00177312e+00
9.98537898e-01
1.00172365e+00
1.00339317e+00
1.00909865e+00
1.01668417e+00
1.01490235e+00
1.02049947e+00
1.01461756e+00
9.93991315e-01
9.98361409e-01
1.00934172e+00
1.00294650e+00
9.99272823e-01
9.91830349e-01
1.00133181e+00
9.96873498e-01
1.00261021e+00
1.01344657e+00
9.98231411e-01
9.85784888e-01
1.00897014e+00
1.01439059e+00
9.84464347e-01
9.99395192e-01
1.01459944e+00
1.00118089e+00
9.91978228e-01
1.01314080e+00
1.01229608e+00
1.00909460e+00
9.87396538e-01
9.91462469e-01
1.00268447e+00
1.00060523e+00
1.00659990e+00
9.85720396e-01
9.80229855e-01
9.83856320e-01
9.85741735e-01
9.96280253e-01
1.02426410e+00
1.00408769e+00
9.80557919e-01
9.97162938e-01
9.90225792e-01
1.00748324e+00
1.00143647e+00
1.00189817e+00
9.96808410e-01
9.89980102e-01
1.00289977e+00
1.01080298e+00
9.93634462e-01
1.00587678e+00
9.89290059e-01
9.78685737e-01
9.93683279e-01
9.79984939e-01
9.73054588e-01
9.93006229e-01
1.00000000e+00
9.92721856e-01
9.74248052e-01
9.78369355e-01
9.71616447e-01
9.92530942e-01
9.88258362e-01
9.78338718e-01
9.93816793e-01
9.89036977e-01
9.87630904e-01
9.92657661e-01
9.74338651e-01
9.71870959e-01
9.86368358e-01
9.84538734e-01
9.93842781e-01
9.74294066e-01
9.77232456e-01
9.88391757e-01
9.90875125e-01
9.76060688e-01
9.79028225e-01
9.89946961e-01
9.75227237e-01
9.78755414e-01
9.84573603e-01
9.82788622e-01
9.78968501e-01
9.68642116e-01
9.88282025e-01
9.86204505e-01
9.82960165e-01
9.69882309e-01
9.64362442e-01
9.71058846e-01
9.89490926e-01
9.75691557e-01
9.80899692e-01
9.83968377e-01
9.65779006e-01
9.77853477e-01
9.69478369e-01
9.70855951e-01
9.66195107e-01
9.71048415e-01
9.81593013e-01
9.69094515e-01
9.63252604e-01
9.72123802e-01
9.81154203e-01
9.73760784e-01
9.83652949e-01
9.96034026e-01
9.85569656e-01
9.65331793e-01
9.61763442e-01
9.64191675e-01
9.65461850e-01
9.52983081e-01
9.72319603e-01
9.72110987e-01
9.54422534e-01
9.67437744e-01
9.64406133e-01
9.66444314e-01
9.56897736e-01
9.56148207e-01
9.63761032e-01
9.62473869e-01
9.58369434e-01
9.75681543e-01
9.49319661e-01
9.53565240e-01
9.79430854e-01
9.69057441e-01
9.56003666e-01
9.65552390e-01
9.57764864e-01
9.54746246e-01
9.64873195e-01
9.63280916e-01
9.58690763e-01
9.73614275e-01
9.69256461e-01
9.76787806e-01
9.87484515e-01
9.84563887e-01
9.78706241e-01
9.81925011e-01
9.76261914e-01
9.53722358e-01
9.71977115e-01
9.61702824e-01
9.54663932e-01
9.46227491e-01
9.80692625e-01
9.59303856e-01
9.87340748e-01
1.11317515e+00
9.64370430e-01
8.22249651e-01
9.22869325e-01
1.04002261e+00
1.04288065e+00
9.51906681e-01
9.09952223e-01
9.28836167e-01
9.40574646e-01
9.71456230e-01
9.69172001e-01
9.50601757e-01
9.48932350e-01
9.44749355e-01
9.59580123e-01
9.43388045e-01
9.33030248e-01
9.38402891e-01
9.52406287e-01
9.48906362e-01
9.70735252e-01
9.49286759e-01
9.32735682e-01
9.50262785e-01
9.45076227e-01
9.54024374e-01
9.46802080e-01
9.35247481e-01
9.41204727e-01
9.47475016e-01
9.57852304e-01
9.54754412e-01
9.43500757e-01
9.43610907e-01
9.44514573e-01
9.43791091e-01
9.22785640e-01
9.40998197e-01
9.43433046e-01
9.49529707e-01
9.39929843e-01
9.39878106e-01
9.35050070e-01
9.34042156e-01
9.55808282e-01
9.39713061e-01
9.46849704e-01
9.38371718e-01
9.50807512e-01
9.38263595e-01
9.20778215e-01
9.42696393e-01
9.52623427e-01
9.41128194e-01
9.31509733e-01
9.22830641e-01
9.36384916e-01
9.36739266e-01
9.38968003e-01
9.37296748e-01
9.35213447e-01
9.14031744e-01
9.28052306e-01
9.24219191e-01
9.23402607e-01
9.28042591e-01
9.24571693e-01
9.27605450e-01
9.23417866e-01
9.18890715e-01
9.25995648e-01
9.20992851e-01
9.35397804e-01
9.36932921e-01
9.16150987e-01
9.16112840e-01
9.35659707e-01
9.28754866e-01
9.31307852e-01
9.29181218e-01
9.31728601e-01
9.20459330e-01
9.15735304e-01
9.07626033e-01
9.35272455e-01
9.34202909e-01
9.20636654e-01
9.13030446e-01
9.20548797e-01
9.16577578e-01
9.20061171e-01
9.25087392e-01
9.09784257e-01
9.13634717e-01
9.18776155e-01
9.03964043e-01
9.12796974e-01
9.13109064e-01
9.27310288e-01
9.24104512e-01
9.27500367e-01
9.15870786e-01
9.26984847e-01
9.23363805e-01
9.14195836e-01
9.17339981e-01
9.13976610e-01
9.02680874e-01
9.08089221e-01
9.11666393e-01
9.15576518e-01
9.01966989e-01
8.99238110e-01
8.98819923e-01
9.05964613e-01
9.10101414e-01
9.08733189e-01
9.08968747e-01
9.01992619e-01
8.98964167e-01
9.10514653e-01
9.03356314e-01
8.91611218e-01
9.06751454e-01
9.08382118e-01
8.90727520e-01
8.86387706e-01
8.93099129e-01
8.96022499e-01
8.87932241e-01
8.95176351e-01
8.96923542e-01
9.14181352e-01
9.06844020e-01
8.91604841e-01
9.05948043e-01
8.95905197e-01
8.81632149e-01
8.86491477e-01
8.66768181e-01
8.72800589e-01
8.83699000e-01
8.73015285e-01
8.77700686e-01
8.77001882e-01
8.61209571e-01
8.68426442e-01
8.74381065e-01
8.76205921e-01
8.73058498e-01
8.69701445e-01
8.58580947e-01
8.58338058e-01
8.64030957e-01
8.56117487e-01
8.54466319e-01
8.50517809e-01
8.40906084e-01
8.26359570e-01
8.20960343e-01
8.29258919e-01
8.31916213e-01
8.10571671e-01
8.14741850e-01
8.08598578e-01
7.79866815e-01
7.34815300e-01
7.42331505e-01
7.35268295e-01
7.46610284e-01
7.37814605e-01
7.29837894e-01
6.99473619e-01
6.72506809e-01
6.14956260e-01
4.83902127e-01
5.28612077e-01
5.67954838e-01
5.87183416e-01
6.22433066e-01
6.68462217e-01
6.96176350e-01
7.09043086e-01
7.29359865e-01
7.48209119e-01
7.50937939e-01
7.60144711e-01
7.73707330e-01
7.79950440e-01
7.78553426e-01
7.69900978e-01
8.12332273e-01
8.06403697e-01
8.08615685e-01
8.14284503e-01
8.08287561e-01
8.28411400e-01
8.26396167e-01
8.42299521e-01
8.32736671e-01
8.32975090e-01
8.44999373e-01
8.27118933e-01
8.23195338e-01
8.43703151e-01
8.50407124e-01
8.38172078e-01
8.48023176e-01
8.54662001e-01
8.54117692e-01
8.51511717e-01
8.50204170e-01
8.55282724e-01
8.42626870e-01
8.52579236e-01
8.60914469e-01
8.59829009e-01
8.62811267e-01
8.57388437e-01
8.55946958e-01
8.55767548e-01
8.61840606e-01
8.60855103e-01
8.69842947e-01
8.72626781e-01
8.57703447e-01
8.66557002e-01
8.66165280e-01
8.58475685e-01
8.53385329e-01
8.60168159e-01
8.70775223e-01
8.61721396e-01
8.55661750e-01
8.66616607e-01
8.63412082e-01
8.62053871e-01
8.62514853e-01
8.60560358e-01
8.65358651e-01
8.64794314e-01
8.60939801e-01
8.54357958e-01
8.59921992e-01
8.52735043e-01
8.58715594e-01
8.56114566e-01
8.53037357e-01
8.46607983e-01
8.58095944e-01
8.58570278e-01
8.60444546e-01
8.53042364e-01
8.51914704e-01
8.58961165e-01
8.54260981e-01
8.55264962e-01
8.55831146e-01
8.60077858e-01
8.53700459e-01
8.58293295e-01
8.62441063e-01
8.57991517e-01
8.58887911e-01
8.67497683e-01
8.53039384e-01
8.52451980e-01
8.57032478e-01
8.55141103e-01
8.55265975e-01
8.64058137e-01
8.66166472e-01
8.59174609e-01
8.51028383e-01
8.48333478e-01
8.39492202e-01
8.33711803e-01
8.42469394e-01
8.41873407e-01
8.40589643e-01
8.51746678e-01
8.53650510e-01
8.45071852e-01
8.41289103e-01
8.48708153e-01
8.27392817e-01
8.13654184e-01
8.19060683e-01
8.39258790e-01
8.58540833e-01
8.49464297e-01
8.49113166e-01
8.51777136e-01
8.59002173e-01
8.37200046e-01
8.55635226e-01
8.52415740e-01
8.41256499e-01
8.46280754e-01
8.43742669e-01
8.36044312e-01
8.34745347e-01
8.50366950e-01
8.48752797e-01
8.37516785e-01
8.52398396e-01
8.47092688e-01
8.39270592e-01
8.45857382e-01
8.43290865e-01
8.49116087e-01
8.42725337e-01
8.38434994e-01
8.49891961e-01
8.47222090e-01
8.41251612e-01
8.34505618e-01
8.53635967e-01
8.39346230e-01
8.44235420e-01
8.45477760e-01
8.44786227e-01
8.38280618e-01
8.45206678e-01
8.45747292e-01
8.43721330e-01
8.42275679e-01
8.41168463e-01
8.40592384e-01
8.36114407e-01
8.27882469e-01
8.35607171e-01
8.28590512e-01
8.40681076e-01
8.40210438e-01
8.38009536e-01
8.49032223e-01
8.29877019e-01
8.32844257e-01
8.48942459e-01
8.44938695e-01
8.45421493e-01
8.32667470e-01
8.19191515e-01
8.32719028e-01
8.28129709e-01
8.54071498e-01
8.75873089e-01
8.61200631e-01
8.46025765e-01
8.29045296e-01
8.20182502e-01
8.35787773e-01
8.25939119e-01
8.24446261e-01
8.45225990e-01
8.39986980e-01
8.36057961e-01
8.32024932e-01
8.29616070e-01
8.27670276e-01
8.27150702e-01
8.34540248e-01
8.35640550e-01
8.23479116e-01
8.28387856e-01
8.28308105e-01
8.27216625e-01
8.22868764e-01
8.50192070e-01
8.50867093e-01
8.45508039e-01
8.18920970e-01
8.12731206e-01
8.30424428e-01
8.27295303e-01
8.12181592e-01
8.22650433e-01
8.12811434e-01
8.21810722e-01
8.19182813e-01
8.34877610e-01
8.20911169e-01
8.09755564e-01
8.24158847e-01
8.25930953e-01
8.21572900e-01
8.17551732e-01
8.15950096e-01
8.09634566e-01
8.20789218e-01
8.10761809e-01
8.29681277e-01
8.28616500e-01
8.28887522e-01
8.34146678e-01
8.41263771e-01
8.27495158e-01
8.09272289e-01
8.15562129e-01
8.23071003e-01
8.31991494e-01
8.12894762e-01
8.21907878e-01
8.10245395e-01
8.15310240e-01
8.27675581e-01
8.20511699e-01
8.24702322e-01
8.19314480e-01
8.17612946e-01
8.02711070e-01
8.09927583e-01
8.11389327e-01
8.12166870e-01
8.16231906e-01
8.13042164e-01
8.15471351e-01
8.14157605e-01
8.13584805e-01
8.19523156e-01
8.22988212e-01
8.31649125e-01
8.22841942e-01
8.21958542e-01
7.94806540e-01
8.04788291e-01
8.21209967e-01
8.23908806e-01
8.24486673e-01
8.05171192e-01
8.00631583e-01
8.10959816e-01
8.02246571e-01
8.10144126e-01
7.97762036e-01
7.90768147e-01
8.05944145e-01
7.89916873e-01
7.93080628e-01
7.98481762e-01
8.04705501e-01
8.15946519e-01
7.98562646e-01
7.97202945e-01
8.08847070e-01
7.98477411e-01
7.97720730e-01
8.10090780e-01
8.00616741e-01
7.98443317e-01
8.03084016e-01
7.96178758e-01
7.96323955e-01
8.04451525e-01
8.12617838e-01
8.08768451e-01
8.04182351e-01
7.94058621e-01
7.94483483e-01
8.09873939e-01
8.03046644e-01
7.90774822e-01
8.02424729e-01
7.92689621e-01
7.82760322e-01
7.94092476e-01
8.03861797e-01
8.05259466e-01
8.01261544e-01
8.08480620e-01
8.02350700e-01
7.93341517e-01
7.98016489e-01
8.03825140e-01
8.05259407e-01
8.02588046e-01
7.96402693e-01
7.92171419e-01
8.04209054e-01
7.90641367e-01
7.88954318e-01
7.93794692e-01
7.84400761e-01
7.92266488e-01
7.93730080e-01
7.96675980e-01
7.87459433e-01
7.85906494e-01
7.93074369e-01
7.92644978e-01
7.87251770e-01
7.91680992e-01
8.03810418e-01
7.99203575e-01
7.83156395e-01
7.77892172e-01
7.86057830e-01
7.85421193e-01
7.93715000e-01
7.88177073e-01
7.85755754e-01
7.86256194e-01
7.73820281e-01
7.84895360e-01
7.90540159e-01
7.80725002e-01
7.83916354e-01
7.88162172e-01
7.78510094e-01
7.79606879e-01
7.89084435e-01
7.78608561e-01
7.79600084e-01
7.77084470e-01
7.82182574e-01
7.89308846e-01
7.96627104e-01
7.81733990e-01
7.79709578e-01
7.90296137e-01
7.85849631e-01
7.75946856e-01
7.81938136e-01
7.87404180e-01
7.90707529e-01
7.83213615e-01
7.78054953e-01
7.85581827e-01
7.79017091e-01
7.84744024e-01
7.69046783e-01
7.67203987e-01
7.78648376e-01
7.67479837e-01
7.81146586e-01
7.76946604e-01
7.74901032e-01
7.67624557e-01
7.58295655e-01
7.49200046e-01
7.59612143e-01
7.77223170e-01
7.64622808e-01
7.73956120e-01
7.69557416e-01
7.62252986e-01
7.76914120e-01
7.65996635e-01
7.64438331e-01
7.67580330e-01
7.68074155e-01
7.77513385e-01
7.79189944e-01
7.70901561e-01
7.67157555e-01
7.75710702e-01
7.70215571e-01
7.75061011e-01
7.67506123e-01
7.58755147e-01
7.66843021e-01
7.69592226e-01
7.70972550e-01
7.73911178e-01
7.71243989e-01
7.69489527e-01
7.71158099e-01
7.62034178e-01
7.77748883e-01
7.76174903e-01
7.66272783e-01
7.58042097e-01
7.61539638e-01
7.68268764e-01
7.68443823e-01
7.70796955e-01
7.68655837e-01
7.63906181e-01
7.69921303e-01
7.66488075e-01
7.62328625e-01
7.60636330e-01
7.69916117e-01
7.74873853e-01
7.72460461e-01
7.60381818e-01
7.58775294e-01
7.66685367e-01
7.58422434e-01
7.57230341e-01
7.71480799e-01
7.71878242e-01
7.64336169e-01
7.74197698e-01
7.66126871e-01
7.54785895e-01
7.61631668e-01
7.55138159e-01
7.54186630e-01
7.51066864e-01
7.64275312e-01
7.78180182e-01
7.62714148e-01
7.57300556e-01
7.77115703e-01
7.63167322e-01
7.50005603e-01
7.53094733e-01
7.58018970e-01
7.61324584e-01
7.48929381e-01
7.50797629e-01
7.49811530e-01
7.48289347e-01
7.46057332e-01
7.44737148e-01
7.47044384e-01
7.66082823e-01
7.53288388e-01
7.47798800e-01
7.56146789e-01
7.59226799e-01
7.74523854e-01
7.66039133e-01
7.34981418e-01
7.45287359e-01
7.56468117e-01
7.55410373e-01
7.59328365e-01
7.34912455e-01
7.39850163e-01
7.31681824e-01
7.34932005e-01
7.49482393e-01
7.40038872e-01
7.47228682e-01
7.46962845e-01
7.44073749e-01
7.60970354e-01
7.53008187e-01
7.50811100e-01
7.53275871e-01
7.42293000e-01
7.37111926e-01
7.45634675e-01
7.66612351e-01
7.52387464e-01
7.34038472e-01
7.31235564e-01
7.42314816e-01
7.41898000e-01
7.37248302e-01
7.37058997e-01
7.39103556e-01
7.39787757e-01
7.39212811e-01
7.44691491e-01
7.39630699e-01
7.41595089e-01
7.37924933e-01
7.47930884e-01
7.48219967e-01
7.27063060e-01
7.29149163e-01
7.47181714e-01
7.48029292e-01
7.39554107e-01
7.44404912e-01
7.35351920e-01
7.32573211e-01
7.42334485e-01
7.34788716e-01
7.32215524e-01
7.37303436e-01
7.35887229e-01
7.49670863e-01
7.38819599e-01
7.50365555e-01
7.39976227e-01
7.36200690e-01
7.47448862e-01
7.41309524e-01
7.34411240e-01
7.42078364e-01
7.40872741e-01
7.30761170e-01
7.45317936e-01
7.43020058e-01
7.31150150e-01
7.39362597e-01
7.37106621e-01
7.41102636e-01
7.41560519e-01
7.36530483e-01
7.33828127e-01
7.41743684e-01
7.39526451e-01
7.40262806e-01
7.17339516e-01
7.14356422e-01
7.33922005e-01
7.33583093e-01
7.27555811e-01
7.30909467e-01
7.27656960e-01
7.28499949e-01
7.30152190e-01
7.30648458e-01
7.25268960e-01
7.31082261e-01
7.17818975e-01
7.34223425e-01
7.39648283e-01
7.22414792e-01
7.35410273e-01
7.24126339e-01
7.24838495e-01
7.32834041e-01
7.26991653e-01
7.42762923e-01
7.19631135e-01
7.15725720e-01
7.31672823e-01
7.27423251e-01
7.23018944e-01
7.17982769e-01
7.31163979e-01
7.35172689e-01
7.19845057e-01
7.19070852e-01
7.18656957e-01
7.35253215e-01
7.29227424e-01
7.21814096e-01
7.24450946e-01
7.28153527e-01
7.26236761e-01
7.24364281e-01
7.21676528e-01
7.19727933e-01
7.17132211e-01
7.26014853e-01
7.22862542e-01
7.26133525e-01
7.18927264e-01
7.08561003e-01
7.18509972e-01
7.10166574e-01
7.17312098e-01
7.14232326e-01
7.18259394e-01
7.17285991e-01
7.18067646e-01
7.23495185e-01
7.12941647e-01
7.11014688e-01
7.11496949e-01
7.17159629e-01
7.20704913e-01
7.09230602e-01
7.16282070e-01
7.14950979e-01
7.10369229e-01
7.19717085e-01
7.07548976e-01
7.07957387e-01
7.15864062e-01
7.05334067e-01
7.39899635e-01
7.26323664e-01
7.07633615e-01
7.08915532e-01
7.16332197e-01
7.01540172e-01
7.14844108e-01
7.19210804e-01
7.04625130e-01
7.13972330e-01
7.13750541e-01
7.05290198e-01
7.11415112e-01
7.10678577e-01
7.11651027e-01
7.10114539e-01
7.21337020e-01
7.18321502e-01
7.14371145e-01
7.15544462e-01
7.07389355e-01
7.00004876e-01
7.02603817e-01
7.10375965e-01
7.07424283e-01
7.03700721e-01
7.12100744e-01
6.95876241e-01
7.01209068e-01
7.18739152e-01
7.17049479e-01
7.00137675e-01
7.03145027e-01
7.08475947e-01
7.12847114e-01
7.03448534e-01
6.97975576e-01
6.99849904e-01
6.98797226e-01
6.98656738e-01
7.06531107e-01
7.07864642e-01
6.98299527e-01
7.22406209e-01
7.03325927e-01
6.88686788e-01
7.31475532e-01
7.00534284e-01
7.26789534e-01
7.21170247e-01
7.16980755e-01
7.03943610e-01
7.07855523e-01
7.07390308e-01
7.14895308e-01
7.06624031e-01
7.07940936e-01
7.07849979e-01
6.85713589e-01
7.02002347e-01
6.92596555e-01
7.08235681e-01
7.24208295e-01
6.93611383e-01
6.89200819e-01
6.94874525e-01
7.01619387e-01
6.91194057e-01
7.05282509e-01
7.04346001e-01
6.77187324e-01
6.98804200e-01
6.90627694e-01
6.95020914e-01
6.97000206e-01
6.77008867e-01
6.97061956e-01
6.98112190e-01
6.93142414e-01
6.98971510e-01
6.91510201e-01
7.02251971e-01
7.05873191e-01
6.99733377e-01
6.99772894e-01
7.05603719e-01
6.98297918e-01
6.84869170e-01
6.93407714e-01
6.96984947e-01
6.85450673e-01
6.97489142e-01
6.90860391e-01
6.92159891e-01
6.97583318e-01
6.92855418e-01
6.95143402e-01
6.91682518e-01
6.92218065e-01
6.96309030e-01
6.87434733e-01
6.89487636e-01
6.94105983e-01
6.89869881e-01
6.91988945e-01
6.96825027e-01
6.91889167e-01
7.10578263e-01
7.01106668e-01
6.91050291e-01
6.77729189e-01
6.69090629e-01
6.73626363e-01
6.80567861e-01
6.84901059e-01
6.87084377e-01
6.81786954e-01
6.71366453e-01
6.87506855e-01
6.82970345e-01
6.84188783e-01
6.85857594e-01
6.84065819e-01
6.78905904e-01
6.81931615e-01
6.85999393e-01
6.89930677e-01
6.80201769e-01
6.95440769e-01
6.72490656e-01
6.48732960e-01
6.70883298e-01
6.72624230e-01
6.81444883e-01
6.71899855e-01
6.82804585e-01
6.88665152e-01
6.84219718e-01
6.80238128e-01
6.81316912e-01
6.82789087e-01
6.85712814e-01
6.80881798e-01
6.72132492e-01
6.67009771e-01
6.78423226e-01
6.63990021e-01
6.71508789e-01
6.78103507e-01
6.75850630e-01
6.74334288e-01
6.83361590e-01
6.90370262e-01
6.83552146e-01
6.72809839e-01
6.69353426e-01
6.81058168e-01
6.69568181e-01
6.75094426e-01
6.70854986e-01
6.70371532e-01
6.63813412e-01
6.57123268e-01
6.74359024e-01
6.80811644e-01
6.71775341e-01
6.62901819e-01
6.88721716e-01
6.81653321e-01
6.56086087e-01
6.70397580e-01
6.79165542e-01
6.76166594e-01
6.64046645e-01
6.67590976e-01
6.70853555e-01
6.64937556e-01
6.66099846e-01
6.72882378e-01
6.73513293e-01
6.60294712e-01
6.58969223e-01
6.60245776e-01
6.73638225e-01
6.68894351e-01
6.93433821e-01
6.89763427e-01
6.48287594e-01
6.44762039e-01
6.77612126e-01
6.74553573e-01
6.52622998e-01
6.64790511e-01
6.65585399e-01
6.69182122e-01
6.58678770e-01
6.58272207e-01
6.60731316e-01
6.63471997e-01
6.64213955e-01
6.57909274e-01
6.73755467e-01
6.73817098e-01
6.54891312e-01
6.58136070e-01
6.79300606e-01
6.63097858e-01
6.58827722e-01
6.51599288e-01
6.48468614e-01
6.51627839e-01
6.55101538e-01
6.58972383e-01
6.62047684e-01
6.60602748e-01
6.65148675e-01
6.59844935e-01
6.44978225e-01
6.74767971e-01
6.92910492e-01
6.59926116e-01
6.39640808e-01
6.60826087e-01
6.60299957e-01
6.37173295e-01
6.39977455e-01
6.55734718e-01
6.55147493e-01
6.69888794e-01
6.74852014e-01
6.58033669e-01
6.53607905e-01
6.55428648e-01
6.49724185e-01
6.56573296e-01
6.49234653e-01
6.37462497e-01
6.54519737e-01
6.65280402e-01
6.54305696e-01
6.45892441e-01
6.46459281e-01
6.51157439e-01
6.49757445e-01
6.54137015e-01
6.53332114e-01
6.71729743e-01
6.73855066e-01
6.35135591e-01
6.29903436e-01
6.69599354e-01
6.40433371e-01
6.41485274e-01
6.49071097e-01
6.52253270e-01
6.65576637e-01
6.46922290e-01
6.34797633e-01
6.37386799e-01
6.40562356e-01
6.49944484e-01
6.52632356e-01
6.75456285e-01
6.99385643e-01
6.26654863e-01
6.19940162e-01
6.48362815e-01
6.32063210e-01
6.47767901e-01
6.49410188e-01
6.42481029e-01
6.49553061e-01
6.40630901e-01
6.38257921e-01
6.35126114e-01
6.27950609e-01
6.35330915e-01
6.39492333e-01
6.40592873e-01
6.65085495e-01
6.76087558e-01
6.52260542e-01
5.88539124e-01
6.12619519e-01
6.46921933e-01
6.38066471e-01
6.38028145e-01
6.33032501e-01
6.28651440e-01
6.38189912e-01
6.32966161e-01
6.33442163e-01
6.29489720e-01
6.37280405e-01
6.39457107e-01
6.31002128e-01
6.31273925e-01
6.37397230e-01
6.47784531e-01
6.53286159e-01
6.42026007e-01
6.24571323e-01
6.30806267e-01
6.45625472e-01
6.27011001e-01
6.35869145e-01
6.36103809e-01
6.35382652e-01
6.36359990e-01
6.31210029e-01
6.31489635e-01
6.35041654e-01
6.36874914e-01
6.31131291e-01
6.35709226e-01
6.40978873e-01
6.44569218e-01
6.38494849e-01
6.26214623e-01
6.29773021e-01
6.39182746e-01
6.40987098e-01
6.37788117e-01
6.34439170e-01
6.28772080e-01
6.38826787e-01
6.39170587e-01
6.28284156e-01
6.24265850e-01
6.27033114e-01
6.32922828e-01
6.21341765e-01
6.20593548e-01
6.29720509e-01
6.35844529e-01
6.26757503e-01
6.10931635e-01
6.26437485e-01
6.27455354e-01
6.22356594e-01
6.34986162e-01
6.19251847e-01
6.26840353e-01
6.27310872e-01
6.24448180e-01
6.26154423e-01
6.36704624e-01
6.20727658e-01
6.18050575e-01
6.21921003e-01
6.19513392e-01
6.35547042e-01
6.29985273e-01
6.31510496e-01
6.30498052e-01
6.27680779e-01
6.32930458e-01
6.28002226e-01
6.24156058e-01
6.31913304e-01
6.15162134e-01
6.27898514e-01
6.32971346e-01
6.20534003e-01
6.22742116e-01
6.24577463e-01
6.24778748e-01
6.20814025e-01
6.22789502e-01
6.37545705e-01
6.21543288e-01
6.15669250e-01
6.12026513e-01
6.15730286e-01
6.16605103e-01
6.24954104e-01
6.20883524e-01
6.26656234e-01
6.23242378e-01
6.13602221e-01
6.21176720e-01
6.25658154e-01
6.18399203e-01
6.18483067e-01
6.22383535e-01
6.15653038e-01
6.14159822e-01
5.91633677e-01
6.12924874e-01
6.24810278e-01
6.09666109e-01
6.08928084e-01
6.22989357e-01
6.18747592e-01
6.12669289e-01
6.01544380e-01
6.09456778e-01
6.17587209e-01
6.07235789e-01
6.11790299e-01
6.22736573e-01
6.25098348e-01
6.09854341e-01
6.03069067e-01
6.07423723e-01
5.98250926e-01
6.16834998e-01
6.23491347e-01
6.05284750e-01
6.11312985e-01
6.01222813e-01
6.02375269e-01
6.12841070e-01
6.09297037e-01
6.09655082e-01
6.06568515e-01
6.11474514e-01
6.21698618e-01
6.24619365e-01
6.03268743e-01
6.03779912e-01
6.12131596e-01
6.01176322e-01
6.08046651e-01
6.08072639e-01
6.33457601e-01
6.33683860e-01
6.19814694e-01
5.99964201e-01
5.92922986e-01
6.14005566e-01
6.16312981e-01
6.15201175e-01
6.12438798e-01
5.97867846e-01
6.10718250e-01
5.98951936e-01
6.01448238e-01
6.05776310e-01
6.10314429e-01
6.04426444e-01
5.99666357e-01
6.12678766e-01
6.09031856e-01
6.11450553e-01
6.02085114e-01
6.04074836e-01
6.03435218e-01
6.25952661e-01
6.49888098e-01
5.99821985e-01
6.02432907e-01
5.81978559e-01
6.00534558e-01
6.00205123e-01
6.07266366e-01
6.22410715e-01
6.03055179e-01
5.94348609e-01
6.11499667e-01
6.06765330e-01
6.00758970e-01
6.04240358e-01
6.01840019e-01
6.07175589e-01
6.01696014e-01
5.93004942e-01
6.05438888e-01
6.03617370e-01
5.93761504e-01
5.92969179e-01
6.02419376e-01
5.99879444e-01
5.96707344e-01
5.96825778e-01
5.90919435e-01
5.94380617e-01
6.08388841e-01
5.94921768e-01
6.03649557e-01
6.26984715e-01
5.90858877e-01
5.93639851e-01
5.88514924e-01
5.94245195e-01
5.87380707e-01
5.88483632e-01
5.97150445e-01
6.13262355e-01
6.09437585e-01
6.00481570e-01
5.92530966e-01
5.93962967e-01
5.80832601e-01
5.30200541e-01
5.95555484e-01
6.32140875e-01
6.04476333e-01
5.85674524e-01
5.86370647e-01
5.82616925e-01
5.91261268e-01
5.95022440e-01
5.94253123e-01
5.90937614e-01
5.76487482e-01
5.79296231e-01
6.01337016e-01
5.85466683e-01
5.76167285e-01
5.89413226e-01
6.04162514e-01
5.76361299e-01
5.82302928e-01
5.90450823e-01
5.94416976e-01
5.76606452e-01
5.81081569e-01
5.82286417e-01
5.88140786e-01
5.87415576e-01
5.85253298e-01
5.88391006e-01
5.78973413e-01
5.77459991e-01
5.87592006e-01
5.83680630e-01
6.00379050e-01
5.85051179e-01
5.67802846e-01
5.79810143e-01
5.96594810e-01
5.62807202e-01
5.47684073e-01
5.84892571e-01
5.86297274e-01
5.77560842e-01
5.80609858e-01
5.78870296e-01
5.82233131e-01
5.80453157e-01
5.73027670e-01
5.88659763e-01
5.90074062e-01
5.66670895e-01
5.81068993e-01
5.85079074e-01
5.88047981e-01
5.81178069e-01
5.74279487e-01
5.75326681e-01
5.55863321e-01
5.53174675e-01
5.66172600e-01
5.83858311e-01
5.74970245e-01
5.59903800e-01
5.66499174e-01
5.74258327e-01
5.83508492e-01
5.83090127e-01
5.78647614e-01
5.76333702e-01
5.76010346e-01
5.68177879e-01
5.66341817e-01
5.74026346e-01
5.66505790e-01
5.80085456e-01
5.79144239e-01
5.71155488e-01
5.67380130e-01
5.65280259e-01
5.74514747e-01
5.77421725e-01
5.72054982e-01
5.77883065e-01
5.69808424e-01
5.75920224e-01
5.62303841e-01
5.67546606e-01
5.64669847e-01
5.63212395e-01
5.73666632e-01
5.69321334e-01
5.67433834e-01
5.71927726e-01
5.68076074e-01
5.62432468e-01
5.72803676e-01
5.82096398e-01
5.78072548e-01
5.77444732e-01
5.69693387e-01
5.85249186e-01
5.89409113e-01
5.75575769e-01
5.79677463e-01
5.71113169e-01
5.68562150e-01
5.76651514e-01
5.81782341e-01
5.78917801e-01
5.70284605e-01
5.80003858e-01
5.66275299e-01
5.74143350e-01
5.84602892e-01
5.76408267e-01
5.56984961e-01
5.66129506e-01
5.53142130e-01
5.64561129e-01
5.68336487e-01
5.57188809e-01
5.76912820e-01
5.65333784e-01
5.44254482e-01
5.74571192e-01
5.72905481e-01
5.61488271e-01
5.54787934e-01
5.68481147e-01
5.67677796e-01
5.67234337e-01
5.60606062e-01
5.65143645e-01
5.61154723e-01
5.57176173e-01
5.64911842e-01
5.65653384e-01
5.68126917e-01
5.66072822e-01
5.63247144e-01
5.64206541e-01
5.60548902e-01
5.59478045e-01
5.68003476e-01
5.60655951e-01
5.58036566e-01
5.66542804e-01
5.60054481e-01
5.56443095e-01
5.57287037e-01
5.57906032e-01
5.60280681e-01
5.57524025e-01
5.60130239e-01
5.61775804e-01
5.65029204e-01
5.59732795e-01
5.50018489e-01
5.57274103e-01
5.53603590e-01
5.52811503e-01
5.45714021e-01
5.42331994e-01
5.42195380e-01
5.42544603e-01
5.49267292e-01
5.35845757e-01
5.59818566e-01
5.69763303e-01
5.74718535e-01
5.62688410e-01
5.50248146e-01
5.75553298e-01
5.57644844e-01
5.55847645e-01
5.55635035e-01
5.93640268e-01
5.61597109e-01
5.66447854e-01
5.45442820e-01
5.47738969e-01
5.36774397e-01
5.34844279e-01
5.50783396e-01
5.53249717e-01
5.47016025e-01
5.48519433e-01
5.44940412e-01
5.48350334e-01
5.44064105e-01
5.38927615e-01
5.46678007e-01
5.51065624e-01
5.50032616e-01
5.49900889e-01
5.37392437e-01
5.37020683e-01
5.49144268e-01
5.31645417e-01
5.06986797e-01
6.00795925e-01
5.31571388e-01
5.65349400e-01
5.38880050e-01
5.31799078e-01
5.66604316e-01
5.46765983e-01
5.42812645e-01
5.45630455e-01
5.36933601e-01
5.29962778e-01
5.33946693e-01
5.54210186e-01
5.42755783e-01
5.35233021e-01
5.38322508e-01
5.39251685e-01
5.30310631e-01
5.10605514e-01
5.30746341e-01
5.37505805e-01
5.46813548e-01
5.40321052e-01
5.45593858e-01
5.36256492e-01
5.23608029e-01
5.37173152e-01
5.57158589e-01
5.72926521e-01
5.90789914e-01
5.57016015e-01
5.48999727e-01
5.28823733e-01
5.29670894e-01
5.34954429e-01
5.46423316e-01
5.38845122e-01
5.45206785e-01
5.28459489e-01
5.40530920e-01
5.28010488e-01
5.25837898e-01
5.38985610e-01
5.32867253e-01
5.77702522e-01
5.41878164e-01
5.32945216e-01
5.70974648e-01
5.32884300e-01
5.17873287e-01
5.25431395e-01
5.36070943e-01
5.30047774e-01
5.35269022e-01
5.43911099e-01
5.37903130e-01
5.51925004e-01
5.45234859e-01
5.36095738e-01
5.26105106e-01
5.26794076e-01
5.33392489e-01
5.20523250e-01
5.20035326e-01
4.60264921e-01
5.21511376e-01
5.42403281e-01
5.10359764e-01
5.24025142e-01
5.14241397e-01
5.19027412e-01
5.34201622e-01
5.24719357e-01
5.25759697e-01
5.30874014e-01
5.26661873e-01
5.25341153e-01
5.37951887e-01
5.18216550e-01
5.41306913e-01
5.08779705e-01
5.19950032e-01
5.72444022e-01
5.89010298e-01
5.21487951e-01
4.94606555e-01
5.17257869e-01
