2.85477138e+00
2.60975122e+00
1.67998075e+00
2.53816342e+00
4.76804829e+00
3.46832490e+00
2.32891750e+00
1.90272248e+00
2.84232068e+00
3.04459763e+00
2.17236257e+00
1.97439015e+00
2.03082919e+00
2.14607048e+00
2.22660637e+00
1.81943429e+00
2.11365628e+00
1.83095801e+00
1.76936984e+00
1.90276408e+00
1.71234357e+00
1.79655564e+00
2.08157158e+00
1.68087816e+00
2.61084032e+00
3.19012213e+00
1.65451503e+00
1.81754780e+00
2.39082098e+00
1.74684536e+00
2.14940763e+00
2.14758039e+00
1.57727063e+00
2.77056265e+00
2.19662356e+00
1.70937121e+00
1.42477083e+00
1.37940001e+00
1.86497450e+00
2.27918577e+00
1.74287343e+00
1.95283878e+00
1.58512557e+00
1.72995722e+00
2.61613393e+00
1.38923979e+00
1.77860844e+00
1.85320044e+00
1.97071171e+00
1.72772515e+00
1.80162060e+00
1.65072179e+00
2.28021240e+00
2.26923561e+00
1.91390359e+00
1.74961984e+00
2.56437278e+00
2.19483471e+00
2.13299227e+00
1.39430809e+00
1.74035466e+00
2.02093339e+00
1.73317480e+00
1.56036019e+00
1.40844250e+00
1.86824286e+00
3.41044545e+00
2.50455880e+00
1.93577564e+00
2.63934636e+00
1.92761850e+00
1.48784685e+00
1.74292684e+00
2.13438368e+00
1.84614062e+00
1.76757479e+00
1.82017505e+00
2.77870154e+00
2.65160322e+00
2.13706350e+00
1.84496891e+00
1.90444458e+00
1.73601127e+00
1.26929605e+00
2.00024152e+00
2.10204148e+00
1.58560932e+00
2.99587393e+00
1.50910819e+00
2.85317779e+00
2.87773013e+00
1.47901762e+00
1.67774248e+00
2.42165518e+00
2.28262711e+00
1.71764302e+00
1.40467763e+00
1.66342366e+00
1.72610450e+00
2.16841507e+00
1.60944211e+00
1.79602814e+00
1.42502367e+00
1.25996518e+00
1.99485362e+00
1.64659464e+00
2.47505450e+00
1.68388498e+00
1.55686116e+00
1.33760321e+00
1.59085369e+00
1.78021240e+00
2.65219212e+00
1.83299458e+00
1.39241385e+00
1.30708659e+00
1.91633713e+00
1.52444136e+00
1.50682461e+00
1.49246526e+00
1.61150098e+00
1.28804564e+00
1.40057397e+00
2.15643287e+00
2.10693908e+00
3.95347428e+00
2.93809509e+00
1.67500770e+00
3.42628312e+00
1.66577172e+00
1.58503973e+00
1.40670323e+00
1.64355528e+00
2.06004834e+00
1.53704536e+00
1.55841255e+00
1.92605805e+00
2.26873159e+00
2.17508674e+00
2.47766447e+00
2.52800441e+00
1.94573927e+00
1.64089644e+00
1.82590115e+00
2.00319958e+00
1.68971741e+00
2.00147367e+00
1.58657813e+00
1.41967189e+00
2.05843663e+00
1.21594703e+00
1.70975745e+00
1.82557821e+00
2.10240126e+00
1.70669305e+00
2.22043252e+00
2.14258265e+00
1.99768627e+00
3.10996556e+00
2.08356094e+00
1.27961886e+00
1.47218907e+00
1.65705538e+00
1.40621924e+00
1.70738065e+00
1.35933661e+00
1.51827979e+00
1.35643232e+00
1.24500024e+00
1.76298308e+00
1.91298580e+00
1.89940584e+00
2.13999653e+00
1.81103969e+00
1.91744125e+00
1.79599357e+00
1.37264156e+00
2.27087688e+00
2.97921968e+00
1.16150117e+00
1.10674083e+00
1.38400674e+00
2.56572628e+00
1.63552094e+00
1.07031369e+00
1.20088446e+00
1.30884409e+00
9.85562801e-01
1.55190182e+00
2.24544716e+00
1.09463131e+00
1.07861626e+00
1.09209383e+00
1.22653484e+00
1.31718445e+00
1.69041598e+00
1.02175248e+00
1.54426229e+00
1.37613678e+00
9.36356425e-01
9.61063445e-01
9.69228089e-01
1.99899054e+00
1.54115677e+00
1.22793376e+00
1.62920368e+00
1.93666303e+00
1.67638934e+00
1.24723220e+00
1.41847658e+00
1.52721274e+00
1.60710108e+00
2.23362231e+00
1.76319027e+00
1.21187794e+00
1.61264563e+00
1.92164886e+00
1.90265274e+00
1.48183894e+00
2.12180233e+00
1.67074597e+00
1.74888897e+00
2.04156876e+00
2.58703732e+00
2.07297873e+00
1.22558725e+00
1.63575017e+00
4.11719084e+00
3.03210306e+00
1.71168637e+00
1.59765649e+00
1.49947941e+00
1.56950545e+00
2.27611017e+00
2.16745281e+00
1.84976578e+00
2.15145755e+00
1.58089197e+00
2.55873299e+00
3.36582422e+00
1.80032516e+00
1.50963712e+00
1.73221707e+00
1.73202026e+00
2.72947741e+00
1.81354260e+00
1.86707258e+00
3.24529409e+00
1.87049103e+00
1.57913601e+00
1.53183842e+00
1.67546070e+00
1.85107076e+00
1.52153790e+00
1.96792614e+00
1.54773402e+00
1.48495221e+00
2.41223097e+00
2.67391300e+00
1.90687108e+00
1.34568596e+00
1.59540772e+00
2.89600039e+00
1.85030544e+00
1.82756639e+00
1.60110784e+00
1.41874754e+00
2.42761469e+00
1.56732810e+00
1.66400886e+00
2.70522022e+00
2.56419635e+00
1.94457197e+00
1.36758387e+00
1.41166830e+00
1.81726837e+00
2.46321940e+00
2.20510244e+00
1.44802928e+00
1.39477468e+00
1.59507143e+00
1.70958185e+00
2.01835752e+00
2.64591265e+00
1.44519126e+00
1.44846857e+00
2.82744193e+00
2.09569526e+00
1.41673028e+00
1.42209804e+00
1.82748091e+00
1.53133154e+00
1.52560294e+00
1.49248791e+00
1.98574042e+00
2.42012048e+00
1.73205864e+00
1.60358822e+00
2.84340644e+00
1.17169869e+00
1.42261910e+00
2.37127399e+00
1.31002867e+00
1.76958728e+00
1.66539133e+00
1.12793207e+00
1.37149823e+00
1.66756141e+00
1.68709409e+00
1.86639214e+00
1.22842085e+00
1.20100176e+00
1.13939977e+00
1.16732764e+00
1.74314857e+00
1.64083219e+00
1.09564793e+00
1.07686746e+00
2.55724788e+00
9.84212399e-01
3.93601632e+00
1.29550064e+00
2.12646556e+00
1.73074138e+00
2.21212649e+00
2.38871813e+00
1.15070522e+00
1.54375362e+00
1.47855091e+00
1.75960898e+00
1.42145634e+00
1.00403357e+00
1.43898046e+00
1.23764157e+00
6.63521230e-01
9.19372082e-01
8.25928271e-01
1.15620410e+00
1.17958856e+00
7.61100650e-01
1.09358776e+00
1.97253418e+00
2.03517246e+00
1.12105489e+00
1.32812953e+00
1.08558667e+00
1.80380845e+00
1.04989076e+00
1.25970674e+00
1.35459721e+00
9.69930351e-01
2.23900843e+00
1.34831917e+00
1.17459798e+00
2.24840117e+00
2.29320669e+00
1.34350276e+00
1.91799808e+00
9.58340526e-01
9.22746301e-01
1.15386677e+00
1.04705143e+00
1.06119871e+00
1.34744167e+00
1.76877820e+00
1.64895749e+00
1.00957108e+00
1.53494871e+00
2.29657555e+00
1.87699461e+00
1.91631603e+00
1.83594394e+00
1.73109531e+00
1.30638146e+00
1.56029963e+00
2.00415826e+00
1.65314376e+00
2.56411505e+00
1.98594201e+00
1.96009004e+00
2.42668295e+00
1.25261593e+00
1.51475167e+00
2.01830006e+00
1.58676136e+00
1.30369115e+00
1.52350700e+00
1.51373637e+00
2.04182434e+00
1.54109263e+00
2.70461059e+00
3.24644470e+00
1.41062641e+00
1.77894199e+00
2.19875526e+00
3.13517880e+00
2.67998648e+00
1.70569861e+00
1.68623567e+00
2.56073785e+00
1.38684821e+00
1.69135296e+00
2.87754536e+00
3.37824059e+00
2.02743697e+00
1.90482318e+00
2.06750655e+00
2.36854625e+00
1.89296377e+00
1.33341086e+00
1.81508076e+00
1.96618474e+00
2.73008776e+00
1.98548460e+00
1.82915092e+00
1.74396110e+00
1.49447691e+00
2.11620736e+00
1.94776106e+00
2.14954686e+00
2.00049090e+00
2.16754222e+00
2.23518872e+00
1.64338970e+00
1.89686751e+00
2.37170362e+00
2.56214833e+00
2.11021233e+00
1.75745153e+00
2.90064883e+00
1.93468237e+00
1.66639543e+00
1.23181486e+00
1.34445345e+00
3.02436781e+00
2.00572777e+00
3.16035199e+00
2.56211495e+00
2.52117777e+00
2.97580504e+00
2.61087084e+00
2.35646749e+00
2.52678514e+00
2.14794803e+00
2.18824577e+00
2.44649887e+00
2.20477152e+00
1.18332970e+00
1.36027801e+00
2.63278055e+00
2.11963391e+00
2.20036650e+00
3.53777051e+00
2.05796123e+00
2.50541973e+00
2.30844951e+00
2.30724645e+00
2.07682562e+00
1.39572358e+00
1.35266519e+00
1.33440852e+00
2.22350216e+00
3.50456905e+00
2.97076535e+00
1.87259090e+00
2.55517292e+00
1.99370193e+00
1.88280976e+00
1.51457715e+00
1.52379501e+00
2.17193055e+00
1.85482299e+00
2.06648684e+00
2.01727176e+00
2.63002610e+00
2.37867546e+00
1.42812479e+00
1.88796794e+00
2.32743835e+00
1.47145855e+00
1.61057174e+00
2.15815306e+00
1.30776739e+00
1.66177058e+00
2.08424640e+00
1.78764737e+00
2.24848771e+00
2.38341999e+00
2.28415823e+00
2.04964542e+00
1.34312439e+00
2.65386915e+00
2.24311185e+00
1.48046243e+00
1.70638561e+00
2.82266569e+00
1.54388714e+00
1.58428061e+00
2.97836757e+00
2.39549994e+00
1.14087212e+00
2.50586510e+00
2.17679811e+00
2.02088356e+00
1.75033140e+00
1.62421894e+00
2.77072406e+00
1.57553315e+00
2.63335919e+00
2.86354876e+00
1.87658930e+00
1.72040844e+00
2.21859837e+00
1.84980977e+00
1.58877635e+00
1.06266737e+00
1.67087245e+00
2.25804615e+00
1.92331493e+00
1.21784222e+00
1.70370650e+00
1.39085686e+00
1.24125993e+00
1.85803974e+00
2.16340137e+00
1.83317411e+00
1.18984103e+00
1.39919269e+00
1.67743897e+00
2.34930491e+00
3.32958984e+00
1.03793907e+00
1.38511574e+00
1.30825531e+00
1.36785126e+00
1.86328435e+00
1.41415882e+00
2.27082324e+00
1.98502886e+00
1.60274088e+00
1.48955441e+00
1.17067122e+00
1.40487659e+00
1.40393114e+00
1.34953737e+00
2.17145824e+00
1.85367262e+00
1.64977610e+00
2.75792861e+00
1.61598098e+00
1.65848601e+00
2.34916782e+00
1.75009274e+00
1.66690648e+00
2.21211839e+00
2.29873085e+00
1.21249688e+00
1.13727927e+00
1.17187059e+00
1.42002714e+00
1.95685613e+00
1.12914693e+00
1.64109755e+00
1.21466351e+00
1.11265135e+00
1.17438054e+00
1.57325017e+00
2.05550528e+00
1.94046021e+00
7.82325864e-01
7.51653373e-01
7.65772343e-01
8.31199825e-01
9.16243315e-01
6.65993750e-01
7.53633976e-01
7.88379014e-01
1.02215636e+00
8.61798823e-01
7.00604856e-01
8.94668937e-01
6.34187877e-01
7.76875973e-01
9.27265584e-01
1.30724895e+00
1.71628284e+00
1.60862553e+00
1.25254691e+00
8.39108467e-01
9.22879577e-01
7.89806902e-01
1.07378483e+00
9.68324184e-01
2.23982430e+00
1.29833686e+00
1.04193270e+00
1.42713308e+00
9.22265887e-01
1.10041809e+00
1.75207841e+00
1.00075364e+00
7.45753825e-01
1.21279502e+00
1.18674338e+00
8.37467492e-01
9.28749979e-01
1.22990620e+00
1.35632539e+00
1.03817689e+00
1.76813173e+00
1.62613118e+00
2.32868338e+00
1.50165081e+00
1.34591353e+00
1.49366140e+00
2.09217262e+00
3.15322661e+00
2.32497311e+00
1.69055235e+00
1.59418845e+00
1.07544339e+00
9.76583064e-01
1.18661749e+00
1.44542921e+00
1.85349393e+00
1.80948937e+00
1.39295280e+00
1.38324547e+00
1.59762239e+00
2.05510640e+00
2.54190159e+00
1.67975783e+00
1.21074641e+00
1.41630149e+00
2.42879558e+00
1.55152404e+00
1.73263288e+00
2.38580561e+00
1.59172475e+00
1.66904283e+00
2.54788423e+00
2.17763853e+00
1.39235437e+00
1.04681957e+00
1.40203893e+00
1.37185669e+00
1.43492806e+00
1.32896578e+00
1.85332358e+00
2.13899064e+00
9.97145176e-01
2.26008105e+00
1.15317237e+00
2.48674846e+00
2.25919867e+00
1.25925720e+00
1.41402948e+00
1.20878565e+00
1.86328530e+00
2.73898721e+00
2.39295697e+00
1.21352661e+00
1.19142365e+00
2.17361927e+00
3.39343977e+00
1.47917378e+00
1.71244419e+00
1.80997109e+00
2.30268073e+00
1.43396449e+00
1.94816494e+00
1.23879659e+00
9.26248312e-01
1.88618159e+00
1.86355376e+00
2.30524755e+00
2.03689575e+00
2.03505492e+00
2.34693766e+00
2.14315295e+00
1.20521367e+00
1.86541224e+00
1.69335175e+00
1.51034856e+00
1.53773630e+00
2.01471424e+00
2.79153109e+00
1.83320034e+00
2.51586819e+00
1.13234806e+00
1.49067688e+00
2.56526065e+00
1.78890228e+00
1.56730056e+00
3.00256157e+00
2.38981342e+00
2.00626683e+00
1.65460265e+00
1.96535182e+00
2.63209319e+00
2.02725053e+00
2.06114483e+00
2.88969159e+00
2.79208016e+00
1.78023803e+00
2.47968483e+00
2.74546885e+00
1.76541770e+00
1.19638801e+00
1.60230291e+00
1.33086240e+00
1.84173501e+00
2.69755554e+00
2.52920675e+00
1.87731087e+00
1.55860090e+00
1.50788069e+00
1.38819861e+00
2.02168083e+00
2.51904941e+00
2.52264071e+00
2.46750832e+00
1.98436105e+00
1.42821085e+00
1.61387801e+00
1.58445239e+00
1.86748993e+00
1.65839410e+00
1.31386435e+00
1.45871866e+00
2.55880666e+00
2.47752404e+00
2.27421975e+00
2.02709174e+00
1.91160035e+00
2.32235956e+00
2.75083208e+00
2.16796517e+00
1.73729277e+00
2.04737043e+00
2.14921951e+00
3.09470272e+00
1.71550512e+00
1.15712833e+00
1.05318868e+00
1.30477715e+00
2.51586223e+00
2.43753457e+00
1.62998569e+00
1.38605249e+00
1.75359786e+00
1.47813964e+00
1.52045190e+00
2.21616507e+00
2.28611541e+00
2.22255230e+00
1.58809972e+00
1.45268285e+00
1.75533581e+00
2.10111976e+00
1.70461547e+00
2.55413270e+00
1.93643880e+00
1.28914773e+00
2.10234571e+00
1.48696053e+00
2.08147287e+00
1.84905612e+00
2.48498583e+00
2.38944578e+00
1.50557780e+00
1.86167014e+00
1.91920471e+00
2.50940537e+00
1.18048477e+00
1.04681933e+00
1.98864162e+00
1.60153604e+00
2.42566895e+00
2.10843754e+00
1.95150948e+00
2.21747923e+00
2.09298587e+00
1.62555599e+00
2.41202426e+00
2.19138765e+00
1.62225246e+00
1.68326974e+00
1.52735996e+00
1.11940122e+00
1.93757069e+00
2.17339277e+00
1.41375589e+00
1.24807405e+00
1.88214290e+00
2.36240888e+00
1.13618541e+00
2.98748994e+00
1.75314605e+00
1.12106311e+00
3.22987914e+00
2.25708914e+00
1.59768486e+00
1.82828152e+00
1.76722550e+00
1.66978860e+00
2.50636935e+00
1.69802225e+00
2.03350306e+00
2.51243210e+00
1.46292114e+00
1.61513996e+00
2.94628143e+00
2.11280656e+00
1.70103884e+00
2.26816154e+00
2.54757023e+00
2.71035838e+00
3.04698086e+00
2.11681032e+00
1.92382622e+00
2.14463735e+00
2.10127854e+00
1.89430285e+00
2.42309022e+00
1.57509637e+00
1.76425731e+00
1.91565490e+00
2.15757680e+00
1.97170091e+00
1.93408871e+00
2.60292029e+00
1.65461576e+00
1.80320096e+00
1.76145267e+00
1.83786869e+00
2.46276617e+00
2.43754363e+00
1.10649252e+00
1.74802721e+00
1.36149454e+00
1.83378553e+00
2.72030449e+00
1.66133642e+00
2.21152449e+00
2.58490062e+00
2.15236878e+00
1.86458623e+00
2.25724244e+00
2.22948027e+00
1.52336800e+00
1.54217589e+00
1.64171088e+00
2.31630754e+00
1.94162047e+00
1.09319198e+00
2.19088674e+00
1.86562717e+00
2.13094831e+00
2.82879043e+00
2.05629420e+00
1.72102511e+00
1.06524599e+00
8.20764065e-01
1.60125625e+00
1.38430059e+00
1.14590752e+00
1.86857462e+00
1.51233888e+00
2.22834945e+00
2.13510823e+00
1.98198843e+00
1.99315619e+00
1.21721518e+00
9.95273948e-01
2.28488612e+00
2.10744357e+00
1.12911272e+00
1.52352643e+00
1.69894361e+00
1.65509152e+00
1.95652831e+00
1.90563285e+00
1.80713701e+00
2.28179264e+00
2.36326933e+00
2.03284526e+00
1.70686471e+00
1.27642715e+00
1.43510211e+00
2.03263950e+00
1.79460192e+00
1.49148834e+00
1.90719199e+00
1.29200125e+00
1.56534755e+00
2.42464757e+00
1.07853055e+00
1.31345665e+00
1.66698456e+00
2.46543121e+00
1.96551836e+00
1.40377724e+00
2.71911836e+00
1.32210004e+00
2.17696261e+00
2.41666293e+00
1.33449066e+00
1.20184386e+00
1.87960732e+00
1.76021540e+00
1.20272124e+00
1.18765008e+00
3.11245155e+00
2.23110485e+00
1.20308566e+00
9.73953128e-01
9.48722422e-01
2.04876423e+00
2.91473365e+00
1.95158899e+00
2.49729037e+00
1.76038933e+00
2.48613930e+00
2.49021435e+00
1.64049625e+00
1.25497353e+00
1.24017334e+00
2.47298074e+00
1.48357046e+00
1.50938070e+00
2.14871788e+00
1.24846387e+00
8.54722619e-01
1.93657660e+00
1.23932111e+00
9.50599134e-01
1.63437784e+00
1.96426630e+00
1.24937189e+00
1.78817964e+00
1.15033138e+00
1.20144546e+00
1.77361858e+00
1.57471776e+00
2.52069592e+00
2.59104180e+00
2.44226789e+00
1.67473829e+00
1.02217877e+00
1.20585620e+00
1.46361184e+00
2.10047221e+00
1.16029394e+00
1.60752225e+00
2.42630386e+00
2.20995235e+00
1.69164324e+00
1.52950478e+00
1.49541283e+00
8.69074643e-01
9.48990881e-01
1.96490002e+00
1.17831910e+00
9.70975220e-01
1.42998230e+00
9.82677221e-01
1.62885356e+00
2.59876943e+00
9.65547144e-01
1.80789030e+00
1.61357331e+00
1.56672060e+00
2.21449447e+00
1.85135710e+00
1.10369277e+00
3.69043994e+00
2.07716417e+00
1.61113024e+00
2.55665350e+00
2.10310864e+00
1.87156117e+00
1.75286674e+00
1.96226990e+00
1.87097394e+00
1.38399029e+00
1.37613094e+00
1.77678633e+00
1.64483547e+00
2.36875629e+00
1.55625248e+00
1.00771105e+00
1.56892085e+00
9.32528973e-01
1.90853143e+00
2.02550697e+00
1.08295405e+00
1.37955463e+00
2.87946010e+00
1.47436976e+00
2.77041006e+00
1.04318333e+00
9.00898039e-01
1.94942737e+00
1.35819948e+00
1.51754534e+00
1.14845085e+00
2.25408196e+00
2.08396888e+00
1.12015486e+00
9.99825954e-01
1.23767829e+00
1.41422510e+00
1.35656631e+00
1.28579664e+00
1.16663325e+00
8.73118281e-01
1.64432931e+00
7.76858270e-01
2.01157308e+00
1.35454988e+00
6.81455731e-01
1.82996082e+00
1.47169614e+00
1.01534772e+00
1.23108768e+00
1.13303220e+00
1.85289049e+00
2.33367586e+00
1.60002422e+00
1.34505832e+00
1.65146387e+00
1.35415256e+00
1.41659617e+00
1.76157475e+00
6.86609387e-01
8.45165908e-01
1.33983254e+00
1.01003158e+00
8.15310121e-01
1.93427742e+00
2.05073380e+00
7.04774797e-01
7.24170327e-01
7.96243548e-01
1.12798083e+00
7.59149194e-01
9.08985734e-01
1.38175690e+00
1.15362716e+00
1.07246411e+00
5.94994128e-01
6.98325694e-01
6.52138412e-01
5.52877247e-01
1.57017040e+00
2.21115994e+00
1.26516938e+00
5.41867018e-01
1.20034134e+00
1.05321753e+00
8.51111531e-01
5.45032978e-01
7.49197483e-01
8.14757168e-01
6.02155566e-01
5.32028913e-01
1.34887648e+00
5.84707797e-01
1.04674172e+00
6.79416358e-01
1.48904300e+00
1.43792498e+00
9.94610906e-01
1.30639827e+00
1.02349830e+00
4.15274560e-01
1.30675685e+00
1.05091858e+00
5.71923137e-01
1.44189250e+00
1.87153590e+00
1.30511224e+00
2.08531237e+00
1.01324713e+00
1.22973669e+00
1.35019660e+00
7.23257005e-01
5.63511789e-01
1.54110467e+00
9.24922824e-01
1.41720903e+00
1.38446057e+00
1.04070079e+00
1.23589158e+00
5.85476875e-01
6.46106422e-01
5.98792195e-01
8.39110494e-01
8.44892740e-01
1.10477996e+00
1.57904959e+00
7.73916304e-01
6.49613976e-01
9.39595461e-01
1.03902197e+00
1.64129674e+00
1.58709884e+00
7.53089607e-01
7.19360769e-01
1.46004808e+00
1.56341434e+00
1.21253610e+00
1.34353781e+00
9.30816948e-01
1.54350543e+00
1.72982228e+00
8.32457960e-01
7.97128141e-01
8.87651920e-01
1.05493987e+00
8.74095678e-01
1.38367343e+00
1.92285585e+00
9.87201393e-01
1.01051736e+00
2.16735435e+00
3.05995607e+00
2.11875606e+00
1.69443321e+00
2.55818295e+00
1.29173636e+00
9.84618247e-01
2.25233269e+00
1.98955679e+00
1.14715910e+00
1.37435746e+00
1.05420458e+00
7.88061142e-01
1.59910011e+00
1.95992339e+00
1.36309278e+00
1.10720813e+00
2.07923341e+00
1.34453201e+00
1.15069532e+00
1.40805721e+00
1.58059621e+00
1.84983981e+00
1.55147123e+00
1.00433624e+00
1.41879499e+00
1.76753318e+00
1.42548287e+00
9.50288832e-01
1.10173810e+00
2.23902035e+00
1.52381027e+00
1.33627391e+00
1.68877780e+00
1.30336320e+00
1.31011784e+00
1.65554547e+00
1.17608392e+00
9.88743246e-01
1.28646588e+00
1.27577138e+00
1.31152999e+00
1.99050808e+00
1.67161131e+00
1.45498157e+00
1.44492936e+00
1.17798722e+00
1.08853006e+00
1.53110373e+00
1.60518706e+00
1.20876765e+00
1.41611791e+00
1.97375333e+00
1.06500471e+00
1.46556604e+00
1.10698199e+00
1.32157004e+00
1.32858431e+00
1.06749606e+00
2.43028760e+00
1.62240410e+00
1.54812860e+00
1.44703364e+00
1.15828991e+00
9.60419774e-01
1.87889063e+00
2.37342119e+00
1.33299458e+00
1.10901821e+00
1.74313009e+00
2.03802109e+00
8.18488598e-01
1.27750027e+00
1.50602365e+00
1.95930064e+00
1.78183508e+00
1.19691706e+00
2.53376627e+00
2.27972054e+00
1.31635928e+00
8.83961320e-01
1.14474058e+00
1.45765126e+00
1.65917277e+00
2.23210979e+00
1.82227683e+00
8.42368782e-01
1.00578439e+00
2.05114365e+00
1.25355685e+00
1.05362439e+00
2.30336738e+00
2.01787663e+00
1.41466796e+00
2.01688623e+00
2.24512601e+00
1.66886079e+00
1.41842461e+00
1.99122775e+00
2.12794232e+00
1.93052936e+00
2.56638265e+00
2.13303137e+00
2.29176593e+00
2.04465938e+00
1.51506519e+00
1.23275495e+00
1.48568118e+00
1.06152689e+00
1.73780513e+00
1.77257454e+00
1.60863793e+00
2.91704559e+00
1.56411624e+00
1.65569580e+00
1.94630146e+00
1.60568929e+00
1.28382015e+00
1.58708382e+00
2.34889603e+00
1.68855429e+00
1.42444360e+00
1.35319638e+00
1.65620363e+00
2.03566122e+00
1.26472664e+00
1.38810480e+00
1.28980064e+00
1.47619247e+00
1.82483923e+00
1.68122768e+00
1.93175447e+00
1.35043192e+00
2.24853420e+00
1.52293932e+00
7.61397600e-01
1.29625988e+00
8.92693996e-01
9.56896544e-01
9.46266174e-01
1.23890090e+00
1.78053737e+00
1.57067525e+00
1.05397773e+00
2.22893786e+00
9.72377658e-01
1.25889170e+00
2.11651611e+00
1.11691630e+00
2.09994555e+00
1.68815076e+00
1.62994969e+00
1.51815224e+00
1.42179048e+00
1.70215476e+00
1.86926448e+00
1.60708106e+00
1.60354412e+00
1.61558807e+00
1.66240811e+00
1.93269598e+00
1.80515337e+00
1.09602737e+00
1.19851136e+00
1.93129015e+00
1.83466434e+00
1.07461882e+00
2.20478153e+00
1.95625484e+00
2.17365217e+00
2.08986759e+00
1.75781155e+00
1.63627422e+00
1.67521155e+00
1.32473850e+00
1.46216381e+00
1.56175089e+00
1.24037695e+00
1.26453424e+00
2.05776000e+00
2.38985586e+00
1.70376229e+00
1.34208643e+00
1.93707621e+00
2.07891417e+00
9.27575588e-01
1.94741571e+00
1.56835008e+00
1.46386361e+00
1.70648587e+00
1.26964343e+00
1.28588700e+00
1.35510516e+00
1.19274032e+00
1.73498201e+00
2.01726317e+00
1.42141926e+00
1.34361553e+00
1.90225625e+00
1.10046148e+00
1.39913344e+00
1.95181751e+00
1.53026414e+00
1.92820680e+00
2.24474335e+00
1.42697477e+00
1.51422000e+00
1.77704597e+00
1.25658417e+00
1.67914128e+00
1.14186478e+00
2.25363278e+00
2.14126086e+00
1.27948010e+00
1.17098451e+00
1.26161969e+00
2.47556806e+00
1.67614591e+00
1.64826524e+00
1.67656398e+00
7.31929541e-01
1.57797253e+00
1.19901609e+00
1.67773986e+00
1.59718764e+00
1.34202671e+00
1.86863494e+00
1.18551278e+00
1.49527597e+00
1.84783709e+00
1.27170503e+00
1.45738113e+00
2.80807257e+00
1.72523451e+00
1.87211025e+00
2.41464400e+00
1.75256824e+00
1.11989164e+00
1.24027157e+00
1.02615190e+00
2.26250529e+00
1.48804402e+00
1.68247199e+00
2.29792976e+00
1.50390828e+00
2.10746431e+00
1.45826137e+00
2.26631904e+00
2.33682394e+00
1.67864788e+00
1.94444990e+00
1.25064051e+00
1.84137762e+00
2.15853238e+00
1.58217537e+00
1.05729067e+00
1.35211134e+00
2.54404902e+00
2.24606657e+00
1.11991251e+00
1.47022724e+00
1.95593846e+00
1.50593209e+00
1.65091896e+00
1.34382868e+00
1.34636557e+00
1.46518898e+00
1.60520923e+00
1.63631678e+00
1.17073846e+00
1.53530979e+00
1.51121175e+00
2.00328660e+00
2.10573578e+00
1.44547832e+00
2.79629207e+00
1.41570032e+00
2.12933636e+00
2.91392660e+00
1.83790219e+00
8.12520087e-01
2.14113402e+00
1.84657824e+00
2.22217083e+00
1.62949657e+00
1.00563240e+00
1.39352918e+00
1.43906820e+00
1.48344433e+00
1.11649966e+00
8.94376338e-01
1.03449643e+00
1.03503990e+00
1.21592176e+00
1.05516601e+00
1.21936560e+00
1.42397189e+00
1.47272193e+00
1.38003850e+00
9.13753927e-01
1.34055018e+00
9.04510796e-01
1.34393811e+00
1.58775103e+00
5.73723614e-01
1.01146269e+00
8.65751445e-01
1.16469347e+00
1.79321694e+00
2.00345588e+00
1.59346569e+00
1.50642097e+00
1.65286207e+00
1.46306872e+00
1.34143662e+00
1.54712403e+00
1.47463787e+00
1.52695334e+00
1.73021662e+00
1.37847650e+00
1.32981074e+00
1.36454129e+00
1.30553842e+00
1.49685657e+00
1.86518741e+00
1.39927614e+00
7.34597325e-01
1.05362594e+00
1.83848345e+00
8.37360620e-01
1.54896402e+00
1.47704494e+00
1.22970343e+00
1.92815578e+00
2.41730833e+00
1.47671425e+00
1.94654870e+00
1.68553305e+00
1.51534021e+00
1.44771624e+00
1.42332804e+00
1.91941977e+00
1.73432708e+00
1.23202503e+00
1.06514275e+00
1.04549634e+00
1.75042343e+00
2.08061981e+00
1.92799902e+00
1.54643559e+00
1.38417220e+00
1.58155954e+00
1.41084874e+00
5.41658700e-01
1.71297967e+00
1.88656282e+00
1.33592618e+00
1.00648570e+00
1.36552393e+00
1.67041719e+00
7.72513688e-01
1.21385407e+00
1.31436753e+00
1.37474573e+00
2.30103970e+00
1.37680113e+00
1.65003288e+00
1.77640426e+00
1.64485681e+00
1.36943614e+00
1.05469751e+00
6.58377826e-01
1.22213745e+00
1.49184895e+00
1.47047222e+00
1.51662600e+00
1.97035789e+00
1.86644471e+00
9.21099484e-01
1.77690959e+00
1.78986371e+00
9.55509007e-01
1.40727115e+00
2.41258121e+00
1.48693109e+00
1.18102098e+00
1.65793586e+00
2.06551266e+00
1.76753008e+00
1.38788688e+00
1.46129704e+00
2.54254365e+00
1.58546638e+00
8.53535891e-01
2.35313034e+00
1.73708868e+00
9.24486458e-01
7.51694143e-01
1.16138589e+00
1.71234608e+00
1.73359501e+00
1.71857858e+00
1.06222332e+00
1.34392166e+00
1.61057937e+00
1.43366706e+00
1.75977063e+00
1.65341580e+00
1.33362436e+00
9.24105704e-01
1.02799344e+00
1.38386583e+00
1.59012294e+00
1.71910858e+00
2.00537992e+00
2.32889581e+00
1.83964908e+00
1.17754495e+00
1.18038630e+00
1.87616014e+00
2.34499693e+00
2.13644242e+00
1.38212717e+00
1.12252986e+00
1.94162881e+00
1.51975942e+00
8.04491580e-01
7.58027136e-01
1.76116168e+00
2.09773421e+00
7.88979053e-01
1.18454349e+00
1.81579947e+00
8.79647195e-01
7.69214213e-01
1.53864443e+00
1.58978927e+00
1.00484717e+00
2.43415642e+00
1.65148795e+00
7.62246609e-01
6.46750987e-01
7.54797697e-01
1.38613057e+00
2.12139273e+00
1.97047269e+00
1.42160726e+00
1.45498776e+00
1.76122177e+00
1.05321205e+00
1.43583572e+00
2.15509868e+00
2.02920246e+00
1.37497461e+00
1.07475734e+00
1.19604027e+00
1.27833235e+00
2.67167282e+00
2.42591763e+00
1.12165093e+00
7.70941794e-01
9.35965896e-01
1.86727571e+00
1.56811965e+00
1.04058516e+00
1.15473139e+00
1.69533539e+00
1.63568902e+00
1.77846742e+00
5.18780887e-01
8.34126472e-01
2.29726171e+00
1.68860078e+00
1.56001019e+00
6.62822008e-01
9.78366554e-01
2.07953978e+00
2.07730341e+00
1.06217968e+00
1.23036110e+00
6.96705818e-01
1.54830301e+00
1.47324848e+00
1.11413932e+00
1.90489876e+00
1.20262754e+00
8.34430575e-01
1.64018548e+00
1.79046345e+00
1.49939203e+00
1.85482264e+00
1.92016304e+00
1.99490428e+00
1.70152020e+00
1.04899466e+00
1.14218271e+00
1.86680293e+00
1.57623076e+00
1.25441861e+00
1.56906009e+00
1.68158317e+00
1.08196044e+00
5.76772869e-01
9.65252936e-01
8.78471375e-01
5.71106553e-01
1.15881026e+00
1.28982568e+00
6.72129631e-01
2.42836213e+00
1.60209382e+00
1.38180447e+00
1.23781180e+00
9.08589184e-01
1.18785489e+00
1.99752450e+00
1.88571966e+00
1.74645078e+00
1.56310403e+00
1.16997993e+00
1.12054229e+00
1.64964724e+00
9.82272267e-01
1.94761789e+00
1.33250451e+00
4.55431074e-01
1.43535876e+00
1.20453715e+00
2.20290923e+00
1.38935590e+00
1.36896300e+00
1.49371409e+00
7.26071477e-01
8.03330302e-01
1.48027301e+00
8.88574839e-01
8.14821124e-01
1.33277023e+00
1.36764848e+00
1.74346137e+00
2.04880381e+00
2.88889527e+00
2.01459360e+00
3.13363290e+00
2.62678671e+00
2.07945395e+00
1.24312782e+00
1.20935547e+00
1.75645804e+00
1.50408435e+00
1.43339396e+00
1.19784784e+00
1.47665405e+00
1.21365070e+00
9.93849337e-01
1.41589916e+00
1.88286614e+00
1.53454459e+00
1.26778901e+00
1.26881242e+00
1.17855144e+00
8.97375047e-01
1.07878590e+00
1.46024716e+00
9.45858419e-01
1.19462729e+00
1.54283392e+00
1.75196254e+00
1.94016612e+00
1.08560622e+00
1.21906114e+00
1.38335276e+00
1.23919272e+00
1.17724609e+00
1.18637466e+00
7.15656221e-01
1.45380342e+00
1.77200270e+00
1.77282667e+00
1.79082215e+00
1.41699386e+00
7.78713286e-01
2.50208139e+00
1.45614052e+00
9.71948385e-01
1.95243669e+00
1.96902156e+00
1.22422898e+00
1.40130305e+00
1.12892187e+00
1.79717231e+00
2.11794806e+00
9.75001931e-01
1.84818506e+00
1.72426784e+00
1.51640821e+00
1.72368097e+00
1.56408703e+00
1.08436882e+00
2.04010153e+00
1.67767322e+00
1.89246416e+00
1.42682862e+00
6.31838560e-01
8.48731995e-01
1.20474243e+00
2.23961926e+00
1.74413133e+00
1.02181482e+00
9.66109633e-01
1.13371801e+00
1.60102594e+00
1.64563012e+00
2.31500673e+00
1.88452697e+00
1.17806113e+00
1.78502667e+00
1.43657136e+00
8.28482568e-01
1.59308076e+00
1.30365860e+00
6.30473256e-01
8.85556638e-01
1.01066363e+00
1.09553480e+00
1.57384729e+00
1.70422399e+00
1.32434559e+00
1.33936441e+00
1.83361185e+00
1.13525915e+00
1.61974978e+00
1.62939823e+00
1.44282758e+00
1.70984209e+00
7.67398238e-01
1.10345221e+00
1.37401962e+00
1.58379173e+00
1.77642024e+00
1.49729502e+00
1.31201982e+00
1.63958919e+00
4.48136866e-01
7.18381822e-01
2.35134673e+00
1.85561931e+00
1.23047078e+00
1.10028243e+00
8.64438474e-01
1.15103221e+00
1.49761069e+00
1.33501709e+00
2.17474270e+00
1.23548484e+00
6.03381395e-01
1.43626630e+00
1.83834624e+00
5.58348775e-01
1.29379511e+00
1.13287830e+00
9.97386873e-01
1.12187862e+00
1.16873968e+00
1.17454720e+00
1.77379847e+00
1.49437129e+00
8.93151581e-01
6.53687775e-01
9.02892888e-01
9.50718939e-01
9.36543643e-01
1.50991130e+00
1.13599527e+00
7.27589011e-01
5.84734380e-01
8.42800319e-01
1.89079714e+00
1.31067884e+00
1.26880467e+00
1.86487961e+00
1.83453941e+00
1.32998919e+00
2.17075968e+00
1.68023181e+00
1.56905699e+00
1.15248942e+00
1.08230829e+00
1.96670568e+00
1.02005994e+00
1.76489758e+00
1.71037650e+00
1.05446124e+00
8.71172905e-01
1.21060097e+00
1.59865487e+00
1.65737116e+00
1.46240556e+00
1.21551526e+00
1.31173730e+00
1.48152316e+00
9.24915195e-01
1.24148643e+00
6.19184434e-01
9.51392770e-01
2.08327532e+00
1.41378546e+00
1.14814961e+00
8.16178441e-01
8.05562198e-01
7.35071540e-01
1.22870135e+00
7.57175982e-01
1.11871064e+00
3.98768753e-01
1.18226314e+00
1.53111851e+00
1.25269365e+00
1.14891613e+00
1.37109208e+00
1.41041827e+00
1.79755986e+00
1.49767673e+00
1.05464745e+00
1.36506295e+00
1.10761547e+00
1.77599216e+00
4.43086177e-01
4.40702885e-01
1.22037256e+00
1.46040428e+00
5.85478067e-01
1.29106987e+00
8.38583171e-01
9.00783420e-01
1.48426878e+00
3.52947116e-01
1.66516960e+00
6.89410865e-01
1.18383443e+00
1.42835283e+00
1.07983649e+00
1.15776563e+00
7.48591423e-01
2.01662946e+00
1.62200594e+00
4.81473297e-01
5.40974736e-01
1.14867377e+00
6.95850551e-01
1.00606763e+00
1.06175709e+00
1.41802824e+00
1.58802235e+00
6.57688856e-01
1.51542425e+00
7.82608926e-01
7.65650153e-01
7.72725224e-01
7.91315556e-01
9.18356538e-01
1.23019707e+00
1.42159355e+00
1.60459661e+00
1.65928805e+00
1.57667601e+00
1.56770158e+00
2.22995162e+00
2.09190249e+00
1.25490355e+00
1.01048815e+00
1.34940720e+00
1.67950976e+00
1.19556475e+00
7.08724976e-01
8.87889743e-01
1.03454149e+00
9.20472980e-01
1.21418679e+00
6.54208779e-01
1.28756583e+00
7.17686176e-01
1.51102030e+00
1.33806407e+00
1.14677238e+00
1.01092589e+00
1.10006177e+00
4.89458472e-01
1.53582823e+00
2.89695072e+00
1.50052989e+00
2.01539731e+00
9.42459464e-01
1.54985178e+00
1.26173854e+00
6.94671094e-01
1.90986168e+00
1.60409653e+00
1.31102860e+00
1.47575998e+00
1.50092888e+00
1.63191628e+00
1.70569527e+00
5.06574750e-01
8.55678380e-01
1.51688457e+00
1.52880216e+00
1.78007805e+00
2.16754699e+00
8.91657591e-01
4.05383766e-01
8.85398984e-01
1.03459191e+00
1.32730162e+00
2.46267176e+00
1.31537163e+00
1.19178259e+00
1.07532072e+00
1.13987613e+00
1.13586283e+00
9.88537312e-01
1.58009243e+00
1.06399798e+00
1.80366397e+00
1.56031024e+00
7.06244528e-01
1.65329051e+00
2.84035563e+00
1.04968083e+00
5.11933684e-01
9.88515437e-01
1.35704875e+00
1.33751714e+00
1.49436641e+00
1.16129684e+00
1.90299106e+00
2.14853215e+00
1.37547302e+00
8.52900445e-01
6.09465957e-01
1.04002428e+00
1.74097192e+00
1.25771034e+00
6.89265132e-01
1.06954670e+00
1.41960263e+00
1.56626058e+00
1.85497105e+00
1.57229781e+00
9.57614899e-01
9.91216362e-01
1.57185662e+00
4.98480380e-01
1.26682055e+00
1.13993752e+00
6.09504879e-01
2.23059011e+00
1.93563628e+00
1.30153370e+00
1.69822168e+00
1.05451250e+00
5.51429093e-01
1.54867530e+00
5.74766219e-01
2.50092459e+00
1.50438797e+00
1.67570949e+00
2.43392181e+00
1.53262615e+00
1.42521012e+00
1.16670799e+00
1.76712859e+00
8.54731917e-01
7.81495810e-01
1.46744370e+00
1.02250230e+00
9.13173139e-01
1.98525631e+00
1.52245760e+00
4.67178941e-01
1.14412355e+00
6.89041734e-01
1.38763273e+00
1.55595183e+00
9.36460674e-01
5.11812270e-01
8.46308053e-01
1.64829159e+00
4.86294031e-01
5.44130623e-01
1.18780565e+00
1.37755477e+00
1.11199439e+00
7.72332013e-01
1.79511547e+00
8.13212812e-01
7.29390919e-01
1.04673004e+00
1.47403288e+00
1.31399918e+00
6.68252110e-01
1.28087509e+00
9.97597456e-01
5.69500029e-01
1.04653215e+00
6.33058965e-01
1.95831168e+00
9.88538086e-01
6.98027134e-01
1.50469422e+00
6.78236961e-01
7.07708240e-01
1.61992276e+00
2.06525421e+00
1.64138818e+00
7.32414305e-01
3.46168429e-01
1.55770481e+00
7.39395320e-01
1.46242511e+00
2.44224763e+00
1.81482148e+00
7.05772519e-01
9.30483758e-01
5.27293682e-01
8.53548169e-01
1.86425805e+00
1.67533040e+00
5.56863487e-01
1.83774531e+00
1.71608353e+00
1.45331895e+00
5.94235420e-01
5.01298130e-01
2.32416558e+00
1.68070126e+00
1.03403115e+00
5.17678440e-01
5.75777054e-01
1.45300722e+00
2.23985457e+00
8.03837717e-01
1.03917766e+00
8.38901997e-01
1.32223368e+00
1.78736663e+00
5.38094342e-01
8.07822645e-01
1.38716841e+00
1.39470458e+00
1.23886681e+00
1.46568954e+00
1.90795863e+00
1.46682358e+00
7.85078943e-01
1.57620859e+00
1.84974825e+00
9.08821285e-01
6.48493409e-01
1.22638309e+00
1.78166449e+00
1.54800618e+00
8.67138147e-01
7.08563030e-01
1.42992568e+00
1.33147800e+00
1.05484760e+00
6.89380050e-01
9.97263730e-01
1.12570012e+00
8.50139499e-01
1.90826213e+00
1.74095392e+00
3.38988334e-01
0.00000000e+00
6.71627104e-01
4.70032483e-01
9.83683169e-01
6.33190095e-01
1.13243306e+00
1.55194807e+00
1.22184920e+00
8.57295573e-01
3.68925333e-01
3.87441337e-01
6.34620190e-01
6.42158151e-01
9.04773474e-01
1.34878087e+00
5.09622097e-01
6.34090364e-01
1.28838265e+00
9.71569717e-01
3.23769242e-01
5.35977900e-01
1.43522477e+00
1.07669020e+00
5.39123237e-01
1.07378221e+00
1.63472366e+00
7.23653793e-01
8.54933739e-01
1.50449717e+00
1.27070677e+00
8.06854010e-01
1.14189053e+00
2.31956887e+00
7.26945400e-01
8.50322187e-01
8.00991476e-01
4.44584966e-01
6.97246313e-01
8.21109354e-01
1.65453589e+00
1.93701851e+00
1.50861084e+00
7.39927232e-01
6.46165311e-01
5.32232881e-01
1.95068181e+00
5.64068675e-01
3.21283191e-01
9.77839470e-01
1.38907146e+00
8.44686210e-01
8.78226340e-01
8.14630270e-01
6.02693677e-01
8.35183322e-01
1.58111036e+00
1.58239484e+00
1.73267889e+00
1.02747440e+00
6.41966641e-01
3.82028759e-01
5.94323933e-01
1.06984949e+00
1.24248385e+00
4.59101737e-01
4.39901084e-01
1.14726603e+00
1.22150040e+00
1.14024937e+00
1.83044446e+00
4.80097860e-01
5.71321011e-01
1.37237966e+00
9.95132208e-01
7.37925708e-01
5.31210303e-01
9.24692154e-01
8.78593981e-01
4.73603636e-01
7.09662437e-01
8.40289712e-01
8.82330298e-01
1.80581295e+00
1.65467000e+00
1.08450377e+00
1.12596238e+00
1.58021235e+00
8.74474823e-01
1.82270539e+00
9.16389644e-01
5.94966948e-01
5.07138193e-01
1.39773715e+00
4.72492635e-01
9.89507198e-01
1.58697450e+00
6.47425652e-01
8.33971798e-01
1.49259269e+00
1.10871184e+00
7.68046498e-01
8.57035518e-01
4.64390069e-01
1.33958721e+00
1.28484499e+00
1.82998776e+00
3.83522123e-01
4.92690653e-01
8.94848704e-01
8.99839163e-01
1.61837983e+00
1.11669850e+00
1.09187341e+00
1.20118105e+00
1.15822434e+00
8.21613252e-01
7.66514897e-01
1.35264444e+00
4.02290970e-01
1.02696562e+00
1.15288961e+00
5.30300915e-01
1.23431993e+00
9.49901938e-01
1.65337884e+00
1.15467572e+00
7.39888966e-01
9.90545750e-01
7.89300621e-01
7.93383777e-01
1.03124332e+00
4.85389769e-01
3.94363731e-01
7.39090502e-01
1.18549454e+00
1.84639466e+00
6.35739863e-01
7.74421334e-01
9.42531466e-01
5.70454121e-01
1.02953005e+00
7.72346079e-01
6.84673309e-01
8.25002313e-01
5.76293051e-01
5.86902380e-01
2.16211700e+00
6.03479803e-01
1.10807884e+00
9.09668565e-01
8.32500756e-01
1.02092326e+00
5.45849919e-01
1.33216512e+00
7.35685706e-01
9.63350654e-01
1.09820461e+00
7.87459552e-01
9.81704593e-01
8.89160991e-01
7.23710835e-01
7.65981793e-01
1.00126886e+00
6.53293014e-01
7.65934110e-01
1.07804012e+00
7.97566116e-01
7.66790807e-01
6.75695360e-01
6.27225935e-01
1.11895812e+00
6.06471598e-01
1.00927091e+00
1.45902860e+00
1.48849308e+00
1.22381818e+00
1.18433952e+00
1.11699605e+00
8.01242769e-01
6.68080211e-01
3.78368139e-01
7.88881183e-01
1.54607737e+00
9.35052633e-01
1.02364326e+00
4.51603472e-01
7.82223046e-01
1.14176154e+00
3.75651836e-01
1.69158530e+00
7.41574943e-01
4.48209584e-01
7.66977549e-01
1.18032730e+00
1.48634267e+00
1.30089223e+00
1.06514752e+00
1.69512713e+00
1.76718819e+00
9.99483109e-01
7.29746044e-01
7.71386504e-01
5.95397472e-01
1.15299892e+00
1.19791424e+00
5.19625366e-01
4.11701530e-01
9.70898807e-01
7.27567554e-01
6.09003782e-01
8.49398196e-01
8.43832672e-01
4.52459902e-01
2.18510127e+00
1.08550048e+00
6.78496540e-01
8.61713409e-01
8.81472230e-01
1.14173043e+00
9.97613430e-01
9.69521463e-01
6.67524934e-01
2.82790720e-01
5.73517740e-01
3.92945886e-01
1.09643722e+00
5.45415044e-01
7.80656397e-01
5.69617569e-01
7.15624392e-01
1.04720819e+00
1.02078044e+00
4.57530528e-01
1.12502813e+00
5.49495757e-01
1.15611851e+00
3.39431494e-01
4.68945801e-01
1.98230505e+00
1.48239779e+00
7.30798900e-01
1.00751579e+00
9.69337881e-01
4.63293642e-01
6.43030167e-01
8.45289886e-01
3.50771576e-01
3.76916140e-01
3.93761635e-01
3.89130741e-01
9.88677979e-01
1.08369899e+00
4.58569199e-01
3.69460762e-01
1.07514822e+00
9.91636217e-01
1.94630706e+00
1.18952036e+00
7.17526913e-01
1.00929964e+00
5.17664731e-01
6.02517307e-01
3.88070524e-01
7.82746971e-01
1.11169851e+00
8.73904824e-01
1.12714565e+00
1.16133094e+00
8.88457775e-01
3.23907107e-01
6.19680345e-01
2.88231194e-01
1.03095269e+00
1.13667309e+00
6.31640494e-01
6.48962617e-01
1.74564648e+00
1.34577465e+00
8.83060217e-01
1.25371575e+00
5.02557814e-01
8.08837235e-01
8.86527300e-01
4.39845383e-01
6.19803190e-01
3.88443381e-01
8.50448906e-01
9.65971708e-01
7.60289490e-01
8.50040972e-01
9.55575764e-01
1.05320847e+00
4.94715631e-01
1.08887637e+00
1.28302884e+00
2.98482716e-01
3.11310112e-01
9.61761236e-01
3.85915905e-01
4.66454685e-01
3.17121625e-01
8.34521949e-01
6.84391797e-01
7.62251735e-01
6.04326367e-01
1.15337121e+00
9.71457303e-01
9.40823793e-01
1.17056143e+00
1.50280380e+00
5.79708695e-01
3.45618278e-01
6.15608990e-01
7.63733506e-01
5.84670484e-01
4.81179088e-01
4.02000219e-01
1.22625113e+00
1.37831903e+00
6.76089704e-01
1.45721591e+00
9.44534242e-01
8.15237761e-01
7.84962475e-01
1.34985089e+00
1.36191428e+00
5.09911060e-01
7.00057507e-01
4.45991486e-01
6.58383727e-01
1.54657638e+00
2.01776195e+00
1.08767343e+00
9.48314190e-01
5.52374601e-01
8.98964763e-01
7.70031929e-01
5.15872717e-01
1.01286054e+00
1.10375822e+00
4.61800456e-01
7.18082726e-01
8.41720819e-01
5.79708099e-01
8.06671917e-01
1.43429673e+00
1.05052662e+00
9.33808208e-01
1.12298787e+00
1.11409736e+00
6.19364798e-01
2.72992522e-01
5.21134496e-01
1.20449972e+00
1.16118050e+00
9.90855992e-01
1.15268290e+00
7.11854219e-01
7.47008920e-01
8.07609200e-01
1.18717515e+00
1.14744294e+00
4.62333351e-01
1.90751576e+00
8.69834721e-01
1.33978891e+00
1.03547168e+00
4.11366880e-01
1.42301583e+00
6.04532957e-01
9.14515495e-01
9.84056711e-01
6.56890571e-01
3.30297709e-01
4.69502836e-01
6.01823449e-01
8.29965889e-01
9.10200179e-01
9.68771696e-01
9.41660821e-01
9.36630487e-01
4.31577146e-01
4.07343954e-01
1.00394118e+00
6.77058578e-01
3.01191628e-01
9.58437860e-01
8.30625415e-01
1.08661377e+00
7.17478156e-01
2.92356342e-01
8.18932652e-01
5.71539521e-01
7.21042514e-01
7.24162340e-01
7.39069462e-01
6.80254877e-01
6.82712674e-01
7.14998007e-01
1.50269139e+00
8.77597570e-01
9.09556329e-01
9.22240734e-01
4.15250570e-01
6.86230183e-01
1.23650229e+00
3.92240226e-01
2.84225583e-01
8.38122547e-01
1.42986381e+00
8.61601472e-01
4.58312958e-01
8.88857663e-01
9.00895536e-01
9.97261047e-01
1.11530709e+00
1.12132823e+00
1.77985835e+00
6.66464865e-01
2.34945631e+00
1.33222198e+00
8.34220827e-01
8.75577629e-01
5.92240274e-01
6.78567410e-01
8.32601309e-01
6.10663712e-01
4.16132212e-01
1.33768737e+00
4.97224003e-01
2.63839185e-01
7.55408227e-01
1.03014457e+00
5.88201582e-01
6.14019573e-01
9.40270185e-01
8.79512072e-01
1.04339755e+00
9.07247543e-01
9.17816460e-01
1.05540752e+00
4.44300264e-01
4.26224619e-01
9.24331546e-01
1.65002167e+00
1.19315493e+00
5.48388064e-01
4.96968836e-01
5.48132420e-01
3.87911320e-01
7.28645444e-01
8.79984617e-01
1.35746920e+00
1.15745580e+00
2.98467368e-01
6.22754335e-01
1.39557493e+00
8.77579510e-01
8.40681195e-01
8.29234898e-01
9.29006398e-01
6.01717710e-01
5.32119691e-01
7.19402075e-01
5.70120931e-01
9.87102091e-01
1.17147863e+00
6.00454986e-01
8.15064907e-01
1.08978617e+00
3.03446025e-01
8.61255050e-01
9.09676254e-01
5.23798585e-01
8.45842898e-01
1.20089579e+00
2.91245133e-01
5.38077593e-01
1.47037792e+00
5.11719644e-01
4.72842246e-01
1.17769969e+00
5.22208214e-01
1.35313368e+00
1.43226492e+00
9.11394656e-01
6.18457496e-01
7.31281340e-01
1.09374952e+00
8.44270051e-01
3.48103315e-01
1.06354928e+00
1.23810172e+00
4.45515424e-01
4.80628073e-01
4.86482233e-01
6.17861032e-01
1.35065830e+00
1.15230501e+00
5.70905864e-01
1.11998093e+00
1.22685933e+00
6.97709441e-01
6.46083057e-01
6.11114264e-01
7.50265539e-01
1.61231422e+00
4.77728844e-01
5.98477960e-01
4.10106719e-01
2.55586237e-01
9.36795354e-01
1.01895010e+00
4.75292534e-01
1.02520716e+00
1.27736700e+00
5.38341105e-01
2.45286450e-01
1.30581868e+00
9.68467355e-01
5.99249363e-01
3.50264162e-01
7.66650796e-01
9.52572942e-01
4.98697281e-01
1.05553102e+00
8.39291811e-01
6.83417857e-01
8.30243587e-01
6.52448356e-01
3.06059480e-01
4.48523045e-01
3.87275100e-01
7.27493644e-01
5.91929972e-01
5.00429511e-01
1.25648665e+00
3.84222388e-01
3.75053912e-01
6.82721198e-01
4.89919245e-01
4.99491870e-01
1.18090272e+00
5.50934434e-01
4.71253633e-01
9.62358594e-01
8.86863053e-01
2.52002835e-01
6.95499063e-01
7.43421793e-01
8.70533943e-01
7.58090138e-01
7.63651252e-01
8.25273633e-01
3.34418833e-01
3.17886204e-01
6.92210317e-01
8.16934049e-01
5.56717336e-01
6.82369709e-01
1.14198470e+00
3.14518213e-01
7.10493505e-01
5.54541767e-01
3.38857293e-01
4.41790551e-01
5.77965021e-01
3.33358139e-01
5.76793373e-01
3.99179935e-01
4.99016374e-01
9.23802376e-01
6.30060196e-01
3.34737360e-01
8.96046221e-01
1.44348431e+00
1.08493602e+00
6.42142534e-01
6.04386032e-01
6.63211644e-01
7.52958834e-01
1.02068186e+00
7.71378577e-01
5.49364150e-01
1.02464616e+00
8.00424874e-01
5.86276233e-01
4.58657086e-01
3.15332025e-01
4.64162737e-01
6.48066640e-01
3.24603975e-01
3.00315320e-01
5.89785337e-01
6.78570271e-01
4.90527719e-01
4.18332219e-01
3.84533018e-01
3.20555419e-01
3.37957382e-01
6.21725082e-01
5.27426541e-01
2.91820318e-01
3.43015820e-01
3.63932967e-01
8.25930774e-01
1.02902031e+00
6.74014091e-01
4.49556410e-01
7.13885546e-01
1.04466903e+00
8.91493499e-01
9.25954878e-01
1.11635351e+00
7.23162413e-01
2.67258286e-01
6.00591540e-01
5.34456074e-01
2.99667299e-01
2.79504389e-01
6.89459622e-01
9.94202197e-01
9.83378410e-01
5.91653168e-01
6.03410661e-01
1.19930637e+00
1.14852822e+00
7.97688067e-01
7.66690969e-01
9.07554567e-01
8.89277875e-01
5.84137857e-01
5.16228020e-01
9.80964720e-01
4.41841185e-01
7.02489376e-01
8.25027704e-01
4.80614424e-01
5.33982158e-01
3.46439451e-01
6.51359141e-01
9.59685683e-01
7.24277437e-01
7.59118557e-01
9.64884877e-01
6.14061415e-01
7.50944078e-01
4.55984414e-01
3.82705331e-01
5.84942281e-01
4.77278680e-01
5.75592339e-01
7.37789750e-01
4.05568779e-01
4.30377245e-01
3.57327849e-01
7.64666736e-01
3.85187596e-01
3.77297193e-01
2.74996042e-01
3.93880129e-01
7.15559483e-01
5.70228338e-01
5.17337084e-01
1.14251888e+00
9.14054155e-01
9.09239590e-01
1.14425480e+00
5.23076952e-01
1.50038481e+00
5.65003157e-01
2.76215702e-01
8.30349982e-01
1.04664254e+00
2.15945840e-01
5.39817512e-01
5.91255128e-01
3.59278321e-01
4.35324341e-01
6.78178847e-01
6.62712097e-01
8.78806174e-01
7.19172657e-01
3.17340463e-01
3.54962766e-01
3.48994762e-01
1.05865896e+00
1.39838266e+00
4.28022355e-01
4.59604949e-01
8.43956649e-01
7.15699136e-01
6.92143619e-01
1.62083364e+00
4.56219167e-01
4.18939322e-01
5.10783911e-01
4.18393523e-01
9.76691484e-01
4.15632516e-01
4.45674419e-01
4.44848895e-01
7.55255044e-01
6.40309513e-01
3.77591342e-01
3.30203414e-01
3.44166160e-01
8.98503721e-01
8.75039995e-01
2.94852436e-01
5.91273308e-01
6.04279578e-01
6.89255655e-01
9.07081902e-01
5.99617243e-01
3.98778051e-01
9.97682393e-01
5.17410338e-01
4.99294966e-01
4.81923670e-01
4.28120196e-01
9.25099611e-01
1.16740870e+00
6.23244107e-01
9.83861923e-01
9.05854702e-01
3.74358028e-01
3.50122541e-01
8.75738025e-01
3.11313957e-01
5.92362463e-01
9.81928289e-01
8.42418969e-01
5.20365775e-01
3.67548108e-01
4.71184850e-01
8.72296810e-01
1.29710507e+00
8.08825135e-01
4.88886654e-01
5.81974685e-01
3.07268441e-01
5.14357746e-01
5.73119521e-01
7.98594177e-01
1.18162799e+00
6.79524124e-01
1.28691828e+00
4.46837664e-01
8.36798191e-01
5.87847829e-01
5.40002286e-01
1.53300977e+00
5.75868487e-01
5.77504575e-01
7.90764570e-01
5.92531979e-01
4.18779731e-01
9.28922772e-01
4.47659701e-01
1.32473564e+00
1.05581963e+00
5.58407962e-01
7.09828615e-01
7.79902756e-01
5.53431273e-01
8.91895652e-01
9.80932713e-01
7.04629540e-01
6.64985776e-01
7.78308153e-01
9.20080006e-01
7.16843605e-01
9.41550910e-01
5.70160806e-01
3.58303100e-01
1.10948563e+00
4.55526412e-01
5.45640826e-01
5.16481280e-01
5.83628297e-01
3.09871316e-01
7.17635036e-01
5.00516117e-01
2.53606319e-01
5.24432063e-01
7.33586967e-01
7.32476532e-01
1.04322994e+00
2.90571511e-01
5.36480725e-01
8.17299902e-01
7.91221738e-01
7.67568350e-01
8.42351198e-01
4.55961913e-01
1.19290853e+00
6.14046097e-01
3.54617804e-01
8.18548858e-01
4.71584857e-01
7.34363556e-01
7.96287715e-01
3.49323690e-01
4.11799341e-01
1.11804795e+00
6.35715365e-01
6.91309333e-01
5.53859532e-01
8.46333027e-01
8.15854430e-01
4.28188115e-01
7.18615532e-01
1.10475719e+00
3.47876698e-01
5.19596457e-01
6.89429522e-01
3.59462261e-01
5.48226595e-01
4.49983776e-01
7.01312423e-01
2.50672609e-01
3.98730755e-01
1.14697444e+00
4.04283077e-01
3.43002051e-01
1.08276367e+00
1.20632982e+00
8.36882710e-01
7.41971970e-01
8.76241028e-01
8.74255002e-01
4.82192934e-01
4.32513595e-01
5.45610607e-01
4.79602665e-01
5.41276157e-01
1.09528410e+00
6.16513789e-01
4.42860842e-01
8.46247852e-01
1.18803406e+00
1.24100435e+00
2.40052819e-01
4.05164629e-01
3.38964194e-01
6.60982370e-01
9.18358207e-01
3.42802167e-01
3.26297134e-01
5.44744253e-01
3.34782153e-01
5.18399477e-01
1.16825879e+00
8.74949872e-01
7.85279691e-01
7.68645048e-01
1.08242571e+00
7.62838304e-01
2.33351931e-01
6.45662189e-01
8.77358675e-01
2.56004810e-01
8.63741398e-01
1.13306355e+00
3.28413785e-01
5.06355345e-01
5.36263049e-01
6.58760309e-01
6.51744723e-01
9.19334233e-01
1.07102048e+00
3.38586062e-01
4.95018333e-01
5.10198176e-01
8.10309112e-01
7.69040942e-01
5.63416183e-01
1.23240817e+00
9.09961641e-01
7.61875570e-01
1.05364728e+00
8.91893089e-01
4.61858481e-01
5.79591334e-01
4.07707185e-01
7.77100861e-01
7.59004056e-01
5.80473125e-01
6.40778005e-01
6.02856874e-01
3.40123832e-01
3.58587146e-01
4.53188092e-01
7.23710299e-01
1.03711259e+00
4.37646985e-01
5.72170079e-01
5.40016115e-01
5.00077784e-01
2.38956675e-01
1.01010692e+00
2.52742678e-01
5.85305214e-01
3.33689958e-01
3.61488342e-01
5.49548388e-01
4.86271113e-01
5.41424870e-01
3.06387156e-01
2.99386829e-01
6.15709007e-01
1.00530505e+00
4.13410038e-01
7.90187478e-01
1.65966594e+00
8.44857454e-01
1.35392654e+00
1.80714202e+00
5.22232950e-01
4.16416943e-01
4.89734530e-01
1.38322723e+00
3.60534400e-01
6.73406541e-01
4.34661865e-01
1.64023387e+00
9.44778740e-01
6.94884419e-01
6.08635545e-01
4.65211421e-01
3.39321911e-01
3.69198948e-01
1.87154126e+00
3.62677276e-01
6.59608424e-01
2.65393943e-01
4.07612890e-01
3.83814603e-01
6.19207263e-01
5.41668713e-01
5.10522306e-01
3.73643905e-01
8.93836796e-01
1.13528669e+00
8.71765852e-01
6.41313732e-01
5.92890263e-01
5.82364261e-01
6.40104771e-01
6.53325498e-01
7.38229275e-01
4.69555914e-01
2.42889509e-01
3.49294841e-01
6.19513988e-01
5.53580761e-01
2.58531153e-01
2.83900976e-01
4.31681693e-01
6.96063817e-01
9.18703437e-01
6.31202579e-01
4.75639105e-01
4.40371603e-01
8.50978434e-01
9.35238779e-01
4.25019145e-01
3.38170677e-01
2.29724601e-01
5.05474091e-01
1.13213778e+00
6.75461471e-01
2.97449321e-01
1.24908137e+00
8.45150471e-01
4.12116349e-01
5.27927339e-01
8.00547421e-01
6.91410601e-01
4.20731962e-01
7.98901618e-01
3.33427638e-01
2.54451364e-01
5.87624133e-01
8.39236915e-01
8.28308225e-01
6.84565187e-01
7.18150079e-01
7.41617024e-01
1.00329328e+00
1.32582760e+00
1.01684487e+00
4.17600781e-01
7.89107859e-01
1.17113793e+00
7.01969147e-01
5.35827100e-01
9.44513321e-01
7.94760287e-01
7.86399066e-01
7.87694812e-01
8.00986528e-01
9.83059168e-01
5.12997746e-01
1.00589740e+00
6.29944921e-01
1.94805011e-01
4.63835657e-01
8.81861866e-01
3.96070302e-01
8.84567857e-01
6.03847861e-01
1.00277781e+00
1.05306756e+00
3.78894478e-01
2.90364146e-01
9.66169298e-01
3.86045218e-01
3.41791630e-01
3.74086171e-01
7.56691039e-01
1.82909679e+00
5.57924449e-01
6.35216236e-01
8.48228812e-01
9.39362228e-01
7.12094724e-01
4.95831937e-01
8.44568372e-01
5.47705829e-01
3.08123559e-01
4.80919927e-01
3.83251071e-01
2.65399456e-01
7.90678144e-01
4.34084475e-01
4.22998965e-01
7.55599916e-01
6.81545913e-01
6.30619705e-01
4.09403563e-01
6.82940245e-01
4.85095054e-01
3.93152326e-01
8.51292074e-01
8.70418727e-01
6.16276681e-01
4.50511545e-01
5.88998914e-01
4.65255678e-01
2.12127477e-01
1.00827825e+00
6.35736942e-01
6.11876369e-01
6.11570537e-01
8.13570857e-01
9.66979623e-01
8.19427550e-01
4.21024889e-01
4.87421215e-01
2.79190600e-01
5.21044910e-01
7.49671400e-01
1.11079788e+00
7.96386242e-01
5.48754513e-01
7.42298782e-01
8.29405487e-01
7.54949272e-01
9.81362581e-01
4.54842687e-01
1.12194586e+00
5.48349559e-01
3.84999156e-01
8.38182747e-01
4.57452416e-01
6.32065594e-01
4.76566494e-01
4.39204216e-01
5.39189398e-01
4.04538065e-01
2.13546365e-01
3.33304405e-01
4.19002593e-01
8.94248426e-01
1.11065435e+00
5.30076027e-01
7.09049225e-01
2.02401280e+00
1.36777747e+00
7.79298544e-01
4.02396560e-01
7.42773414e-01
1.11517870e+00
4.11957532e-01
1.81026727e-01
4.22395974e-01
6.76082015e-01
8.42612088e-01
1.17122948e+00
3.55536729e-01
4.38090831e-01
7.83262312e-01
7.72410989e-01
6.98763371e-01
9.17197287e-01
2.28264675e-01
7.70735085e-01
1.16521764e+00
7.30556190e-01
2.45585933e-01
3.02644908e-01
6.31318510e-01
3.81793380e-01
4.58884627e-01
1.18278360e+00
1.11142993e+00
1.19599497e+00
3.80407542e-01
6.87456548e-01
7.11393714e-01
5.47800004e-01
5.74377716e-01
3.32835943e-01
1.09012246e+00
1.24301219e+00
1.17199564e+00
6.85207248e-01
2.58114874e-01
5.29481411e-01
8.02881837e-01
7.91895628e-01
1.65669739e+00
1.63793647e+00
1.03300548e+00
7.57380128e-01
5.52892268e-01
5.26419759e-01
5.13409376e-01
4.42927122e-01
3.97767454e-01
5.47104418e-01
8.27317417e-01
3.52637142e-01
7.30245173e-01
8.41015100e-01
6.10747278e-01
4.69943970e-01
6.50629997e-01
8.15344810e-01
1.49034441e+00
1.02601278e+00
1.06180108e+00
2.48448205e+00
1.98174000e+00
5.63432574e-01
6.60443425e-01
3.02820385e-01
4.76693273e-01
7.41279781e-01
8.71428907e-01
5.54556072e-01
2.74441510e-01
4.62209463e-01
1.09125578e+00
4.10537541e-01
7.08990574e-01
7.41159976e-01
3.62929881e-01
2.99992830e-01
1.04603195e+00
8.70196283e-01
6.20505214e-01
7.81414330e-01
6.43113852e-01
2.79847890e-01
2.81253517e-01
9.62712348e-01
1.31522501e+00
5.30763090e-01
6.77016199e-01
1.08341610e+00
8.10699165e-01
6.46664619e-01
7.26956546e-01
2.59174079e-01
2.07979217e-01
6.58148408e-01
8.90736043e-01
3.07870418e-01
9.85233665e-01
1.37416232e+00
6.04368210e-01
3.09911638e-01
6.85506165e-01
6.47406340e-01
1.20679164e+00
9.03461218e-01
3.25551122e-01
6.89582229e-01
1.45031512e+00
3.66300493e-01
1.51040792e+00
8.12620759e-01
4.23786372e-01
8.53495181e-01
8.57268691e-01
2.79025614e-01
1.27386642e+00
3.82740378e-01
7.16269970e-01
1.19329298e+00
4.89742428e-01
6.47958219e-01
4.78897005e-01
1.10858023e+00
6.98000789e-01
6.21421099e-01
1.33496392e+00
6.06764853e-01
7.60829568e-01
7.07916975e-01
5.30663550e-01
5.81417501e-01
7.01471746e-01
2.78964132e-01
4.72433627e-01
8.28172028e-01
9.27616000e-01
5.93950391e-01
6.62169099e-01
2.20643714e-01
2.64410526e-01
5.59784234e-01
6.41008615e-01
6.01375282e-01
7.31403947e-01
6.17478848e-01
4.40786272e-01
4.24473464e-01
5.94222724e-01
4.59577948e-01
3.73393625e-01
8.01357865e-01
5.69518030e-01
5.06475329e-01
5.95890403e-01
4.58932549e-01
3.29423308e-01
8.43026578e-01
7.73134947e-01
3.56316209e-01
3.97049040e-01
5.26291072e-01
3.43214184e-01
2.25724742e-01
8.62945676e-01
6.81832790e-01
7.04100072e-01
7.71103680e-01
4.83595341e-01
4.09738272e-01
3.68084490e-01
3.46329600e-01
5.29694080e-01
6.70660555e-01
5.59105515e-01
3.80267292e-01
9.31821704e-01
7.09103763e-01
6.49478674e-01
5.58907628e-01
1.92314342e-01
3.38195860e-01
1.06227577e+00
8.66334081e-01
6.29108846e-01
3.09362262e-01
2.40209892e-01
1.63729772e-01
2.15562254e-01
4.69673723e-01
8.38342547e-01
1.31429708e+00
4.99592096e-01
6.70443654e-01
4.22899067e-01
4.52919543e-01
1.02862072e+00
7.59209812e-01
1.81082129e+00
5.47494829e-01
8.28218341e-01
6.12814426e-01
7.40982294e-01
1.05738842e+00
1.66725445e+00
5.07187724e-01
1.32078922e+00
2.63370425e-01
3.67334127e-01
8.25325370e-01
3.07947725e-01
2.31514484e-01
5.90421021e-01
6.00740373e-01
8.08669865e-01
4.61621165e-01
1.96989268e-01
9.76933956e-01
2.44450837e-01
2.12848082e-01
3.43934268e-01
4.99568641e-01
5.06341398e-01
3.02306920e-01
3.94979149e-01
3.71290255e+00
1.18851018e+00
2.85139894e+00
1.32647657e+00
6.19545639e-01
8.61713469e-01
1.14294767e+00
5.87916851e-01
2.53859490e-01
3.33949804e-01
1.02336001e+00
6.10025942e-01
4.18475658e-01
3.94765913e-01
6.32962406e-01
8.17821443e-01
6.35482967e-01
8.63404989e-01
9.81145740e-01
3.71870697e-01
3.05129915e-01
8.49480391e-01
1.16045129e+00
1.04724348e+00
9.39409256e-01
3.26349527e-01
4.20105875e-01
2.63998926e-01
1.38025272e+00
1.09192598e+00
8.40950072e-01
5.83282471e-01
6.20582938e-01
3.08328509e-01
1.09336138e+00
3.04651558e-01
7.77037978e-01
1.10344851e+00
9.30082142e-01
7.22450912e-01
4.62310970e-01
8.27320516e-01
3.11635166e-01
4.57315832e-01
1.28722084e+00
8.31776381e-01
1.99097943e+00
6.09053493e-01
8.24005902e-01
5.63972771e-01
3.91837806e-01
6.90676630e-01
1.08314657e+00
9.38447535e-01
5.69982171e-01
7.87257135e-01
6.12368166e-01
3.32043141e-01
1.23422611e+00
7.78610826e-01
8.12426507e-01
1.24258041e+00
9.26704347e-01
5.72580397e-01
5.68495572e-01
7.91618228e-01
5.94231606e-01
5.49772799e-01
5.91903508e-01
4.22859430e-01
3.44445914e-01
3.85673046e-01
5.44398785e-01
8.69927585e-01
6.69030488e-01
2.64824241e-01
7.94468522e-01
5.23530424e-01
9.65524614e-01
9.91421938e-01
4.86414224e-01
3.23467612e-01
5.47509432e-01
8.61060381e-01
7.57205307e-01
8.43262792e-01
4.22339946e-01
7.18943417e-01
7.29149580e-01
1.08014023e+00
8.89565051e-01
1.22438443e+00
1.08180082e+00
2.62576878e-01
7.60997474e-01
9.10816193e-01
5.10261118e-01
4.54145283e-01
4.89088446e-01
3.33307564e-01
4.96412724e-01
4.26464230e-01
5.46544313e-01
8.88165534e-01
6.06903911e-01
2.66212791e-01
9.67519164e-01
2.41945982e-01
3.17621499e-01
3.02254528e-01
4.99800146e-01
8.55754972e-01
2.21941486e-01
7.32050419e-01
6.96853459e-01
2.49222040e-01
4.35329050e-01
1.02133715e+00
7.85641551e-01
2.51345813e-01
2.07188383e-01
3.37500989e-01
4.27174717e-01
2.80349910e-01
4.42760766e-01
6.57088876e-01
5.39145768e-01
5.10975778e-01
8.90071034e-01
1.03165293e+00
1.90780789e-01
3.86870086e-01
7.12235510e-01
5.24127305e-01
4.58726555e-01
6.68331802e-01
5.81219256e-01
8.34870875e-01
6.49284542e-01
6.89076364e-01
7.71879137e-01
7.26655126e-01
6.83715582e-01
5.18657863e-01
9.31173086e-01
1.04709899e+00
9.19373155e-01
1.05538857e+00
6.90405190e-01
6.10163450e-01
4.67831314e-01
4.09150720e-01
6.67069972e-01
1.23167515e+00
1.38959968e+00
8.43028426e-01
3.58314663e-01
7.21738100e-01
1.19579661e+00
7.26653576e-01
5.92537284e-01
3.05559933e-01
9.54419434e-01
4.69784111e-01
3.23884994e-01
7.54555166e-01
8.70508611e-01
5.15009880e-01
1.02120364e+00
5.51249027e-01
4.11716551e-01
1.13151956e+00
4.06837702e-01
6.35773242e-01
8.16663742e-01
7.21046329e-01
7.75321424e-01
9.81352150e-01
5.81930399e-01
6.21894181e-01
7.49961674e-01
3.78235757e-01
5.02209306e-01
1.07656789e+00
3.45351696e-01
3.59396636e-01
6.68512821e-01
3.31956923e-01
3.20266426e-01
9.96856153e-01
8.48017395e-01
5.31281292e-01
7.61956811e-01
8.26930583e-01
7.41572797e-01
6.90302432e-01
5.14555275e-01
7.58988023e-01
3.49221140e-01
2.54710853e-01
3.80002320e-01
6.39992833e-01
7.80594826e-01
7.52999246e-01
7.62571633e-01
3.06265354e-01
1.77664056e-01
4.38595861e-01
4.48168397e-01
6.54147387e-01
3.22390586e-01
6.57674372e-01
7.53574550e-01
6.21248603e-01
5.12120008e-01
9.11202252e-01
1.26110041e+00
1.30600107e+00
4.80194718e-01
3.63319159e-01
1.02839351e+00
9.37092364e-01
1.14957476e+00
8.31918538e-01
2.90836662e-01
5.13598323e-01
3.82387877e-01
6.18496239e-01
3.59605640e-01
3.80166084e-01
8.26607585e-01
4.74045962e-01
8.69229794e-01
6.33086622e-01
6.75372779e-01
6.78853214e-01
4.65170503e-01
2.93347061e-01
3.29753250e-01
5.25217354e-01
8.27729285e-01
7.33172357e-01
2.70543635e-01
7.05274284e-01
1.71264315e+00
3.28558350e+00
1.37725139e+00
1.17568099e+00
4.61172342e-01
6.90714717e-01
7.40406334e-01
1.15326881e+00
7.07605124e-01
5.02922893e-01
7.17118919e-01
5.61877191e-01
3.90900373e-01
7.04418182e-01
5.47697961e-01
5.51589489e-01
5.78239143e-01
4.36827749e-01
8.23294759e-01
2.25916743e-01
3.18613261e-01
7.74910867e-01
1.21382916e+00
1.03958833e+00
5.64213812e-01
4.84299868e-01
3.54062587e-01
1.30522954e+00
4.74601775e-01
2.65305161e+00
1.51243448e+00
2.36363077e+00
1.91071808e+00
4.89550650e-01
2.99195170e-01
1.01875567e+00
7.44813323e-01
5.99518776e-01
7.81718910e-01
1.24195230e+00
1.41023290e+00
2.38326013e-01
7.02106416e-01
4.97021496e-01
1.09330428e+00
1.50509071e+00
3.21041870e+00
1.04282355e+00
1.99514675e+00
7.43024647e-01
6.25645816e-01
7.10317254e-01
2.56439358e-01
2.27342367e-01
4.74839777e-01
8.79388332e-01
2.50349075e-01
6.37971699e-01
4.57587957e-01
5.27465820e-01
7.67456710e-01
6.09773040e-01
9.62595880e-01
4.96306717e-01
1.17310941e+00
1.31815565e+00
1.64219129e+00
9.57336128e-01
9.20251012e-01
7.63861775e-01
4.08883184e-01
5.26063383e-01
4.03106660e-01
7.99292684e-01
2.30588987e-01
3.61542344e-01
3.44129771e-01
3.65558714e-01
1.89168081e-01
4.72152233e-01
6.49038017e-01
7.71377921e-01
4.44153219e-01
2.81072587e-01
3.13657552e-01
7.26254702e-01
6.79318607e-01
6.95073962e-01
