2.67704535e+00
2.60374689e+00
2.62109971e+00
2.63242745e+00
2.82552004e+00
2.72220445e+00
2.65235400e+00
2.78993511e+00
2.69947767e+00
2.81852102e+00
2.68628263e+00
2.75993013e+00
2.75105858e+00
2.76206613e+00
2.83444929e+00
2.75458813e+00
2.75299716e+00
2.80007076e+00
2.74569583e+00
2.79703307e+00
2.77443051e+00
2.64794588e+00
2.74791145e+00
2.77563953e+00
2.77632475e+00
2.85417199e+00
2.74770117e+00
2.73091578e+00
2.79910851e+00
2.72152257e+00
2.71646166e+00
2.70814419e+00
2.55502343e+00
2.75421810e+00
2.65078092e+00
2.57835531e+00
2.57866287e+00
2.55250716e+00
2.60336661e+00
2.61407804e+00
2.56057763e+00
2.51818228e+00
2.46201921e+00
2.47605610e+00
2.54002976e+00
2.39662766e+00
2.44620490e+00
2.55107522e+00
2.54126000e+00
2.58007860e+00
2.57182002e+00
2.53080440e+00
2.58794808e+00
2.64971137e+00
2.66976547e+00
2.73282552e+00
2.74193406e+00
2.76019049e+00
2.76497293e+00
2.66805267e+00
2.69859242e+00
2.75684500e+00
2.80239058e+00
2.70888042e+00
2.72529817e+00
2.82863402e+00
2.87417960e+00
2.74958539e+00
2.70706153e+00
2.78550506e+00
2.78710723e+00
2.76085353e+00
2.69989252e+00
2.75898600e+00
2.73431206e+00
2.63483453e+00
2.70738220e+00
2.76190567e+00
2.80782342e+00
2.76261926e+00
2.73673415e+00
2.70711088e+00
2.61779118e+00
2.59891486e+00
2.63202024e+00
2.63037777e+00
2.60813141e+00
2.63518286e+00
2.52917051e+00
2.60720778e+00
2.60973048e+00
2.46989346e+00
2.48620415e+00
2.43872261e+00
2.38210392e+00
2.32293653e+00
2.32448530e+00
2.31447363e+00
2.27218390e+00
2.28494167e+00
2.20556188e+00
2.18121266e+00
2.15923309e+00
2.08997440e+00
2.11719871e+00
2.07733440e+00
2.19187856e+00
2.21965528e+00
2.18503618e+00
2.16020131e+00
2.23333979e+00
2.30512381e+00
2.36108732e+00
2.39322019e+00
2.34873533e+00
2.34274483e+00
2.48043585e+00
2.48955417e+00
2.53288555e+00
2.51647711e+00
2.60147572e+00
2.54416919e+00
2.55435848e+00
2.65574956e+00
2.56998205e+00
2.76630330e+00
2.76392722e+00
2.76138783e+00
2.75213170e+00
2.76241970e+00
2.76201463e+00
2.74701476e+00
2.80918097e+00
2.81298041e+00
2.74906850e+00
2.73639178e+00
2.78608584e+00
2.84255719e+00
2.88708782e+00
2.91109705e+00
2.89073443e+00
2.84107542e+00
2.77139091e+00
2.84714484e+00
2.86652017e+00
2.87488008e+00
2.81921530e+00
2.79153681e+00
2.80599928e+00
2.88285112e+00
2.79985285e+00
2.75799346e+00
2.80015755e+00
2.76029658e+00
2.78408265e+00
2.83417892e+00
2.83023596e+00
2.83106709e+00
2.88636446e+00
2.82908320e+00
2.72833514e+00
2.72187376e+00
2.69146085e+00
2.62313533e+00
2.70705795e+00
2.62879467e+00
2.65211296e+00
2.62289238e+00
2.56660271e+00
2.55913591e+00
2.56682134e+00
2.54131007e+00
2.51712227e+00
2.51786160e+00
2.48978901e+00
2.45105147e+00
2.37914920e+00
2.40220404e+00
2.44642043e+00
2.27791429e+00
2.21828008e+00
2.18878102e+00
2.05414104e+00
2.17615175e+00
2.12398982e+00
2.07884145e+00
2.02412534e+00
1.92877424e+00
1.91834772e+00
1.92345667e+00
1.82816744e+00
1.74290860e+00
1.70712149e+00
1.70451188e+00
1.68228018e+00
1.74555576e+00
1.72383189e+00
1.83892417e+00
1.90552688e+00
1.91466022e+00
1.93638468e+00
1.99646163e+00
2.07494378e+00
2.02057099e+00
2.08797908e+00
2.16777277e+00
2.24490285e+00
2.23643517e+00
2.24889040e+00
2.20859838e+00
2.31930065e+00
2.41003919e+00
2.40932322e+00
2.34794116e+00
2.43233395e+00
2.51005197e+00
2.52684522e+00
2.56940246e+00
2.56251383e+00
2.51216412e+00
2.61587119e+00
2.64135695e+00
2.67632675e+00
2.75490737e+00
2.75017095e+00
2.68461251e+00
2.72990298e+00
2.91131949e+00
2.87537003e+00
2.78043699e+00
2.77552152e+00
2.80900764e+00
2.83732843e+00
2.89246750e+00
2.89513040e+00
2.87288404e+00
2.92415237e+00
2.91110826e+00
2.92621136e+00
2.99264145e+00
2.94377375e+00
2.90290689e+00
2.90029955e+00
2.84569502e+00
2.98087788e+00
2.90396929e+00
2.94486213e+00
3.05254912e+00
2.96223664e+00
2.97152638e+00
2.98265529e+00
2.98244166e+00
3.06042099e+00
3.01212716e+00
2.97224832e+00
2.94578123e+00
2.94733429e+00
3.06643343e+00
3.07085848e+00
3.01293826e+00
3.04543400e+00
3.02031398e+00
3.08985996e+00
3.05764914e+00
3.03048182e+00
3.03499436e+00
3.00994182e+00
3.04614639e+00
2.97325754e+00
2.96576333e+00
3.02938485e+00
3.05513620e+00
2.98291349e+00
2.98626232e+00
2.95899630e+00
2.96401215e+00
3.01488614e+00
2.99132681e+00
2.96508837e+00
2.91600537e+00
2.89921355e+00
2.90228534e+00
2.90880346e+00
2.97422767e+00
2.90934753e+00
2.83743691e+00
2.91925168e+00
2.91302562e+00
2.86229539e+00
2.81137061e+00
2.80587387e+00
2.79221463e+00
2.78822851e+00
2.75938821e+00
2.78180861e+00
2.78857803e+00
2.71096277e+00
2.67345977e+00
2.74951744e+00
2.59776378e+00
2.60772133e+00
2.65258098e+00
2.61162972e+00
2.56727219e+00
2.50320578e+00
2.52222323e+00
2.50417686e+00
2.48312926e+00
2.47085714e+00
2.46163082e+00
2.38048387e+00
2.38383293e+00
2.29878259e+00
2.26441932e+00
2.29584527e+00
2.27213311e+00
2.19705558e+00
2.15158725e+00
2.07857251e+00
2.07953811e+00
2.16421270e+00
2.02379560e+00
2.07159066e+00
2.02456498e+00
1.97599494e+00
1.91347456e+00
1.84246790e+00
1.82383442e+00
1.74916887e+00
1.71974468e+00
1.68876457e+00
1.61559856e+00
1.56229174e+00
1.48136699e+00
1.38876331e+00
1.34042168e+00
1.35345948e+00
1.45827830e+00
1.55358720e+00
1.56184256e+00
1.58622396e+00
1.72686887e+00
1.78008258e+00
1.72661722e+00
1.77532637e+00
1.79503429e+00
1.95592451e+00
1.91147625e+00
1.97382879e+00
1.99816382e+00
1.99901283e+00
2.12375212e+00
2.10250974e+00
2.12080669e+00
2.21676135e+00
2.21685457e+00
2.18849730e+00
2.25810575e+00
2.21295142e+00
2.25582790e+00
2.27445650e+00
2.26423717e+00
2.35535479e+00
2.36904025e+00
2.43505812e+00
2.47081208e+00
2.41299558e+00
2.49112391e+00
2.56429553e+00
2.53221369e+00
2.54174542e+00
2.57826543e+00
2.57025933e+00
2.59561253e+00
2.63968444e+00
2.62233472e+00
2.59851122e+00
2.71971607e+00
2.71981645e+00
2.72171807e+00
2.74417877e+00
2.66831565e+00
2.72202730e+00
2.75354624e+00
2.77156305e+00
2.73801756e+00
2.78055453e+00
2.78685498e+00
2.80524302e+00
2.81672573e+00
2.87384820e+00
2.90450048e+00
2.83112550e+00
2.85749531e+00
2.90410042e+00
2.99154139e+00
2.90800953e+00
2.89002728e+00
2.87503457e+00
2.87949252e+00
2.87839460e+00
2.89340687e+00
2.95954132e+00
2.99271727e+00
2.91792583e+00
2.92670345e+00
2.94215989e+00
2.96519375e+00
2.97838521e+00
2.93182516e+00
2.99614096e+00
3.00807500e+00
3.04135418e+00
2.98895812e+00
2.97996068e+00
2.96958494e+00
2.94491839e+00
3.01925611e+00
2.99940801e+00
3.00762248e+00
3.00573969e+00
2.99129057e+00
3.03683639e+00
2.93746901e+00
2.97623420e+00
2.96841717e+00
3.00480938e+00
3.01798940e+00
2.99837804e+00
3.04744935e+00
3.00902891e+00
2.97016406e+00
2.93445754e+00
2.96966076e+00
3.04715848e+00
3.00367355e+00
3.02802920e+00
3.02832389e+00
3.02984262e+00
3.04115057e+00
3.04439449e+00
3.05189061e+00
3.03383756e+00
3.02239585e+00
3.04154587e+00
3.04568553e+00
3.04329324e+00
2.96593738e+00
2.96862078e+00
3.05002213e+00
3.03009629e+00
2.96965671e+00
3.02057719e+00
3.00842714e+00
3.05165339e+00
3.03768730e+00
2.99534726e+00
2.98868060e+00
2.93521190e+00
2.94064665e+00
2.93514824e+00
3.00112653e+00
3.04886532e+00
3.01049805e+00
2.95698476e+00
3.01705861e+00
2.97875500e+00
2.94204235e+00
2.92596269e+00
2.91634107e+00
2.92605877e+00
2.95548010e+00
2.99533677e+00
3.00226235e+00
3.00906467e+00
2.98449969e+00
2.91552544e+00
2.92459464e+00
2.99268293e+00
2.91403484e+00
2.89615655e+00
2.96884632e+00
2.88195300e+00
2.88857770e+00
2.91909480e+00
2.86562252e+00
2.91591859e+00
2.96450114e+00
2.89752460e+00
2.89334512e+00
2.85014248e+00
2.88263559e+00
2.86238623e+00
2.86605549e+00
2.84842515e+00
2.91750908e+00
2.84799075e+00
2.83554339e+00
2.87719345e+00
2.86463284e+00
2.78436661e+00
2.86153293e+00
2.83235407e+00
2.80398917e+00
2.80847144e+00
2.79486346e+00
2.84325194e+00
2.78656864e+00
2.80369425e+00
2.78584075e+00
2.76544523e+00
2.76616979e+00
2.75245595e+00
2.71716046e+00
2.72708678e+00
2.67559576e+00
2.71804547e+00
2.73045135e+00
2.67370486e+00
2.63996291e+00
2.67102647e+00
2.65320945e+00
2.61196923e+00
2.63038135e+00
2.62741423e+00
2.62553859e+00
2.55330682e+00
2.57723737e+00
2.59205770e+00
2.62153387e+00
2.62668753e+00
2.51790094e+00
2.49079895e+00
2.47394872e+00
2.49352193e+00
2.50501180e+00
2.51775408e+00
2.51478672e+00
2.44504976e+00
2.45892835e+00
2.43672824e+00
2.37983656e+00
2.39549041e+00
2.34260893e+00
2.33558941e+00
2.35462809e+00
2.35042000e+00
2.31001782e+00
2.34051991e+00
2.27153349e+00
2.24167514e+00
2.26166582e+00
2.21442890e+00
2.17345333e+00
2.16405153e+00
2.16693521e+00
2.09376597e+00
2.04913974e+00
2.04682851e+00
2.04608941e+00
2.00511694e+00
1.90136027e+00
1.94255400e+00
1.88193607e+00
1.86384034e+00
1.87156653e+00
1.84828150e+00
1.82547808e+00
1.81280839e+00
1.69407666e+00
1.60904181e+00
1.60281682e+00
1.59977782e+00
1.56717587e+00
1.48416066e+00
1.46709394e+00
1.43072426e+00
1.40780842e+00
1.32527077e+00
1.22348821e+00
1.15107191e+00
1.12374628e+00
1.16901124e+00
1.20677531e+00
1.24589384e+00
1.41609514e+00
1.46948791e+00
1.45454383e+00
1.46646333e+00
1.51861763e+00
1.57865608e+00
1.56238127e+00
1.66445899e+00
1.76923561e+00
1.75289595e+00
1.76219237e+00
1.80671024e+00
1.80303407e+00
1.83998942e+00
1.82515609e+00
1.87827170e+00
1.88438046e+00
1.93879628e+00
1.97512531e+00
1.95477295e+00
1.96895874e+00
2.03506732e+00
2.06832910e+00
2.09028649e+00
2.14873886e+00
2.12287807e+00
2.14866400e+00
2.14253378e+00
2.16005468e+00
2.18272686e+00
2.21470141e+00
2.30580235e+00
2.28107500e+00
2.25470328e+00
2.29535294e+00
2.28523326e+00
2.28162074e+00
2.29205990e+00
2.32361078e+00
2.34884095e+00
2.36449695e+00
2.36321211e+00
2.35356569e+00
2.35471654e+00
2.41568232e+00
2.45580673e+00
2.39907742e+00
2.37011957e+00
2.43322206e+00
2.46845913e+00
2.40140128e+00
2.46955824e+00
2.48355842e+00
2.45760775e+00
2.47711468e+00
2.48930454e+00
2.48562336e+00
2.49149919e+00
2.44551969e+00
2.46799088e+00
2.49310684e+00
2.49466658e+00
2.44319105e+00
2.52469277e+00
2.53945589e+00
2.47077274e+00
2.55254507e+00
2.51585531e+00
2.56198454e+00
2.56429362e+00
2.52063918e+00
2.53593159e+00
2.53345346e+00
2.57834125e+00
2.60649562e+00
2.56879854e+00
2.54864240e+00
2.56499481e+00
2.59218383e+00
2.64821076e+00
2.57333207e+00
2.55544162e+00
2.59052849e+00
2.63444757e+00
2.57658195e+00
2.59370303e+00
2.53152919e+00
2.54766440e+00
2.61769080e+00
2.60686159e+00
2.61199403e+00
2.60956097e+00
2.62339568e+00
2.58941889e+00
2.58806324e+00
2.56478691e+00
2.61322403e+00
2.58242154e+00
2.58019567e+00
2.56500602e+00
2.57228422e+00
2.62516713e+00
2.59675503e+00
2.62393880e+00
2.52554846e+00
2.56964326e+00
2.61234927e+00
2.59353042e+00
2.59804201e+00
2.62921691e+00
2.62530065e+00
2.63576794e+00
2.61719227e+00
2.61154318e+00
2.65283871e+00
2.63599515e+00
2.64349961e+00
2.64685273e+00
2.66615844e+00
2.64246011e+00
2.64710283e+00
2.65181637e+00
2.59926438e+00
2.59275889e+00
2.59834933e+00
2.56531978e+00
2.63053346e+00
2.63457251e+00
2.59949517e+00
2.60324383e+00
2.57547140e+00
2.60409427e+00
2.60800672e+00
2.59720540e+00
2.63526106e+00
2.64985824e+00
2.66330290e+00
2.63674688e+00
2.59445930e+00
2.58399248e+00
2.55173922e+00
2.61773562e+00
2.58201098e+00
2.56682062e+00
2.60411882e+00
2.64735556e+00
2.64173794e+00
2.62614584e+00
2.61775875e+00
2.60330105e+00
2.61377549e+00
2.64050984e+00
2.59386873e+00
2.55289102e+00
2.57670569e+00
2.62253547e+00
2.66295743e+00
2.57033205e+00
2.54920745e+00
2.53360534e+00
2.54927611e+00
2.58103943e+00
2.57820225e+00
2.57081676e+00
2.57787538e+00
2.56273437e+00
2.56594205e+00
2.56414366e+00
2.58406687e+00
2.61230803e+00
2.59323287e+00
2.56467581e+00
2.55801058e+00
2.59497857e+00
2.59209442e+00
2.56912065e+00
2.64106011e+00
2.60118318e+00
2.54631925e+00
2.59748006e+00
2.53741264e+00
2.58873796e+00
2.58154035e+00
2.62159920e+00
2.56816339e+00
2.56201243e+00
2.57999110e+00
2.54863787e+00
2.59587502e+00
2.51020408e+00
2.48776603e+00
2.56911659e+00
2.54271865e+00
2.57531810e+00
2.53854966e+00
2.55664563e+00
2.56046033e+00
2.55880690e+00
2.54327273e+00
2.58127952e+00
2.55309772e+00
2.56301737e+00
2.55571294e+00
2.53398585e+00
2.48492289e+00
2.55220985e+00
2.56645656e+00
2.50593448e+00
2.49392557e+00
2.54697108e+00
2.54782128e+00
2.49768233e+00
2.53566194e+00
2.50449157e+00
2.49053311e+00
2.56997442e+00
2.51909757e+00
2.48643160e+00
2.51316714e+00
2.49272370e+00
2.46057844e+00
2.54618311e+00
2.49589157e+00
2.51733422e+00
2.55104375e+00
2.46244216e+00
2.48435569e+00
2.54411316e+00
2.50244117e+00
2.47933817e+00
2.48522401e+00
2.51979518e+00
2.52454114e+00
2.52454662e+00
2.48336267e+00
2.50147891e+00
2.51399446e+00
2.49525809e+00
2.49006653e+00
2.51420069e+00
2.47624183e+00
2.46894550e+00
2.45727682e+00
2.49835062e+00
2.49045777e+00
2.47888422e+00
2.50487661e+00
2.46499562e+00
2.47436857e+00
2.45878029e+00
2.45973134e+00
2.46925735e+00
2.46006989e+00
2.42053580e+00
2.44966459e+00
2.42558503e+00
2.44849706e+00
2.47294831e+00
2.42371464e+00
2.45193768e+00
2.47063756e+00
2.46550965e+00
2.43278551e+00
2.43604803e+00
2.44903064e+00
2.40393186e+00
2.41029096e+00
2.41352463e+00
2.44829679e+00
2.43018889e+00
2.35831976e+00
2.44649768e+00
2.42701221e+00
2.43075037e+00
2.44846392e+00
2.40476155e+00
2.40845966e+00
2.35407424e+00
2.34853816e+00
2.40500522e+00
2.38866162e+00
2.38878942e+00
2.38941550e+00
2.38685060e+00
2.43369293e+00
2.41932034e+00
2.44408131e+00
2.42160559e+00
2.35546088e+00
2.34994483e+00
2.42647767e+00
2.37999845e+00
2.34537506e+00
2.38926840e+00
2.39491582e+00
2.37167430e+00
2.41452670e+00
2.39239645e+00
2.38678551e+00
2.40670848e+00
2.39166522e+00
2.38217568e+00
2.37691259e+00
2.35699201e+00
2.35668254e+00
2.37711859e+00
2.37270117e+00
2.36939692e+00
2.37212706e+00
2.36013150e+00
2.39263272e+00
2.38758755e+00
2.32695770e+00
2.34163332e+00
2.36100602e+00
2.41607904e+00
2.37321448e+00
2.33732820e+00
2.38540888e+00
2.32313609e+00
2.36878848e+00
2.38210654e+00
2.31431913e+00
2.31425738e+00
2.32501936e+00
2.31734967e+00
2.25686336e+00
2.30333376e+00
2.38074446e+00
2.35170507e+00
2.30717802e+00
2.28184056e+00
2.28943014e+00
2.34345675e+00
2.34950638e+00
2.30983543e+00
2.37601876e+00
2.34630919e+00
2.34511042e+00
2.34474611e+00
2.32856894e+00
2.30313301e+00
2.27978158e+00
2.32356882e+00
2.29743767e+00
2.30947733e+00
2.31939149e+00
2.27694416e+00
2.25036931e+00
2.28573418e+00
2.25756073e+00
2.23611808e+00
2.27833009e+00
2.30645943e+00
2.24193239e+00
2.27275062e+00
2.22139168e+00
2.23000526e+00
2.26913071e+00
2.25704980e+00
2.27221417e+00
2.27521825e+00
2.26220465e+00
2.22788644e+00
2.20463228e+00
2.21759748e+00
2.24115515e+00
2.24564767e+00
2.20180798e+00
2.25622106e+00
2.27942228e+00
2.25519061e+00
2.22266912e+00
2.20892262e+00
2.21055818e+00
2.16425395e+00
2.17584419e+00
2.23151875e+00
2.18586135e+00
2.16869259e+00
2.17421150e+00
2.15509748e+00
2.19043040e+00
2.20988393e+00
2.14304066e+00
2.18908715e+00
2.16872025e+00
2.18091273e+00
2.19565153e+00
2.18861461e+00
2.15940833e+00
2.24638581e+00
2.18998814e+00
2.14809632e+00
2.18808460e+00
2.17652631e+00
2.15865135e+00
2.14802980e+00
2.15044928e+00
2.12824345e+00
2.12683654e+00
2.11322927e+00
2.12430310e+00
2.13783908e+00
2.17785907e+00
2.10350823e+00
2.07719326e+00
2.09295440e+00
2.06069899e+00
2.12232351e+00
2.10196996e+00
2.03689528e+00
2.05609894e+00
2.11866212e+00
2.04679012e+00
2.10005331e+00
2.00404119e+00
2.00963855e+00
2.07428551e+00
2.03816104e+00
2.02053523e+00
1.98885882e+00
2.05014110e+00
2.02063823e+00
1.99013221e+00
1.98596418e+00
1.99790347e+00
1.97912049e+00
1.98440850e+00
1.97092795e+00
1.95373023e+00
1.92652965e+00
1.94114017e+00
1.90525579e+00
1.94384134e+00
1.93135798e+00
1.88086331e+00
1.92575634e+00
1.89882565e+00
1.86825037e+00
1.86748862e+00
1.85805750e+00
1.89139926e+00
1.87063849e+00
1.85339022e+00
1.82680559e+00
1.82027566e+00
1.80291963e+00
1.78925025e+00
1.80185020e+00
1.75363040e+00
1.74295330e+00
1.76149333e+00
1.72477818e+00
1.70860863e+00
1.74138916e+00
1.72433579e+00
1.64039183e+00
1.62863719e+00
1.63508952e+00
1.64746213e+00
1.59724045e+00
1.58850920e+00
1.62437606e+00
1.59434330e+00
1.57515407e+00
1.52024865e+00
1.47399175e+00
1.48954535e+00
1.46720076e+00
1.50555348e+00
1.53393316e+00
1.44190156e+00
1.38501191e+00
1.37742448e+00
1.37629771e+00
1.33387196e+00
1.29031670e+00
1.29098058e+00
1.27121484e+00
1.24231684e+00
1.18551457e+00
1.13058412e+00
1.11691248e+00
1.11646652e+00
1.05575466e+00
1.02555788e+00
9.67835188e-01
9.12967622e-01
9.61325407e-01
9.87534583e-01
1.00294006e+00
1.10397565e+00
1.13419676e+00
1.13823581e+00
1.19322741e+00
1.24192858e+00
1.26679695e+00
1.31460583e+00
1.29214060e+00
1.33233523e+00
1.35021055e+00
1.34264266e+00
1.36051142e+00
1.42956245e+00
1.41631937e+00
1.45236206e+00
1.47844136e+00
1.47176242e+00
1.50049531e+00
1.46569550e+00
1.51375937e+00
1.52554929e+00
1.53848433e+00
1.55208468e+00
1.55201328e+00
1.61778510e+00
1.54962969e+00
1.58885360e+00
1.61836815e+00
1.63894558e+00
1.66270626e+00
1.66070426e+00
1.62987339e+00
1.64769125e+00
1.69605505e+00
1.71458936e+00
1.71031976e+00
1.71300805e+00
1.69087481e+00
1.72444057e+00
1.77753806e+00
1.73548651e+00
1.72339809e+00
1.73222148e+00
1.76388121e+00
1.74410772e+00
1.78836870e+00
1.80975068e+00
1.77394176e+00
1.78392363e+00
1.83443761e+00
1.85476184e+00
1.85171342e+00
1.84276962e+00
1.85816717e+00
1.83026624e+00
1.84667909e+00
1.87613261e+00
1.89292395e+00
1.85961592e+00
1.85901749e+00
1.84809339e+00
1.83643329e+00
1.88371706e+00
1.90489125e+00
1.87186790e+00
1.86208832e+00
1.90545750e+00
1.85737944e+00
1.86301231e+00
1.90080690e+00
1.88525176e+00
1.89969087e+00
1.89068830e+00
1.83360052e+00
1.88180184e+00
1.91138339e+00
1.87965477e+00
1.86332464e+00
1.86728036e+00
1.92554414e+00
1.90940249e+00
1.89084637e+00
1.90675628e+00
1.87883985e+00
1.86983716e+00
1.90113652e+00
1.90295553e+00
1.87138665e+00
1.88321149e+00
1.89517224e+00
1.91689670e+00
1.92245126e+00
1.91018784e+00
1.91562903e+00
1.91031325e+00
1.88602209e+00
1.89124441e+00
1.91354799e+00
1.91937661e+00
1.89573514e+00
1.91948235e+00
1.93052161e+00
1.89130521e+00
1.94917333e+00
1.90028572e+00
1.89294612e+00
1.90840697e+00
1.90116966e+00
1.95531094e+00
1.93330431e+00
1.92552054e+00
1.90586078e+00
1.90914285e+00
1.89229357e+00
1.93206859e+00
1.93886626e+00
1.90786600e+00
1.89526176e+00
1.90494549e+00
1.91858959e+00
1.88444686e+00
1.90365791e+00
1.89852917e+00
1.92607284e+00
1.91052258e+00
1.89288330e+00
1.94856143e+00
1.94128811e+00
1.90805721e+00
1.89046669e+00
1.88732243e+00
1.90089297e+00
1.91938484e+00
1.93093228e+00
1.91170561e+00
1.87160873e+00
1.89166403e+00
1.92981493e+00
1.88420582e+00
1.89660347e+00
1.93650460e+00
1.92974472e+00
1.92311263e+00
1.92612600e+00
1.93332005e+00
1.93040168e+00
1.90323818e+00
1.91259897e+00
1.91697228e+00
1.92097223e+00
1.95928788e+00
1.91819572e+00
1.91292500e+00
1.90552998e+00
1.90182912e+00
1.88632929e+00
1.89644730e+00
1.86963308e+00
1.90605974e+00
1.88774025e+00
1.90508485e+00
1.94207644e+00
1.89536095e+00
1.90716136e+00
1.93342161e+00
1.89470971e+00
1.87556541e+00
1.90266335e+00
1.92933607e+00
1.90083921e+00
1.88106561e+00
1.88421524e+00
1.88249815e+00
1.88842952e+00
1.87339163e+00
1.87739861e+00
1.85551000e+00
1.87078714e+00
1.90294003e+00
1.88313150e+00
1.89697611e+00
1.88828063e+00
1.90921259e+00
1.89722180e+00
1.83940041e+00
1.85715783e+00
1.84279847e+00
1.85043585e+00
1.85848272e+00
1.85639358e+00
1.89019108e+00
1.87558854e+00
1.83663130e+00
1.91098773e+00
1.84952831e+00
1.86770463e+00
1.89025939e+00
1.85112405e+00
1.86987209e+00
1.86841321e+00
1.86489809e+00
1.86289191e+00
1.85663939e+00
1.85384429e+00
1.86697853e+00
1.86775351e+00
1.85847771e+00
1.85331321e+00
1.84889495e+00
1.87289917e+00
1.88063502e+00
1.83215988e+00
1.84519613e+00
1.86578643e+00
1.85469770e+00
1.82891190e+00
1.86997640e+00
1.86491013e+00
1.86868727e+00
1.87247348e+00
1.84426129e+00
1.83557379e+00
1.84290850e+00
1.82108188e+00
1.82498622e+00
1.84260893e+00
1.81840801e+00
1.81927562e+00
1.85682452e+00
1.86672759e+00
1.84489262e+00
1.82121408e+00
1.84306264e+00
1.85851514e+00
1.80802000e+00
1.84798157e+00
1.82845950e+00
1.82457519e+00
1.83501124e+00
1.82077837e+00
1.81959307e+00
1.81232250e+00
1.80503488e+00
1.81669235e+00
1.83513641e+00
1.81102049e+00
1.80004466e+00
1.83487129e+00
1.79186702e+00
1.80837107e+00
1.82745004e+00
1.79863226e+00
1.81357849e+00
1.83339953e+00
1.79731846e+00
1.79590023e+00
1.81063223e+00
1.79581773e+00
1.81463659e+00
1.79092979e+00
1.82114840e+00
1.81545556e+00
1.78375185e+00
1.76809943e+00
1.76263869e+00
1.81582415e+00
1.80367768e+00
1.78184831e+00
1.78597081e+00
1.72691989e+00
1.76322222e+00
1.75603890e+00
1.77134931e+00
1.76567423e+00
1.74687743e+00
1.77305782e+00
1.75275743e+00
1.76136076e+00
1.78008187e+00
1.76011896e+00
1.76556885e+00
1.79684532e+00
1.75514972e+00
1.77550185e+00
1.79554355e+00
1.77233088e+00
1.75430679e+00
1.75902998e+00
1.74546444e+00
1.79679477e+00
1.78005767e+00
1.77778220e+00
1.80662489e+00
1.76625407e+00
1.75534475e+00
1.75771821e+00
1.78052068e+00
1.79709101e+00
1.76624763e+00
1.76342988e+00
1.75745380e+00
1.76064301e+00
1.77719510e+00
1.75197351e+00
1.72598898e+00
1.73978674e+00
1.78157282e+00
1.78225672e+00
1.72842813e+00
1.74769437e+00
1.76230204e+00
1.73058391e+00
1.74607682e+00
1.73285401e+00
1.75046933e+00
1.73687077e+00
1.74482477e+00
1.74270701e+00
1.70597661e+00
1.74048197e+00
1.72690415e+00
1.74411023e+00
1.74381971e+00
1.72277451e+00
1.76706135e+00
1.70567477e+00
1.74026060e+00
1.77496243e+00
1.72893035e+00
1.68656993e+00
1.74296188e+00
1.72191405e+00
1.75188053e+00
1.71850395e+00
1.67360222e+00
1.71030927e+00
1.70782292e+00
1.70945585e+00
1.69142056e+00
1.67179918e+00
1.68337667e+00
1.68563306e+00
1.68223238e+00
1.67989624e+00
1.70235062e+00
1.67869604e+00
1.69351411e+00
1.71713686e+00
1.68819320e+00
1.69052958e+00
1.65802169e+00
1.70791852e+00
1.70857394e+00
1.63798177e+00
1.65712786e+00
1.66334331e+00
1.68600607e+00
1.69675112e+00
1.70898330e+00
1.67870760e+00
1.67930639e+00
1.68810260e+00
1.68835437e+00
1.65495336e+00
1.66815007e+00
1.67055881e+00
1.68704200e+00
1.67863238e+00
1.66387582e+00
1.65835464e+00
1.65813470e+00
1.66616189e+00
1.67619967e+00
1.69071460e+00
1.66949773e+00
1.62852204e+00
1.64842522e+00
1.67799926e+00
1.62321830e+00
1.66666794e+00
1.67198908e+00
1.64754653e+00
1.67133820e+00
1.68825221e+00
1.65964174e+00
1.67267454e+00
1.65361404e+00
1.66214013e+00
1.65792704e+00
1.64468777e+00
1.67296827e+00
1.66733313e+00
1.64347684e+00
1.63848150e+00
1.62604105e+00
1.63548374e+00
1.65609837e+00
1.65447259e+00
1.62903488e+00
1.63212597e+00
1.63558924e+00
1.61962426e+00
1.58169258e+00
1.63511539e+00
1.63446581e+00
1.59532225e+00
1.60179901e+00
1.61889112e+00
1.62174451e+00
1.59671044e+00
1.61616325e+00
1.62913918e+00
1.62089527e+00
1.64051735e+00
1.63178480e+00
1.64007282e+00
1.64296234e+00
1.63653910e+00
1.60836887e+00
1.59087384e+00
1.58107662e+00
1.59448135e+00
1.61743724e+00
1.62892437e+00
1.62574148e+00
1.63225996e+00
1.61724472e+00
1.57602215e+00
1.62382901e+00
1.62724447e+00
1.59721816e+00
1.60992992e+00
1.63582003e+00
1.60536122e+00
1.59509683e+00
1.61515427e+00
1.61942327e+00
1.62049830e+00
1.58548272e+00
1.59058762e+00
1.65967607e+00
1.60237241e+00
1.55811775e+00
1.61871672e+00
1.62053931e+00
1.58741271e+00
1.55469704e+00
1.57051373e+00
1.59466970e+00
1.59349620e+00
1.58854878e+00
1.56390607e+00
1.57029712e+00
1.58988297e+00
1.58252192e+00
1.58785284e+00
1.59516132e+00
1.57375598e+00
1.55889547e+00
1.55661941e+00
1.55745173e+00
1.58101976e+00
1.60621786e+00
1.59528649e+00
1.60522580e+00
1.59049976e+00
1.55855632e+00
1.56823111e+00
1.59197366e+00
1.60498261e+00
1.58705926e+00
1.56546688e+00
1.56292975e+00
1.58751190e+00
1.57221198e+00
1.53828788e+00
1.55159485e+00
1.56261992e+00
1.56592524e+00
1.52385831e+00
1.54353249e+00
1.57285821e+00
1.53173232e+00
1.51451755e+00
1.55471385e+00
1.56180263e+00
1.53626180e+00
1.60454917e+00
1.55160928e+00
1.51526487e+00
1.52268219e+00
1.51279569e+00
1.54054773e+00
1.54242885e+00
1.56687307e+00
1.54634130e+00
1.54398537e+00
1.54907346e+00
1.52364600e+00
1.51000512e+00
1.55459464e+00
1.53384054e+00
1.51101625e+00
1.51940286e+00
1.52259433e+00
1.51104558e+00
1.57912016e+00
1.57549286e+00
1.53073299e+00
1.49465251e+00
1.50266075e+00
1.55364656e+00
1.52151287e+00
1.51150274e+00
1.52993143e+00
1.54089177e+00
1.52971280e+00
1.52874529e+00
1.48093724e+00
1.50608361e+00
1.54472172e+00
1.51446557e+00
1.50827348e+00
1.45562708e+00
1.47727275e+00
1.51164961e+00
1.51484811e+00
1.49109292e+00
1.48716617e+00
1.46696568e+00
1.51402080e+00
1.50269830e+00
1.48770380e+00
1.52991343e+00
1.48730183e+00
1.46911585e+00
1.49698615e+00
1.51063335e+00
1.50202811e+00
1.53140509e+00
1.52070689e+00
1.49426174e+00
1.50977254e+00
1.46347606e+00
1.46594560e+00
1.49755478e+00
1.47775233e+00
1.45690894e+00
1.47280252e+00
1.49696708e+00
1.47268999e+00
1.44752824e+00
1.46824157e+00
1.46175098e+00
1.43723583e+00
1.47431195e+00
1.47682428e+00
1.44478071e+00
1.50281560e+00
1.48625767e+00
1.47341406e+00
1.46247280e+00
1.44453776e+00
1.43550372e+00
1.47644615e+00
1.50046062e+00
1.47205687e+00
1.46083105e+00
1.45524132e+00
1.44814670e+00
1.46089053e+00
1.44664121e+00
1.49066365e+00
1.45343137e+00
1.40068018e+00
1.46621048e+00
1.45884442e+00
1.46051979e+00
1.44416857e+00
1.43940020e+00
1.46695268e+00
1.41386783e+00
1.41258502e+00
1.44463086e+00
1.42685544e+00
1.42567050e+00
1.45533192e+00
1.44891226e+00
1.45020187e+00
1.46010518e+00
1.46560097e+00
1.49346209e+00
1.33451664e+00
1.18708503e+00
1.45589972e+00
1.49590254e+00
1.41419590e+00
1.45239890e+00
1.45005000e+00
1.42831612e+00
1.42101359e+00
1.44740736e+00
1.41978216e+00
1.42108607e+00
1.44191360e+00
1.45171344e+00
1.44566011e+00
1.43852770e+00
1.43203616e+00
1.41695476e+00
1.39072716e+00
1.39428711e+00
1.41639531e+00
1.37995934e+00
1.41975141e+00
1.42254674e+00
1.43272245e+00
1.43540490e+00
1.40265238e+00
1.40485668e+00
1.41666698e+00
1.41401303e+00
1.41311848e+00
1.40331852e+00
1.36970651e+00
1.40143323e+00
1.40818620e+00
1.42751694e+00
1.43475854e+00
1.39993107e+00
1.38111043e+00
1.44999349e+00
1.39384949e+00
1.37241650e+00
1.41952920e+00
1.41804564e+00
1.39819789e+00
1.40252900e+00
1.37827623e+00
1.41388428e+00
1.42520022e+00
1.38792264e+00
1.41925538e+00
1.39419019e+00
1.40111566e+00
1.42031980e+00
1.38731849e+00
1.35340297e+00
1.39990234e+00
1.41663504e+00
1.42210352e+00
1.39146721e+00
1.34997547e+00
1.36088014e+00
1.37658286e+00
1.40205216e+00
1.39548683e+00
1.34805393e+00
1.34930229e+00
1.37178600e+00
1.38515377e+00
1.38989472e+00
1.42664862e+00
1.40631378e+00
1.37495089e+00
1.38572228e+00
1.38135564e+00
1.34463155e+00
1.35969532e+00
1.35845661e+00
1.33124173e+00
1.34863043e+00
1.36128259e+00
1.34724355e+00
1.37146926e+00
1.37132728e+00
1.34960389e+00
1.37267268e+00
1.39423978e+00
1.33833086e+00
1.36983132e+00
1.36919308e+00
1.36868036e+00
1.37195683e+00
1.32473934e+00
1.34194922e+00
1.35315657e+00
1.36654246e+00
1.36843157e+00
1.36303639e+00
1.35588670e+00
1.37104893e+00
1.30601466e+00
1.32292581e+00
1.36750722e+00
1.35819960e+00
1.35132170e+00
1.33308470e+00
1.32470143e+00
1.34287369e+00
1.35296702e+00
1.34506476e+00
1.36203873e+00
1.32922232e+00
1.31618941e+00
1.32584047e+00
1.33907592e+00
1.30713308e+00
1.32509804e+00
1.31831455e+00
1.32335985e+00
1.32510245e+00
1.30443609e+00
1.33448887e+00
1.35670745e+00
1.32870698e+00
1.30843043e+00
1.28727114e+00
1.30718803e+00
1.31506240e+00
1.29628050e+00
1.30796957e+00
1.29920471e+00
1.28576839e+00
1.27918434e+00
1.28446090e+00
1.32084560e+00
1.30905819e+00
1.31891406e+00
1.33019853e+00
1.32433236e+00
1.29031920e+00
1.33124316e+00
1.31866944e+00
1.31946135e+00
1.29064417e+00
1.29667306e+00
1.33170283e+00
1.26764691e+00
1.31658542e+00
1.32462299e+00
1.29341078e+00
1.29108095e+00
1.30218577e+00
1.31304741e+00
1.31314373e+00
1.31363106e+00
1.30327117e+00
1.30050159e+00
1.30308139e+00
1.27395594e+00
1.29883301e+00
1.27936780e+00
1.28820479e+00
1.31182194e+00
1.30514240e+00
1.24369538e+00
1.26803756e+00
1.26077163e+00
1.24736202e+00
1.25985885e+00
1.25174367e+00
1.28122509e+00
1.24201393e+00
1.28555405e+00
1.29395199e+00
1.27107322e+00
1.26884866e+00
1.29513991e+00
1.27366722e+00
1.29223490e+00
1.28253269e+00
1.26368093e+00
1.28307247e+00
1.26128221e+00
1.27482378e+00
1.21918631e+00
1.19477201e+00
1.24670863e+00
1.26955104e+00
1.23986244e+00
1.25939918e+00
1.23399377e+00
1.24542558e+00
1.26921058e+00
1.22001076e+00
1.29750204e+00
1.23432410e+00
1.26050079e+00
1.28405344e+00
1.25035036e+00
1.24694693e+00
1.21937096e+00
1.28177869e+00
1.25857437e+00
1.22703719e+00
1.21540749e+00
1.24414170e+00
1.19512951e+00
1.23721480e+00
1.24448931e+00
1.24677789e+00
1.26023376e+00
1.23606503e+00
1.27769125e+00
1.22245598e+00
1.22810245e+00
1.22186244e+00
1.21249664e+00
1.23054278e+00
1.23058641e+00
1.22629666e+00
1.24707651e+00
1.24711037e+00
1.23575056e+00
1.25623810e+00
1.26411688e+00
1.28088820e+00
1.21284926e+00
1.21771932e+00
1.24966848e+00
1.24582648e+00
1.21813619e+00
1.19332707e+00
1.19167876e+00
1.21690226e+00
1.22473705e+00
1.20616710e+00
1.18970215e+00
1.09806240e+00
1.13727927e+00
1.22106361e+00
1.21272969e+00
1.17106950e+00
1.17035258e+00
1.19144297e+00
1.16700053e+00
1.21157837e+00
1.26437306e+00
1.22308004e+00
1.26506078e+00
1.20085156e+00
1.22674108e+00
1.20717061e+00
1.17344010e+00
1.23498929e+00
1.22404218e+00
1.21304846e+00
1.23826027e+00
1.22933471e+00
1.22480977e+00
1.23081815e+00
1.15463662e+00
1.16985202e+00
1.20853364e+00
1.19848979e+00
1.21007979e+00
1.23176372e+00
1.18813789e+00
1.16185057e+00
1.16925955e+00
1.19494665e+00
1.20233953e+00
1.23457193e+00
1.20983708e+00
1.19960928e+00
1.19053102e+00
1.19816983e+00
1.18427253e+00
1.17384899e+00
1.20313597e+00
1.18822932e+00
1.20427036e+00
1.20098591e+00
1.18212724e+00
1.20209551e+00
1.22998023e+00
1.18055022e+00
1.15859187e+00
1.17748427e+00
1.18743920e+00
1.17496336e+00
1.19461274e+00
1.17833376e+00
1.21309578e+00
1.22449613e+00
1.18964446e+00
1.16618001e+00
1.15428925e+00
1.17923880e+00
1.18287528e+00
1.17822659e+00
1.15301299e+00
1.16687393e+00
1.18010676e+00
1.16674256e+00
1.17821014e+00
1.17570734e+00
1.16689992e+00
1.16807473e+00
1.18581021e+00
1.12742925e+00
1.15894687e+00
1.16907859e+00
1.13867533e+00
1.19261718e+00
1.19321978e+00
1.18171775e+00
1.19296658e+00
1.14310539e+00
1.11999238e+00
1.14622450e+00
1.14342928e+00
1.21177733e+00
1.18308890e+00
1.19773483e+00
1.22472894e+00
1.17014003e+00
1.16011655e+00
1.16152322e+00
1.18365180e+00
1.15579748e+00
1.14952123e+00
1.17090726e+00
1.13934422e+00
1.12768781e+00
1.17208791e+00
1.15694165e+00
1.11252975e+00
1.14560258e+00
1.12695611e+00
1.14765024e+00
1.15568304e+00
1.12673700e+00
1.10291660e+00
1.12552285e+00
1.15539253e+00
1.11614227e+00
1.10018516e+00
1.14437878e+00
1.15381491e+00
1.14143550e+00
1.07382810e+00
1.14690411e+00
1.11943197e+00
1.09558070e+00
1.13690901e+00
1.15226781e+00
1.13598013e+00
1.10111558e+00
1.13113415e+00
1.12665439e+00
1.10943305e+00
1.12467194e+00
1.10382354e+00
1.16477418e+00
1.12407351e+00
1.10915887e+00
1.13504195e+00
1.10597134e+00
1.10461235e+00
1.13415289e+00
1.15184259e+00
1.14145231e+00
1.10724401e+00
1.06396842e+00
1.13467753e+00
1.11001384e+00
1.10462451e+00
1.15494633e+00
1.14677751e+00
1.08281970e+00
1.10871136e+00
1.08190358e+00
1.10247135e+00
1.13418007e+00
1.12355936e+00
1.08744097e+00
1.13521850e+00
1.13456082e+00
1.12677658e+00
1.08511853e+00
1.07963622e+00
1.15251422e+00
1.13551795e+00
1.10046458e+00
1.07224596e+00
1.07559991e+00
1.09899867e+00
1.13168514e+00
1.09461081e+00
1.09773493e+00
1.10098457e+00
1.09763336e+00
1.10544980e+00
1.06793594e+00
1.09256423e+00
1.09727490e+00
1.09658420e+00
1.08632958e+00
1.08964920e+00
1.11082995e+00
1.09101367e+00
1.07827008e+00
1.10190892e+00
1.10164976e+00
1.07262003e+00
1.07392287e+00
1.09494400e+00
1.11709177e+00
1.09715128e+00
1.07131910e+00
1.06676376e+00
1.10320354e+00
1.09579611e+00
1.06086349e+00
1.06196237e+00
1.08208239e+00
1.07766950e+00
1.06935334e+00
1.09215891e+00
1.09585011e+00
1.03383589e+00
1.00000000e+00
1.04985940e+00
1.02740324e+00
1.06365156e+00
1.03670168e+00
1.05306113e+00
1.08120894e+00
1.07145917e+00
1.05118513e+00
1.02948534e+00
1.03222787e+00
1.03613853e+00
1.02477908e+00
1.05299675e+00
1.08548415e+00
1.02003884e+00
1.03880775e+00
1.05551589e+00
1.05368209e+00
1.02577341e+00
1.03606212e+00
1.07195175e+00
1.06426430e+00
1.03653824e+00
1.06070030e+00
1.06569421e+00
1.03378403e+00
1.04960489e+00
1.06754065e+00
1.05606067e+00
1.04621494e+00
1.05539763e+00
1.07690716e+00
9.91982877e-01
1.03392923e+00
1.02692044e+00
1.01750386e+00
1.01817286e+00
1.02358019e+00
1.07782042e+00
1.08414030e+00
1.06632113e+00
1.02363443e+00
1.00210190e+00
1.00207555e+00
1.06530046e+00
1.02603877e+00
9.98998582e-01
1.02032709e+00
1.05010545e+00
1.03564274e+00
1.02477753e+00
1.03070188e+00
1.00804996e+00
1.01061726e+00
1.05494666e+00
1.06239486e+00
1.05973673e+00
1.01837850e+00
1.01839590e+00
9.92793798e-01
9.85807896e-01
1.02730525e+00
1.03058183e+00
9.90464985e-01
1.00221229e+00
1.02467179e+00
1.02650785e+00
1.00909483e+00
1.03015208e+00
9.73749816e-01
9.98780191e-01
1.02323997e+00
1.00947082e+00
1.02378988e+00
9.94545400e-01
1.00303030e+00
9.96440887e-01
9.85339761e-01
9.96883690e-01
9.94741619e-01
1.01047146e+00
1.04463518e+00
1.02463984e+00
1.00195730e+00
1.00797975e+00
1.03132057e+00
1.01209044e+00
1.05371821e+00
1.02104473e+00
9.62968588e-01
9.85540986e-01
1.02011287e+00
9.87820208e-01
1.01142883e+00
1.01910877e+00
9.64065373e-01
9.12789881e-01
9.81459856e-01
1.08678269e+00
1.00961983e+00
7.66579330e-01
9.01670396e-01
1.12385046e+00
1.11348999e+00
1.03033257e+00
9.22624886e-01
9.21868742e-01
9.48561728e-01
9.81860340e-01
1.00740635e+00
9.78199840e-01
9.71809685e-01
9.84887600e-01
9.98397291e-01
9.72281694e-01
9.68106389e-01
9.87121880e-01
9.49408770e-01
9.83058870e-01
9.94336903e-01
9.64409053e-01
9.61645722e-01
9.69093680e-01
1.00169730e+00
9.88881528e-01
9.72138286e-01
9.82391179e-01
9.62245226e-01
9.70431209e-01
9.86187994e-01
9.49525356e-01
9.34739649e-01
9.59221601e-01
9.74907517e-01
9.83374298e-01
9.52527761e-01
9.58491802e-01
9.72276509e-01
9.36625361e-01
9.56564724e-01
9.44848061e-01
9.20767426e-01
9.46305215e-01
9.38785076e-01
9.40541208e-01
9.96917784e-01
9.35212016e-01
9.70781863e-01
9.58655655e-01
9.57903862e-01
9.53893244e-01
9.13723469e-01
9.68335509e-01
9.40479875e-01
9.47132885e-01
9.37757313e-01
9.32541192e-01
9.46011603e-01
9.53521788e-01
9.34960127e-01
9.29041445e-01
9.37159956e-01
9.31505919e-01
9.09898579e-01
9.47207093e-01
9.37979221e-01
9.33914840e-01
9.32258129e-01
9.21977937e-01
9.32387769e-01
9.09079731e-01
9.37182009e-01
9.58670259e-01
9.30938303e-01
9.29978609e-01
9.59323287e-01
9.37505424e-01
9.28125978e-01
9.12337303e-01
8.92808914e-01
9.28351223e-01
9.42291856e-01
9.13710654e-01
9.12599206e-01
8.88301075e-01
9.01174307e-01
9.10214841e-01
8.87844682e-01
9.36403155e-01
9.09214854e-01
8.76576543e-01
8.98566067e-01
9.19689775e-01
9.22787786e-01
9.19636011e-01
8.98564100e-01
9.30669367e-01
9.34353888e-01
8.98051739e-01
8.87130439e-01
8.87249589e-01
8.77193570e-01
8.94484401e-01
8.95908117e-01
8.71607840e-01
8.58640850e-01
8.94261181e-01
8.78722847e-01
8.74981701e-01
8.82198930e-01
8.69383216e-01
8.57484937e-01
9.20526206e-01
8.82351160e-01
8.59763265e-01
8.75052810e-01
8.69166374e-01
8.75676692e-01
8.63710165e-01
8.53668511e-01
8.36880744e-01
8.18041027e-01
8.40772748e-01
8.22897434e-01
8.42118800e-01
8.34671378e-01
8.38863134e-01
8.37063968e-01
8.43251646e-01
8.42397928e-01
8.46977115e-01
8.24298680e-01
7.56575465e-01
7.88403869e-01
8.38473976e-01
7.85306334e-01
8.02288830e-01
8.45484853e-01
8.28983903e-01
8.04295123e-01
8.17063630e-01
8.20682585e-01
7.70219505e-01
7.83629894e-01
7.79165149e-01
7.58536994e-01
7.53029048e-01
7.64212787e-01
7.56044805e-01
7.77227342e-01
7.68544197e-01
7.44506180e-01
7.34894693e-01
7.49966204e-01
7.42866695e-01
7.68036783e-01
7.37689734e-01
7.23677695e-01
7.21188188e-01
6.88360810e-01
6.81292415e-01
6.64669275e-01
6.80402398e-01
6.88179433e-01
6.73432350e-01
6.61913216e-01
6.69909179e-01
6.48129225e-01
6.00904107e-01
5.79010487e-01
5.82004905e-01
5.98631084e-01
5.90219796e-01
4.93928015e-01
4.94761288e-01
5.27438998e-01
4.83169734e-01
4.78246272e-01
5.58020294e-01
5.54460824e-01
5.67235112e-01
5.98292172e-01
5.93445778e-01
6.02604091e-01
5.93967617e-01
6.36240661e-01
6.38387561e-01
6.64905250e-01
6.57891273e-01
6.55241251e-01
6.80443227e-01
6.53718054e-01
6.79314852e-01
7.16190815e-01
6.89937890e-01
6.77237511e-01
7.27094114e-01
7.07940161e-01
6.80467069e-01
6.97570145e-01
7.19507217e-01
7.32474864e-01
6.91623092e-01
7.28411555e-01
7.49259889e-01
7.47951150e-01
7.61656761e-01
7.72141337e-01
7.83217907e-01
7.49796391e-01
7.44166315e-01
7.58695900e-01
7.60134339e-01
7.67787337e-01
7.53384411e-01
7.39961386e-01
7.94680417e-01
7.86920249e-01
7.71684229e-01
7.88482130e-01
7.87859917e-01
7.87387371e-01
7.74395168e-01
8.06362152e-01
8.18376660e-01
7.71870673e-01
7.80155361e-01
7.76557207e-01
7.88669348e-01
8.08361411e-01
8.38800371e-01
8.09767962e-01
8.00297797e-01
7.77836859e-01
7.98584044e-01
7.87787199e-01
7.80399919e-01
8.16782594e-01
8.10181320e-01
7.89577842e-01
7.94225574e-01
7.90704787e-01
7.85336018e-01
8.05351675e-01
8.30782473e-01
8.11972737e-01
7.99860358e-01
8.11656177e-01
8.13170433e-01
8.01430583e-01
7.72449374e-01
7.87730753e-01
8.21687341e-01
8.15527678e-01
8.22984338e-01
8.32027435e-01
8.06624353e-01
8.06218982e-01
8.07794392e-01
8.22455645e-01
8.10869753e-01
7.93746531e-01
8.41174006e-01
7.98506200e-01
8.26540411e-01
8.08488846e-01
7.84432113e-01
8.21409404e-01
7.90873349e-01
8.14517438e-01
8.03117275e-01
7.97689378e-01
7.82555461e-01
7.69161522e-01
7.94855356e-01
7.97400773e-01
7.95240760e-01
8.10628951e-01
8.18718195e-01
8.22583735e-01
7.85000503e-01
7.81701326e-01
8.03212345e-01
7.99745440e-01
7.72179306e-01
7.96875536e-01
7.98308969e-01
8.04702461e-01
7.91728199e-01
7.68913746e-01
7.95821190e-01
7.91005731e-01
7.97539890e-01
8.00800800e-01
7.98570812e-01
7.89747179e-01
8.01714599e-01
7.86668539e-01
8.09414744e-01
8.04989815e-01
7.95720935e-01
8.00595641e-01
7.80189931e-01
7.95797765e-01
8.16734552e-01
7.71695197e-01
7.50404060e-01
7.86915123e-01
8.17269266e-01
7.87050486e-01
7.65275955e-01
7.91313529e-01
7.91152477e-01
7.95432091e-01
7.97647476e-01
8.07472348e-01
8.25084984e-01
7.89888501e-01
8.40741992e-01
8.25043261e-01
7.94528186e-01
7.90808856e-01
7.76913762e-01
7.73565173e-01
7.79390335e-01
7.74565756e-01
7.64762819e-01
8.06307912e-01
7.69622922e-01
7.53025413e-01
7.75575280e-01
7.86916792e-01
7.69598603e-01
7.74873972e-01
7.84183443e-01
7.79422939e-01
8.04718852e-01
7.84973621e-01
7.71755874e-01
7.91527152e-01
7.64829934e-01
7.63796806e-01
7.75283098e-01
8.05683076e-01
7.91017771e-01
7.33879387e-01
7.66645253e-01
7.55811512e-01
7.50227809e-01
7.67847300e-01
7.59649754e-01
7.05042958e-01
7.84213483e-01
7.49036133e-01
7.69341230e-01
7.89518178e-01
7.69376159e-01
7.78078496e-01
7.70019650e-01
7.61888146e-01
7.50638008e-01
7.59573221e-01
7.60749102e-01
7.58306026e-01
7.82683194e-01
7.66770780e-01
7.48808205e-01
7.59670198e-01
7.52438903e-01
7.20033944e-01
7.50695944e-01
7.63941586e-01
7.43479252e-01
7.64815092e-01
7.80793428e-01
7.23413229e-01
7.43449748e-01
7.80520856e-01
7.49290764e-01
7.51321375e-01
7.76539147e-01
7.48850763e-01
7.93788970e-01
7.77005613e-01
7.62919784e-01
7.57496238e-01
7.59341538e-01
7.64073253e-01
7.52604067e-01
7.34998882e-01
7.55863190e-01
7.72039711e-01
7.41376460e-01
7.46414781e-01
7.44369686e-01
7.42298365e-01
7.57112622e-01
7.67450929e-01
7.54938066e-01
7.54580379e-01
7.56140530e-01
7.44790256e-01
7.43805468e-01
7.37201035e-01
7.38755822e-01
7.73408413e-01
7.18157768e-01
7.32841253e-01
7.32056677e-01
7.23882675e-01
7.55120754e-01
7.52879024e-01
7.28978276e-01
7.63043284e-01
7.60035872e-01
7.33703494e-01
7.15277672e-01
7.54015505e-01
7.40421772e-01
7.22502053e-01
7.15836406e-01
7.38196135e-01
7.48487651e-01
7.06938744e-01
7.33400345e-01
7.39984274e-01
7.32327878e-01
7.34350145e-01
7.20094144e-01
7.13208616e-01
7.24320710e-01
7.11383760e-01
7.36243248e-01
7.34325469e-01
7.22602010e-01
7.50420094e-01
7.19732881e-01
6.93699121e-01
7.22311735e-01
7.18554676e-01
7.03384101e-01
7.48599648e-01
7.24181533e-01
7.16548741e-01
7.39150941e-01
7.27529824e-01
7.06067801e-01
7.27331281e-01
7.34122574e-01
7.29606688e-01
7.22200572e-01
7.18681276e-01
7.20908642e-01
7.06010401e-01
6.95858002e-01
7.22866833e-01
7.29976296e-01
7.09992051e-01
7.23727465e-01
7.44626999e-01
7.03763783e-01
7.18967915e-01
7.10939169e-01
7.01255322e-01
7.19707012e-01
7.20240295e-01
7.01043069e-01
7.09727526e-01
6.88712418e-01
7.04335868e-01
7.28850961e-01
7.09849179e-01
6.85045004e-01
7.14176595e-01
7.32475400e-01
7.25150228e-01
7.10875809e-01
7.02620864e-01
7.14919209e-01
7.09237158e-01
7.20848739e-01
7.10108399e-01
6.95700169e-01
7.18350589e-01
7.12037325e-01
6.98797643e-01
6.99173689e-01
6.88195646e-01
6.96525872e-01
7.05520213e-01
6.73759878e-01
6.82647765e-01
7.03145325e-01
6.95042193e-01
6.87355399e-01
6.86890483e-01
6.84816539e-01
6.78469121e-01
6.80249631e-01
6.94901884e-01
6.83816791e-01
6.76744878e-01
6.75589263e-01
6.82509184e-01
6.90133274e-01
7.09605873e-01
7.02952325e-01
6.81331575e-01
6.95390761e-01
6.95508003e-01
6.88089848e-01
7.00775862e-01
7.04144597e-01
6.80930674e-01
6.69506371e-01
6.83320880e-01
6.91495836e-01
6.80858731e-01
6.68168008e-01
6.88891292e-01
7.04583704e-01
6.96982861e-01
6.80487275e-01
6.89447105e-01
7.08647788e-01
6.95710182e-01
6.89345658e-01
6.91959918e-01
6.91518366e-01
6.92976713e-01
6.85001612e-01
6.74552083e-01
6.89838707e-01
6.65462017e-01
6.82155788e-01
6.87108874e-01
6.68125570e-01
6.79873943e-01
6.57356143e-01
6.77854180e-01
6.78535581e-01
6.77812874e-01
6.84247613e-01
6.83698893e-01
6.76761448e-01
6.87097490e-01
6.64542139e-01
6.61033273e-01
6.77507937e-01
6.63548470e-01
6.61934674e-01
6.67159379e-01
6.57849848e-01
6.44237816e-01
6.52195334e-01
6.69439733e-01
6.53915524e-01
6.55493557e-01
6.43977523e-01
6.62073493e-01
6.69080019e-01
6.58542931e-01
6.70042574e-01
6.87852859e-01
6.68481290e-01
6.71608865e-01
6.84871733e-01
6.59103692e-01
6.91144049e-01
6.60262167e-01
6.36381269e-01
6.67290926e-01
6.69707417e-01
6.39941454e-01
6.52337313e-01
6.60723150e-01
6.43692434e-01
6.49383485e-01
6.59343362e-01
6.62874639e-01
6.76982045e-01
6.56081080e-01
6.44770861e-01
6.29846394e-01
6.45638227e-01
6.75349236e-01
6.85604334e-01
6.47795737e-01
6.44459128e-01
6.56666875e-01
6.55253530e-01
6.53141081e-01
6.84295774e-01
6.45324647e-01
6.39254034e-01
6.40564263e-01
6.41457498e-01
6.61067903e-01
6.37943327e-01
6.35506034e-01
6.32136226e-01
6.48851752e-01
6.43061697e-01
6.34093702e-01
6.27658725e-01
6.22816026e-01
6.60339832e-01
6.59135461e-01
6.23408318e-01
6.38666689e-01
6.53785348e-01
6.47064388e-01
6.50180578e-01
6.49098158e-01
6.39062166e-01
6.45417392e-01
6.33393884e-01
6.34101450e-01
6.31637692e-01
6.35170102e-01
6.50445402e-01
6.58485234e-01
6.31457508e-01
6.51472807e-01
6.45101428e-01
6.09216452e-01
6.24094307e-01
6.44768000e-01
6.05602562e-01
6.20258570e-01
6.39782071e-01
6.40873253e-01
6.33904397e-01
6.11657202e-01
6.03154361e-01
6.42202437e-01
6.55724287e-01
6.38683915e-01
6.25109553e-01
6.35273993e-01
6.15964353e-01
6.34430826e-01
6.40517712e-01
6.34657383e-01
6.51803017e-01
6.31240249e-01
5.73642015e-01
5.94255090e-01
6.18730307e-01
6.30823612e-01
6.30029917e-01
6.58571661e-01
6.33222878e-01
6.22498214e-01
6.37212455e-01
6.17535472e-01
6.12647533e-01
6.42346203e-01
6.20451629e-01
6.53747439e-01
6.41457438e-01
6.16579056e-01
6.19881868e-01
6.20619595e-01
6.18082523e-01
6.22638226e-01
6.45512044e-01
6.36758327e-01
6.17016852e-01
6.18977010e-01
6.33522391e-01
6.25828087e-01
6.19090319e-01
6.18377328e-01
5.99723577e-01
6.36488438e-01
6.04350567e-01
5.83480716e-01
6.24407947e-01
6.17376864e-01
5.90645194e-01
6.17363870e-01
6.20163441e-01
6.04533792e-01
6.06677353e-01
6.18829846e-01
6.20649576e-01
6.35473251e-01
6.01940155e-01
5.96919179e-01
6.21690989e-01
6.26563370e-01
6.21077836e-01
6.11864448e-01
6.02502227e-01
6.36170924e-01
6.08685613e-01
5.85874021e-01
6.03567779e-01
6.11030817e-01
6.12089932e-01
6.20694399e-01
6.01176858e-01
6.03228390e-01
6.28034949e-01
5.99717200e-01
6.13814771e-01
6.06221259e-01
6.11731827e-01
6.06777489e-01
5.86103380e-01
6.04601026e-01
6.09409571e-01
5.85599363e-01
6.00067556e-01
5.99146128e-01
5.85910022e-01
6.01596177e-01
5.84856987e-01
5.92176557e-01
5.81644535e-01
5.94518065e-01
6.16927385e-01
5.96409380e-01
5.88017225e-01
6.17846251e-01
6.20964289e-01
6.05868161e-01
5.95993757e-01
6.05595648e-01
6.07545614e-01
5.75979233e-01
5.76498449e-01
5.91582239e-01
5.83018243e-01
5.89493930e-01
5.99355876e-01
5.95493793e-01
5.85755348e-01
5.79369545e-01
6.03187621e-01
6.15909517e-01
5.59953153e-01
5.65742314e-01
5.76755822e-01
5.89877307e-01
5.84173620e-01
5.78139424e-01
5.80089808e-01
5.88108838e-01
5.83418608e-01
5.85300863e-01
6.08516872e-01
5.95125020e-01
5.89677691e-01
5.85295618e-01
6.02847815e-01
5.86994529e-01
5.65684438e-01
5.84240913e-01
5.96527994e-01
5.72878540e-01
5.99626958e-01
6.06707811e-01
5.68535149e-01
5.68822324e-01
5.75706899e-01
5.71587920e-01
5.67452490e-01
5.90610683e-01
5.85625410e-01
5.67130029e-01
5.75397849e-01
5.62078416e-01
5.71855843e-01
5.75713098e-01
5.69911242e-01
6.06490016e-01
5.81199169e-01
5.85395694e-01
5.93631983e-01
5.83877146e-01
5.72593093e-01
5.64105809e-01
5.65943241e-01
5.88580310e-01
5.79079926e-01
5.70260108e-01
5.66745222e-01
5.70614934e-01
5.50907075e-01
5.64452291e-01
5.68326712e-01
5.79303682e-01
5.94957411e-01
5.52982390e-01
5.56909919e-01
5.70357740e-01
5.36398649e-01
5.54292798e-01
5.79306304e-01
5.47091305e-01
5.66198111e-01
5.56247115e-01
5.66376925e-01
5.64728141e-01
5.56927443e-01
5.60072899e-01
5.56098878e-01
5.45574307e-01
5.41224360e-01
5.62332690e-01
5.50090253e-01
5.14240623e-01
5.76971352e-01
5.86591363e-01
5.85202277e-01
5.83868086e-01
5.58676720e-01
5.34242809e-01
5.43320894e-01
5.01230776e-01
5.41837156e-01
5.70880651e-01
5.24651170e-01
5.85313380e-01
5.12113214e-01
5.62420666e-01
5.59801519e-01
5.41813552e-01
5.40619254e-01
5.10645866e-01
5.84617913e-01
5.27089596e-01
5.13416350e-01
5.18965721e-01
5.34676790e-01
5.56894839e-01
5.18768191e-01
5.51827192e-01
5.35292983e-01
5.37100554e-01
5.70594966e-01
5.72405577e-01
5.52516341e-01
5.56040883e-01
5.50216675e-01
5.46625435e-01
5.46937943e-01
5.50128460e-01
5.50763905e-01
5.39381862e-01
5.24686277e-01
5.33178210e-01
5.51686823e-01
5.39951622e-01
5.20617127e-01
5.36805987e-01
5.33377230e-01
5.48128784e-01
5.58888853e-01
5.44100225e-01
5.36726415e-01
5.36948204e-01
5.56797206e-01
5.58651447e-01
5.38864791e-01
5.33881962e-01
5.22255957e-01
5.46922207e-01
5.57236731e-01
5.40637672e-01
5.25064051e-01
5.66265285e-01
5.40953279e-01
4.96261567e-01
5.31132460e-01
5.38222134e-01
5.36891162e-01
5.03768981e-01
5.35268486e-01
5.27805626e-01
5.12585282e-01
5.28761208e-01
5.43108165e-01
5.49371243e-01
5.46342909e-01
5.45643389e-01
5.33598542e-01
5.45539498e-01
5.65421760e-01
5.50745249e-01
5.17094493e-01
5.37698269e-01
5.53399622e-01
5.35611451e-01
5.14075100e-01
5.43244004e-01
5.52158833e-01
5.62245965e-01
5.44401944e-01
5.33797204e-01
5.48808575e-01
5.20248353e-01
5.49834371e-01
5.22804677e-01
5.10040164e-01
5.19515574e-01
5.34112215e-01
5.22980809e-01
5.34704506e-01
5.33295095e-01
5.47843874e-01
5.25884032e-01
4.95930374e-01
5.10796547e-01
5.43517828e-01
5.17319262e-01
5.14865935e-01
5.14161766e-01
5.23581386e-01
5.46381116e-01
4.87747103e-01
5.32926679e-01
5.40520966e-01
5.38735867e-01
5.24633586e-01
4.74047691e-01
5.24221599e-01
5.18977940e-01
5.06937683e-01
5.11689484e-01
5.12497067e-01
5.03936648e-01
5.27424037e-01
4.86317694e-01
4.84143049e-01
5.14135361e-01
5.22058904e-01
5.21106422e-01
5.08585334e-01
5.19202769e-01
5.14891207e-01
5.11436403e-01
5.18599987e-01
5.14836669e-01
5.13012946e-01
4.87825662e-01
5.06147027e-01
5.15338361e-01
4.89533544e-01
5.27745664e-01
5.21060944e-01
5.17046511e-01
5.14157057e-01
5.21888554e-01
5.19530952e-01
5.13923347e-01
4.96941924e-01
4.82060671e-01
4.88639772e-01
4.99371380e-01
5.22378266e-01
5.22568882e-01
5.10921538e-01
5.14290869e-01
5.16394913e-01
5.18131733e-01
4.97044057e-01
5.02237320e-01
4.92708176e-01
5.19071460e-01
4.99587178e-01
5.01759768e-01
5.14851332e-01
4.58067685e-01
4.94359881e-01
4.96985823e-01
4.97566938e-01
4.98749256e-01
4.94689971e-01
4.86631244e-01
4.85123545e-01
4.90378380e-01
5.16996861e-01
5.18615305e-01
4.70715314e-01
4.54443872e-01
5.50408900e-01
5.26871860e-01
5.12625754e-01
4.74352121e-01
4.54643011e-01
5.21188974e-01
4.81773406e-01
4.78995234e-01
4.94367450e-01
5.02989292e-01
5.07118881e-01
5.04686356e-01
4.83198851e-01
4.92939651e-01
4.93082047e-01
4.99932736e-01
4.99017954e-01
4.95227188e-01
4.68975544e-01
4.84727949e-01
5.13242602e-01
5.07043421e-01
4.76941437e-01
4.72834587e-01
5.00965476e-01
4.72450882e-01
4.60597694e-01
4.79086727e-01
5.25774658e-01
5.29725492e-01
4.83424515e-01
4.92272705e-01
4.98795122e-01
4.91073519e-01
4.75280136e-01
4.76507157e-01
5.16986072e-01
5.06159365e-01
5.03867984e-01
4.89521086e-01
4.65408623e-01
4.79450136e-01
4.52983409e-01
4.81239051e-01
5.28206885e-01
5.24416685e-01
5.10046542e-01
4.89239216e-01
4.82775986e-01
4.81651843e-01
4.77348685e-01
4.80177343e-01
4.84922528e-01
4.51723367e-01
4.05299455e-01
4.46275800e-01
4.72486526e-01
4.83679295e-01
4.73661989e-01
4.44262505e-01
4.26313728e-01
4.71691698e-01
5.25220633e-01
4.94458586e-01
4.91540372e-01
5.36226869e-01
3.79608095e-01
4.38252240e-01
4.85177308e-01
4.67276096e-01
4.72532928e-01
4.74565893e-01
4.88667041e-01
4.80316103e-01
4.58353728e-01
4.68977481e-01
4.84105140e-01
4.71295804e-01
4.83527988e-01
4.76704240e-01
4.52457398e-01
4.42859888e-01
4.82870191e-01
4.94618595e-01
4.76923972e-01
4.87534612e-01
4.77239907e-01
4.62414294e-01
4.61571246e-01
4.91014153e-01
4.90593016e-01
4.67900068e-01
4.66383100e-01
4.84709531e-01
4.81799126e-01
4.71670568e-01
4.77016330e-01
4.58105385e-01
4.47743356e-01
4.72064555e-01
4.78752285e-01
4.40535694e-01
4.84894067e-01
4.88065213e-01
4.64357823e-01
4.57551837e-01
4.68371242e-01
4.67992574e-01
4.78403300e-01
4.76888031e-01
4.57466811e-01
4.68171954e-01
4.93238777e-01
4.50045377e-01
4.86235499e-01
4.65606749e-01
4.57520962e-01
4.71869320e-01
4.74297583e-01
4.55391347e-01
4.79277045e-01
4.51273382e-01
4.65559661e-01
4.76903439e-01
4.52102095e-01
4.55237716e-01
4.57657903e-01
4.71418619e-01
4.63593304e-01
4.59846348e-01
4.83416408e-01
4.61927772e-01
4.73658234e-01
4.68979716e-01
4.52783167e-01
4.57403451e-01
4.60892618e-01
4.40372825e-01
4.27165657e-01
4.66075093e-01
4.68650639e-01
4.50227410e-01
4.50914770e-01
4.33878571e-01
4.34103876e-01
4.51240897e-01
4.53028142e-01
4.53393787e-01
4.62937474e-01
4.50437188e-01
4.43199217e-01
4.47973818e-01
4.55579519e-01
4.53429043e-01
4.44576651e-01
4.61733550e-01
4.47699398e-01
4.47894484e-01
4.48835224e-01
4.47043419e-01
4.40857410e-01
4.60504711e-01
4.55665022e-01
4.40829754e-01
4.44144845e-01
4.47430223e-01
4.37244087e-01
4.33775306e-01
4.56556916e-01
4.49390501e-01
4.37842697e-01
4.46284950e-01
4.40873593e-01
4.32280540e-01
4.30811077e-01
4.38345462e-01
4.33681369e-01
4.40090775e-01
4.45463061e-01
4.39269871e-01
4.56839830e-01
4.41930085e-01
4.44199920e-01
4.44847822e-01
4.16577816e-01
4.24191087e-01
4.55341786e-01
4.61299956e-01
4.56865251e-01
4.34349090e-01
4.23018634e-01
4.24312681e-01
4.26029652e-01
4.32057351e-01
3.82404417e-01
3.79538000e-01
4.36020613e-01
4.18943167e-01
4.26776826e-01
4.27710772e-01
4.06407833e-01
4.37174231e-01
4.75602418e-01
4.42744583e-01
4.51265574e-01
4.16314006e-01
3.99760604e-01
4.39578861e-01
4.68055516e-01
4.31564778e-01
4.46447849e-01
4.23266411e-01
4.18605477e-01
4.34398234e-01
4.32485998e-01
4.19148177e-01
4.26816374e-01
4.36459482e-01
4.46445435e-01
4.32788253e-01
4.12388235e-01
4.53528464e-01
4.15797859e-01
4.11966503e-01
4.23543513e-01
4.30918276e-01
4.30748254e-01
4.26675051e-01
4.11119342e-01
2.98341483e-01
3.91051680e-01
5.47435462e-01
4.73342538e-01
4.07096863e-01
4.32871759e-01
4.44033921e-01
4.32842910e-01
4.08895820e-01
4.17325020e-01
4.37291920e-01
4.22670603e-01
4.09395367e-01
4.17485148e-01
4.31703240e-01
4.34173644e-01
4.19908196e-01
4.34949309e-01
4.44605112e-01
4.13970143e-01
3.92781407e-01
4.33018893e-01
4.51312870e-01
4.35542494e-01
4.27344471e-01
4.13388520e-01
3.84152323e-01
4.08685178e-01
4.44844782e-01
4.14349675e-01
3.90262246e-01
4.27109510e-01
4.29917455e-01
4.14642036e-01
4.42777336e-01
4.02707666e-01
4.17797834e-01
4.26983833e-01
4.25763547e-01
4.13244575e-01
4.16299820e-01
4.20732945e-01
4.06310856e-01
4.11436856e-01
3.98410589e-01
3.56340379e-01
3.29848498e-01
4.18600678e-01
4.26048249e-01
4.11726624e-01
4.09022659e-01
4.31839526e-01
4.35736299e-01
4.24370259e-01
4.13414478e-01
4.23078537e-01
4.02304083e-01
3.81735742e-01
4.36577111e-01
4.16837871e-01
4.22328383e-01
4.33472157e-01
4.20638263e-01
3.60331625e-01
3.88301700e-01
4.18515682e-01
3.98587197e-01
4.07729417e-01
4.09413546e-01
3.97108227e-01
3.98614824e-01
3.96611392e-01
4.02845085e-01
4.14767742e-01
4.13322210e-01
3.92980814e-01
4.16412771e-01
3.99729580e-01
4.13478434e-01
4.20681328e-01
3.98506194e-01
3.92391145e-01
4.09352779e-01
3.42431396e-01
4.02646810e-01
4.24197137e-01
3.94253999e-01
4.08705086e-01
4.02093738e-01
4.18553829e-01
4.19735968e-01
4.31856900e-01
4.21302229e-01
3.83629978e-01
4.14037585e-01
4.16983247e-01
3.97829503e-01
3.95142823e-01
3.90179187e-01
3.88947666e-01
4.02324647e-01
3.84332567e-01
3.88353646e-01
4.14994121e-01
4.02060181e-01
3.77326787e-01
3.97269428e-01
3.81030172e-01
3.94987017e-01
3.87442648e-01
3.92011195e-01
4.08867717e-01
3.74323130e-01
4.04382229e-01
4.06818271e-01
3.91261846e-01
3.92407954e-01
4.15152073e-01
4.03961450e-01
3.83325219e-01
3.79673213e-01
3.79020661e-01
3.89398843e-01
3.84249747e-01
3.95643145e-01
3.92485350e-01
3.81470203e-01
3.92571807e-01
4.04273748e-01
4.01151001e-01
3.75199378e-01
3.75125080e-01
3.96793425e-01
3.89446735e-01
3.85958552e-01
3.95310581e-01
3.85702789e-01
3.92845184e-01
3.93932194e-01
3.98208827e-01
3.98469776e-01
4.03573245e-01
3.92408431e-01
3.76613528e-01
4.05360609e-01
4.06970292e-01
4.03184563e-01
4.02744800e-01
3.96928370e-01
3.67837787e-01
3.80369037e-01
3.77077401e-01
3.84185314e-01
4.20023620e-01
4.16701108e-01
3.98248255e-01
3.76075774e-01
3.80019546e-01
4.03623551e-01
3.93146813e-01
3.80410373e-01
3.74875098e-01
3.88239413e-01
3.77020180e-01
3.51455659e-01
3.77449781e-01
3.90470803e-01
3.84328604e-01
4.03785229e-01
3.70752782e-01
3.54431570e-01
4.09544170e-01
3.83592069e-01
3.76037329e-01
3.95623505e-01
3.89077336e-01
3.84361416e-01
3.81961167e-01
3.81704837e-01
3.83350968e-01
3.88544291e-01
3.73507082e-01
3.77590150e-01
3.90813589e-01
3.66449118e-01
3.71493965e-01
3.76873910e-01
3.70905697e-01
3.71593177e-01
3.84191334e-01
3.85485321e-01
3.69193882e-01
3.78206611e-01
3.87123019e-01
3.81606549e-01
3.79809111e-01
3.77569973e-01
3.82967412e-01
3.69503945e-01
3.57846856e-01
3.67546797e-01
3.74910057e-01
3.83972377e-01
3.83391887e-01
3.78459901e-01
3.61623406e-01
3.53073567e-01
3.67019117e-01
3.69209349e-01
3.71427774e-01
3.56365383e-01
3.30991268e-01
3.06528777e-01
3.79038244e-01
3.63988489e-01
3.42997402e-01
3.70699018e-01
3.93603832e-01
3.85684252e-01
3.52690637e-01
3.38459700e-01
3.16699922e-01
3.95949483e-01
3.85820508e-01
3.44925612e-01
3.66911292e-01
3.61169994e-01
3.58267695e-01
3.38523716e-01
3.74359727e-01
3.75088453e-01
3.56510729e-01
3.82837057e-01
3.69826049e-01
3.72830838e-01
3.67468268e-01
3.53674561e-01
3.54419470e-01
3.58733922e-01
3.68172288e-01
3.75726640e-01
3.68184268e-01
3.53510261e-01
3.40853363e-01
2.65552521e-01
2.20046818e-01
3.65468234e-01
3.90253901e-01
3.49565953e-01
3.00432354e-01
3.38542461e-01
3.69204402e-01
3.59123558e-01
3.55815738e-01
3.66706938e-01
3.65358323e-01
3.46438706e-01
3.71539235e-01
3.63175273e-01
3.57426673e-01
3.56734902e-01
3.55680078e-01
3.70246351e-01
3.34505349e-01
3.32944900e-01
3.55069697e-01
3.69760036e-01
3.70585799e-01
3.60276580e-01
3.51957202e-01
3.44230860e-01
3.74657303e-01
3.48761499e-01
2.42442712e-01
3.29907745e-01
4.21625853e-01
3.93406481e-01
3.59373271e-01
3.47777843e-01
3.72197390e-01
3.62252593e-01
3.36308926e-01
3.37139845e-01
3.97552133e-01
3.87605399e-01
3.30875963e-01
3.54975045e-01
3.47817183e-01
3.75949770e-01
2.83168703e-01
2.16937080e-01
3.21456432e-01
4.21384424e-01
3.70319873e-01
3.55459541e-01
3.66186798e-01
3.44352126e-01
3.29774976e-01
3.45766753e-01
3.58456045e-01
3.40812624e-01
3.20902765e-01
3.02218050e-01
3.36071640e-01
3.70158702e-01
3.56754661e-01
3.68529379e-01
3.45695347e-01
2.87417412e-01
2.57576913e-01
3.30121189e-01
3.69464785e-01
3.62304628e-01
3.48992556e-01
3.32360476e-01
3.43673468e-01
3.41110736e-01
3.52459908e-01
3.22533965e-01
3.24128211e-01
3.33975315e-01
3.34472835e-01
3.23447406e-01
3.13282311e-01
2.98626035e-01
3.22245449e-01
3.24155062e-01
3.50375891e-01
3.71260494e-01
3.20376545e-01
2.42833748e-01
3.18660080e-01
