1.10699308e+00
1.14269435e+00
1.22011423e+00
1.12772202e+00
1.12182772e+00
1.18083966e+00
1.12689173e+00
1.13658047e+00
1.10785592e+00
1.16225386e+00
1.16062152e+00
1.13482821e+00
1.14269948e+00
1.15449870e+00
1.10276914e+00
1.14889252e+00
1.09998512e+00
1.07598937e+00
1.10626245e+00
1.09638631e+00
1.09885871e+00
1.09048772e+00
1.05558825e+00
1.08534062e+00
1.08964562e+00
1.08068764e+00
1.10266936e+00
1.08209622e+00
1.12336540e+00
1.07281959e+00
1.07814479e+00
1.07129669e+00
1.07105446e+00
1.05776167e+00
1.04167020e+00
1.06683600e+00
1.03357685e+00
1.02341712e+00
1.04508686e+00
1.15094125e+00
1.10023224e+00
1.02449119e+00
1.06701553e+00
1.07531106e+00
1.06541800e+00
1.04858077e+00
1.07774723e+00
1.09280777e+00
1.09858167e+00
1.06485844e+00
1.08921540e+00
1.09177363e+00
1.11768937e+00
1.09701085e+00
9.99414504e-01
1.01293397e+00
1.04249442e+00
1.01725769e+00
1.00289237e+00
1.03846252e+00
1.03672743e+00
1.01251376e+00
1.07252479e+00
1.04407263e+00
1.00308859e+00
1.01264203e+00
1.04547262e+00
1.01821315e+00
9.82145071e-01
1.00974643e+00
9.47504520e-01
9.68155801e-01
1.03959966e+00
9.89769518e-01
1.02501452e+00
1.00380921e+00
9.78950918e-01
1.01876342e+00
9.98085856e-01
9.97098982e-01
1.01077747e+00
9.44406509e-01
9.25743461e-01
9.49155152e-01
9.86834884e-01
9.58542705e-01
9.30805385e-01
9.33861196e-01
9.03985620e-01
8.78743052e-01
1.01388991e+00
9.20187354e-01
9.18932557e-01
9.17991757e-01
9.17037666e-01
9.63230312e-01
9.37664330e-01
9.22470689e-01
9.19549882e-01
8.99806023e-01
9.46154058e-01
9.23460424e-01
9.11594391e-01
9.52939570e-01
9.08273518e-01
9.36044455e-01
9.34675515e-01
9.33047950e-01
9.68464613e-01
1.02557182e+00
9.30384636e-01
9.37431514e-01
9.57724512e-01
9.61121023e-01
9.69373643e-01
9.29456115e-01
9.15094137e-01
9.11711276e-01
9.04239118e-01
9.56920981e-01
9.11056280e-01
9.39897537e-01
9.65998530e-01
9.48349833e-01
9.29207742e-01
9.32256937e-01
9.38621461e-01
9.10173833e-01
9.26953554e-01
9.48064387e-01
9.04489875e-01
9.00581896e-01
1.00024605e+00
9.43865180e-01
9.55052733e-01
9.44556296e-01
9.07608211e-01
9.23803449e-01
8.96384001e-01
9.39792335e-01
9.35215890e-01
9.06810939e-01
8.83014321e-01
8.96847665e-01
9.44645762e-01
9.21350062e-01
8.86643469e-01
9.31558967e-01
9.22066212e-01
9.22137201e-01
9.08508301e-01
8.84776831e-01
8.97001803e-01
8.26430380e-01
8.31353426e-01
8.27430725e-01
8.26662421e-01
9.14511919e-01
8.82593036e-01
8.99013937e-01
8.82392466e-01
9.10135925e-01
8.83904696e-01
8.42237473e-01
8.79165351e-01
8.52169335e-01
8.03581774e-01
8.59034657e-01
8.36160660e-01
8.38118255e-01
8.81506860e-01
8.40029836e-01
8.47647130e-01
8.13717067e-01
7.92775869e-01
8.35334897e-01
8.52064610e-01
8.51196885e-01
8.43618631e-01
8.45275164e-01
8.16841185e-01
8.09545040e-01
8.10125351e-01
7.68208504e-01
8.06297123e-01
8.10248792e-01
7.76381433e-01
8.06902468e-01
7.78843880e-01
7.70027697e-01
7.90472388e-01
7.66562104e-01
7.49481916e-01
7.38270402e-01
7.74597943e-01
7.81884491e-01
8.23493540e-01
7.93245554e-01
7.58843839e-01
8.01491976e-01
7.90823221e-01
7.75678515e-01
8.00976157e-01
8.46285939e-01
8.26836288e-01
7.93308079e-01
7.96047807e-01
8.19632351e-01
8.04005027e-01
8.10284913e-01
8.48343372e-01
7.95467675e-01
8.00530851e-01
8.03751111e-01
7.82428324e-01
8.08114529e-01
8.29410553e-01
8.09580207e-01
7.98424721e-01
7.86183476e-01
8.20648432e-01
8.47887278e-01
8.10772538e-01
7.90677726e-01
8.27305794e-01
7.90498674e-01
7.80843735e-01
8.03154528e-01
7.95613885e-01
8.53161573e-01
8.69599700e-01
8.12891483e-01
8.00898075e-01
8.09373319e-01
8.08790922e-01
8.33416402e-01
7.80381918e-01
8.28644514e-01
8.40768337e-01
8.23626578e-01
8.73781562e-01
8.38704765e-01
8.15502763e-01
8.37920904e-01
8.27172101e-01
8.28650892e-01
8.10498834e-01
8.51747870e-01
8.61954391e-01
8.19836080e-01
8.50425720e-01
8.16323280e-01
8.24378192e-01
8.36355090e-01
8.52184951e-01
8.39450002e-01
8.23993564e-01
8.06951940e-01
8.14766049e-01
8.07104707e-01
8.18637788e-01
8.13276470e-01
8.40911090e-01
7.67417490e-01
7.98299432e-01
7.98491418e-01
7.53238499e-01
7.93730557e-01
8.31525266e-01
7.78730154e-01
7.85673916e-01
7.84105778e-01
7.50741124e-01
7.88278461e-01
7.72185624e-01
7.54815757e-01
7.49369502e-01
7.64733613e-01
7.78222919e-01
7.62540698e-01
7.55210340e-01
7.49370694e-01
7.42203891e-01
7.71591663e-01
7.53544211e-01
7.32675254e-01
7.52317667e-01
7.73625851e-01
7.60897100e-01
7.33125865e-01
7.78434515e-01
8.06535661e-01
7.30155051e-01
7.83597589e-01
7.30060339e-01
7.34469235e-01
7.76693165e-01
7.41489828e-01
7.52942562e-01
7.21525550e-01
7.17059374e-01
6.97678089e-01
7.07550645e-01
7.17341900e-01
7.07185328e-01
7.15057909e-01
6.88917994e-01
6.78686500e-01
6.99179173e-01
7.21060753e-01
6.71432793e-01
7.07572639e-01
7.21258998e-01
6.82454824e-01
6.70507073e-01
6.49780631e-01
6.60062909e-01
6.55445218e-01
6.47597373e-01
6.64040089e-01
6.54803514e-01
6.68207586e-01
6.27002656e-01
6.37281775e-01
6.41050637e-01
6.64014399e-01
6.14089787e-01
6.32375658e-01
6.15019500e-01
6.00280344e-01
6.12736642e-01
5.89552343e-01
6.15484595e-01
6.08197153e-01
5.76855242e-01
5.93521714e-01
6.03927732e-01
5.78648865e-01
5.74705660e-01
5.93346536e-01
5.96841335e-01
5.91073871e-01
5.95286787e-01
5.83235860e-01
6.44869924e-01
6.19554222e-01
6.34982765e-01
6.33640945e-01
6.33366406e-01
6.27799869e-01
6.21033907e-01
6.69215560e-01
6.47379935e-01
6.57951176e-01
6.45800173e-01
6.10246599e-01
6.41567290e-01
5.96275032e-01
6.50389910e-01
6.70170605e-01
6.37418807e-01
6.49180710e-01
6.55217767e-01
6.47541821e-01
6.84045732e-01
6.66193008e-01
6.71638131e-01
6.78095460e-01
6.78786218e-01
6.72743022e-01
6.33101106e-01
6.25113308e-01
6.42853379e-01
6.75642252e-01
6.32619739e-01
6.38278425e-01
6.77432895e-01
6.65333986e-01
6.88348591e-01
6.60778344e-01
6.45253956e-01
6.56655610e-01
6.52053535e-01
6.69214487e-01
6.57004237e-01
6.48076475e-01
6.69489563e-01
6.18391275e-01
6.30615473e-01
6.38773739e-01
6.58515334e-01
6.42009914e-01
6.30649567e-01
6.86452568e-01
6.68584108e-01
6.64780796e-01
6.52494490e-01
6.59549415e-01
6.57827258e-01
6.60470188e-01
6.57966256e-01
6.66004002e-01
6.58569694e-01
6.26706064e-01
6.32210493e-01
6.88621521e-01
6.96901262e-01
6.63699687e-01
6.40627444e-01
6.39628828e-01
6.66063666e-01
6.71517491e-01
6.72874629e-01
6.73423648e-01
6.59316897e-01
6.83279574e-01
6.50985360e-01
6.28703117e-01
6.50833845e-01
6.38462067e-01
6.04241848e-01
6.55944824e-01
6.46023750e-01
6.46461666e-01
6.47741437e-01
6.31000817e-01
6.11602604e-01
6.19506180e-01
6.12136900e-01
6.70924842e-01
6.48489952e-01
6.49998426e-01
6.57393634e-01
6.15235686e-01
6.31793976e-01
5.62761784e-01
6.22595191e-01
6.67457759e-01
6.31883383e-01
6.55208707e-01
6.82099879e-01
6.25473678e-01
6.01149261e-01
6.14975393e-01
6.47219002e-01
6.85122490e-01
6.46754146e-01
6.66784823e-01
6.32115960e-01
6.38942659e-01
6.45837128e-01
6.48379743e-01
6.54068887e-01
6.10086858e-01
6.57685161e-01
6.21886551e-01
6.00732088e-01
6.49015129e-01
6.28910124e-01
6.29884779e-01
6.25043035e-01
6.36470854e-01
6.22277796e-01
6.11052454e-01
6.21237636e-01
6.16568327e-01
5.88763356e-01
5.80546081e-01
5.76701283e-01
6.06459677e-01
6.09212101e-01
6.05802953e-01
6.10886812e-01
6.20983601e-01
6.21536732e-01
6.16879821e-01
6.13197446e-01
5.96613228e-01
6.23719573e-01
6.27361059e-01
6.01737082e-01
5.89624703e-01
5.84569991e-01
5.89444101e-01
5.97710192e-01
6.19870901e-01
5.98662615e-01
6.10784769e-01
6.08454823e-01
6.02554798e-01
6.14173651e-01
6.08434200e-01
5.80514729e-01
6.18385017e-01
5.73450863e-01
5.80697477e-01
6.07724428e-01
5.96796930e-01
5.82841575e-01
5.68320572e-01
5.67351758e-01
5.75920045e-01
5.80434203e-01
5.61938167e-01
5.78898668e-01
6.04791164e-01
5.61946690e-01
5.72532535e-01
5.71088850e-01
5.57642281e-01
5.51100254e-01
5.68474412e-01
5.71343958e-01
5.62029719e-01
6.06254697e-01
5.97963035e-01
5.60944974e-01
5.62460065e-01
5.88630795e-01
5.43950975e-01
5.25526285e-01
5.58404863e-01
5.50658047e-01
5.52655578e-01
5.42891085e-01
5.69989145e-01
5.53916276e-01
5.60673058e-01
5.32664776e-01
5.34845531e-01
5.58138311e-01
5.28319001e-01
5.44883192e-01
5.35411477e-01
5.27650952e-01
5.48147500e-01
5.42092323e-01
5.49642563e-01
5.11728644e-01
4.97814476e-01
5.22822976e-01
5.34842551e-01
5.31536758e-01
5.04586279e-01
5.26153088e-01
5.03706992e-01
5.08516550e-01
5.30669987e-01
5.17799675e-01
5.16263902e-01
4.82493669e-01
4.85763192e-01
5.26505709e-01
5.02813995e-01
5.09674847e-01
5.17249048e-01
5.00780344e-01
4.74037141e-01
4.94012058e-01
4.84925985e-01
5.00330985e-01
4.90385413e-01
4.54798311e-01
4.54528004e-01
4.65538591e-01
4.57196772e-01
4.88157868e-01
4.60591316e-01
4.44132030e-01
4.70588505e-01
4.50323910e-01
4.32833523e-01
4.66039449e-01
4.43752438e-01
4.33985442e-01
3.98633301e-01
4.17939007e-01
3.96950364e-01
4.12143052e-01
3.98377657e-01
4.00930613e-01
4.10660058e-01
4.19615865e-01
3.97830278e-01
4.15813237e-01
4.24680471e-01
4.29685891e-01
4.17141378e-01
4.33495551e-01
4.11653757e-01
4.20359194e-01
4.43882406e-01
4.36015666e-01
4.40991968e-01
4.48315710e-01
4.46251243e-01
4.59278613e-01
4.67937022e-01
4.80333716e-01
4.68077868e-01
4.40443367e-01
4.68354017e-01
4.62409884e-01
4.73237842e-01
4.63520318e-01
4.73218799e-01
4.72955763e-01
4.94700164e-01
4.63319272e-01
4.80166912e-01
4.64068800e-01
4.60646212e-01
4.69377577e-01
4.70984757e-01
4.82666194e-01
4.52731252e-01
4.80139732e-01
4.59851891e-01
4.77595747e-01
5.18613935e-01
4.72395152e-01
4.81015056e-01
4.71443057e-01
4.60652888e-01
4.69342202e-01
4.58410174e-01
4.88642335e-01
4.53410774e-01
4.83730018e-01
4.88480449e-01
4.57764119e-01
4.69787866e-01
4.76951152e-01
4.46509629e-01
4.70463306e-01
4.54793841e-01
4.60310578e-01
4.89134371e-01
4.77101237e-01
4.86510098e-01
4.65217859e-01
4.82732952e-01
4.74098355e-01
4.62644130e-01
4.52196836e-01
4.70702857e-01
4.64907050e-01
4.64736730e-01
4.53414440e-01
4.39371824e-01
4.71515179e-01
4.47414517e-01
4.85201806e-01
4.57679749e-01
4.40981418e-01
4.83807236e-01
4.44796532e-01
4.35062557e-01
4.63683099e-01
4.51750040e-01
4.30221736e-01
4.78989869e-01
4.66267735e-01
4.68250155e-01
4.85480666e-01
4.87308919e-01
4.46362525e-01
4.48052555e-01
4.71591413e-01
4.75519389e-01
4.54776168e-01
4.42647576e-01
4.38451707e-01
4.57544416e-01
4.37818170e-01
4.50876832e-01
4.43327636e-01
4.41731393e-01
4.43514854e-01
4.44499463e-01
4.57217157e-01
4.29901421e-01
4.44171339e-01
4.61172193e-01
4.46624160e-01
4.48199868e-01
4.29331511e-01
4.49966699e-01
4.61762428e-01
4.62798238e-01
4.42062169e-01
4.35901046e-01
4.67173189e-01
4.59805727e-01
4.40511405e-01
4.39876497e-01
4.30079341e-01
4.21024829e-01
4.12238389e-01
4.05207455e-01
4.42915350e-01
4.55712140e-01
4.48426723e-01
4.13076133e-01
4.05462414e-01
4.46676701e-01
4.36898530e-01
4.40959930e-01
4.40569729e-01
4.42048520e-01
4.51047540e-01
4.23086107e-01
4.37969148e-01
4.61221576e-01
4.35496777e-01
4.18821007e-01
4.42727864e-01
4.45104867e-01
4.26913738e-01
4.13355649e-01
4.18042690e-01
4.21147466e-01
4.23860043e-01
4.39007372e-01
4.42707002e-01
4.10562366e-01
4.21026140e-01
4.49925780e-01
4.25724298e-01
4.21675503e-01
4.68547761e-01
4.20706868e-01
4.16048169e-01
4.16886032e-01
4.18140173e-01
4.24193263e-01
4.02089536e-01
4.07347411e-01
4.22293752e-01
4.12881255e-01
4.32032883e-01
4.15037751e-01
4.14055109e-01
4.28929448e-01
3.89142215e-01
4.03108120e-01
4.04916406e-01
4.35278475e-01
4.10943806e-01
3.84603977e-01
3.82706761e-01
4.40184623e-01
4.11559582e-01
4.20379192e-01
4.30601895e-01
4.04316723e-01
3.99642557e-01
4.08716619e-01
4.11329746e-01
3.94024521e-01
4.03620988e-01
4.32998478e-01
4.02618349e-01
3.93618107e-01
3.94372374e-01
4.05404031e-01
4.15502667e-01
4.22738969e-01
4.31088597e-01
3.84002477e-01
3.84815067e-01
3.96129251e-01
3.90725166e-01
4.08379912e-01
3.92965496e-01
3.87996674e-01
3.98014575e-01
3.87748569e-01
3.85084629e-01
3.98334950e-01
3.81779671e-01
3.61382216e-01
3.98590416e-01
3.80727619e-01
3.99267286e-01
3.87689680e-01
3.86173308e-01
3.88875335e-01
3.91626120e-01
3.88961911e-01
3.88311535e-01
3.82115632e-01
3.89194041e-01
4.09999222e-01
3.58106613e-01
3.83113265e-01
3.86406511e-01
3.69093359e-01
3.96045566e-01
3.69024783e-01
3.77393007e-01
3.66446078e-01
3.57124686e-01
3.69410187e-01
3.92605782e-01
3.72176200e-01
3.67434263e-01
3.74417037e-01
3.76792580e-01
3.84233981e-01
3.91533226e-01
3.84493768e-01
3.85236800e-01
3.68104041e-01
3.75066370e-01
3.80062014e-01
3.74254614e-01
3.79818469e-01
3.90742064e-01
3.53593946e-01
3.40194196e-01
3.77445012e-01
3.94252390e-01
3.84914011e-01
3.87310535e-01
3.82548749e-01
3.62855673e-01
3.86778682e-01
3.98090392e-01
3.56960803e-01
3.56173486e-01
3.81659865e-01
3.77762496e-01
3.51603985e-01
3.46749306e-01
3.38587761e-01
3.45083058e-01
3.54882151e-01
3.75333905e-01
4.02886838e-01
3.65570158e-01
3.48299742e-01
3.68064225e-01
3.73495579e-01
3.51949602e-01
3.61339957e-01
3.62477988e-01
3.55928153e-01
3.41436476e-01
3.41844916e-01
3.59282792e-01
3.62403184e-01
3.42821985e-01
3.37237537e-01
3.66411477e-01
3.37992221e-01
3.42196375e-01
3.33626717e-01
3.43370944e-01
3.46756697e-01
3.47638667e-01
3.58684868e-01
3.42902482e-01
3.59964132e-01
3.52672368e-01
3.37080926e-01
3.36751312e-01
3.28727931e-01
3.34534049e-01
3.43354106e-01
3.54089379e-01
3.45447749e-01
3.43239188e-01
3.22478533e-01
3.26819927e-01
3.29976737e-01
3.45531285e-01
3.25315565e-01
3.45139921e-01
3.19160223e-01
3.23373139e-01
3.36505413e-01
3.18195045e-01
3.56217057e-01
3.63691926e-01
3.40715498e-01
3.55180651e-01
3.41060638e-01
3.12748313e-01
3.21308553e-01
3.49048108e-01
3.51306051e-01
3.15648496e-01
3.26118857e-01
3.68230224e-01
3.24695766e-01
3.07531714e-01
3.37664664e-01
3.32365215e-01
3.28842193e-01
3.28437150e-01
3.40594590e-01
3.34566742e-01
3.40138972e-01
3.37352484e-01
3.29083353e-01
3.43378246e-01
3.18797320e-01
3.42293024e-01
3.31726044e-01
3.66320848e-01
3.32103014e-01
3.11013341e-01
3.28651905e-01
3.28749150e-01
3.08288038e-01
3.07656378e-01
3.01260382e-01
3.01639616e-01
3.16796988e-01
3.24802846e-01
3.13324273e-01
3.38406980e-01
3.29561442e-01
3.18412542e-01
3.12377185e-01
3.13681245e-01
3.13157946e-01
3.28700781e-01
3.26724499e-01
3.13942015e-01
2.99185246e-01
3.11705917e-01
3.12180787e-01
3.14064860e-01
2.98490733e-01
2.82473505e-01
3.17073375e-01
3.10674131e-01
3.11668783e-01
3.26972336e-01
3.15208882e-01
3.13869476e-01
3.32704544e-01
3.19682479e-01
2.85809964e-01
2.82536328e-01
3.07928801e-01
3.03106338e-01
2.87933052e-01
2.94586569e-01
2.97315896e-01
3.02336454e-01
2.87678331e-01
2.98883855e-01
3.00317645e-01
3.21836621e-01
3.05463701e-01
3.18518937e-01
3.20177138e-01
3.16301465e-01
3.07562977e-01
3.12466949e-01
3.15653771e-01
2.93720335e-01
2.87596166e-01
3.00224245e-01
3.09561759e-01
3.00751686e-01
2.93172479e-01
3.03097486e-01
3.01517636e-01
2.97093272e-01
2.88500398e-01
2.98281789e-01
2.77937561e-01
2.80908853e-01
2.81874061e-01
2.94538409e-01
2.91772515e-01
2.71951318e-01
2.88447052e-01
2.80829191e-01
3.25269163e-01
3.13249856e-01
2.90241480e-01
2.93607056e-01
2.83470482e-01
2.95919716e-01
2.93833673e-01
2.93942153e-01
2.74000287e-01
2.80121565e-01
2.97670692e-01
2.91860640e-01
2.78344959e-01
3.11172873e-01
2.88430989e-01
2.78485984e-01
2.95767993e-01
2.87869960e-01
2.77956069e-01
2.76770771e-01
2.83569306e-01
2.82367676e-01
2.78959334e-01
2.70531058e-01
2.68094838e-01
2.76322275e-01
2.64887124e-01
2.75433600e-01
2.58116275e-01
2.76352644e-01
2.81392604e-01
2.61622459e-01
2.79795796e-01
2.71478862e-01
2.67058611e-01
2.70865172e-01
2.69976199e-01
2.78907180e-01
2.79641300e-01
2.63444662e-01
2.61069238e-01
2.72431225e-01
2.83779860e-01
2.69419163e-01
2.62276202e-01
2.53897518e-01
2.58044809e-01
2.68433869e-01
2.74888635e-01
2.78785020e-01
2.66707152e-01
2.65430093e-01
2.62929946e-01
2.75040418e-01
2.61932045e-01
2.73721159e-01
2.72540778e-01
2.61575431e-01
2.70527989e-01
2.92816162e-01
2.75396138e-01
2.75818676e-01
2.70176202e-01
2.67890513e-01
2.68474668e-01
2.58538306e-01
2.69099206e-01
2.63291210e-01
2.69658625e-01
2.77979016e-01
2.71163523e-01
2.75393784e-01
2.66097695e-01
2.44063541e-01
2.47884065e-01
2.59753555e-01
2.51320034e-01
2.46174440e-01
2.44388565e-01
2.45365426e-01
2.45573938e-01
2.54118890e-01
2.56831259e-01
2.55245000e-01
2.50772089e-01
2.23288298e-01
2.22502023e-01
2.35910475e-01
2.32660234e-01
2.21911430e-01
2.40044907e-01
2.36731112e-01
2.31472194e-01
2.29045942e-01
2.27413729e-01
2.48232380e-01
2.37145230e-01
2.23051473e-01
2.23599732e-01
2.34875545e-01
2.36584291e-01
2.34206274e-01
2.45693862e-01
2.59222746e-01
2.53179759e-01
2.49160856e-01
2.60006577e-01
2.52752453e-01
2.53198743e-01
2.52009094e-01
2.53653377e-01
2.47105509e-01
2.55661249e-01
2.54991859e-01
2.59487003e-01
2.33124614e-01
2.49661356e-01
2.43806660e-01
2.52414107e-01
2.56664991e-01
2.52686650e-01
2.52610743e-01
2.40084693e-01
2.46777683e-01
2.40111455e-01
2.50041902e-01
2.47144818e-01
2.53948718e-01
2.50316948e-01
2.39593208e-01
2.53209442e-01
2.63040990e-01
2.47537538e-01
2.50677139e-01
2.62925357e-01
2.50314802e-01
2.65338898e-01
2.38947883e-01
2.57768393e-01
2.44864181e-01
2.21230045e-01
2.53531903e-01
2.48739749e-01
2.36914530e-01
2.32848480e-01
2.38060161e-01
2.31304824e-01
2.30262443e-01
2.66930908e-01
2.59764940e-01
2.39147678e-01
2.68740565e-01
2.39269838e-01
2.34093010e-01
2.45676905e-01
2.25915238e-01
2.30216146e-01
2.39656642e-01
2.48052195e-01
2.30784208e-01
2.41473988e-01
2.26427451e-01
2.33143434e-01
2.55384684e-01
2.44931042e-01
2.40112662e-01
2.43776426e-01
2.43326366e-01
2.48706177e-01
2.42561951e-01
2.42446244e-01
2.20863789e-01
2.24577546e-01
2.24426448e-01
2.34041110e-01
2.48671263e-01
2.30750784e-01
2.52549112e-01
2.49918178e-01
2.09949419e-01
2.28097573e-01
2.31847942e-01
2.26991266e-01
2.23643452e-01
2.21742123e-01
2.14386865e-01
2.30443895e-01
2.43030146e-01
2.21210852e-01
2.31098533e-01
2.42267251e-01
2.29273394e-01
2.16635749e-01
2.40682572e-01
2.36543596e-01
2.27305636e-01
2.25294426e-01
2.21788004e-01
2.26718694e-01
2.32172325e-01
2.24315271e-01
2.41741896e-01
2.19890296e-01
2.18204424e-01
2.38338679e-01
2.21132085e-01
2.32610315e-01
2.31288746e-01
2.03916743e-01
2.22251534e-01
2.18164563e-01
2.20897928e-01
2.36283332e-01
2.24529505e-01
2.04614028e-01
2.23123267e-01
2.36570522e-01
2.33123541e-01
2.15360224e-01
2.30486155e-01
2.14071110e-01
2.12526381e-01
2.21721217e-01
2.36655295e-01
2.13178650e-01
2.03950018e-01
2.15640903e-01
2.12008774e-01
2.06518829e-01
2.15444714e-01
2.27664784e-01
2.21186221e-01
2.12861985e-01
2.18555674e-01
2.22592458e-01
2.19031557e-01
2.24677190e-01
2.16185391e-01
1.98283568e-01
2.09289685e-01
2.40922317e-01
2.18138292e-01
2.09017664e-01
2.13342801e-01
2.02367336e-01
2.08125055e-01
1.95022658e-01
2.17450038e-01
2.09106758e-01
2.19723508e-01
2.07899496e-01
2.01865211e-01
2.09387258e-01
2.11793050e-01
2.09297568e-01
2.03047767e-01
2.27322668e-01
2.08359256e-01
1.96064636e-01
2.02788770e-01
2.03244895e-01
2.11653337e-01
2.09307447e-01
2.01061890e-01
2.05053389e-01
2.13192642e-01
2.10035130e-01
2.13635251e-01
2.06577599e-01
2.00521961e-01
2.18175411e-01
1.93313107e-01
2.04587087e-01
2.08484486e-01
2.10675910e-01
2.22466633e-01
1.99963927e-01
2.00418457e-01
1.98684394e-01
2.05928564e-01
2.17434928e-01
2.02518418e-01
1.99818268e-01
2.09965810e-01
1.99469045e-01
2.03451708e-01
2.07560971e-01
2.21522108e-01
1.99289650e-01
1.97891533e-01
2.07416594e-01
2.14005947e-01
2.08867997e-01
1.98635325e-01
2.13137105e-01
2.15274930e-01
2.00442821e-01
2.00999841e-01
1.71979740e-01
1.96036309e-01
2.04339862e-01
1.89600125e-01
2.00553671e-01
1.88525647e-01
2.01984495e-01
1.92993939e-01
1.93782061e-01
1.91610694e-01
1.86087430e-01
1.88783273e-01
1.91765383e-01
2.17366427e-01
2.07378656e-01
1.85149685e-01
1.93558753e-01
2.01740965e-01
1.89172775e-01
1.84799075e-01
1.90429062e-01
2.03035578e-01
1.86886922e-01
1.90879434e-01
2.12564602e-01
2.03890666e-01
2.12263480e-01
2.00640202e-01
2.14987382e-01
2.00654030e-01
1.90369055e-01
2.02016175e-01
1.89411730e-01
1.87219664e-01
1.90852568e-01
1.90996885e-01
2.07172930e-01
1.92667946e-01
1.68391317e-01
1.93457171e-01
1.98099032e-01
1.84232891e-01
1.90765232e-01
1.93056896e-01
1.87529087e-01
2.00349987e-01
1.94139868e-01
1.92270070e-01
1.94994882e-01
1.72184750e-01
1.86690748e-01
1.80018529e-01
1.84327334e-01
1.92565247e-01
1.98615760e-01
1.89218104e-01
1.88755944e-01
1.91863462e-01
1.80924192e-01
1.79192603e-01
1.85393706e-01
1.81548491e-01
1.79630682e-01
1.93550512e-01
1.90080002e-01
1.81809902e-01
1.73947573e-01
1.87843993e-01
1.85977533e-01
1.80633426e-01
1.86376944e-01
1.76533908e-01
1.80081099e-01
1.91838160e-01
2.00736299e-01
1.83785647e-01
1.85244218e-01
1.88240945e-01
1.67935207e-01
1.55212939e-01
1.83852181e-01
1.85663849e-01
1.68657929e-01
1.86752990e-01
1.99374616e-01
1.60779595e-01
1.85460597e-01
2.02729985e-01
1.84655041e-01
1.77413583e-01
1.75326183e-01
1.77565351e-01
1.78345203e-01
1.71808109e-01
1.61748797e-01
1.86382398e-01
1.95845604e-01
1.78036049e-01
1.88379675e-01
1.85053498e-01
1.64858505e-01
1.80587053e-01
1.86734349e-01
1.80659413e-01
1.74051523e-01
1.86640024e-01
1.83333695e-01
1.62467301e-01
1.87881604e-01
1.80695787e-01
1.77182078e-01
1.73877552e-01
1.75304726e-01
1.77128270e-01
1.85913518e-01
1.93746731e-01
1.75970241e-01
1.75388083e-01
1.78647533e-01
1.71816558e-01
1.72103912e-01
1.85872003e-01
1.74668938e-01
1.81691960e-01
1.80257097e-01
1.59459040e-01
1.73302785e-01
1.56429172e-01
1.77319393e-01
1.91338301e-01
1.79310471e-01
1.80762082e-01
1.65084139e-01
1.61786288e-01
1.73847824e-01
1.68946549e-01
1.60841927e-01
1.71212673e-01
1.61058843e-01
1.55492291e-01
1.75363943e-01
1.66593552e-01
1.71700537e-01
1.69084609e-01
1.55131623e-01
1.73861563e-01
1.67693734e-01
1.57816738e-01
1.55900851e-01
1.82690412e-01
1.59726739e-01
1.61670640e-01
1.72424838e-01
1.54878944e-01
1.67583883e-01
1.70168608e-01
1.81643277e-01
1.68295950e-01
1.54019147e-01
1.60024866e-01
1.71157956e-01
1.72480255e-01
1.67089686e-01
1.55225515e-01
1.78121909e-01
1.69441953e-01
1.59640536e-01
1.58894449e-01
1.70433223e-01
1.53614983e-01
1.56849802e-01
1.68683097e-01
1.63493693e-01
1.72932357e-01
1.55734614e-01
1.50909737e-01
1.66693240e-01
1.69350713e-01
1.68323979e-01
1.71433032e-01
1.65377229e-01
1.68972418e-01
1.61067203e-01
1.54211208e-01
1.56935871e-01
1.80496618e-01
1.75883979e-01
1.69721663e-01
1.56525180e-01
1.45102650e-01
1.54871553e-01
1.60071835e-01
1.53726771e-01
1.53814465e-01
1.53418988e-01
1.63657233e-01
1.59147590e-01
1.61741540e-01
1.52512744e-01
1.55049458e-01
1.45310134e-01
1.51683331e-01
1.63573340e-01
1.68324292e-01
1.54700860e-01
1.57482758e-01
1.51623920e-01
1.61652088e-01
1.58662230e-01
1.46664381e-01
1.55814931e-01
1.51834831e-01
1.57962963e-01
1.61666974e-01
1.50904283e-01
1.49385154e-01
1.61730364e-01
1.65765941e-01
1.68632567e-01
1.44829839e-01
1.51875928e-01
1.59800425e-01
1.65398017e-01
1.50211722e-01
1.60853446e-01
1.44555748e-01
1.47835732e-01
1.65053532e-01
1.56509966e-01
1.45990565e-01
1.68309152e-01
1.48361355e-01
1.50068134e-01
1.47283316e-01
1.51303262e-01
1.53513655e-01
1.60346210e-01
1.53563574e-01
1.37987480e-01
1.51281402e-01
1.51804835e-01
1.33011580e-01
1.42714500e-01
1.41943306e-01
1.51169434e-01
1.54102579e-01
1.64179265e-01
1.54744416e-01
1.35557666e-01
1.59251422e-01
1.63791627e-01
1.59070954e-01
1.46676973e-01
1.41099259e-01
1.52624100e-01
1.46118239e-01
1.54285446e-01
1.61885202e-01
1.49322554e-01
1.53676644e-01
1.39515877e-01
1.31774515e-01
1.60204038e-01
1.52611122e-01
1.40353128e-01
1.40669480e-01
1.47191480e-01
1.49340406e-01
1.40190676e-01
1.33645549e-01
1.35639027e-01
1.44129157e-01
1.49562061e-01
1.48200125e-01
1.64393678e-01
1.42641142e-01
1.49842411e-01
1.24406733e-01
1.47160247e-01
1.62018284e-01
1.51858449e-01
1.52704328e-01
1.45819649e-01
1.42494410e-01
1.55589938e-01
1.48172572e-01
1.36781499e-01
1.43684044e-01
1.40834525e-01
1.39392465e-01
1.28369465e-01
1.47050157e-01
1.41551286e-01
1.29854083e-01
1.45844951e-01
1.41100392e-01
1.54606760e-01
1.61287248e-01
1.57419786e-01
1.43406123e-01
1.45174921e-01
1.48881137e-01
1.47907168e-01
1.33157685e-01
1.35816470e-01
1.37664005e-01
1.35059252e-01
1.47100151e-01
1.35513827e-01
1.46586895e-01
1.45655051e-01
1.45589694e-01
1.26732036e-01
1.42579213e-01
1.52288571e-01
1.42147556e-01
1.41591415e-01
1.49754494e-01
1.48188472e-01
1.49444863e-01
1.39335379e-01
1.38271153e-01
1.35028392e-01
1.41843125e-01
1.40346348e-01
1.32559195e-01
1.41349480e-01
1.35919943e-01
1.41770467e-01
1.31674722e-01
1.25881061e-01
1.27649263e-01
1.41626701e-01
1.44092992e-01
1.41247690e-01
1.47626624e-01
1.49464890e-01
1.44481733e-01
1.29740939e-01
1.44240603e-01
1.36387810e-01
1.26657501e-01
1.30120039e-01
1.24227397e-01
1.35679245e-01
1.25260040e-01
1.47747174e-01
1.30642861e-01
1.27761647e-01
1.44998387e-01
1.33208573e-01
1.36305675e-01
1.22962236e-01
1.29446030e-01
1.42918929e-01
1.30158588e-01
1.22968651e-01
1.33739278e-01
1.48057312e-01
1.42783150e-01
1.32927835e-01
1.36162832e-01
1.31147981e-01
1.27373427e-01
1.44553974e-01
1.33866951e-01
1.42861560e-01
1.42190039e-01
1.45638958e-01
1.45846218e-01
1.41263217e-01
1.27827004e-01
1.34914637e-01
1.30750433e-01
1.41747117e-01
1.32664457e-01
1.46319062e-01
1.37905419e-01
1.28181905e-01
1.43878296e-01
1.34460002e-01
1.38415620e-01
1.31831035e-01
1.18597463e-01
1.35725617e-01
2.10648239e-01
8.93123686e-01
7.09977686e-01
1.15450311e+00
1.16726387e+00
7.99017608e-01
4.23058003e-01
1.56816974e-01
1.26967922e-01
1.29213512e-01
1.17894158e-01
1.30889982e-01
1.43927217e-01
1.23567931e-01
1.33131087e-01
1.32896826e-01
1.11264281e-01
1.21421784e-01
1.35830536e-01
1.24206133e-01
1.33223236e-01
1.31613865e-01
1.36071056e-01
1.24594972e-01
1.26044810e-01
1.34733528e-01
1.27073422e-01
1.30387634e-01
1.43476099e-01
1.35375604e-01
1.31832704e-01
1.29193157e-01
1.23493746e-01
1.21948428e-01
1.19402699e-01
1.34805411e-01
1.25589892e-01
1.21656813e-01
1.30745530e-01
1.36207208e-01
1.37221828e-01
1.31796896e-01
1.29340798e-01
1.24733455e-01
1.26772597e-01
1.35020122e-01
1.25209123e-01
1.20013900e-01
1.03805825e-01
1.20866835e-01
1.29230797e-01
1.35355294e-01
1.30989850e-01
1.27219856e-01
1.25128970e-01
1.26449496e-01
1.16656974e-01
1.30043805e-01
1.85296386e-01
1.92976445e-01
1.48422748e-01
1.26300365e-01
1.10666752e-01
1.12432405e-01
1.21523000e-01
1.36124477e-01
1.19388126e-01
3.89086038e-01
3.88048112e-01
1.48913369e-01
1.23364180e-01
1.30656645e-01
1.26714379e-01
1.24069698e-01
1.11916088e-01
1.12896800e-01
1.27455950e-01
1.32009670e-01
1.21873938e-01
1.28375366e-01
1.18716665e-01
1.16503827e-01
1.25741214e-01
1.30114496e-01
1.24512963e-01
1.12515487e-01
1.30713060e-01
1.39489904e-01
1.29109800e-01
1.31747186e-01
1.27475634e-01
1.30808994e-01
1.33940026e-01
1.39228389e-01
1.35987878e-01
1.18524872e-01
1.27956748e-01
1.28506258e-01
1.22005701e-01
1.26470000e-01
1.23101421e-01
1.20252423e-01
1.29339337e-01
1.18022062e-01
1.21035583e-01
1.19579650e-01
1.22716628e-01
1.24167569e-01
1.30726427e-01
1.20150939e-01
1.16234168e-01
1.16577536e-01
1.21143602e-01
1.10444531e-01
1.14708677e-01
1.24392070e-01
1.17118716e-01
1.17235534e-01
1.31677032e-01
1.21856377e-01
1.31915271e-01
1.19299032e-01
1.19641237e-01
1.14307120e-01
1.17694229e-01
1.20723695e-01
1.16255745e-01
1.17111742e-01
1.24856472e-01
1.19818889e-01
1.22055717e-01
1.06953032e-01
1.15598574e-01
1.16969690e-01
1.23779692e-01
1.17022693e-01
1.25599548e-01
1.21654615e-01
1.07625507e-01
1.23571239e-01
1.15449734e-01
1.11000426e-01
1.17335118e-01
1.26126230e-01
1.15961902e-01
1.30469918e-01
1.26682356e-01
1.16802946e-01
1.16332479e-01
1.21717252e-01
1.18266471e-01
1.21157825e-01
1.17709294e-01
1.17624559e-01
1.17908143e-01
1.34450153e-01
1.14919625e-01
1.19452402e-01
1.14545032e-01
1.12529047e-01
1.18674010e-01
1.02751538e-01
1.18293114e-01
1.16267085e-01
1.23514511e-01
1.22046359e-01
1.27166122e-01
1.21798418e-01
1.13949955e-01
1.06572330e-01
1.15109555e-01
1.18233934e-01
1.15716390e-01
9.12387893e-02
1.07432693e-01
1.18964858e-01
1.16775349e-01
1.06867261e-01
1.20202713e-01
1.20194137e-01
1.08624332e-01
1.15308203e-01
1.04763716e-01
1.10983625e-01
1.11532763e-01
1.19508222e-01
1.05396912e-01
1.21968172e-01
1.29816815e-01
1.10006340e-01
1.06854796e-01
1.10528804e-01
1.01173520e-01
1.11396454e-01
1.12988263e-01
1.05138741e-01
1.09096795e-01
1.25038654e-01
1.22930415e-01
1.05134644e-01
9.95876268e-02
1.02439798e-01
1.13192469e-01
1.14188880e-01
1.18036024e-01
1.09288707e-01
1.22701667e-01
1.14227965e-01
1.24912925e-01
1.29229158e-01
1.01936124e-01
1.05356507e-01
1.28119990e-01
1.21479943e-01
1.13687113e-01
1.24499008e-01
1.15366727e-01
1.06465198e-01
1.08142123e-01
1.07370190e-01
9.56025124e-02
1.03828266e-01
1.07703447e-01
1.24748692e-01
1.10246345e-01
1.14166625e-01
1.11893497e-01
1.07552789e-01
1.19222797e-01
1.16377763e-01
1.11980200e-01
1.01226687e-01
1.11233063e-01
1.10842936e-01
1.11398332e-01
1.06386244e-01
1.00559279e-01
1.27157792e-01
1.63077742e-01
1.53207079e-01
2.98678041e-01
1.90440893e-01
1.90768600e-01
1.47889271e-01
1.57983035e-01
2.10724756e-01
1.32294208e-01
1.08401850e-01
1.12306640e-01
1.07131995e-01
1.07531093e-01
1.04386948e-01
1.33154809e-01
1.26434699e-01
1.03069395e-01
1.06145188e-01
1.06576629e-01
1.17580570e-01
1.19009323e-01
1.18408099e-01
1.03678487e-01
1.20288074e-01
1.11234143e-01
1.09555513e-01
1.28651887e-01
1.13812797e-01
1.35365099e-01
1.13980100e-01
9.75040868e-02
1.00061469e-01
1.13544837e-01
1.29592165e-01
1.24492414e-01
1.12974800e-01
1.07438035e-01
1.18651338e-01
9.90165845e-02
1.08812697e-01
9.91144106e-02
1.00156933e-01
1.10447600e-01
8.48810002e-02
1.12397395e-01
1.20089278e-01
1.14130273e-01
1.12094209e-01
1.09400876e-01
1.03902094e-01
1.17670648e-01
1.02298014e-01
1.13062039e-01
1.09181486e-01
9.95262042e-02
1.11800447e-01
1.04448125e-01
1.05831571e-01
1.10477470e-01
9.81021896e-02
1.02657720e-01
1.05677426e-01
1.04985699e-01
1.20215341e-01
1.07722037e-01
1.09554231e-01
1.27825558e-01
1.09983645e-01
1.13950156e-01
1.11438587e-01
1.11874662e-01
1.12755328e-01
1.07935287e-01
1.02906086e-01
1.03417501e-01
9.13999602e-02
9.83876660e-02
1.09678216e-01
9.61989909e-02
9.34828073e-02
1.07500114e-01
1.12548746e-01
1.09962463e-01
1.13553174e-01
1.06692366e-01
1.07004166e-01
1.01365909e-01
1.15535729e-01
1.16241172e-01
1.17117703e-01
1.23132534e-01
1.16149284e-01
1.07634872e-01
9.77883935e-02
1.06703937e-01
1.28690481e-01
1.06621765e-01
1.07684501e-01
1.02904163e-01
1.00406528e-01
9.62327719e-02
9.02790874e-02
1.02900662e-01
1.02145620e-01
1.03331327e-01
9.70856473e-02
1.00244731e-01
1.09063119e-01
9.78617743e-02
1.05111636e-01
1.10738292e-01
1.03143133e-01
1.02444343e-01
1.05764173e-01
1.01905420e-01
9.85728055e-02
1.05789930e-01
1.07883625e-01
1.02409437e-01
9.97050554e-02
9.52479765e-02
1.05839789e-01
9.15137157e-02
1.02928542e-01
1.05576158e-01
9.44437534e-02
8.94712284e-02
9.56149250e-02
9.10292938e-02
1.08756304e-01
1.07883997e-01
1.01182774e-01
1.02389649e-01
1.01048782e-01
1.05045132e-01
8.63598585e-02
1.06662802e-01
1.08436093e-01
9.44615006e-02
1.00079879e-01
9.95249972e-02
1.06697522e-01
1.25757009e-01
1.06270678e-01
8.98511186e-02
1.00753449e-01
1.06114231e-01
9.71209332e-02
1.01773463e-01
9.21750069e-02
1.02944896e-01
9.53665152e-02
1.06075756e-01
9.02064815e-02
1.01010598e-01
1.08151741e-01
1.03584126e-01
9.43130106e-02
1.14269070e-01
9.65880007e-02
8.88902843e-02
1.01422787e-01
1.00125000e-01
9.19740200e-02
1.10723116e-01
9.84415114e-02
1.07667878e-01
1.00059405e-01
9.77876708e-02
9.62161198e-02
1.06314540e-01
1.00643314e-01
1.02554083e-01
9.02740136e-02
1.06314182e-01
1.09275319e-01
9.48538408e-02
1.07785232e-01
1.10243037e-01
9.58669707e-02
8.70363712e-02
1.05558991e-01
1.07627340e-01
8.82209018e-02
9.11913365e-02
9.67635140e-02
1.03640795e-01
9.75527391e-02
1.00501426e-01
8.95423517e-02
1.01631626e-01
9.23614502e-02
1.01243876e-01
1.19091958e-01
1.01417810e-01
9.23188329e-02
0.00000000e+00
9.56973508e-02
9.11287367e-02
9.15258005e-02
9.84193534e-02
8.78220201e-02
9.60049406e-02
9.96913761e-02
8.29864591e-02
9.41851810e-02
1.07442014e-01
8.93804058e-02
1.00334026e-01
9.71504003e-02
9.46923122e-02
1.08573668e-01
9.09510180e-02
9.12993774e-02
8.81347433e-02
9.83552337e-02
1.07228264e-01
9.68841389e-02
9.44443941e-02
9.24409032e-02
8.49228427e-02
9.11637917e-02
9.34414268e-02
8.95249918e-02
9.41723436e-02
9.72407758e-02
8.63908529e-02
1.02945030e-01
9.89405662e-02
1.10433772e-01
8.51414427e-02
9.22559425e-02
9.40786451e-02
8.37639049e-02
8.26356187e-02
9.06191692e-02
1.04191177e-01
1.11431099e-01
9.03620645e-02
8.47182050e-02
9.67899933e-02
9.30598006e-02
9.08499509e-02
9.48113650e-02
9.90431681e-02
9.43674445e-02
9.07671303e-02
9.12109986e-02
9.82318223e-02
1.02877840e-01
1.09243810e-01
9.82718766e-02
9.32390019e-02
9.96800438e-02
9.50493440e-02
8.99333581e-02
8.81228745e-02
7.87225589e-02
8.87729824e-02
9.38672498e-02
9.88122076e-02
1.01317607e-01
9.52536315e-02
9.14894119e-02
1.01672560e-01
8.84927139e-02
1.06548451e-01
9.63274986e-02
9.38610956e-02
8.67104605e-02
9.32737961e-02
9.35447887e-02
8.72516260e-02
8.42746049e-02
8.97970498e-02
9.63642374e-02
1.02846518e-01
9.93858948e-02
1.00452021e-01
9.02129263e-02
9.04933512e-02
9.41326395e-02
9.27556530e-02
8.61298293e-02
8.64443928e-02
1.07382469e-01
1.04363419e-01
1.04182422e-01
9.53749344e-02
9.30417404e-02
9.73543972e-02
9.35294107e-02
1.51713923e-01
2.11736381e-01
2.40387037e-01
2.70654380e-01
2.25263715e-01
1.81145072e-01
1.12378158e-01
1.32235467e-01
1.13354944e-01
9.55336913e-02
9.03952792e-02
9.28354636e-02
8.61882344e-02
8.03765282e-02
8.31155032e-02
8.82653594e-02
9.04419646e-02
8.19005519e-02
9.65617225e-02
9.01834816e-02
7.98322260e-02
8.64905715e-02
1.00739069e-01
1.01704262e-01
8.87634233e-02
8.86565894e-02
8.77281651e-02
8.92930776e-02
8.53529796e-02
8.47988427e-02
7.91671574e-02
8.66602138e-02
9.25623178e-02
7.44831711e-02
9.44325104e-02
9.20783877e-02
9.13634375e-02
8.57326388e-02
8.17200765e-02
9.25599262e-02
9.16758925e-02
8.69610980e-02
9.12784934e-02
9.18505490e-02
1.09823443e-01
1.11960940e-01
1.37468129e-01
1.30194336e-01
1.14905700e-01
1.02940693e-01
9.43826362e-02
8.00544024e-02
8.68888423e-02
8.57482925e-02
7.70924464e-02
8.55904296e-02
9.52302516e-02
9.75834802e-02
8.61762241e-02
8.30140188e-02
7.98970386e-02
9.79151875e-02
1.04404427e-01
9.45100486e-02
8.66402686e-02
7.94453770e-02
7.93758482e-02
7.91829228e-02
7.23429173e-02
8.03750455e-02
8.80986080e-02
9.12234113e-02
8.61085951e-02
9.38239247e-02
8.13626125e-02
7.55163431e-02
8.73297006e-02
9.20931622e-02
8.02643299e-02
7.74735734e-02
7.27077276e-02
8.05110633e-02
8.82834345e-02
8.51088911e-02
7.61940330e-02
8.21137354e-02
9.14183185e-02
9.12346393e-02
8.59552026e-02
8.55768695e-02
9.53391045e-02
8.73359963e-02
7.88547769e-02
7.76581019e-02
8.27148706e-02
7.53611997e-02
8.43354687e-02
8.41276646e-02
8.71190354e-02
8.35943520e-02
9.26277041e-02
8.09846222e-02
7.23564178e-02
7.16157630e-02
7.57899731e-02
8.41203555e-02
7.46020377e-02
7.94474259e-02
9.44673941e-02
8.60981122e-02
8.18370357e-02
8.39919373e-02
9.35563520e-02
9.53307226e-02
9.63468924e-02
9.55369323e-02
8.49067643e-02
8.33742023e-02
9.22170058e-02
8.44288468e-02
8.55115950e-02
7.86937252e-02
8.02265778e-02
8.41441303e-02
8.18844363e-02
8.62011462e-02
7.63595998e-02
7.53818378e-02
8.63809884e-02
8.41924176e-02
8.39821696e-02
7.51246437e-02
7.34631941e-02
7.80396163e-02
8.55459049e-02
7.43495822e-02
9.30083692e-02
8.61944556e-02
8.73496011e-02
7.54794255e-02
8.54482278e-02
7.88552538e-02
8.77336264e-02
8.23127106e-02
7.93976635e-02
8.05725455e-02
8.51896182e-02
7.64075965e-02
8.02449510e-02
7.70302340e-02
7.96242580e-02
8.82504433e-02
7.22084641e-02
9.92573574e-02
8.23914558e-02
7.81617537e-02
7.96219334e-02
7.23090172e-02
7.97008276e-02
8.93888026e-02
9.72774997e-02
9.05290544e-02
9.28018913e-02
8.31802487e-02
7.71419182e-02
8.01527947e-02
8.25216621e-02
8.86292383e-02
8.46247301e-02
8.26409087e-02
8.06531981e-02
8.75375792e-02
9.27400142e-02
9.10701826e-02
8.45328346e-02
7.71158934e-02
8.86516944e-02
8.57724473e-02
8.60561505e-02
8.56397748e-02
9.35244560e-02
8.84855464e-02
8.46549794e-02
8.03977475e-02
7.86477178e-02
8.90299901e-02
7.48806894e-02
7.87961334e-02
9.22803655e-02
8.11718255e-02
8.99450704e-02
8.33397359e-02
8.35653543e-02
8.62469301e-02
9.16073993e-02
8.58398899e-02
8.26762170e-02
8.00516680e-02
7.47557729e-02
7.43289590e-02
7.64409378e-02
8.44438076e-02
7.94183612e-02
8.21813568e-02
8.04119036e-02
7.12833107e-02
7.76509792e-02
8.10804293e-02
8.19039792e-02
7.97847658e-02
7.36305118e-02
6.75668046e-02
7.56611302e-02
7.92415291e-02
6.66201264e-02
7.27178454e-02
7.43205100e-02
7.56158903e-02
8.67230669e-02
8.12866762e-02
7.23739117e-02
8.29775333e-02
7.84812048e-02
7.36345202e-02
7.75471181e-02
7.59682655e-02
8.14029649e-02
7.86913559e-02
7.07606524e-02
7.49956071e-02
7.96256885e-02
6.88733533e-02
7.91781619e-02
8.23303238e-02
7.23615959e-02
7.98166692e-02
7.42534250e-02
6.89873770e-02
7.36149177e-02
8.02254528e-02
7.25509152e-02
7.51148760e-02
7.10689425e-02
6.73519000e-02
7.45065138e-02
7.40055814e-02
7.69662485e-02
7.49939233e-02
6.49501383e-02
6.97883964e-02
7.14603886e-02
7.97886699e-02
6.54748678e-02
6.43502772e-02
7.83800110e-02
8.52534473e-02
7.00326785e-02
7.58403391e-02
7.21852258e-02
6.97816834e-02
7.62935579e-02
7.76746050e-02
6.90438077e-02
7.55923018e-02
7.45786503e-02
6.69944212e-02
7.59959072e-02
7.47304931e-02
7.54999667e-02
6.26151338e-02
6.23574257e-02
6.88230023e-02
7.01711997e-02
7.21291080e-02
7.30325729e-02
7.72574693e-02
7.09809884e-02
7.17534497e-02
5.92267886e-02
7.58707300e-02
7.27213994e-02
6.86505884e-02
7.60090426e-02
7.25645348e-02
7.94644430e-02
7.57087991e-02
7.49453157e-02
7.42592663e-02
6.87584653e-02
6.75077289e-02
7.57499486e-02
7.25259632e-02
6.40080050e-02
7.19204620e-02
7.35803097e-02
6.79229796e-02
5.61224371e-02
7.37379640e-02
6.49579167e-02
6.94654882e-02
7.18848705e-02
6.89643621e-02
6.67092130e-02
7.57796243e-02
7.48942643e-02
6.61073849e-02
6.44929036e-02
7.27967694e-02
6.90899417e-02
6.68748021e-02
6.71303719e-02
6.43172860e-02
6.42732009e-02
6.53319433e-02
6.08371049e-02
7.21850991e-02
6.17160834e-02
6.95737451e-02
6.55185878e-02
7.19198287e-02
7.11600035e-02
6.70405701e-02
6.79891706e-02
6.80457801e-02
7.57918507e-02
6.24064952e-02
6.50324151e-02
7.22312927e-02
6.83977306e-02
7.25340024e-02
7.27734044e-02
6.79286867e-02
6.82250857e-02
6.11271113e-02
7.36981630e-02
6.71544373e-02
6.63252324e-02
6.89274743e-02
7.01510310e-02
6.07731864e-02
6.73271343e-02
7.41389915e-02
6.44581094e-02
6.85494989e-02
6.30275682e-02
6.98653460e-02
6.34153932e-02
6.64350092e-02
6.78808987e-02
6.15767837e-02
7.05209821e-02
7.10296631e-02
8.02412555e-02
9.04987901e-02
9.41212252e-02
7.51386061e-02
8.30003694e-02
7.91533738e-02
7.22645298e-02
6.26129657e-02
6.58017844e-02
6.56435490e-02
7.22635761e-02
6.71615675e-02
6.65859953e-02
6.00358024e-02
6.35733157e-02
7.16086775e-02
6.44452721e-02
6.86800629e-02
7.03504458e-02
7.23083839e-02
7.74375945e-02
8.81045386e-02
1.01153508e-01
1.16054974e-01
1.38343513e-01
8.34314972e-02
7.29219466e-02
7.44817257e-02
7.99706802e-02
8.00413117e-02
6.70428872e-02
6.87498301e-02
7.18909651e-02
6.02562651e-02
6.95504472e-02
7.51818493e-02
5.77641651e-02
6.75462037e-02
7.38870353e-02
7.77897686e-02
6.50508180e-02
6.35918975e-02
6.85429424e-02
6.65285736e-02
6.77024648e-02
6.87587038e-02
8.65054503e-02
8.56684968e-02
7.71917775e-02
6.88328743e-02
6.80140629e-02
6.60039634e-02
6.41893968e-02
8.40081945e-02
7.78079703e-02
8.03821832e-02
7.46158510e-02
6.16194606e-02
7.45133683e-02
9.03964862e-02
8.31391364e-02
9.93337035e-02
7.72541314e-02
6.36342391e-02
6.21786937e-02
6.28629774e-02
5.89224771e-02
6.79190084e-02
6.16856590e-02
7.07089007e-02
7.72396401e-02
6.92329854e-02
6.24758191e-02
6.20577447e-02
7.51919001e-02
8.06472376e-02
1.00237712e-01
9.43388790e-02
7.83136263e-02
7.03957900e-02
6.50560781e-02
6.57424778e-02
6.30897656e-02
7.05735907e-02
7.60796070e-02
6.75586909e-02
7.08170608e-02
6.74778000e-02
6.78850040e-02
6.72720149e-02
7.29980618e-02
6.97588250e-02
6.26887232e-02
6.28110543e-02
8.28008801e-02
9.47241411e-02
7.20252469e-02
7.66710192e-02
6.43030033e-02
6.93373978e-02
6.67838007e-02
5.91268688e-02
6.75002411e-02
6.40206560e-02
6.72489703e-02
6.45395592e-02
6.40668049e-02
6.31169677e-02
6.00714087e-02
7.61436820e-02
6.87533021e-02
6.54524416e-02
6.96255788e-02
7.59319589e-02
6.47415966e-02
6.72390610e-02
6.98687807e-02
6.16429932e-02
6.53075203e-02
6.66245222e-02
5.87817878e-02
5.88098504e-02
6.87953681e-02
6.03752956e-02
6.12621866e-02
7.16792047e-02
5.72753251e-02
6.20351881e-02
6.24220222e-02
7.13044181e-02
7.49198422e-02
5.90134487e-02
6.22758605e-02
5.94066605e-02
5.82250804e-02
5.86166233e-02
6.40419945e-02
6.68452829e-02
6.39798269e-02
6.49019405e-02
5.98618202e-02
6.31788075e-02
6.60961047e-02
6.32702336e-02
6.21831641e-02
6.73051849e-02
6.72110692e-02
6.41762018e-02
6.72338158e-02
6.28224313e-02
5.69524318e-02
6.32297769e-02
5.87930456e-02
5.50220832e-02
6.56044260e-02
6.44090474e-02
5.28154187e-02
6.23090938e-02
6.67906404e-02
6.32133782e-02
6.43575937e-02
6.56314790e-02
6.55902326e-02
6.23650290e-02
6.72098622e-02
6.10123277e-02
5.63599430e-02
6.65284768e-02
6.58926070e-02
6.14214875e-02
6.31398484e-02
5.70813529e-02
6.16102256e-02
5.84109053e-02
5.08132577e-02
6.38390258e-02
6.57258555e-02
5.78857400e-02
6.65233210e-02
6.23114966e-02
5.75001501e-02
5.89390174e-02
6.04239702e-02
6.98107779e-02
6.90673292e-02
6.95931017e-02
5.49776703e-02
6.54070973e-02
6.46181852e-02
6.43401444e-02
5.93032613e-02
5.30802123e-02
5.66106439e-02
5.85426874e-02
5.66271693e-02
5.80666848e-02
6.76697493e-02
6.14295155e-02
6.16832674e-02
5.86618520e-02
6.00563139e-02
5.11255674e-02
5.71765415e-02
6.24557212e-02
5.46268858e-02
5.62290400e-02
6.20181300e-02
5.55224158e-02
6.06370755e-02
6.14075698e-02
5.46985790e-02
5.97327389e-02
5.09851016e-02
5.39899766e-02
6.84865937e-02
6.51291907e-02
6.48344830e-02
5.73727414e-02
6.67163953e-02
6.04069568e-02
6.77983463e-02
7.30529726e-02
5.47650941e-02
5.57751171e-02
5.52871078e-02
5.90205565e-02
5.69461174e-02
5.80781586e-02
6.36287704e-02
6.29223734e-02
6.35978803e-02
5.66979125e-02
7.07866475e-02
6.30918965e-02
6.92854300e-02
5.61294295e-02
6.58049360e-02
6.14957996e-02
6.01532012e-02
5.65481298e-02
5.36879040e-02
5.92838489e-02
5.62720113e-02
5.08404188e-02
6.15840293e-02
6.23547286e-02
5.73343560e-02
6.42337352e-02
5.71049936e-02
6.46508634e-02
6.22792430e-02
6.18451610e-02
6.58687279e-02
8.81342217e-02
1.36231080e-01
1.37374818e-01
1.19311728e-01
1.28102854e-01
1.30224288e-01
9.60723460e-02
7.52350390e-02
6.26912192e-02
5.88379018e-02
7.73951560e-02
7.33027682e-02
6.22076616e-02
6.50883391e-02
6.19222037e-02
6.00443520e-02
6.58295527e-02
5.85429333e-02
5.91193363e-02
6.60041794e-02
5.98605759e-02
8.22947025e-02
1.47826329e-01
1.79010034e-01
1.60363615e-01
1.12778671e-01
7.18029290e-02
7.65115172e-02
8.34464207e-02
7.89549351e-02
7.14486688e-02
6.03497401e-02
6.18280955e-02
6.80741221e-02
6.28085062e-02
6.43283948e-02
6.23326972e-02
5.90746813e-02
6.51005358e-02
7.85812959e-02
7.94484839e-02
6.62080795e-02
5.93525395e-02
5.88142909e-02
6.23903684e-02
8.00018907e-02
1.03065126e-01
1.65234804e-01
1.27319247e-01
8.81867036e-02
6.51849061e-02
5.73393963e-02
5.79363406e-02
6.39186651e-02
6.83891103e-02
8.76513720e-02
8.76714587e-02
6.64787740e-02
6.46274462e-02
6.86542317e-02
1.02864936e-01
1.28759965e-01
1.65309891e-01
1.18140459e-01
7.81182498e-02
4.74845320e-02
5.88189773e-02
6.13893494e-02
6.51032254e-02
5.96338399e-02
6.77105710e-02
7.06994012e-02
7.93313906e-02
8.87912735e-02
8.12419206e-02
5.60666695e-02
5.87411113e-02
9.17292684e-02
1.25025883e-01
1.38285428e-01
1.01832770e-01
6.92345053e-02
6.31310642e-02
6.25107586e-02
5.52117638e-02
5.96970208e-02
5.97438216e-02
6.34137243e-02
5.39134741e-02
6.05730228e-02
6.12950362e-02
6.75634518e-02
6.66774958e-02
8.17972720e-02
6.98076487e-02
5.91164529e-02
7.79133067e-02
8.46110955e-02
1.18584029e-01
9.01795849e-02
6.39614612e-02
5.77970706e-02
6.02023043e-02
5.76175563e-02
5.64096197e-02
6.13623895e-02
6.56141788e-02
5.96056767e-02
5.68673797e-02
5.82547225e-02
5.66546135e-02
5.08096293e-02
5.48405834e-02
6.39863461e-02
6.33016005e-02
6.54476807e-02
5.97839914e-02
6.14130609e-02
6.18504100e-02
7.61564746e-02
8.84404555e-02
6.27725795e-02
5.81224486e-02
6.11481145e-02
5.98622374e-02
6.85991645e-02
6.26911148e-02
5.71373887e-02
6.00773357e-02
6.33285642e-02
5.76146953e-02
5.93015328e-02
6.15652427e-02
5.92880361e-02
6.05477802e-02
5.95578700e-02
5.66047579e-02
6.77337721e-02
7.50923604e-02
7.59013444e-02
7.53488317e-02
6.78914264e-02
5.91680482e-02
7.53842145e-02
7.74125308e-02
7.41926730e-02
7.90226683e-02
6.10084981e-02
5.84171936e-02
6.07644729e-02
6.36581928e-02
5.71403988e-02
6.22083582e-02
5.91940247e-02
5.98020814e-02
5.53774238e-02
6.73181117e-02
6.21350817e-02
5.12932949e-02
6.00067787e-02
6.77070394e-02
6.22609928e-02
5.80826886e-02
5.84571809e-02
6.28343150e-02
6.18564524e-02
6.32930100e-02
8.76394510e-02
1.08439438e-01
1.05731770e-01
1.05834998e-01
7.57387429e-02
7.00412542e-02
7.21274689e-02
6.05195239e-02
6.08128607e-02
5.95744699e-02
5.07261045e-02
6.52625039e-02
6.74983710e-02
5.80640770e-02
5.54813407e-02
6.09243400e-02
5.78755438e-02
5.75516708e-02
6.16484992e-02
6.46703690e-02
6.16913401e-02
5.98679893e-02
6.47871345e-02
6.10658489e-02
6.10546730e-02
5.36169186e-02
5.60787097e-02
6.60279915e-02
7.34614953e-02
8.86572450e-02
7.07530230e-02
6.59825280e-02
6.57514557e-02
5.57940863e-02
5.97872287e-02
5.99448532e-02
5.82760908e-02
7.38290995e-02
6.80571944e-02
6.30962402e-02
5.85611202e-02
6.31591827e-02
8.00127685e-02
1.03710003e-01
1.33230329e-01
1.48900643e-01
1.32061541e-01
1.52809039e-01
1.37442097e-01
1.05572037e-01
1.24769576e-01
1.20237358e-01
1.07788093e-01
8.48911554e-02
6.55604452e-02
6.65207505e-02
7.57136866e-02
6.69454038e-02
8.11786875e-02
7.85844997e-02
8.16220939e-02
1.03797123e-01
1.06939152e-01
1.03991084e-01
8.35159421e-02
7.49508366e-02
7.29953796e-02
6.10920303e-02
5.86608052e-02
6.93606287e-02
6.46362901e-02
6.06278107e-02
6.45358860e-02
5.33308722e-02
5.88074774e-02
6.24592230e-02
7.23378509e-02
6.00272976e-02
5.22913374e-02
5.49638160e-02
7.07881674e-02
6.89093098e-02
6.45268708e-02
5.60098700e-02
5.97517863e-02
5.73975071e-02
5.91410138e-02
6.36822432e-02
6.09528720e-02
5.82696199e-02
5.71802855e-02
5.49377762e-02
5.86550944e-02
5.33839352e-02
5.55272624e-02
5.01808450e-02
6.05434366e-02
5.47269285e-02
5.34301251e-02
5.37579432e-02
5.99523708e-02
6.69750199e-02
6.19455054e-02
5.16303256e-02
5.56466952e-02
6.01094067e-02
5.69987223e-02
6.87508062e-02
1.08369179e-01
1.37579247e-01
1.55906990e-01
1.56061918e-01
1.56953007e-01
1.23367138e-01
7.87528753e-02
6.24255836e-02
7.14888349e-02
7.64126331e-02
6.91631138e-02
6.04951121e-02
5.00923693e-02
5.14611565e-02
6.21068552e-02
6.51390180e-02
5.33429682e-02
5.38209081e-02
5.32925837e-02
5.55512197e-02
7.68664107e-02
1.22506432e-01
2.03989282e-01
1.95686400e-01
1.24965653e-01
8.31695795e-02
6.75581470e-02
9.60645154e-02
1.05807841e-01
7.23669752e-02
6.02529496e-02
5.27651012e-02
4.80956361e-02
6.02704585e-02
6.96349815e-02
6.28176332e-02
6.28939644e-02
5.71269616e-02
6.75149783e-02
7.59975836e-02
7.42068216e-02
6.67565838e-02
5.49481288e-02
5.24491109e-02
6.21048212e-02
8.68103951e-02
1.49236783e-01
1.72675759e-01
1.09272800e-01
7.61143193e-02
5.51814362e-02
5.23298159e-02
5.37575483e-02
7.15999007e-02
8.13548565e-02
9.56789702e-02
7.63487816e-02
7.37284347e-02
5.64823188e-02
5.71676604e-02
9.05358121e-02
1.47469133e-01
1.79403991e-01
1.37540236e-01
9.58941802e-02
5.85559979e-02
5.27782626e-02
5.77399991e-02
5.44585809e-02
5.40469252e-02
5.72804846e-02
6.42925054e-02
7.17522204e-02
8.23757201e-02
7.97690451e-02
6.71746805e-02
5.46078533e-02
6.68962300e-02
9.75781381e-02
1.65781215e-01
1.80879474e-01
1.35554075e-01
9.38164741e-02
8.78786147e-02
1.00392111e-01
8.17562640e-02
6.65144548e-02
6.42485246e-02
8.65462348e-02
1.17148951e-01
1.13069661e-01
8.54210109e-02
6.20511509e-02
6.54325485e-02
8.81662667e-02
8.43143910e-02
7.66958222e-02
6.52549863e-02
7.69252926e-02
9.47617367e-02
1.17713563e-01
9.38650966e-02
6.73834011e-02
5.35947382e-02
5.41289560e-02
6.11367710e-02
5.93004711e-02
5.31575531e-02
4.76385169e-02
5.25388829e-02
6.77702948e-02
1.17633745e-01
1.53534740e-01
2.35972226e-01
2.10044473e-01
1.29272893e-01
9.24530178e-02
1.00547008e-01
1.13865390e-01
7.56684318e-02
6.21039681e-02
7.00448006e-02
7.97368437e-02
9.86124948e-02
8.95016119e-02
6.34700432e-02
5.68138286e-02
5.71841933e-02
4.81982827e-02
4.65272181e-02
4.76106144e-02
6.07164018e-02
8.55437890e-02
8.82201344e-02
7.19407573e-02
5.36811166e-02
4.96401116e-02
6.31342828e-02
5.82919009e-02
1.08067483e-01
1.36986539e-01
1.99323758e-01
1.62300423e-01
8.87275562e-02
5.65295406e-02
5.84176145e-02
5.23320362e-02
6.49579465e-02
8.58783722e-02
9.35369059e-02
9.57249627e-02
6.48020655e-02
5.67896031e-02
5.40651828e-02
6.95981011e-02
1.28317207e-01
1.98582917e-01
2.15895370e-01
1.23617142e-01
7.43746534e-02
5.26535362e-02
6.38588369e-02
5.57591319e-02
5.55043593e-02
5.25143333e-02
6.77792951e-02
1.05149217e-01
1.44465432e-01
1.35446131e-01
8.84386227e-02
7.45112523e-02
7.38009736e-02
1.03104502e-01
1.51531935e-01
1.80565700e-01
1.55213833e-01
9.61868167e-02
6.61580712e-02
6.35687038e-02
6.09541014e-02
5.23287207e-02
5.44428602e-02
5.15400879e-02
5.53581342e-02
5.90677299e-02
5.39336950e-02
5.54113872e-02
7.52540007e-02
8.20512921e-02
8.73049200e-02
5.15850671e-02
6.19663671e-02
6.55053928e-02
1.01907283e-01
1.00778826e-01
6.39758632e-02
6.39831573e-02
5.92386834e-02
4.73288707e-02
5.50365709e-02
5.53500690e-02
5.24009690e-02
5.82078993e-02
5.86543791e-02
5.50472476e-02
5.54523580e-02
5.68862818e-02
5.66908792e-02
5.80740273e-02
5.85199483e-02
5.68786711e-02
5.95954768e-02
6.22982867e-02
5.54187857e-02
5.15890978e-02
7.49897063e-02
6.69984743e-02
5.91532029e-02
5.70806898e-02
5.50742820e-02
5.93448430e-02
5.75201288e-02
6.23225495e-02
5.26380986e-02
5.27997203e-02
5.92171587e-02
4.57142182e-02
5.41292466e-02
5.50038852e-02
5.68097085e-02
5.12083396e-02
5.94038814e-02
6.07660078e-02
4.76110540e-02
5.54370731e-02
5.88392615e-02
6.05721548e-02
6.16649985e-02
6.53281063e-02
6.32978603e-02
6.20810464e-02
5.25597148e-02
5.34136891e-02
6.08192161e-02
5.62114753e-02
5.90264052e-02
5.76612093e-02
5.63883521e-02
5.39807342e-02
5.86611256e-02
5.10582551e-02
5.64818010e-02
5.50844930e-02
5.47597073e-02
5.08826859e-02
5.60695566e-02
5.99651746e-02
5.40055819e-02
6.00756370e-02
5.24890386e-02
5.50182089e-02
6.00342788e-02
6.43926412e-02
5.18893190e-02
6.53229579e-02
5.81229441e-02
5.41667454e-02
5.46913333e-02
5.61160333e-02
5.68556860e-02
6.14471361e-02
5.61890565e-02
5.50140515e-02
5.76247424e-02
5.97508922e-02
5.87602556e-02
5.41295037e-02
5.39902262e-02
5.13466224e-02
5.51624559e-02
5.79174608e-02
5.82215637e-02
5.45605384e-02
5.14711142e-02
5.69070838e-02
5.02100065e-02
5.46133965e-02
6.08396456e-02
5.26224189e-02
5.37268966e-02
5.59072420e-02
5.66666126e-02
5.57679236e-02
5.87611794e-02
6.06609844e-02
5.60419150e-02
5.14644608e-02
5.38431108e-02
5.14027625e-02
5.55807129e-02
5.28039411e-02
5.39490096e-02
5.59584051e-02
5.28167114e-02
4.83275987e-02
5.81139699e-02
5.54502793e-02
5.79611994e-02
8.92568603e-02
1.21278606e-01
1.28640667e-01
1.20181091e-01
1.10104427e-01
1.32835016e-01
1.76566273e-01
1.32618040e-01
8.98347944e-02
8.85072351e-02
1.48575634e-01
1.99796408e-01
1.83099002e-01
1.03107035e-01
6.28577918e-02
5.56750856e-02
6.33184910e-02
7.63621107e-02
9.39462930e-02
6.21921234e-02
5.11950441e-02
5.01816832e-02
4.82878387e-02
5.57443872e-02
5.15809990e-02
5.10025211e-02
5.07101268e-02
4.85075116e-02
5.31303436e-02
5.22310622e-02
5.46025597e-02
5.40054142e-02
6.65463805e-02
1.20243847e-01
3.05131227e-01
3.39957923e-01
3.36265206e-01
1.94223568e-01
1.06375553e-01
1.49307251e-01
1.13647833e-01
9.95123610e-02
6.74000233e-02
5.48398755e-02
6.83367774e-02
7.53415450e-02
7.27544725e-02
6.57883063e-02
5.27960025e-02
5.00208139e-02
5.55575863e-02
4.83491495e-02
5.12587950e-02
7.73226842e-02
1.07414253e-01
1.21585093e-01
9.48184282e-02
6.55877218e-02
4.92149107e-02
5.39202467e-02
5.66463768e-02
7.78107047e-02
1.97090611e-01
2.96057224e-01
2.74488539e-01
1.67308107e-01
9.27152783e-02
5.23791499e-02
5.25382608e-02
5.32066338e-02
8.11965540e-02
1.20042682e-01
1.59788534e-01
8.53837505e-02
6.44784346e-02
4.80472259e-02
5.50794005e-02
7.53687918e-02
1.87913045e-01
2.68935829e-01
2.66249418e-01
1.57232687e-01
9.55514163e-02
5.36503941e-02
4.94282544e-02
4.75456268e-02
4.67270166e-02
5.23265712e-02
4.85831574e-02
7.38369897e-02
8.85367543e-02
1.42564863e-01
8.72920901e-02
6.77463859e-02
4.90772463e-02
5.61341681e-02
1.37954146e-01
1.90805763e-01
2.68652141e-01
1.40648380e-01
7.86122680e-02
5.42178787e-02
5.19899987e-02
5.09896837e-02
5.03709987e-02
5.28786331e-02
4.95251119e-02
4.97802980e-02
5.26311658e-02
4.61104885e-02
6.12626486e-02
9.24023390e-02
1.19822219e-01
8.79493803e-02
5.85956164e-02
5.29733039e-02
7.17413202e-02
1.33896187e-01
1.71020225e-01
1.04051262e-01
7.09116608e-02
4.86585349e-02
5.06506041e-02
4.12260741e-02
5.32377362e-02
4.55238745e-02
4.88722958e-02
5.04273213e-02
4.81403880e-02
4.70511392e-02
4.76901941e-02
4.37165573e-02
4.55195196e-02
4.81528230e-02
6.09696023e-02
7.18820766e-02
6.40012100e-02
5.38342521e-02
4.76453379e-02
7.39775598e-02
1.00169145e-01
7.73074478e-02
6.45985603e-02
4.93171364e-02
4.89937924e-02
5.00966050e-02
5.18924147e-02
4.42885160e-02
4.43528406e-02
4.95972224e-02
4.89051044e-02
4.98144329e-02
5.74629456e-02
5.87512031e-02
5.35354689e-02
5.20111844e-02
4.24113683e-02
5.24304062e-02
5.57243079e-02
5.12374490e-02
6.15077503e-02
5.21521978e-02
4.89871912e-02
5.43725677e-02
6.53017461e-02
5.52092828e-02
5.26782647e-02
4.98422906e-02
4.87697497e-02
5.36669344e-02
5.12268506e-02
5.45759983e-02
6.12257235e-02
6.78825825e-02
7.03271553e-02
6.65495768e-02
8.03812295e-02
7.67465979e-02
9.83883813e-02
1.03368796e-01
8.01676810e-02
8.80909562e-02
1.08060636e-01
1.00998327e-01
7.67891258e-02
8.67856741e-02
7.08225444e-02
6.84337020e-02
5.82138374e-02
6.15571775e-02
8.01444575e-02
9.07289758e-02
9.70363989e-02
9.54424292e-02
1.01347394e-01
1.07224636e-01
1.01169005e-01
1.08657196e-01
8.59138742e-02
1.13627620e-01
8.36943313e-02
9.17346850e-02
8.41149092e-02
6.71744421e-02
8.03409144e-02
5.94451018e-02
5.89794852e-02
7.38172755e-02
5.84867187e-02
5.64918555e-02
6.33612722e-02
5.67367673e-02
5.13273701e-02
5.13479933e-02
5.22317588e-02
5.25542758e-02
5.25876582e-02
4.66267616e-02
5.60412519e-02
5.49458116e-02
5.35286292e-02
5.39764650e-02
5.11787273e-02
4.70200330e-02
5.24234697e-02
5.29845841e-02
4.99975309e-02
4.76965569e-02
4.61769141e-02
4.56705764e-02
4.57514077e-02
5.05039655e-02
5.11593819e-02
4.58346792e-02
5.26348762e-02
4.97637838e-02
4.45859358e-02
4.59783077e-02
4.52307053e-02
4.32216302e-02
4.92868386e-02
5.15057966e-02
4.63586263e-02
5.31661622e-02
6.47873878e-02
1.06505401e-01
2.08120599e-01
2.11273223e-01
1.62504137e-01
1.84915811e-01
2.62527227e-01
2.04130322e-01
1.33189157e-01
1.15636989e-01
2.43566483e-01
3.08890522e-01
1.63812801e-01
1.38235852e-01
6.49129376e-02
5.24930619e-02
7.00609758e-02
1.31327361e-01
1.02556162e-01
8.20965990e-02
6.14018440e-02
4.60907593e-02
5.23150451e-02
4.71083485e-02
4.61028181e-02
5.32084815e-02
5.07687330e-02
5.34029678e-02
4.95604202e-02
4.85028438e-02
4.93561104e-02
4.99654412e-02
5.84895909e-02
1.39652431e-01
2.89679617e-01
5.47732890e-01
3.98727804e-01
2.69392878e-01
1.54293165e-01
1.47346079e-01
2.30039805e-01
1.21522963e-01
9.41649750e-02
5.49969263e-02
5.13550341e-02
5.92043065e-02
1.00983925e-01
8.89104009e-02
6.96886927e-02
5.64181618e-02
4.80938740e-02
4.80246395e-02
5.65628633e-02
6.00659102e-02
9.77868661e-02
1.66351706e-01
1.37933478e-01
8.34002048e-02
5.68600073e-02
5.14609404e-02
4.72949781e-02
5.37352599e-02
1.40497014e-01
2.35067785e-01
4.52089727e-01
3.03389192e-01
1.79472908e-01
7.71325007e-02
5.58876097e-02
5.51809669e-02
5.40070012e-02
1.12074420e-01
1.53784305e-01
1.87882274e-01
1.12638883e-01
6.64432719e-02
4.90827262e-02
5.70723675e-02
7.18051419e-02
2.44030386e-01
3.78621995e-01
4.08604652e-01
2.52023309e-01
1.30376935e-01
6.04776405e-02
4.64868695e-02
4.72156554e-02
4.91991080e-02
4.61085401e-02
5.52132316e-02
6.34223744e-02
1.24975786e-01
2.19984978e-01
1.37698486e-01
9.31589231e-02
6.04517497e-02
5.73131368e-02
9.39035118e-02
2.37385184e-01
3.99824023e-01
2.60178804e-01
2.11764559e-01
9.60406736e-02
5.86317144e-02
4.26013395e-02
5.25379963e-02
4.89146523e-02
4.73173186e-02
4.63948883e-02
5.13431355e-02
5.27689308e-02
5.69436885e-02
6.04704693e-02
1.17881365e-01
1.63115352e-01
1.08872473e-01
7.89452195e-02
5.99059127e-02
7.77238905e-02
1.48746476e-01
2.63429612e-01
1.98920771e-01
