2.47745323e+00
2.39560437e+00
2.41173148e+00
2.49937010e+00
2.63151360e+00
2.61034393e+00
2.44432545e+00
2.54965758e+00
2.56013298e+00
2.53708816e+00
2.54278660e+00
2.55006838e+00
2.49113631e+00
2.55580425e+00
2.66432500e+00
2.60613942e+00
2.59447050e+00
2.64804864e+00
2.57367563e+00
2.61077499e+00
2.60563660e+00
2.48204398e+00
2.63554668e+00
2.60750651e+00
2.63147306e+00
2.67645240e+00
2.55534530e+00
2.53829670e+00
2.57709479e+00
2.54175043e+00
2.56778622e+00
2.51079917e+00
2.40377069e+00
2.56964850e+00
2.53285885e+00
2.43035555e+00
2.39815712e+00
2.37588692e+00
2.40873742e+00
2.40899730e+00
2.32282472e+00
2.34428048e+00
2.28364325e+00
2.28900170e+00
2.35679531e+00
2.22976828e+00
2.24389386e+00
2.37085366e+00
2.35764813e+00
2.38138628e+00
2.34140015e+00
2.38991451e+00
2.41642594e+00
2.44801927e+00
2.52662420e+00
2.53076077e+00
2.54836893e+00
2.52922821e+00
2.54907990e+00
2.52365637e+00
2.58711410e+00
2.61938214e+00
2.61468935e+00
2.55935740e+00
2.54954433e+00
2.60615516e+00
2.71124673e+00
2.65201235e+00
2.50784588e+00
2.64356661e+00
2.64070964e+00
2.57141566e+00
2.52570343e+00
2.60526347e+00
2.60550904e+00
2.49544740e+00
2.55797243e+00
2.59939313e+00
2.60785389e+00
2.58652163e+00
2.54823017e+00
2.51328540e+00
2.46617484e+00
2.41947746e+00
2.50514603e+00
2.46613598e+00
2.41755962e+00
2.52913952e+00
2.37790203e+00
2.44668174e+00
2.40962601e+00
2.29894900e+00
2.31198311e+00
2.32120609e+00
2.26467848e+00
2.11123967e+00
2.12844110e+00
2.15493274e+00
2.04398870e+00
2.10599685e+00
2.02812099e+00
2.02137733e+00
1.98734927e+00
1.94737351e+00
1.93455040e+00
1.90217781e+00
1.97643232e+00
2.03852034e+00
2.03838992e+00
2.01824832e+00
2.02981424e+00
2.06932449e+00
2.18726349e+00
2.17231822e+00
2.17270613e+00
2.21361637e+00
2.27828526e+00
2.31168294e+00
2.35294247e+00
2.32803917e+00
2.42735982e+00
2.42654753e+00
2.38932467e+00
2.49494195e+00
2.39035177e+00
2.60451436e+00
2.57645345e+00
2.59166193e+00
2.66621327e+00
2.58825803e+00
2.57709789e+00
2.53635001e+00
2.60099149e+00
2.64027262e+00
2.59412456e+00
2.55031633e+00
2.60524702e+00
2.65728998e+00
2.72560000e+00
2.73490548e+00
2.73094940e+00
2.72738218e+00
2.61380434e+00
2.68420053e+00
2.71548963e+00
2.67851591e+00
2.68177009e+00
2.63292861e+00
2.62845445e+00
2.71132493e+00
2.62101436e+00
2.58302045e+00
2.63008571e+00
2.62876821e+00
2.62376809e+00
2.64875317e+00
2.66582775e+00
2.66253686e+00
2.67571497e+00
2.63337088e+00
2.57767010e+00
2.58514643e+00
2.50201082e+00
2.45325637e+00
2.53054690e+00
2.50964093e+00
2.47072220e+00
2.43395376e+00
2.43389630e+00
2.37829828e+00
2.39875531e+00
2.40922308e+00
2.37648153e+00
2.31085658e+00
2.28882217e+00
2.32389998e+00
2.28068376e+00
2.27483010e+00
2.29679942e+00
2.11081934e+00
2.07841110e+00
2.04966497e+00
1.91890216e+00
2.04545355e+00
1.96178532e+00
1.93469906e+00
1.85849988e+00
1.78172863e+00
1.75853610e+00
1.77476311e+00
1.69399261e+00
1.59340596e+00
1.55758715e+00
1.55861413e+00
1.56124425e+00
1.61972737e+00
1.60793042e+00
1.73011148e+00
1.75616550e+00
1.73937106e+00
1.80665588e+00
1.84299934e+00
1.93471229e+00
1.93125057e+00
1.98007929e+00
2.04921031e+00
2.05241346e+00
2.11654139e+00
2.10757232e+00
2.07652950e+00
2.14997244e+00
2.26961112e+00
2.21487474e+00
2.16793776e+00
2.27523541e+00
2.33549523e+00
2.36815047e+00
2.42863584e+00
2.42942786e+00
2.36070299e+00
2.45501900e+00
2.51834750e+00
2.54225016e+00
2.59012628e+00
2.61155987e+00
2.54354787e+00
2.59122872e+00
2.74369335e+00
2.68470812e+00
2.64321423e+00
2.66601658e+00
2.64318228e+00
2.70962477e+00
2.76388478e+00
2.72776651e+00
2.73653889e+00
2.80222058e+00
2.74250817e+00
2.80354548e+00
2.86800885e+00
2.76938224e+00
2.75266933e+00
2.73807406e+00
2.66773653e+00
2.86305904e+00
2.76064992e+00
2.77774572e+00
2.87182403e+00
2.84991312e+00
2.82386398e+00
2.82467389e+00
2.86785769e+00
2.88478875e+00
2.84991646e+00
2.77974558e+00
2.75942039e+00
2.81774712e+00
2.91180968e+00
2.95019412e+00
2.87348127e+00
2.89620709e+00
2.86295295e+00
2.90752316e+00
2.87937760e+00
2.84526587e+00
2.88129711e+00
2.86714339e+00
2.89335227e+00
2.83440828e+00
2.85145068e+00
2.88186932e+00
2.88888836e+00
2.83127904e+00
2.81256366e+00
2.78656411e+00
2.79203439e+00
2.86816120e+00
2.85987949e+00
2.77457738e+00
2.78746009e+00
2.77146029e+00
2.77081919e+00
2.76330400e+00
2.78457165e+00
2.74315572e+00
2.67323661e+00
2.79839468e+00
2.75783682e+00
2.70550871e+00
2.66317892e+00
2.63055968e+00
2.65199757e+00
2.61986756e+00
2.59107876e+00
2.64083362e+00
2.63385057e+00
2.54522896e+00
2.50274920e+00
2.62317657e+00
2.45868039e+00
2.49712300e+00
2.52280784e+00
2.44437861e+00
2.44420147e+00
2.30637550e+00
2.36706829e+00
2.36751962e+00
2.30503869e+00
2.32079554e+00
2.30379105e+00
2.22760034e+00
2.21897316e+00
2.16570854e+00
2.10787916e+00
2.11354589e+00
2.14324665e+00
2.03554511e+00
2.02361941e+00
1.90822375e+00
1.94016635e+00
2.07890582e+00
1.84092212e+00
1.94377089e+00
1.88899243e+00
1.85141158e+00
1.82739568e+00
1.71401966e+00
1.68419552e+00
1.62803435e+00
1.59463954e+00
1.56606257e+00
1.49839532e+00
1.45013595e+00
1.38800991e+00
1.27126825e+00
1.23790002e+00
1.24817014e+00
1.31855679e+00
1.38879371e+00
1.43570220e+00
1.48720920e+00
1.59730887e+00
1.61912394e+00
1.63471067e+00
1.64304817e+00
1.65390813e+00
1.81251276e+00
1.74509037e+00
1.82773352e+00
1.89528298e+00
1.88256347e+00
2.00231838e+00
1.94064033e+00
1.97136593e+00
2.09578896e+00
2.12365937e+00
2.06604099e+00
2.14234447e+00
2.07326698e+00
2.13749433e+00
2.14403200e+00
2.14011264e+00
2.21559763e+00
2.24832821e+00
2.31209254e+00
2.33268428e+00
2.28705406e+00
2.33452535e+00
2.42444921e+00
2.40764976e+00
2.39948773e+00
2.42722106e+00
2.42153215e+00
2.44435120e+00
2.49452043e+00
2.52476907e+00
2.47955179e+00
2.53819919e+00
2.55956769e+00
2.56888771e+00
2.62777686e+00
2.51093578e+00
2.56380868e+00
2.61782813e+00
2.62183905e+00
2.63308287e+00
2.65381575e+00
2.64226818e+00
2.69591975e+00
2.68296146e+00
2.75943208e+00
2.76903701e+00
2.69492078e+00
2.71419501e+00
2.74000025e+00
2.83251786e+00
2.80329204e+00
2.75636292e+00
2.74245238e+00
2.77050829e+00
2.74190831e+00
2.78808141e+00
2.85031390e+00
2.85709119e+00
2.81875110e+00
2.81297064e+00
2.80771375e+00
2.85772157e+00
2.84242797e+00
2.81575704e+00
2.88726640e+00
2.88586068e+00
2.89301705e+00
2.80316281e+00
2.78834748e+00
2.82312417e+00
2.83711720e+00
2.88984370e+00
2.87448645e+00
2.89415860e+00
2.85831285e+00
2.87561727e+00
2.89737701e+00
2.76774478e+00
2.86756921e+00
2.86787438e+00
2.88460588e+00
2.89178276e+00
2.88499451e+00
2.95412803e+00
2.87267351e+00
2.84349489e+00
2.80953074e+00
2.84027815e+00
2.91989803e+00
2.89076543e+00
2.92986798e+00
2.92459488e+00
2.93222713e+00
2.92262912e+00
2.92080617e+00
2.93108726e+00
2.90733480e+00
2.90934610e+00
2.95486951e+00
2.92933822e+00
2.89244246e+00
2.84465885e+00
2.84362078e+00
2.89983153e+00
2.90158916e+00
2.90199971e+00
2.96710277e+00
2.90474796e+00
2.94442248e+00
2.92163777e+00
2.88367367e+00
2.87766719e+00
2.82039666e+00
2.86247492e+00
2.80633450e+00
2.84175491e+00
2.93866730e+00
2.89749002e+00
2.83619499e+00
2.90400267e+00
2.87138081e+00
2.82260466e+00
2.83248115e+00
2.82848120e+00
2.83476090e+00
2.84730554e+00
2.87285709e+00
2.87445998e+00
2.89973688e+00
2.87505341e+00
2.81642389e+00
2.81414294e+00
2.85717392e+00
2.80624270e+00
2.80686235e+00
2.84520936e+00
2.75457096e+00
2.78631353e+00
2.81859994e+00
2.77937913e+00
2.80058193e+00
2.83563256e+00
2.77545857e+00
2.76639032e+00
2.72776318e+00
2.80376863e+00
2.77558589e+00
2.73207116e+00
2.74957299e+00
2.80465341e+00
2.73991847e+00
2.73619032e+00
2.79188228e+00
2.77303362e+00
2.66033697e+00
2.75971651e+00
2.74066710e+00
2.70308685e+00
2.66574907e+00
2.71103907e+00
2.74623871e+00
2.65626478e+00
2.71034312e+00
2.67394280e+00
2.63808846e+00
2.63942313e+00
2.64986253e+00
2.61645532e+00
2.60773015e+00
2.55517650e+00
2.58775234e+00
2.62521625e+00
2.58793664e+00
2.52971387e+00
2.54662108e+00
2.50524831e+00
2.47250223e+00
2.50817037e+00
2.54032540e+00
2.52416420e+00
2.42871308e+00
2.44677019e+00
2.45708442e+00
2.50355482e+00
2.54712248e+00
2.40012693e+00
2.36813641e+00
2.34952974e+00
2.40643048e+00
2.41048670e+00
2.40324211e+00
2.39527202e+00
2.34757400e+00
2.35065460e+00
2.32067156e+00
2.27848577e+00
2.26881218e+00
2.20824742e+00
2.21953297e+00
2.26012993e+00
2.21680331e+00
2.18795586e+00
2.25953507e+00
2.14637780e+00
2.12727523e+00
2.17213559e+00
2.07851744e+00
2.05121684e+00
2.09472895e+00
2.05361938e+00
1.98217237e+00
1.95497918e+00
1.92377138e+00
1.94282079e+00
1.90213752e+00
1.77976513e+00
1.87239552e+00
1.78887403e+00
1.72197771e+00
1.72744870e+00
1.72281897e+00
1.73407054e+00
1.72369099e+00
1.59414184e+00
1.51590955e+00
1.49703884e+00
1.47201335e+00
1.46458495e+00
1.38736987e+00
1.35181332e+00
1.34266210e+00
1.29734659e+00
1.23831606e+00
1.11276603e+00
1.03314769e+00
1.04292846e+00
1.08544731e+00
1.09610474e+00
1.14604759e+00
1.32325351e+00
1.36737061e+00
1.37819910e+00
1.35843134e+00
1.40856707e+00
1.48344100e+00
1.45161593e+00
1.55921590e+00
1.67212236e+00
1.63121736e+00
1.64452851e+00
1.71162164e+00
1.69951689e+00
1.76201761e+00
1.75399077e+00
1.76669395e+00
1.78286362e+00
1.83508432e+00
1.87744117e+00
1.84595084e+00
1.86927450e+00
1.93997395e+00
1.94034660e+00
1.96422267e+00
2.04809594e+00
2.00242591e+00
2.07162070e+00
2.06688857e+00
2.04343057e+00
2.09700584e+00
2.11748409e+00
2.20253229e+00
2.18263483e+00
2.17196202e+00
2.20341182e+00
2.18357706e+00
2.18797302e+00
2.18014264e+00
2.20260024e+00
2.25638080e+00
2.26296759e+00
2.25186229e+00
2.25931358e+00
2.24342084e+00
2.30282974e+00
2.35093665e+00
2.29541612e+00
2.24989057e+00
2.32209373e+00
2.38600016e+00
2.31656003e+00
2.36830115e+00
2.40923619e+00
2.37453294e+00
2.37395525e+00
2.42507601e+00
2.40592384e+00
2.37488961e+00
2.34548473e+00
2.34842849e+00
2.35952187e+00
2.38667440e+00
2.35031462e+00
2.42990613e+00
2.45944881e+00
2.38148332e+00
2.46472287e+00
2.41626716e+00
2.49086380e+00
2.50369740e+00
2.43788671e+00
2.44218397e+00
2.42401576e+00
2.48788238e+00
2.53908753e+00
2.48530149e+00
2.46476364e+00
2.45084620e+00
2.50144362e+00
2.56867671e+00
2.47904181e+00
2.43873835e+00
2.49714327e+00
2.52862978e+00
2.49391627e+00
2.50731707e+00
2.44652581e+00
2.46724272e+00
2.52102995e+00
2.51867533e+00
2.54060888e+00
2.51648164e+00
2.53699017e+00
2.53960967e+00
2.52286792e+00
2.47951436e+00
2.54809117e+00
2.50944924e+00
2.50478292e+00
2.48832631e+00
2.50846434e+00
2.54985690e+00
2.47715759e+00
2.54120278e+00
2.46766758e+00
2.49724102e+00
2.55556059e+00
2.52211308e+00
2.51611137e+00
2.57780433e+00
2.53826642e+00
2.54207802e+00
2.55930424e+00
2.55170274e+00
2.59676909e+00
2.56314516e+00
2.57115078e+00
2.59204483e+00
2.60092878e+00
2.53673482e+00
2.56296706e+00
2.58233237e+00
2.50217962e+00
2.54120445e+00
2.52827120e+00
2.48761296e+00
2.55559683e+00
2.57611704e+00
2.58596683e+00
2.56604767e+00
2.52842021e+00
2.52872276e+00
2.50954127e+00
2.53653526e+00
2.56862903e+00
2.58586383e+00
2.58384609e+00
2.55954885e+00
2.49926281e+00
2.52220345e+00
2.51749492e+00
2.53400803e+00
2.51478171e+00
2.48293066e+00
2.51551008e+00
2.57488298e+00
2.58641481e+00
2.54165220e+00
2.53292966e+00
2.54101133e+00
2.54077435e+00
2.59180808e+00
2.52311182e+00
2.49608827e+00
2.51306629e+00
2.55255103e+00
2.59057379e+00
2.50311589e+00
2.49203134e+00
2.43790293e+00
2.47513795e+00
2.55445242e+00
2.51049042e+00
2.48919845e+00
2.52122068e+00
2.49639916e+00
2.50086856e+00
2.49748921e+00
2.51075625e+00
2.54427814e+00
2.54987407e+00
2.49579072e+00
2.47852635e+00
2.52350974e+00
2.51534820e+00
2.49527526e+00
2.56294537e+00
2.50247836e+00
2.47906423e+00
2.53133774e+00
2.42944789e+00
2.51313353e+00
2.51787782e+00
2.53487587e+00
2.53132939e+00
2.48871875e+00
2.49254131e+00
2.48673987e+00
2.52917480e+00
2.43948150e+00
2.39492369e+00
2.49171066e+00
2.47305822e+00
2.52300286e+00
2.45102978e+00
2.47259831e+00
2.51238823e+00
2.48012424e+00
2.46478057e+00
2.52837491e+00
2.46854734e+00
2.47459936e+00
2.48063207e+00
2.47607541e+00
2.40107822e+00
2.46886849e+00
2.48242593e+00
2.44910789e+00
2.43400288e+00
2.46381950e+00
2.47712946e+00
2.42241383e+00
2.48509288e+00
2.43795490e+00
2.39969587e+00
2.50504613e+00
2.46367621e+00
2.42414427e+00
2.44388604e+00
2.43562841e+00
2.42135143e+00
2.46705055e+00
2.42596388e+00
2.46607661e+00
2.47597313e+00
2.40348387e+00
2.42228961e+00
2.48599935e+00
2.43810415e+00
2.41810513e+00
2.43820715e+00
2.46671391e+00
2.48349929e+00
2.48024940e+00
2.41872454e+00
2.45506883e+00
2.45054722e+00
2.41113400e+00
2.43884563e+00
2.45452571e+00
2.40573478e+00
2.41243911e+00
2.39271784e+00
2.43720937e+00
2.44279456e+00
2.41596365e+00
2.44989991e+00
2.39182806e+00
2.40647197e+00
2.40645218e+00
2.40528488e+00
2.41317749e+00
2.41159868e+00
2.33386850e+00
2.36409712e+00
2.36328244e+00
2.36099219e+00
2.39602256e+00
2.37777066e+00
2.40959573e+00
2.41056585e+00
2.40148854e+00
2.36313105e+00
2.36513638e+00
2.39040852e+00
2.34979439e+00
2.33314633e+00
2.35209966e+00
2.38151026e+00
2.37237644e+00
2.28222704e+00
2.37629318e+00
2.37382627e+00
2.36658430e+00
2.40309834e+00
2.35206628e+00
2.33424544e+00
2.29374313e+00
2.30729651e+00
2.32388163e+00
2.32124281e+00
2.33190513e+00
2.35169792e+00
2.30728221e+00
2.34006023e+00
2.35780334e+00
2.37457013e+00
2.36357355e+00
2.30821371e+00
2.27249599e+00
2.36534500e+00
2.32483482e+00
2.29728317e+00
2.33675933e+00
2.34407020e+00
2.31866932e+00
2.34587598e+00
2.33620930e+00
2.32128644e+00
2.34267044e+00
2.34829617e+00
2.34688711e+00
2.31074214e+00
2.28973722e+00
2.30044270e+00
2.33017254e+00
2.31767178e+00
2.31552196e+00
2.32347226e+00
2.30878091e+00
2.32437444e+00
2.34191847e+00
2.24326324e+00
2.25880361e+00
2.31975985e+00
2.35587454e+00
2.30776906e+00
2.25911617e+00
2.34650111e+00
2.27972388e+00
2.31318355e+00
2.31278968e+00
2.24038696e+00
2.23336649e+00
2.26492620e+00
2.26658988e+00
2.18248677e+00
2.23808455e+00
2.35184455e+00
2.30906916e+00
2.24770451e+00
2.21992373e+00
2.21343136e+00
2.28160477e+00
2.30802178e+00
2.25600266e+00
2.31324458e+00
2.28740478e+00
2.30050302e+00
2.30859423e+00
2.26736140e+00
2.24289870e+00
2.21069860e+00
2.27821946e+00
2.23208833e+00
2.25052881e+00
2.26994252e+00
2.21756411e+00
2.18991566e+00
2.24054885e+00
2.20322871e+00
2.15925574e+00
2.20600057e+00
2.26348805e+00
2.20340753e+00
2.20677304e+00
2.16010785e+00
2.18329573e+00
2.21841860e+00
2.18500376e+00
2.22252512e+00
2.23714304e+00
2.21206784e+00
2.17038393e+00
2.14270854e+00
2.15199327e+00
2.17520595e+00
2.20588255e+00
2.14736938e+00
2.18317461e+00
2.23322392e+00
2.19908190e+00
2.15904713e+00
2.16151309e+00
2.15258408e+00
2.10868096e+00
2.10076427e+00
2.17226958e+00
2.12167645e+00
2.07560301e+00
2.09601235e+00
2.11162829e+00
2.15250611e+00
2.17752886e+00
2.07840085e+00
2.13957691e+00
2.12147331e+00
2.13371062e+00
2.15579057e+00
2.13838840e+00
2.09388518e+00
2.20313025e+00
2.12973309e+00
2.10754967e+00
2.15545106e+00
2.11215568e+00
2.10073042e+00
2.09282255e+00
2.09497619e+00
2.06832790e+00
2.08172488e+00
2.07635498e+00
2.06723142e+00
2.06613088e+00
2.11229563e+00
2.06224108e+00
2.01553750e+00
2.03828239e+00
2.00530434e+00
2.07586002e+00
2.06893730e+00
1.99027479e+00
2.00276589e+00
2.07321024e+00
1.97597957e+00
2.06812406e+00
1.95310783e+00
1.95828903e+00
2.02561545e+00
1.97071421e+00
1.97446370e+00
1.93984759e+00
1.98996210e+00
1.96160567e+00
1.90968442e+00
1.91695535e+00
1.94345069e+00
1.91494262e+00
1.91224360e+00
1.91845775e+00
1.89183748e+00
1.86255836e+00
1.88715911e+00
1.83991432e+00
1.89317930e+00
1.86158788e+00
1.80594647e+00
1.86732018e+00
1.84654772e+00
1.80717254e+00
1.78872013e+00
1.80393660e+00
1.83624232e+00
1.83023548e+00
1.79516995e+00
1.76813769e+00
1.77795243e+00
1.73787940e+00
1.73348057e+00
1.74442017e+00
1.67932725e+00
1.67977822e+00
1.70390821e+00
1.66101825e+00
1.62860358e+00
1.68632925e+00
1.67449450e+00
1.56377685e+00
1.55170929e+00
1.56302583e+00
1.55085611e+00
1.51528192e+00
1.53301358e+00
1.54820061e+00
1.54526389e+00
1.50785494e+00
1.45706558e+00
1.39990509e+00
1.40884590e+00
1.40344954e+00
1.44735658e+00
1.45651305e+00
1.38730705e+00
1.32717538e+00
1.32806289e+00
1.31398582e+00
1.24736667e+00
1.22218323e+00
1.23091555e+00
1.21061027e+00
1.17436337e+00
1.11986446e+00
1.04197872e+00
1.04760087e+00
1.05024076e+00
9.92443383e-01
9.84315038e-01
9.12987232e-01
8.69444549e-01
9.12522018e-01
9.30760086e-01
9.35574710e-01
1.04856706e+00
1.07445014e+00
1.08430874e+00
1.14711106e+00
1.19894934e+00
1.21370769e+00
1.26543069e+00
1.23196816e+00
1.26468992e+00
1.30541444e+00
1.29212832e+00
1.29503453e+00
1.37261510e+00
1.35362375e+00
1.39888012e+00
1.41236734e+00
1.40823889e+00
1.43228567e+00
1.40903378e+00
1.46217692e+00
1.45807588e+00
1.47977471e+00
1.47600794e+00
1.45111930e+00
1.56077576e+00
1.50451350e+00
1.52003908e+00
1.55884218e+00
1.58730018e+00
1.61273980e+00
1.60114121e+00
1.54728198e+00
1.57868528e+00
1.63833213e+00
1.64742672e+00
1.65921366e+00
1.67503560e+00
1.61624670e+00
1.67621672e+00
1.71349859e+00
1.66561306e+00
1.67197752e+00
1.68065119e+00
1.69528031e+00
1.69325984e+00
1.73045874e+00
1.75293601e+00
1.70533073e+00
1.72064233e+00
1.80427444e+00
1.83794987e+00
1.79606628e+00
1.76673710e+00
1.81683803e+00
1.79356205e+00
1.78079021e+00
1.82720637e+00
1.83113325e+00
1.79059398e+00
1.80461931e+00
1.79886603e+00
1.78175044e+00
1.81782496e+00
1.85463667e+00
1.81373239e+00
1.79496801e+00
1.84592378e+00
1.81394565e+00
1.80593383e+00
1.83143866e+00
1.83687508e+00
1.85425627e+00
1.83410370e+00
1.78074110e+00
1.83353031e+00
1.85273790e+00
1.83199692e+00
1.82592571e+00
1.82386720e+00
1.89403939e+00
1.85418379e+00
1.83507442e+00
1.86161411e+00
1.84673786e+00
1.83378839e+00
1.85063910e+00
1.85320342e+00
1.83157289e+00
1.83980310e+00
1.84684396e+00
1.86561120e+00
1.87854993e+00
1.85931528e+00
1.87248516e+00
1.86274934e+00
1.83954108e+00
1.84234154e+00
1.87049329e+00
1.87621248e+00
1.84615672e+00
1.87493050e+00
1.90222454e+00
1.83615482e+00
1.88472235e+00
1.85150778e+00
1.84415758e+00
1.86844563e+00
1.86077631e+00
1.92743337e+00
1.88525951e+00
1.84805202e+00
1.85671985e+00
1.84979498e+00
1.81886399e+00
1.88865936e+00
1.91546810e+00
1.86852252e+00
1.83649182e+00
1.87422442e+00
1.89102399e+00
1.83528066e+00
1.87341690e+00
1.86767924e+00
1.88892162e+00
1.88383579e+00
1.84831083e+00
1.91783524e+00
1.91024339e+00
1.86064970e+00
1.84847474e+00
1.83805633e+00
1.86594474e+00
1.88507533e+00
1.92047393e+00
1.88946295e+00
1.82918692e+00
1.83899069e+00
1.89686811e+00
1.85341954e+00
1.85319269e+00
1.91898596e+00
1.90396667e+00
1.86279261e+00
1.88932550e+00
1.91265631e+00
1.89269245e+00
1.87570667e+00
1.89085066e+00
1.89561057e+00
1.88931072e+00
1.91891825e+00
1.90357018e+00
1.91012657e+00
1.88892055e+00
1.85531843e+00
1.84056556e+00
1.86378849e+00
1.80705369e+00
1.87152314e+00
1.87173331e+00
1.86529016e+00
1.92182028e+00
1.86428213e+00
1.86885750e+00
1.88694215e+00
1.86983979e+00
1.84339559e+00
1.85892844e+00
1.89510441e+00
1.85997963e+00
1.84147346e+00
1.85689187e+00
1.85359669e+00
1.85798585e+00
1.84079635e+00
1.83614457e+00
1.81078100e+00
1.84018636e+00
1.86198461e+00
1.84771895e+00
1.87239122e+00
1.84096098e+00
1.88101828e+00
1.86246741e+00
1.79915929e+00
1.82566714e+00
1.81389952e+00
1.82612610e+00
1.81373715e+00
1.83219182e+00
1.85322857e+00
1.83556533e+00
1.80815256e+00
1.86870706e+00
1.79764926e+00
1.82595193e+00
1.86742532e+00
1.82197118e+00
1.84710312e+00
1.83723211e+00
1.82598388e+00
1.82591844e+00
1.81588757e+00
1.82356083e+00
1.84923959e+00
1.83438849e+00
1.81836820e+00
1.82950854e+00
1.82990849e+00
1.85016584e+00
1.85454106e+00
1.79992533e+00
1.81572878e+00
1.85479534e+00
1.83022439e+00
1.78851354e+00
1.85725880e+00
1.85156846e+00
1.84357929e+00
1.83942294e+00
1.82546163e+00
1.80773258e+00
1.81694674e+00
1.78979516e+00
1.80049098e+00
1.81527448e+00
1.78392744e+00
1.77466130e+00
1.83849037e+00
1.85113990e+00
1.80207515e+00
1.80342603e+00
1.82975507e+00
1.82292426e+00
1.76437533e+00
1.83424640e+00
1.80100429e+00
1.78540099e+00
1.81274140e+00
1.79003370e+00
1.77873218e+00
1.77738476e+00
1.77359498e+00
1.79747283e+00
1.80676341e+00
1.77955270e+00
1.76945233e+00
1.79736471e+00
1.77227688e+00
1.78392673e+00
1.80569339e+00
1.78262484e+00
1.79542017e+00
1.80389464e+00
1.78360975e+00
1.78165090e+00
1.78284037e+00
1.77054453e+00
1.80091298e+00
1.76132941e+00
1.79268312e+00
1.79374254e+00
1.75929439e+00
1.74095929e+00
1.73001432e+00
1.78514445e+00
1.76456821e+00
1.76397204e+00
1.75738955e+00
1.69171894e+00
1.74579525e+00
1.73766387e+00
1.75621068e+00
1.74023795e+00
1.74338257e+00
1.76412725e+00
1.71794188e+00
1.74103320e+00
1.75786281e+00
1.73475575e+00
1.74999547e+00
1.79518199e+00
1.74001157e+00
1.75478470e+00
1.79391313e+00
1.76422441e+00
1.71674466e+00
1.71827054e+00
1.71669555e+00
1.77157283e+00
1.73861432e+00
1.74279284e+00
1.77775609e+00
1.75190914e+00
1.75503027e+00
1.72607636e+00
1.77718711e+00
1.77626801e+00
1.73558509e+00
1.75183010e+00
1.73536754e+00
1.74738264e+00
1.75194573e+00
1.73015654e+00
1.70659411e+00
1.72233033e+00
1.78128636e+00
1.76213181e+00
1.69364822e+00
1.71447587e+00
1.74752927e+00
1.71194041e+00
1.71901691e+00
1.71095431e+00
1.71450531e+00
1.70347154e+00
1.72329628e+00
1.72479701e+00
1.67280543e+00
1.70960009e+00
1.69990480e+00
1.72628617e+00
1.72290707e+00
1.69042516e+00
1.76024818e+00
1.68866384e+00
1.71620679e+00
1.76562858e+00
1.71166062e+00
1.64472067e+00
1.71944237e+00
1.70588303e+00
1.71899104e+00
1.68710244e+00
1.64567745e+00
1.68427014e+00
1.68912649e+00
1.68218780e+00
1.67016113e+00
1.65671074e+00
1.66070974e+00
1.65862679e+00
1.66585147e+00
1.66137671e+00
1.67203212e+00
1.65062344e+00
1.67684603e+00
1.69243634e+00
1.64847887e+00
1.67730391e+00
1.63191438e+00
1.67118716e+00
1.69665098e+00
1.63292205e+00
1.64458239e+00
1.64124429e+00
1.66382122e+00
1.68483233e+00
1.69439387e+00
1.66713893e+00
1.65715027e+00
1.65690923e+00
1.64765465e+00
1.64139342e+00
1.64688301e+00
1.65135074e+00
1.66333866e+00
1.64098775e+00
1.64500427e+00
1.64951479e+00
1.64426172e+00
1.64023376e+00
1.65507853e+00
1.65646446e+00
1.64196944e+00
1.60407734e+00
1.62012994e+00
1.66289425e+00
1.59719014e+00
1.64578378e+00
1.65306735e+00
1.62785864e+00
1.64639735e+00
1.67140591e+00
1.65419507e+00
1.65759599e+00
1.64730954e+00
1.64250743e+00
1.63560843e+00
1.61720312e+00
1.64029157e+00
1.64201272e+00
1.61818933e+00
1.60310626e+00
1.59415555e+00
1.62041748e+00
1.64064217e+00
1.63050961e+00
1.61324990e+00
1.60686159e+00
1.59894800e+00
1.60417771e+00
1.56274378e+00
1.61836219e+00
1.63025546e+00
1.59894466e+00
1.59819961e+00
1.59725749e+00
1.59894359e+00
1.57190549e+00
1.59505165e+00
1.60180569e+00
1.60569286e+00
1.63041389e+00
1.60016787e+00
1.61754560e+00
1.62312996e+00
1.59594929e+00
1.58231425e+00
1.58043432e+00
1.55580711e+00
1.56762135e+00
1.58890176e+00
1.60175741e+00
1.60915983e+00
1.62954617e+00
1.61228943e+00
1.54903758e+00
1.61424351e+00
1.61978567e+00
1.56581724e+00
1.58644903e+00
1.64034367e+00
1.58654809e+00
1.57517743e+00
1.59963822e+00
1.60383248e+00
1.59571993e+00
1.56937671e+00
1.56927490e+00
1.63800621e+00
1.58935082e+00
1.54373896e+00
1.61411154e+00
1.60813355e+00
1.56349075e+00
1.54062057e+00
1.55478346e+00
1.58026946e+00
1.58931792e+00
1.57033777e+00
1.53245997e+00
1.55673492e+00
1.56512320e+00
1.55849767e+00
1.57247436e+00
1.57615399e+00
1.55778778e+00
1.53515768e+00
1.54202080e+00
1.55335474e+00
1.56769013e+00
1.57220221e+00
1.59028530e+00
1.58257890e+00
1.57213175e+00
1.53782260e+00
1.53118479e+00
1.57154775e+00
1.59353697e+00
1.58166718e+00
1.54502046e+00
1.54125798e+00
1.57339537e+00
1.55771422e+00
1.50844526e+00
1.50771463e+00
1.54473937e+00
1.55844176e+00
1.50798774e+00
1.53711939e+00
1.56240118e+00
1.50663185e+00
1.49187922e+00
1.53461695e+00
1.54210329e+00
1.51549363e+00
1.59593403e+00
1.55452466e+00
1.49295425e+00
1.49867654e+00
1.48010576e+00
1.52223992e+00
1.55613494e+00
1.55223334e+00
1.52880359e+00
1.53651106e+00
1.54350412e+00
1.50519693e+00
1.49365342e+00
1.53698373e+00
1.54793227e+00
1.50970185e+00
1.49099863e+00
1.50104284e+00
1.50079894e+00
1.57161772e+00
1.56423604e+00
1.49212885e+00
1.46439087e+00
1.49003994e+00
1.53890193e+00
1.50867653e+00
1.48707128e+00
1.50257695e+00
1.52141488e+00
1.51965749e+00
1.52919161e+00
1.45239341e+00
1.48933125e+00
1.54314446e+00
1.49649465e+00
1.50041831e+00
1.43666732e+00
1.46398687e+00
1.49947810e+00
1.51233184e+00
1.47619069e+00
1.45832741e+00
1.44021595e+00
1.49883342e+00
1.49661314e+00
1.46544600e+00
1.50414479e+00
1.45583236e+00
1.45607257e+00
1.49280095e+00
1.49062669e+00
1.47816300e+00
1.50697231e+00
1.49973166e+00
1.50316131e+00
1.49552226e+00
1.44773960e+00
1.45218670e+00
1.48118377e+00
1.47905636e+00
1.46138787e+00
1.46807432e+00
1.47760272e+00
1.45367050e+00
1.42627203e+00
1.43991256e+00
1.42551672e+00
1.42442405e+00
1.45202231e+00
1.44743550e+00
1.42619991e+00
1.51043200e+00
1.47914696e+00
1.46205330e+00
1.45662844e+00
1.43433952e+00
1.43331385e+00
1.47488546e+00
1.47514498e+00
1.46840441e+00
1.45616543e+00
1.43596447e+00
1.43095613e+00
1.45988262e+00
1.43795657e+00
1.47549033e+00
1.44773149e+00
1.38855147e+00
1.45355999e+00
1.44213092e+00
1.47591913e+00
1.44841516e+00
1.43519986e+00
1.44849360e+00
1.36824036e+00
1.41178632e+00
1.44337571e+00
1.40643716e+00
1.42783010e+00
1.44115508e+00
1.42657983e+00
1.45406604e+00
1.43553412e+00
1.38151634e+00
1.45336115e+00
1.30334413e+00
1.12278533e+00
1.31724620e+00
1.45222116e+00
1.42017007e+00
1.43888676e+00
1.42650056e+00
1.42756498e+00
1.40914500e+00
1.43831944e+00
1.41179812e+00
1.40992880e+00
1.42694306e+00
1.43823683e+00
1.44752407e+00
1.42108119e+00
1.41678941e+00
1.39916003e+00
1.38777244e+00
1.40429854e+00
1.40593255e+00
1.39055014e+00
1.41745520e+00
1.41610694e+00
1.42464876e+00
1.44386864e+00
1.39857340e+00
1.39369261e+00
1.40031040e+00
1.39329326e+00
1.39102364e+00
1.38373041e+00
1.35610092e+00
1.40391076e+00
1.41311336e+00
1.41923010e+00
1.41420662e+00
1.38095880e+00
1.36093760e+00
1.43374944e+00
1.39973605e+00
1.36621654e+00
1.41113758e+00
1.42026532e+00
1.38020623e+00
1.39457202e+00
1.39403796e+00
1.39572799e+00
1.41328192e+00
1.38020682e+00
1.40922701e+00
1.39310634e+00
1.39061618e+00
1.40175259e+00
1.37164533e+00
1.32888460e+00
1.40110552e+00
1.40305209e+00
1.39346147e+00
1.37703884e+00
1.34461176e+00
1.34916997e+00
1.35689712e+00
1.41707528e+00
1.39127827e+00
1.35157311e+00
1.33925116e+00
1.34124446e+00
1.37666070e+00
1.37428319e+00
1.41103804e+00
1.38860345e+00
1.36077142e+00
1.38438416e+00
1.36790991e+00
1.33489716e+00
1.36361945e+00
1.35971475e+00
1.30849802e+00
1.33240271e+00
1.34531665e+00
1.33487248e+00
1.36602950e+00
1.37334466e+00
1.35194612e+00
1.35224307e+00
1.35618484e+00
1.32963991e+00
1.35097325e+00
1.35120046e+00
1.35299385e+00
1.35793471e+00
1.30205524e+00
1.32597125e+00
1.32929766e+00
1.35515726e+00
1.35742855e+00
1.34672558e+00
1.34912992e+00
1.35309172e+00
1.28429341e+00
1.30955672e+00
1.37568176e+00
1.35882556e+00
1.34243000e+00
1.32459009e+00
1.31657803e+00
1.32669234e+00
1.34717715e+00
1.34423566e+00
1.36207020e+00
1.31154311e+00
1.30102253e+00
1.32248449e+00
1.32580876e+00
1.28159416e+00
1.32687843e+00
1.30278301e+00
1.31061697e+00
1.32829356e+00
1.29586482e+00
1.31319690e+00
1.34409106e+00
1.32937944e+00
1.27661753e+00
1.27132201e+00
1.29275405e+00
1.28560162e+00
1.28513253e+00
1.29354477e+00
1.28531981e+00
1.27210069e+00
1.26321757e+00
1.29000616e+00
1.32196772e+00
1.30023491e+00
1.31237280e+00
1.31781697e+00
1.32436860e+00
1.29924631e+00
1.33882535e+00
1.30468810e+00
1.31930149e+00
1.28965259e+00
1.28680408e+00
1.32892621e+00
1.27072024e+00
1.32361615e+00
1.30412865e+00
1.27387667e+00
1.27380335e+00
1.28503585e+00
1.30923259e+00
1.31386805e+00
1.29908907e+00
1.29457676e+00
1.29045427e+00
1.29840839e+00
1.26880252e+00
1.27078104e+00
1.26386547e+00
1.27870667e+00
1.32448745e+00
1.29288387e+00
1.19267702e+00
1.25996470e+00
1.23257136e+00
1.23712718e+00
1.27306664e+00
1.25097656e+00
1.27098191e+00
1.23641586e+00
1.25817454e+00
1.28503335e+00
1.27354574e+00
1.26070464e+00
1.28153110e+00
1.26592708e+00
1.28355336e+00
1.27938259e+00
1.25709462e+00
1.28151727e+00
1.26765323e+00
1.29075050e+00
1.21055567e+00
1.18620276e+00
1.25466943e+00
1.27503598e+00
1.21641815e+00
1.25232792e+00
1.20498466e+00
1.22692966e+00
1.26644862e+00
1.19607234e+00
1.27038848e+00
1.22476244e+00
1.23057389e+00
1.25436008e+00
1.23671997e+00
1.22992539e+00
1.17963541e+00
1.27819371e+00
1.25184917e+00
1.20990205e+00
1.20828068e+00
1.23892248e+00
1.16478229e+00
1.22476363e+00
1.23504126e+00
1.23539352e+00
1.25258160e+00
1.21094477e+00
1.26006520e+00
1.19972432e+00
1.19776309e+00
1.21138358e+00
1.20494866e+00
1.21633077e+00
1.23274088e+00
1.22103894e+00
1.23854315e+00
1.24898481e+00
1.23924041e+00
1.24074221e+00
1.25851548e+00
1.25604188e+00
1.21839345e+00
1.22335052e+00
1.23241639e+00
1.24178922e+00
1.22414327e+00
1.17751253e+00
1.19264185e+00
1.20483422e+00
1.20634103e+00
1.20489633e+00
1.17058063e+00
1.07914126e+00
1.11875355e+00
1.22462070e+00
1.21791506e+00
1.18032670e+00
1.16722000e+00
1.17735338e+00
1.15773284e+00
1.22180343e+00
1.29047012e+00
1.22926641e+00
1.25166714e+00
1.20468020e+00
1.21752155e+00
1.19893408e+00
1.17647135e+00
1.24955928e+00
1.23239470e+00
1.19927168e+00
1.21170247e+00
1.21368623e+00
1.22026765e+00
1.21306777e+00
1.14170063e+00
1.15963495e+00
1.20453548e+00
1.19365788e+00
1.21461022e+00
1.24980760e+00
1.18364596e+00
1.15642285e+00
1.16340601e+00
1.18072557e+00
1.19127941e+00
1.22738707e+00
1.19618118e+00
1.18484366e+00
1.17598093e+00
1.16774762e+00
1.16107738e+00
1.17683113e+00
1.19464517e+00
1.17491257e+00
1.20501196e+00
1.19320190e+00
1.16567850e+00
1.20762348e+00
1.24744689e+00
1.16631925e+00
1.14108145e+00
1.16066277e+00
1.18442631e+00
1.18038440e+00
1.19724000e+00
1.16004646e+00
1.20985043e+00
1.22278082e+00
1.16113377e+00
1.12223065e+00
1.13535023e+00
1.16457939e+00
1.18555558e+00
1.17213118e+00
1.13257170e+00
1.14141333e+00
1.16679692e+00
1.17528248e+00
1.18832922e+00
1.17766404e+00
1.14458156e+00
1.13325405e+00
1.18748987e+00
1.12126625e+00
1.14871848e+00
1.15383220e+00
1.12979138e+00
1.18607128e+00
1.18259549e+00
1.15748167e+00
1.17194927e+00
1.13586056e+00
1.11366773e+00
1.16584182e+00
1.12118435e+00
1.20861828e+00
1.14901626e+00
1.13004231e+00
1.17183673e+00
1.14782798e+00
1.15613997e+00
1.12917101e+00
1.12551498e+00
1.11645639e+00
1.11068511e+00
1.14486539e+00
1.14537954e+00
1.12431943e+00
1.17853785e+00
1.15831411e+00
1.10324824e+00
1.12839878e+00
1.11304080e+00
1.14634061e+00
1.15867782e+00
1.12673759e+00
1.09470701e+00
1.12136245e+00
1.16798794e+00
1.11035430e+00
1.07879221e+00
1.12547445e+00
1.14542723e+00
1.12939477e+00
1.04404819e+00
1.15127611e+00
1.10212314e+00
1.05572355e+00
1.11231959e+00
1.13485408e+00
1.12926400e+00
1.08683455e+00
1.13833165e+00
1.11924744e+00
1.08703911e+00
1.10792768e+00
1.07717013e+00
1.15832436e+00
1.12009799e+00
1.09528792e+00
1.11940193e+00
1.08793032e+00
1.08612227e+00
1.11887121e+00
1.15012729e+00
1.13562083e+00
1.09255290e+00
1.05406070e+00
1.12931824e+00
1.08693290e+00
1.11696291e+00
1.17716253e+00
1.14181519e+00
1.08736873e+00
1.09941924e+00
1.07999218e+00
1.09596896e+00
1.13471854e+00
1.12260389e+00
1.06304479e+00
1.12602556e+00
1.13139296e+00
1.11443186e+00
1.06363428e+00
1.06464255e+00
1.15407586e+00
1.12661040e+00
1.09803271e+00
1.06183565e+00
1.06379342e+00
1.09635937e+00
1.13867569e+00
1.07306802e+00
1.07099199e+00
1.08140278e+00
1.08916748e+00
1.11786735e+00
1.05316424e+00
1.07157147e+00
1.09810936e+00
1.08228934e+00
1.07704520e+00
1.10141194e+00
1.12076545e+00
1.08643484e+00
1.06576395e+00
1.09942031e+00
1.10963261e+00
1.07786000e+00
1.05817771e+00
1.07406187e+00
1.12532938e+00
1.09111559e+00
1.05777442e+00
1.05842388e+00
1.09800529e+00
1.09307301e+00
1.05872989e+00
1.05921435e+00
1.06331766e+00
1.07297313e+00
1.06139076e+00
1.09598947e+00
1.08956873e+00
1.02152336e+00
1.00000000e+00
1.03411126e+00
1.01148307e+00
1.04570127e+00
1.03025341e+00
1.05739903e+00
1.08249974e+00
1.06359148e+00
1.03734541e+00
1.01405132e+00
1.02880788e+00
1.02940667e+00
1.01913249e+00
1.03921449e+00
1.06949151e+00
1.00608575e+00
1.02095389e+00
1.05207753e+00
1.04535878e+00
1.01729858e+00
1.01422215e+00
1.06314385e+00
1.06117666e+00
1.01680696e+00
1.04342675e+00
1.06046605e+00
1.02705336e+00
1.04869366e+00
1.07317638e+00
1.05140734e+00
1.01357877e+00
1.04252481e+00
1.09785903e+00
9.71953690e-01
1.02333117e+00
1.01059735e+00
1.00123739e+00
1.00573444e+00
1.01216257e+00
1.05858183e+00
1.08607948e+00
1.06197131e+00
1.00299323e+00
9.77448583e-01
9.99560952e-01
1.06857812e+00
1.00910735e+00
9.88540173e-01
1.01632953e+00
1.02495313e+00
1.02996624e+00
1.01904273e+00
1.00548041e+00
9.78300929e-01
1.00584376e+00
1.04931581e+00
1.05699444e+00
1.05637586e+00
1.01245379e+00
1.01002097e+00
9.79381382e-01
9.64570701e-01
1.01558411e+00
1.02258635e+00
9.81332541e-01
9.88054037e-01
1.01530910e+00
1.01690364e+00
1.00904810e+00
1.02497077e+00
9.47545290e-01
9.88769233e-01
1.02460754e+00
1.00440514e+00
9.91062820e-01
9.74669337e-01
1.00021088e+00
9.89401162e-01
9.83149648e-01
9.79318917e-01
9.99612033e-01
9.83865082e-01
1.02674282e+00
1.02130008e+00
9.84829724e-01
1.00822020e+00
1.02621305e+00
1.00401533e+00
1.06181228e+00
1.00734210e+00
9.43823874e-01
9.67771828e-01
1.01523304e+00
9.67738628e-01
9.92985964e-01
1.01527226e+00
9.59777176e-01
8.96322012e-01
9.92746234e-01
1.11095130e+00
1.00745988e+00
7.49387324e-01
8.82817507e-01
1.11822307e+00
1.11841738e+00
1.03712070e+00
8.95491421e-01
9.04906690e-01
9.33492601e-01
9.80801761e-01
1.01090157e+00
9.76493418e-01
9.84730661e-01
9.82926905e-01
9.78292048e-01
9.62611020e-01
9.58023846e-01
9.77523565e-01
9.40811098e-01
9.78565216e-01
9.75104988e-01
9.41630065e-01
9.73821104e-01
9.61754382e-01
9.88156497e-01
9.66903090e-01
9.54639256e-01
9.64944422e-01
9.46510851e-01
9.61073160e-01
9.80296016e-01
9.29540753e-01
9.17950511e-01
9.40802336e-01
9.59189475e-01
9.84039962e-01
9.50658917e-01
9.40331936e-01
9.39122438e-01
9.42650139e-01
9.51034844e-01
9.13557231e-01
9.07260120e-01
9.44418430e-01
9.33783412e-01
9.38354790e-01
1.01014936e+00
9.21882272e-01
9.60193098e-01
9.34837818e-01
9.36381519e-01
9.41323042e-01
8.89502466e-01
9.62606311e-01
9.41849887e-01
9.41153944e-01
9.34997678e-01
9.32159722e-01
9.41187680e-01
9.33355629e-01
9.14893270e-01
9.06503379e-01
9.29423749e-01
9.23162401e-01
8.75227034e-01
9.36746180e-01
9.25364375e-01
9.17701721e-01
9.14280593e-01
9.08399642e-01
9.32441354e-01
9.05388355e-01
9.28250015e-01
9.44963574e-01
9.27989364e-01
9.34619904e-01
9.36888397e-01
9.31142032e-01
9.18340445e-01
8.95536542e-01
8.84138107e-01
9.06643152e-01
9.37035859e-01
9.00568426e-01
9.10907030e-01
8.84310007e-01
8.89316440e-01
9.10182297e-01
8.81238461e-01
9.37862873e-01
8.87488127e-01
8.76332581e-01
8.94159198e-01
9.10066843e-01
9.18350458e-01
9.15789485e-01
9.01277959e-01
9.33005393e-01
9.36186671e-01
8.96970570e-01
8.70789587e-01
8.80046666e-01
8.71388018e-01
8.91218781e-01
8.94610345e-01
8.54468405e-01
8.49476039e-01
8.89816403e-01
8.61649334e-01
8.50668967e-01
8.68237734e-01
8.58269215e-01
8.35717797e-01
9.22058821e-01
8.80175889e-01
8.35237861e-01
8.44947636e-01
8.53080571e-01
8.61225545e-01
8.55694115e-01
8.48054707e-01
8.22185457e-01
8.15751851e-01
8.18395913e-01
8.01576853e-01
8.43670607e-01
8.04421008e-01
8.00283730e-01
8.07207584e-01
8.09815705e-01
8.20607722e-01
8.26440811e-01
7.99598157e-01
7.29641199e-01
7.64727354e-01
8.13511670e-01
7.62076378e-01
7.91271925e-01
8.35608184e-01
8.17782879e-01
7.94539273e-01
7.95398414e-01
7.96393156e-01
7.38165319e-01
7.69285738e-01
7.66608000e-01
7.32393622e-01
7.33899832e-01
7.38228917e-01
7.24743903e-01
7.55373001e-01
7.51806200e-01
7.27913439e-01
7.09287524e-01
7.33949482e-01
7.30515361e-01
7.62053967e-01
7.19646752e-01
7.04640746e-01
7.05280721e-01
6.65307879e-01
6.63070738e-01
6.32458389e-01
6.53087974e-01
6.72188997e-01
6.57094181e-01
6.47155821e-01
6.50784314e-01
6.22234344e-01
5.68403065e-01
5.48955619e-01
5.60473800e-01
5.83940148e-01
5.75573087e-01
4.68994677e-01
4.63578075e-01
5.24366379e-01
4.86574411e-01
4.52853739e-01
5.37449777e-01
5.28960049e-01
5.62496364e-01
5.76578200e-01
5.62711954e-01
5.89147270e-01
5.58778226e-01
6.22214735e-01
6.39511585e-01
6.40800476e-01
6.40386701e-01
6.44747972e-01
6.66846573e-01
6.42458379e-01
6.81093752e-01
7.04593599e-01
6.67508960e-01
6.58068776e-01
7.10405529e-01
6.84867501e-01
6.60553038e-01
6.76334083e-01
7.08776951e-01
7.16383517e-01
6.66469157e-01
7.20595121e-01
7.40995407e-01
7.35308170e-01
7.46764839e-01
7.47638524e-01
7.66183197e-01
7.29225159e-01
7.30085015e-01
7.42958665e-01
7.32044876e-01
7.44233906e-01
7.36804068e-01
7.12635458e-01
7.77288198e-01
7.84156322e-01
7.52131641e-01
7.91909158e-01
7.73977518e-01
7.64757693e-01
7.67165720e-01
7.90059745e-01
8.13421965e-01
7.51719296e-01
7.60501027e-01
7.62501657e-01
7.78540194e-01
8.17180932e-01
8.40231955e-01
8.00022721e-01
7.98028767e-01
7.77316988e-01
7.97842085e-01
7.88009882e-01
7.61790514e-01
8.03418100e-01
8.08848560e-01
7.80704379e-01
7.88372397e-01
7.88401961e-01
7.71098197e-01
7.94530094e-01
8.27413142e-01
8.08037877e-01
7.95588613e-01
8.08064461e-01
7.99914420e-01
7.81404853e-01
7.61605024e-01
7.84573793e-01
8.15646887e-01
8.17558289e-01
8.10892403e-01
8.19749117e-01
8.03704143e-01
8.04226398e-01
8.03488612e-01
8.19352925e-01
8.11292708e-01
7.83237755e-01
8.44213605e-01
7.94574380e-01
8.22138727e-01
8.10277879e-01
7.64761090e-01
8.22813928e-01
7.83893466e-01
8.08562875e-01
8.09096158e-01
7.90816605e-01
7.64650345e-01
7.46560395e-01
7.79569745e-01
7.87685633e-01
7.97672391e-01
7.99092054e-01
7.95334697e-01
7.94220090e-01
7.65858591e-01
7.70861745e-01
8.09979141e-01
7.92859018e-01
7.57398486e-01
7.84985304e-01
7.84563959e-01
8.04558814e-01
7.65328705e-01
7.59653866e-01
7.96559513e-01
7.76643813e-01
7.89810121e-01
7.96999514e-01
7.94545352e-01
7.89957166e-01
7.85116434e-01
7.78881550e-01
8.22175503e-01
8.01611125e-01
7.94871032e-01
7.91477680e-01
7.68792927e-01
7.84326971e-01
8.08494389e-01
7.56064236e-01
7.47983217e-01
7.84289062e-01
8.18364859e-01
7.85283983e-01
7.64054358e-01
7.94842958e-01
7.91004896e-01
7.89900362e-01
8.03473413e-01
7.97063589e-01
8.30033660e-01
7.65953779e-01
7.44344652e-01
7.71282136e-01
7.93674052e-01
7.89235830e-01
7.66661882e-01
7.56807029e-01
7.76037931e-01
7.63283908e-01
7.54723430e-01
8.08171988e-01
7.60581076e-01
7.43389964e-01
7.72404194e-01
7.90837884e-01
7.65323937e-01
7.68476844e-01
7.82862663e-01
7.78725922e-01
7.86657512e-01
7.82373071e-01
7.74115801e-01
7.87527025e-01
7.52551317e-01
7.45646238e-01
7.75845051e-01
8.13151181e-01
7.87932694e-01
7.11133182e-01
7.63925850e-01
7.57814109e-01
7.38624513e-01
7.59198129e-01
7.55459428e-01
6.75134480e-01
7.86704600e-01
7.41611719e-01
7.54923642e-01
7.97373772e-01
7.75703669e-01
7.77527928e-01
7.69982755e-01
7.65845001e-01
7.48391151e-01
7.50155032e-01
7.63101995e-01
7.50462949e-01
7.71077454e-01
7.78582156e-01
7.45200336e-01
7.47403800e-01
7.66801834e-01
7.27930844e-01
7.49701977e-01
7.71051943e-01
7.37582147e-01
7.62290776e-01
7.80588388e-01
7.18507946e-01
7.34943569e-01
7.80351400e-01
7.50474870e-01
7.38722563e-01
7.76097834e-01
7.41211116e-01
7.88123548e-01
7.76357412e-01
7.57420361e-01
7.45618582e-01
7.51369417e-01
7.63056576e-01
7.49373913e-01
7.27817416e-01
7.61156797e-01
7.70463407e-01
7.25988865e-01
7.36400723e-01
7.39996374e-01
7.41348982e-01
7.69840539e-01
7.67180562e-01
7.40337729e-01
7.58930266e-01
7.64534771e-01
7.41558611e-01
7.48478532e-01
7.36782312e-01
7.34939098e-01
7.83156216e-01
7.00824082e-01
7.24177361e-01
7.19070315e-01
7.21307456e-01
7.57791281e-01
7.56154358e-01
7.33256698e-01
7.54759312e-01
7.64095545e-01
7.26797402e-01
6.99474812e-01
7.64582574e-01
7.48059750e-01
7.22827256e-01
7.18004763e-01
7.33556271e-01
7.35904396e-01
6.79330170e-01
7.36893833e-01
7.50184476e-01
7.30998278e-01
7.36651659e-01
7.19178200e-01
6.99660420e-01
7.21894741e-01
7.09605396e-01
7.31203020e-01
7.28769302e-01
7.17185497e-01
7.38478065e-01
7.06645250e-01
6.85335696e-01
7.13887036e-01
7.05392838e-01
6.83924079e-01
7.50950456e-01
7.21420705e-01
6.96641386e-01
7.28545547e-01
7.30055809e-01
6.98721766e-01
7.21307755e-01
7.23476231e-01
7.29239643e-01
7.18566477e-01
7.17432261e-01
7.24486530e-01
6.97677314e-01
6.85339212e-01
7.17258871e-01
7.21567988e-01
7.02425838e-01
7.14740396e-01
7.37522483e-01
6.97552264e-01
7.11241663e-01
6.89423740e-01
6.80458128e-01
7.08786011e-01
7.12431610e-01
6.88660145e-01
7.01906204e-01
6.89887702e-01
7.00522006e-01
7.21835732e-01
7.01830387e-01
6.71502888e-01
7.14724779e-01
7.33359158e-01
7.26616085e-01
7.10015535e-01
7.03104973e-01
7.09796727e-01
7.13258386e-01
7.17289388e-01
7.09719837e-01
6.87817991e-01
7.09965050e-01
7.04616189e-01
6.94978356e-01
6.86128616e-01
6.77669823e-01
6.83224440e-01
6.95742548e-01
6.66703701e-01
6.69749796e-01
6.96058929e-01
6.97158873e-01
6.84132755e-01
6.82437897e-01
6.82241857e-01
6.72029078e-01
6.85696483e-01
6.91321254e-01
6.79416955e-01
6.73966169e-01
6.66267157e-01
6.81051731e-01
7.00413048e-01
7.09626913e-01
6.96382642e-01
6.72026932e-01
6.89335763e-01
7.06258535e-01
6.93716586e-01
6.99782312e-01
7.09993243e-01
6.80725813e-01
6.63550615e-01
6.81444108e-01
6.83874786e-01
6.69228375e-01
6.61790431e-01
6.88953817e-01
7.00861633e-01
7.00268924e-01
6.74605012e-01
6.77386284e-01
7.06273437e-01
6.98729098e-01
6.86821878e-01
6.83439195e-01
6.88748002e-01
6.87733531e-01
6.77148759e-01
6.71343803e-01
6.91492915e-01
6.66210473e-01
6.79503381e-01
6.88377917e-01
6.62799418e-01
6.65268779e-01
6.45832300e-01
6.76367760e-01
6.76083088e-01
6.76058829e-01
6.85030043e-01
6.82027459e-01
6.69873476e-01
6.81146562e-01
6.58766031e-01
6.51274562e-01
6.63202584e-01
6.59664154e-01
6.65168941e-01
6.70760393e-01
6.46889448e-01
6.24009132e-01
6.42096102e-01
6.73026800e-01
6.54918075e-01
6.50485694e-01
6.41029298e-01
6.51933730e-01
6.58871710e-01
6.52188063e-01
6.57526493e-01
6.87792361e-01
6.67121530e-01
6.64726734e-01
6.79626763e-01
6.53833687e-01
7.04387248e-01
6.51115656e-01
6.28643095e-01
6.65896416e-01
6.72985017e-01
6.32565498e-01
6.45732164e-01
6.52703643e-01
6.41248941e-01
6.44676089e-01
6.49929345e-01
6.59993827e-01
6.75676644e-01
6.59932494e-01
6.37790143e-01
6.25428736e-01
6.40226364e-01
6.74608231e-01
6.91465914e-01
6.49968147e-01
6.43184304e-01
6.64793015e-01
6.61479115e-01
6.48322940e-01
6.94626212e-01
6.31355941e-01
6.24022126e-01
6.33101404e-01
6.31847322e-01
6.57328606e-01
6.27983510e-01
6.17243588e-01
6.34032905e-01
6.51607513e-01
6.35722756e-01
6.38286650e-01
6.31091714e-01
6.17277145e-01
6.58666551e-01
6.55802429e-01
6.16021991e-01
6.39575005e-01
6.46323621e-01
6.44434214e-01
6.48068309e-01
6.43366098e-01
6.33632243e-01
6.52755380e-01
6.29282594e-01
6.18780911e-01
6.16310775e-01
6.28701866e-01
6.44276857e-01
6.45549715e-01
6.14025354e-01
6.43716991e-01
6.53192461e-01
6.21122599e-01
6.23370707e-01
6.40063226e-01
6.03982270e-01
6.28894150e-01
6.50470138e-01
6.46724105e-01
6.27065897e-01
5.96219182e-01
5.96524239e-01
6.45351827e-01
6.59736335e-01
6.32561445e-01
6.17267251e-01
6.19215727e-01
6.08055770e-01
6.32360041e-01
6.31603420e-01
6.32278085e-01
6.55314684e-01
6.27604127e-01
5.39202869e-01
5.83901644e-01
6.36517406e-01
6.24976397e-01
6.16952837e-01
6.66128337e-01
6.20463073e-01
6.11346722e-01
6.29274487e-01
6.21759176e-01
6.12403154e-01
6.29520833e-01
6.08325779e-01
6.52153492e-01
6.40205741e-01
5.95892191e-01
6.06451333e-01
6.28538609e-01
6.16026998e-01
6.26658797e-01
6.30554736e-01
6.24150932e-01
6.18051827e-01
6.26017511e-01
6.31930888e-01
6.16025388e-01
6.28506541e-01
6.18098259e-01
5.84363401e-01
6.34979725e-01
5.80801308e-01
5.84065795e-01
6.14092052e-01
6.04345918e-01
5.85149765e-01
6.14144802e-01
6.11506462e-01
5.91471255e-01
6.03995621e-01
6.20634675e-01
6.16860926e-01
6.31449819e-01
5.96979022e-01
6.03589535e-01
6.14985824e-01
6.19663000e-01
6.26863420e-01
6.25705719e-01
5.98296881e-01
6.25125587e-01
6.03051960e-01
5.88288009e-01
6.10417545e-01
6.03151619e-01
6.14827633e-01
6.16597176e-01
5.86387157e-01
5.97350776e-01
6.36780798e-01
5.98826826e-01
6.05721176e-01
6.02572560e-01
6.13288939e-01
6.11672878e-01
5.87975681e-01
6.00693226e-01
6.18420482e-01
5.80204725e-01
5.94979167e-01
6.01811230e-01
5.80078304e-01
5.88447630e-01
5.64496040e-01
6.02742195e-01
5.78814685e-01
5.78078806e-01
6.11474574e-01
5.84443092e-01
5.76363385e-01
6.17294669e-01
6.17178977e-01
5.99619687e-01
6.00003123e-01
6.06290281e-01
6.05047882e-01
5.77696025e-01
5.77167809e-01
5.89069545e-01
5.79156637e-01
5.83627224e-01
6.08087063e-01
5.77205539e-01
5.79202056e-01
5.90119421e-01
6.11781478e-01
6.18472815e-01
5.47183812e-01
5.57712615e-01
5.59876084e-01
5.81544757e-01
5.97331166e-01
5.74909270e-01
5.73514044e-01
5.78477681e-01
5.77292740e-01
5.79610229e-01
6.04844332e-01
5.94408214e-01
5.85343242e-01
5.80886602e-01
6.04749680e-01
5.88575423e-01
5.59671044e-01
5.80440998e-01
5.93014836e-01
5.65908730e-01
5.97782314e-01
6.05276883e-01
5.58881760e-01
5.55620134e-01
5.59914649e-01
5.69265544e-01
5.72532952e-01
5.96891701e-01
5.95637798e-01
5.62496185e-01
5.76468527e-01
5.67586064e-01
5.78241050e-01
5.78024864e-01
5.67978442e-01
6.10988200e-01
5.84121227e-01
5.80990434e-01
5.94093859e-01
5.81863523e-01
5.56501746e-01
5.60227394e-01
5.61198592e-01
5.83230674e-01
5.72029352e-01
5.62442660e-01
5.61654806e-01
5.55421233e-01
5.41068256e-01
5.56931734e-01
5.61586916e-01
5.71975291e-01
5.85687876e-01
5.47909439e-01
5.56441128e-01
5.63705146e-01
5.19720614e-01
5.44373333e-01
5.82903922e-01
5.40024698e-01
5.69029331e-01
5.46538889e-01
5.51063061e-01
5.59911489e-01
5.55620551e-01
5.57811439e-01
5.49635828e-01
5.43160737e-01
5.42128503e-01
5.45858324e-01
5.49804807e-01
4.88069296e-01
5.60335875e-01
5.40017664e-01
5.69734752e-01
5.92617035e-01
5.41111588e-01
5.25205672e-01
5.32803595e-01
4.65378225e-01
5.30838847e-01
5.68881035e-01
5.17262936e-01
5.98267138e-01
4.93839622e-01
5.54016054e-01
5.37014723e-01
5.21110594e-01
5.40739596e-01
5.04746199e-01
5.89239776e-01
5.13467669e-01
5.03654897e-01
5.11446655e-01
5.18186212e-01
5.40556490e-01
4.97944534e-01
5.49567759e-01
5.34830272e-01
5.28495789e-01
5.73627174e-01
5.75677335e-01
5.48217297e-01
5.51474392e-01
5.46371102e-01
5.46185017e-01
5.60557008e-01
5.59642315e-01
5.54492116e-01
5.43308020e-01
5.30307055e-01
5.27521193e-01
5.47843874e-01
5.45868814e-01
5.16467750e-01
5.29248476e-01
5.28731585e-01
5.44616878e-01
5.58848023e-01
5.44300199e-01
5.32376289e-01
5.27814746e-01
5.51953852e-01
5.63539207e-01
5.31438589e-01
5.22873580e-01
5.14691830e-01
5.41419625e-01
5.63688457e-01
5.39012313e-01
5.14277339e-01
5.75204194e-01
5.33983052e-01
4.99178857e-01
5.25377691e-01
5.34779906e-01
5.19159496e-01
5.10293245e-01
5.34133136e-01
5.22187114e-01
5.11305511e-01
5.31613410e-01
5.52301824e-01
5.51153958e-01
5.42288244e-01
5.44259727e-01
5.33584893e-01
5.47523558e-01
5.67832053e-01
5.50358295e-01
5.18172204e-01
5.37749410e-01
5.59822738e-01
5.27517021e-01
4.85690385e-01
5.26077449e-01
5.51473200e-01
5.69840133e-01
5.46919167e-01
5.35651684e-01
5.31917155e-01
5.02771139e-01
5.47364712e-01
5.30866623e-01
5.03132582e-01
5.13390839e-01
5.36684394e-01
5.13132453e-01
5.32322466e-01
5.22750616e-01
5.50248861e-01
5.34987509e-01
4.91888314e-01
5.07640064e-01
5.44678032e-01
5.09247720e-01
5.03293991e-01
5.11755228e-01
5.32176495e-01
5.46860218e-01
4.78182673e-01
5.37556410e-01
5.36692977e-01
5.32093346e-01
5.27425885e-01
4.69663322e-01
5.23436129e-01
5.03781915e-01
4.96577591e-01
5.16594648e-01
5.02938807e-01
4.94646311e-01
5.27035952e-01
5.02774775e-01
4.92664963e-01
5.12578368e-01
5.22674203e-01
5.19549847e-01
5.03120303e-01
5.10618567e-01
5.03586471e-01
5.09716511e-01
5.19822180e-01
5.19585192e-01
5.05553365e-01
4.88142401e-01
5.00587583e-01
4.99802053e-01
4.83065695e-01
5.24218857e-01
5.09970188e-01
5.04512727e-01
4.99024481e-01
5.13305128e-01
5.25023878e-01
5.04422188e-01
4.94038254e-01
4.74038839e-01
4.73305970e-01
5.01657903e-01
5.15801728e-01
5.20461917e-01
5.11944115e-01
5.17527223e-01
5.10173559e-01
5.11474907e-01
5.03302991e-01
5.05161166e-01
4.85000700e-01
5.26390254e-01
4.95946616e-01
4.86450642e-01
5.07764995e-01
4.56671983e-01
4.98964876e-01
4.86877888e-01
4.93342966e-01
4.97965246e-01
4.82946843e-01
4.84147459e-01
4.82905954e-01
4.84125972e-01
5.11562586e-01
5.18427074e-01
4.59493101e-01
4.17706579e-01
5.62021017e-01
5.50094247e-01
4.97552633e-01
4.57333058e-01
4.47801977e-01
5.34160852e-01
4.79858756e-01
4.70834225e-01
4.86005008e-01
5.00274241e-01
5.07301450e-01
5.15827239e-01
4.76479143e-01
4.80887800e-01
4.94483709e-01
5.01105309e-01
4.99077588e-01
5.06153405e-01
4.66435730e-01
4.79765981e-01
5.15884280e-01
4.99538511e-01
4.62712079e-01
4.65396017e-01
4.89595443e-01
4.65665430e-01
4.45439011e-01
4.20784205e-01
4.75477815e-01
5.42378664e-01
4.81432796e-01
4.91150767e-01
4.96961713e-01
4.82347906e-01
4.73658353e-01
4.63352472e-01
5.14124572e-01
5.19695759e-01
5.11184931e-01
4.86706585e-01
4.61421937e-01
4.66717571e-01
4.11560953e-01
4.61817771e-01
5.61128914e-01
5.57061136e-01
4.94869322e-01
4.91485000e-01
4.76442128e-01
4.76723105e-01
4.75107640e-01
4.70181584e-01
4.78736281e-01
4.37532991e-01
4.03137028e-01
4.52456027e-01
4.79679942e-01
4.83337909e-01
4.63731438e-01
4.40178305e-01
4.14623231e-01
4.69981521e-01
5.39586067e-01
5.06149590e-01
5.01883149e-01
5.53214610e-01
3.54854643e-01
4.24797475e-01
4.78027165e-01
4.59935665e-01
4.63686377e-01
4.74463820e-01
4.85175669e-01
4.77164835e-01
4.47786212e-01
4.68009740e-01
4.93579596e-01
4.63821739e-01
4.82208699e-01
4.77608234e-01
4.45556998e-01
4.37898338e-01
4.87740219e-01
4.91090029e-01
4.73857969e-01
4.84714329e-01
4.68574107e-01
4.56582338e-01
4.54691768e-01
4.93595243e-01
4.98371780e-01
4.65223908e-01
4.65553850e-01
4.86978024e-01
4.77796406e-01
4.71689343e-01
4.78796065e-01
4.51173395e-01
4.39565748e-01
4.66135561e-01
4.74962294e-01
4.36966926e-01
4.82748747e-01
4.90557015e-01
4.63299572e-01
4.46093202e-01
4.68175799e-01
4.69009072e-01
4.87083107e-01
4.75770205e-01
4.48073179e-01
4.67982769e-01
5.01255512e-01
4.42124754e-01
4.96690601e-01
4.67079997e-01
4.49625552e-01
4.71519858e-01
4.71545398e-01
4.45078641e-01
4.82835203e-01
4.38191533e-01
4.66501534e-01
4.83348995e-01
4.45066482e-01
4.53523666e-01
4.45892006e-01
4.69590396e-01
4.65250909e-01
4.56634790e-01
4.83866304e-01
4.59233612e-01
4.65141177e-01
4.65526313e-01
4.54527676e-01
4.51111794e-01
4.53880012e-01
4.39006805e-01
4.09737915e-01
4.65727359e-01
4.70999122e-01
4.47193444e-01
4.49083388e-01
4.21176463e-01
4.31502581e-01
4.53303307e-01
4.55142468e-01
4.54292804e-01
4.50452298e-01
4.43849683e-01
4.42794353e-01
4.42864239e-01
4.45232809e-01
4.49914336e-01
4.44923550e-01
4.61535603e-01
4.41959828e-01
4.38492239e-01
4.45533514e-01
4.45493549e-01
4.38944489e-01
4.63035256e-01
4.56563652e-01
4.34550136e-01
4.30018395e-01
4.34366494e-01
4.28364784e-01
4.27478909e-01
4.53668803e-01
4.42346573e-01
4.34454650e-01
4.46103036e-01
4.44803149e-01
4.34690505e-01
4.30437505e-01
4.32701677e-01
4.33963954e-01
4.43480104e-01
4.31039393e-01
4.30748671e-01
4.60343719e-01
4.42676485e-01
4.41159606e-01
4.39279377e-01
4.12710249e-01
4.16387558e-01
4.55383241e-01
4.53443855e-01
4.54035610e-01
4.36639428e-01
4.13769931e-01
4.19507831e-01
4.19567347e-01
4.29590851e-01
3.72044325e-01
3.55548501e-01
4.12556589e-01
4.21139359e-01
4.19411093e-01
4.13842529e-01
3.76136899e-01
4.20163333e-01
4.88332570e-01
4.35871661e-01
4.37014490e-01
3.90713453e-01
4.00518298e-01
4.50601131e-01
4.79487270e-01
4.29481179e-01
4.64294940e-01
4.18080747e-01
4.15941983e-01
4.48251188e-01
4.23634052e-01
4.07832116e-01
4.29361194e-01
4.29850996e-01
4.38512504e-01
4.29248095e-01
4.05616432e-01
4.56386387e-01
4.14535463e-01
4.05210912e-01
4.15203094e-01
4.26515371e-01
4.29560244e-01
4.08951879e-01
3.96215975e-01
2.37058982e-01
3.58551353e-01
5.81158876e-01
4.67050374e-01
4.12133485e-01
4.30279493e-01
4.40363288e-01
4.26364928e-01
3.97495389e-01
4.14408624e-01
4.34712887e-01
4.24497038e-01
4.04852241e-01
4.13682610e-01
4.29967344e-01
4.30708766e-01
4.25424606e-01
4.33313996e-01
4.41937476e-01
4.11805242e-01
3.86833400e-01
4.32274252e-01
4.50943857e-01
4.42191780e-01
4.33376133e-01
4.07357454e-01
3.73378634e-01
4.12949324e-01
4.67503607e-01
4.18608099e-01
3.78057182e-01
4.19772685e-01
4.15746689e-01
4.02939379e-01
4.47687417e-01
3.99394244e-01
4.31094259e-01
4.38532948e-01
4.25828189e-01
4.14512783e-01
4.13213015e-01
4.23967481e-01
3.97432894e-01
4.17569071e-01
4.34262484e-01
3.84996384e-01
2.95848817e-01
4.02870476e-01
4.22359288e-01
4.05678004e-01
4.05994505e-01
4.26191986e-01
4.37374353e-01
4.30762768e-01
4.16702002e-01
4.22195613e-01
4.01690215e-01
3.94450754e-01
4.40874130e-01
4.17152643e-01
4.23248231e-01
4.41912174e-01
4.22024995e-01
3.58420521e-01
4.01105195e-01
4.20781612e-01
3.98988843e-01
4.06620294e-01
4.10804600e-01
4.03503507e-01
4.00680363e-01
3.93383265e-01
4.02842104e-01
4.13791925e-01
4.11227584e-01
3.90718251e-01
4.16751325e-01
3.97505760e-01
4.24463004e-01
4.31488454e-01
3.98153633e-01
3.90309304e-01
3.99503142e-01
3.32618535e-01
4.17128265e-01
4.27885979e-01
3.84077579e-01
4.02698189e-01
4.07810330e-01
4.26636547e-01
4.14929241e-01
4.30392534e-01
4.22158390e-01
3.75091553e-01
4.00001377e-01
4.15600687e-01
3.96514177e-01
3.96266103e-01
3.96958441e-01
3.86606127e-01
3.96897167e-01
3.85772288e-01
3.95097136e-01
4.19698000e-01
3.99063975e-01
3.76526564e-01
4.05557722e-01
3.74893606e-01
3.88041914e-01
3.80153477e-01
3.89262974e-01
4.07088071e-01
3.68440390e-01
3.99226755e-01
3.99114698e-01
3.85381073e-01
3.89909446e-01
4.24478531e-01
4.05480117e-01
3.77959609e-01
3.70386243e-01
3.77215654e-01
3.82708728e-01
3.70135933e-01
3.90008688e-01
3.91900480e-01
3.80334407e-01
3.92245442e-01
4.07956660e-01
4.09524292e-01
3.69805664e-01
3.71986955e-01
3.93061250e-01
3.86162400e-01
3.81598204e-01
3.92782629e-01
3.85390908e-01
4.04850632e-01
3.89835387e-01
3.91990602e-01
4.00352180e-01
3.94167066e-01
3.87910455e-01
3.77952874e-01
4.05522197e-01
4.03334409e-01
4.08676505e-01
4.13458228e-01
3.96302402e-01
3.78301173e-01
3.83527339e-01
3.73906434e-01
3.91041011e-01
4.17405427e-01
4.22822833e-01
3.94912541e-01
3.71279508e-01
3.94066364e-01
4.12911505e-01
3.98008913e-01
3.86595786e-01
3.69849205e-01
3.97182703e-01
3.74349266e-01
3.49703401e-01
3.78546089e-01
3.97199750e-01
3.84705991e-01
3.99005085e-01
3.72511476e-01
3.66802305e-01
4.05766070e-01
3.74238819e-01
3.79088372e-01
3.95570606e-01
3.85654569e-01
3.88017774e-01
3.86229426e-01
3.78553420e-01
3.83780390e-01
3.89725536e-01
3.72415841e-01
3.81687701e-01
4.00243193e-01
3.61118585e-01
3.71444196e-01
3.79781425e-01
3.57243657e-01
3.60863298e-01
3.87738407e-01
3.84786487e-01
3.74022394e-01
3.84825259e-01
3.87695134e-01
3.81042928e-01
3.76501143e-01
3.72112185e-01
3.81567776e-01
3.61247569e-01
3.46038252e-01
3.58350635e-01
3.75050932e-01
3.80504251e-01
3.83143723e-01
3.84547800e-01
3.60431612e-01
3.47424537e-01
3.65605652e-01
3.67304355e-01
3.71435970e-01
3.53982151e-01
3.23643118e-01
3.07773918e-01
3.65338355e-01
3.56565505e-01
3.30250025e-01
3.72121811e-01
3.96329939e-01
3.62711519e-01
3.52805585e-01
3.19325417e-01
2.90811598e-01
3.89640659e-01
3.75161618e-01
3.27536762e-01
3.68170798e-01
3.47577572e-01
3.63713026e-01
3.37449104e-01
3.60118628e-01
3.76150310e-01
3.58622938e-01
3.80466372e-01
3.67019087e-01
3.68961155e-01
3.71367157e-01
3.60994041e-01
3.48104537e-01
3.57636303e-01
3.63438070e-01
3.71569842e-01
3.67466062e-01
3.43296140e-01
3.39469790e-01
2.90850252e-01
2.03926519e-01
3.20178151e-01
3.65191311e-01
3.30106676e-01
3.20977390e-01
3.40854168e-01
3.65785986e-01
3.51582497e-01
3.58468711e-01
3.65447730e-01
3.60398531e-01
3.38575870e-01
3.71369660e-01
3.50617230e-01
3.50150466e-01
3.62721801e-01
3.49604040e-01
3.69434804e-01
3.37381572e-01
3.31164241e-01
3.59306574e-01
3.76969606e-01
3.72703224e-01
3.56910378e-01
3.48687679e-01
3.43608171e-01
3.83055210e-01
3.37755919e-01
2.13794738e-01
3.41037214e-01
4.49031115e-01
4.03266519e-01
3.42371881e-01
3.39998752e-01
3.76153708e-01
3.66144359e-01
3.05863023e-01
3.13360184e-01
4.03785199e-01
3.94085914e-01
3.27039748e-01
3.60012829e-01
3.47252250e-01
3.78807843e-01
2.49326289e-01
1.79972082e-01
3.50650400e-01
4.30991262e-01
3.65203112e-01
3.51050884e-01
3.59243065e-01
3.35394830e-01
3.16348135e-01
3.39430541e-01
3.61725360e-01
3.33370954e-01
3.01341325e-01
3.03305626e-01
3.47900093e-01
3.64728808e-01
3.48199159e-01
3.63249391e-01
3.33247960e-01
2.74961948e-01
2.52526194e-01
3.44758987e-01
3.62693727e-01
3.60576481e-01
3.46469969e-01
3.32565069e-01
3.41821343e-01
3.35483581e-01
3.53811949e-01
3.14135641e-01
3.09560746e-01
3.33279610e-01
3.31995040e-01
3.23986113e-01
3.29541326e-01
3.08359653e-01
3.14609259e-01
3.20718855e-01
3.34892094e-01
3.56886238e-01
3.56233865e-01
2.68403381e-01
3.00118506e-01
