2.46190071e+00
1.33112919e+00
1.25989056e+00
2.55963349e+00
5.12331343e+00
3.27718163e+00
1.50670505e+00
1.62841582e+00
2.73692489e+00
2.28285623e+00
2.01737833e+00
1.57425833e+00
1.66499853e+00
1.81866670e+00
2.20649338e+00
1.88171816e+00
1.92964983e+00
1.58592987e+00
1.59716177e+00
1.64060020e+00
1.61383402e+00
1.72625518e+00
1.87067127e+00
1.63463175e+00
2.79609394e+00
3.38246989e+00
1.59624052e+00
1.59422112e+00
1.74038064e+00
1.53213525e+00
2.12985182e+00
1.52026212e+00
1.22232306e+00
2.98072338e+00
2.11684585e+00
1.57855380e+00
1.24818456e+00
1.31954336e+00
1.33291423e+00
2.10260105e+00
1.32284367e+00
1.55257499e+00
1.30979085e+00
1.57560778e+00
2.65591836e+00
1.30293608e+00
1.63328922e+00
1.36777186e+00
1.59034550e+00
1.39036453e+00
1.39272356e+00
1.19727445e+00
1.90398526e+00
1.95142496e+00
1.63129056e+00
1.42097700e+00
2.74443078e+00
1.28165531e+00
1.82154965e+00
1.24643159e+00
1.57065618e+00
2.12200069e+00
1.51899874e+00
1.37498498e+00
1.18139780e+00
1.59157288e+00
3.67392921e+00
2.63398576e+00
1.46742737e+00
2.56888914e+00
1.92900002e+00
1.34862971e+00
1.24926627e+00
1.81260443e+00
1.61300087e+00
1.40705526e+00
1.61998177e+00
2.92281675e+00
2.73757100e+00
1.94671178e+00
1.68841422e+00
1.78563821e+00
1.47430468e+00
1.14296591e+00
1.76587403e+00
1.87591195e+00
1.35364449e+00
3.27398801e+00
1.34290171e+00
3.09283638e+00
3.07802534e+00
1.35009038e+00
1.68393290e+00
2.32584310e+00
2.47283649e+00
1.19647789e+00
1.20430923e+00
1.69527626e+00
1.20337427e+00
2.19828510e+00
1.39112961e+00
1.71368945e+00
1.32018650e+00
1.25297022e+00
1.93936872e+00
1.37759078e+00
1.88218677e+00
1.62015224e+00
1.55322194e+00
1.14730811e+00
1.14909494e+00
9.78559732e-01
2.48068571e+00
1.21833992e+00
1.17906511e+00
1.03622949e+00
1.10002112e+00
1.46542776e+00
1.52955329e+00
1.18288207e+00
1.41496396e+00
1.22073066e+00
1.07896018e+00
2.18289781e+00
1.69091511e+00
4.14376068e+00
2.90506411e+00
1.47659552e+00
3.68258214e+00
1.32623923e+00
1.22593760e+00
1.28869843e+00
1.54933131e+00
1.90543914e+00
1.15582287e+00
1.42942286e+00
1.05861855e+00
1.78587592e+00
2.16717553e+00
2.41686654e+00
2.73331046e+00
2.07538223e+00
1.67413747e+00
1.85384226e+00
1.89052665e+00
1.34144580e+00
2.07240701e+00
1.52119505e+00
1.20598757e+00
1.98300838e+00
1.10860133e+00
1.69732034e+00
1.60351491e+00
2.28666949e+00
1.69971311e+00
2.02788067e+00
1.78083849e+00
2.01475739e+00
2.82697463e+00
1.75043356e+00
1.24409115e+00
1.21581256e+00
1.40204275e+00
1.21811152e+00
1.46075583e+00
1.16903365e+00
1.19942951e+00
1.09729552e+00
1.10207975e+00
1.16035199e+00
1.41013420e+00
1.70600414e+00
2.05327511e+00
1.00189197e+00
1.19760823e+00
1.85602546e+00
1.32584393e+00
2.40404153e+00
3.28671169e+00
9.56827223e-01
1.09462082e+00
9.39709961e-01
2.76427460e+00
1.75416660e+00
9.65169907e-01
1.13446248e+00
1.12865043e+00
8.74151349e-01
8.16317260e-01
2.10508704e+00
8.88782322e-01
1.04082775e+00
8.23901832e-01
1.24450779e+00
1.35829663e+00
1.73779452e+00
9.33312833e-01
1.66484952e+00
1.38644898e+00
8.39148164e-01
8.20512593e-01
8.86396110e-01
2.20071912e+00
9.09204364e-01
1.00376821e+00
1.76112080e+00
1.29075170e+00
1.49512005e+00
1.09498322e+00
9.81307268e-01
1.24215174e+00
1.71550024e+00
9.38826919e-01
1.87757039e+00
1.01979458e+00
1.44891143e+00
1.80237067e+00
2.02816582e+00
1.52186692e+00
1.79155445e+00
1.09526503e+00
1.76510978e+00
2.25936460e+00
2.49250245e+00
1.97150803e+00
1.24429798e+00
1.70946681e+00
4.26933765e+00
2.66734815e+00
1.24082565e+00
1.52236676e+00
1.10534286e+00
1.15214789e+00
2.29566216e+00
1.93085861e+00
1.63314354e+00
2.21814132e+00
1.26007473e+00
2.49388719e+00
3.58866405e+00
1.45702910e+00
1.33426738e+00
1.18633509e+00
1.66915655e+00
3.00921631e+00
1.45798516e+00
1.55110312e+00
2.67074776e+00
1.80863512e+00
1.34279609e+00
1.42893946e+00
1.65822101e+00
1.56476295e+00
1.22387910e+00
1.42315471e+00
1.29322171e+00
1.25989151e+00
2.45898342e+00
2.60284138e+00
1.84397900e+00
1.34436882e+00
1.34788239e+00
2.97400188e+00
1.46682000e+00
1.46245348e+00
1.52018487e+00
1.18339849e+00
2.36493707e+00
1.22676456e+00
1.59310246e+00
2.95639896e+00
2.46055532e+00
1.14507353e+00
1.16987133e+00
1.29886317e+00
1.86040652e+00
2.55939078e+00
2.04650211e+00
1.13882339e+00
1.34186614e+00
1.27638113e+00
1.56444573e+00
2.06228590e+00
2.26273584e+00
1.28833282e+00
1.39242411e+00
3.03035569e+00
2.02380705e+00
1.34581363e+00
1.17801690e+00
1.01710856e+00
1.42947972e+00
1.43907404e+00
1.08594978e+00
1.98577321e+00
2.58712626e+00
1.18351281e+00
1.16388571e+00
3.11515212e+00
1.09849429e+00
1.17678308e+00
2.59483528e+00
1.14833546e+00
1.64697754e+00
1.28105962e+00
9.35357988e-01
1.36934114e+00
1.21637475e+00
1.48695385e+00
1.63595510e+00
8.84076357e-01
9.29601133e-01
9.91330385e-01
1.00235558e+00
1.38798761e+00
1.56655669e+00
8.14650416e-01
8.57324839e-01
2.85939837e+00
9.14465964e-01
4.48514462e+00
9.71986175e-01
2.26799870e+00
1.83370650e+00
2.41482329e+00
2.68659067e+00
1.14262033e+00
1.29126453e+00
1.27160048e+00
1.91098702e+00
1.49893105e+00
1.02392328e+00
1.49209905e+00
1.18516934e+00
6.34504974e-01
7.95711100e-01
7.12160170e-01
8.06173325e-01
1.01571333e+00
6.99402273e-01
1.01690972e+00
2.16045809e+00
1.51535022e+00
1.07700062e+00
1.33117712e+00
9.10613120e-01
1.88290250e+00
8.04110765e-01
8.67898762e-01
1.26293659e+00
8.43989372e-01
2.38382316e+00
1.24278378e+00
1.13139951e+00
2.44125748e+00
2.57595825e+00
1.38164377e+00
1.97456443e+00
9.25099671e-01
8.47418129e-01
8.57720494e-01
9.10646677e-01
8.34421217e-01
1.35958064e+00
1.82074881e+00
1.43725383e+00
8.86994183e-01
1.19027317e+00
2.37634468e+00
1.93062711e+00
1.82474875e+00
1.87623858e+00
1.37829912e+00
1.08324993e+00
1.43227088e+00
2.16812539e+00
1.63153696e+00
2.38164711e+00
1.65327108e+00
1.69934118e+00
2.60022116e+00
9.23548281e-01
1.25017583e+00
1.87559211e+00
1.41452467e+00
1.22116482e+00
1.53161025e+00
1.48472714e+00
2.10520935e+00
1.44154513e+00
2.85871816e+00
3.38492560e+00
1.34360135e+00
1.62791038e+00
2.01462245e+00
3.27257752e+00
2.78539729e+00
1.46092200e+00
1.50478518e+00
2.83960319e+00
1.12714159e+00
1.42856550e+00
3.23472381e+00
3.64774561e+00
2.20377302e+00
1.84066248e+00
2.09000492e+00
2.50724912e+00
1.62216365e+00
1.19140303e+00
1.88305759e+00
2.06388402e+00
2.76729298e+00
1.06775916e+00
9.74504054e-01
1.56592453e+00
1.52828574e+00
2.04043603e+00
1.71418858e+00
2.19773531e+00
1.95517147e+00
2.14347243e+00
2.32220888e+00
1.09772646e+00
1.91758001e+00
2.62640214e+00
2.66319776e+00
2.11426306e+00
1.84328294e+00
3.10468698e+00
1.61014855e+00
1.49875045e+00
1.02240014e+00
1.18560755e+00
3.22781301e+00
1.96030700e+00
3.39767385e+00
2.83217144e+00
2.75510931e+00
3.12817287e+00
2.73470426e+00
2.39584064e+00
2.62673998e+00
2.19719028e+00
2.31225896e+00
2.56512761e+00
1.96688986e+00
1.03960776e+00
1.19055355e+00
2.35320640e+00
1.99701583e+00
2.42158532e+00
4.01271486e+00
2.20061183e+00
2.62710285e+00
2.38794923e+00
2.40368247e+00
2.05168986e+00
1.20003152e+00
1.25221443e+00
1.01266706e+00
2.06682897e+00
3.77848625e+00
3.13434744e+00
1.57353354e+00
2.79604483e+00
2.08537698e+00
1.84821510e+00
1.44900072e+00
1.58681417e+00
2.40588427e+00
1.75282443e+00
1.91275680e+00
2.01427364e+00
2.71302342e+00
2.55669808e+00
1.48424268e+00
1.83740950e+00
2.19988132e+00
1.18198490e+00
1.70854414e+00
2.15756416e+00
1.11401188e+00
1.61622190e+00
2.12501335e+00
1.50061393e+00
1.88003492e+00
2.45525646e+00
2.20362520e+00
1.86323464e+00
1.08606994e+00
2.91908383e+00
2.47384238e+00
1.11656344e+00
1.71735585e+00
3.05796051e+00
1.40361583e+00
1.55123067e+00
3.23245740e+00
2.59411049e+00
9.76459682e-01
2.62559938e+00
2.25252223e+00
2.10902166e+00
1.30277431e+00
1.68811965e+00
2.96474957e+00
1.43018758e+00
2.89291787e+00
3.19597721e+00
1.94838476e+00
1.61557519e+00
2.37404180e+00
1.93763244e+00
1.64357865e+00
8.87575090e-01
1.28120399e+00
2.38456130e+00
1.94875646e+00
1.09275174e+00
1.73567057e+00
9.19942081e-01
8.35004926e-01
1.32024062e+00
2.32823491e+00
2.00222349e+00
9.21237767e-01
1.15412629e+00
1.35284853e+00
2.25582480e+00
3.74757385e+00
8.35018992e-01
9.11979139e-01
8.47280204e-01
1.35654759e+00
1.92202652e+00
1.47727048e+00
2.40725136e+00
1.95020926e+00
1.71511281e+00
1.25927305e+00
1.10988712e+00
1.09232008e+00
7.49809861e-01
1.28896165e+00
2.44145846e+00
1.59307814e+00
1.64725327e+00
3.10241127e+00
1.45488083e+00
1.59429967e+00
2.60873437e+00
1.59741437e+00
1.03204334e+00
2.45674276e+00
2.51038671e+00
7.22283065e-01
1.01336241e+00
9.67848718e-01
1.47922742e+00
2.19903755e+00
1.03690195e+00
1.79175079e+00
1.30817771e+00
6.26992524e-01
7.02570319e-01
1.47052515e+00
2.18787599e+00
2.16494846e+00
6.02865100e-01
6.27387881e-01
7.12867856e-01
5.24821341e-01
7.40034163e-01
5.78549922e-01
6.74014151e-01
7.71271706e-01
8.49768281e-01
9.01603341e-01
6.14217222e-01
8.31317961e-01
6.05093420e-01
7.95057476e-01
9.07343864e-01
1.42418718e+00
1.77134943e+00
1.67387867e+00
1.30930793e+00
7.41468489e-01
8.90989244e-01
7.72948742e-01
1.11803579e+00
1.03125548e+00
2.48816729e+00
1.38725793e+00
7.71879435e-01
1.51928353e+00
7.27633655e-01
1.19221079e+00
1.79910970e+00
9.44243252e-01
6.60267591e-01
1.19184506e+00
1.22554624e+00
7.54923522e-01
8.47366333e-01
1.22872853e+00
1.13057590e+00
9.40171182e-01
1.80742002e+00
1.54705918e+00
2.61140728e+00
1.65716970e+00
7.98856318e-01
1.54975533e+00
2.23407483e+00
3.41931391e+00
2.40842533e+00
1.86723423e+00
1.68206668e+00
1.04354596e+00
9.29731071e-01
1.00629652e+00
1.22534406e+00
1.84363461e+00
1.97923279e+00
1.32185960e+00
1.34669614e+00
1.70821965e+00
2.15190983e+00
2.73845863e+00
1.65716803e+00
9.45676863e-01
1.25538647e+00
2.60256553e+00
1.33658397e+00
1.76539922e+00
2.65248299e+00
1.66783202e+00
1.54179215e+00
2.77412391e+00
2.42781997e+00
1.18543482e+00
8.34630907e-01
9.39196050e-01
8.33661795e-01
1.29063952e+00
7.66777456e-01
1.84615207e+00
2.31600070e+00
7.89311767e-01
2.49808192e+00
1.14564788e+00
2.74722791e+00
2.54328847e+00
1.28652120e+00
1.35741532e+00
9.10315037e-01
2.01906061e+00
2.96166539e+00
2.36720562e+00
1.22965968e+00
9.49923277e-01
2.16475177e+00
3.78711653e+00
1.43377829e+00
7.93332458e-01
1.69236124e+00
2.37138510e+00
1.41544998e+00
2.04052830e+00
9.12192583e-01
9.01665330e-01
1.91323912e+00
1.73328769e+00
2.51645660e+00
2.17102003e+00
2.00628185e+00
2.62595272e+00
2.24781609e+00
1.05378699e+00
1.68759596e+00
1.38110149e+00
1.58737528e+00
1.53693593e+00
2.24829674e+00
3.05226636e+00
1.08044565e+00
2.51513910e+00
1.08547115e+00
1.55647409e+00
2.85362697e+00
1.86718512e+00
1.66071963e+00
3.39500856e+00
2.54250240e+00
1.74389255e+00
1.82575715e+00
2.17918491e+00
2.88951683e+00
2.14046264e+00
2.10724354e+00
3.15281034e+00
2.87771320e+00
1.44594026e+00
2.60730720e+00
2.85832047e+00
1.48359489e+00
1.25355399e+00
1.44984603e+00
1.26155615e+00
1.85320914e+00
2.91775560e+00
2.86369181e+00
2.06070900e+00
1.59795177e+00
1.57117105e+00
1.23149204e+00
2.01554632e+00
2.66706657e+00
2.71154714e+00
2.58408070e+00
2.12630987e+00
1.01514697e+00
1.60198009e+00
1.60495877e+00
1.64860988e+00
1.68556368e+00
1.27017939e+00
1.22066534e+00
2.67844629e+00
2.68724680e+00
2.26899791e+00
2.03105354e+00
1.90787399e+00
2.47800469e+00
2.98375893e+00
2.00162554e+00
1.80974555e+00
2.03797150e+00
2.28024673e+00
3.44504404e+00
1.70761967e+00
1.02681637e+00
7.84988284e-01
1.30017185e+00
2.84064937e+00
2.62556314e+00
1.54497159e+00
1.50491452e+00
1.63593638e+00
1.56229949e+00
1.61288297e+00
2.25245976e+00
2.34636164e+00
2.48283482e+00
1.62643397e+00
1.09849489e+00
1.76026249e+00
2.19306087e+00
1.61740828e+00
2.77980638e+00
1.72817242e+00
1.20289457e+00
2.20650721e+00
9.32213843e-01
2.14703298e+00
1.93005776e+00
2.36812449e+00
2.69910741e+00
1.45969999e+00
1.62059879e+00
1.71009219e+00
2.62056708e+00
9.62193429e-01
8.03485811e-01
1.99293363e+00
1.50864339e+00
2.55644250e+00
1.83206487e+00
1.81661928e+00
2.43283939e+00
2.01513648e+00
1.35253465e+00
2.58972740e+00
2.13624239e+00
1.40652525e+00
1.55986273e+00
1.53899491e+00
8.21207941e-01
1.73133707e+00
2.15552974e+00
1.39400232e+00
1.04730129e+00
1.67350578e+00
2.51013422e+00
1.09628725e+00
3.33182669e+00
1.84313703e+00
8.06368530e-01
3.45342469e+00
2.33793139e+00
1.67639005e+00
1.91946089e+00
1.65416312e+00
1.77432871e+00
2.51522923e+00
1.47504759e+00
2.18934560e+00
2.62467027e+00
1.45127213e+00
1.41556215e+00
3.11929011e+00
2.22401595e+00
1.83193409e+00
2.42013001e+00
2.70984173e+00
3.03302836e+00
3.41562939e+00
2.25764728e+00
2.06936121e+00
2.34987664e+00
1.88899994e+00
1.95080602e+00
2.56436491e+00
1.36558068e+00
1.77725685e+00
2.04440093e+00
2.26864529e+00
2.14071941e+00
2.01137590e+00
2.90148926e+00
1.78277993e+00
1.85183406e+00
1.92740989e+00
1.98710430e+00
2.61262894e+00
2.63838172e+00
9.06325758e-01
1.48931003e+00
1.45219529e+00
1.53554475e+00
2.76621413e+00
1.71311486e+00
2.44467235e+00
2.78059721e+00
2.18576288e+00
1.86191142e+00
2.35048866e+00
2.36662722e+00
1.43703520e+00
1.18963003e+00
1.67505908e+00
2.48455310e+00
2.07982564e+00
7.61707246e-01
2.32072401e+00
2.01893616e+00
2.34592175e+00
3.01419234e+00
2.01998806e+00
1.61096430e+00
7.80891895e-01
7.83228219e-01
1.27482545e+00
1.27921772e+00
1.01265442e+00
1.92179906e+00
1.27768350e+00
2.06229234e+00
2.22706676e+00
1.95957005e+00
2.11798215e+00
1.21958208e+00
6.41277909e-01
2.34890056e+00
2.32151580e+00
1.16615689e+00
1.62830734e+00
1.79996645e+00
1.73501599e+00
2.04913020e+00
1.89892638e+00
1.82083774e+00
2.39690900e+00
2.59253335e+00
2.24179482e+00
1.61926150e+00
1.17568004e+00
1.48082674e+00
2.15601015e+00
1.82582116e+00
1.45506454e+00
1.83932066e+00
1.21831167e+00
1.52596474e+00
2.69097018e+00
6.86595201e-01
7.62080371e-01
1.72460449e+00
2.62190628e+00
2.09223413e+00
1.18219101e+00
2.99027419e+00
1.37440336e+00
2.35426521e+00
2.55623651e+00
1.37185419e+00
1.14604223e+00
1.93049812e+00
1.80933690e+00
1.10493684e+00
9.37903345e-01
3.49852395e+00
2.46763229e+00
1.15908158e+00
8.24556231e-01
7.58564174e-01
2.28937030e+00
3.27301264e+00
2.11691785e+00
2.77537894e+00
1.72450304e+00
2.74510098e+00
2.81683731e+00
1.73507071e+00
1.16867185e+00
9.28001761e-01
2.58066773e+00
1.44943368e+00
1.56959641e+00
2.36694002e+00
1.32995796e+00
7.54254758e-01
2.08428979e+00
1.24148500e+00
8.48207772e-01
1.71446753e+00
2.12569642e+00
1.17955208e+00
1.85060203e+00
8.51758540e-01
1.07210302e+00
1.84870493e+00
1.63185203e+00
2.80787826e+00
2.83705354e+00
2.59328794e+00
1.63754356e+00
9.05051768e-01
1.03698552e+00
1.34552729e+00
2.31066322e+00
1.09578013e+00
1.39015651e+00
2.64088583e+00
2.41766572e+00
1.78439379e+00
1.57743645e+00
1.60118270e+00
6.88490808e-01
6.79833889e-01
2.15653992e+00
1.25059509e+00
6.60721779e-01
9.18457448e-01
9.49304998e-01
1.77678454e+00
2.90723586e+00
7.47703314e-01
1.86474013e+00
1.63699996e+00
1.66493618e+00
2.37428594e+00
1.99498582e+00
9.85900700e-01
4.12349224e+00
2.17318487e+00
1.68346572e+00
2.85491276e+00
2.22678089e+00
1.95109260e+00
1.87770462e+00
2.07628751e+00
1.89285433e+00
1.45118129e+00
1.39990735e+00
1.79992723e+00
1.64269805e+00
2.51306391e+00
1.60111105e+00
8.91417146e-01
1.70425987e+00
8.63468111e-01
2.11874914e+00
2.25270796e+00
1.01976717e+00
1.39956284e+00
3.18428349e+00
1.44049644e+00
3.13921857e+00
1.01800358e+00
9.17144120e-01
2.02319169e+00
1.26415074e+00
1.68891835e+00
1.17089546e+00
2.50070763e+00
2.25012255e+00
8.85089457e-01
8.11759710e-01
1.24046493e+00
1.40990889e+00
1.18021846e+00
1.37186992e+00
1.23649526e+00
8.69555175e-01
1.80694830e+00
6.25041902e-01
2.20642376e+00
1.42932880e+00
4.88863051e-01
1.97583258e+00
1.63406920e+00
1.02590477e+00
8.74126792e-01
1.21513808e+00
2.03532052e+00
2.58535123e+00
1.73499596e+00
1.38266587e+00
1.74612260e+00
1.47983313e+00
1.47840989e+00
1.89447641e+00
5.51188767e-01
7.12543547e-01
1.45156264e+00
9.34751511e-01
7.65628874e-01
2.16302872e+00
2.27685261e+00
5.46839476e-01
4.50069755e-01
6.98145509e-01
4.93421257e-01
4.64076579e-01
8.94834876e-01
1.32627904e+00
1.22692406e+00
9.74799454e-01
5.23848116e-01
6.23817205e-01
4.20515269e-01
5.42171955e-01
1.70901334e+00
2.27877855e+00
1.33988309e+00
5.06058514e-01
1.34409797e+00
1.12227023e+00
5.10336399e-01
4.32600588e-01
7.22719908e-01
8.46628010e-01
6.06596470e-01
3.97359282e-01
1.41176188e+00
5.55417776e-01
9.47537601e-01
6.38601661e-01
1.68934000e+00
1.58148193e+00
1.09172726e+00
1.45650852e+00
1.12956476e+00
3.29802215e-01
1.41269815e+00
1.04705608e+00
5.11560559e-01
1.45670748e+00
2.13202620e+00
1.47677147e+00
2.38275671e+00
1.12263680e+00
1.32098007e+00
1.54130733e+00
7.41731226e-01
4.28446382e-01
1.71782231e+00
8.74538422e-01
1.55930364e+00
1.43023992e+00
9.30170059e-01
1.32780421e+00
5.86407244e-01
6.52338743e-01
4.46451813e-01
9.11782801e-01
7.98907042e-01
7.44969904e-01
1.55296874e+00
6.67317927e-01
4.20708239e-01
9.63671386e-01
1.11956799e+00
1.83546305e+00
1.73538017e+00
5.85734189e-01
5.14911592e-01
1.56453514e+00
1.66415966e+00
1.33940530e+00
1.46375394e+00
4.53509539e-01
1.72921455e+00
1.84756923e+00
7.38688052e-01
7.53547251e-01
7.49507248e-01
9.09068108e-01
6.33188605e-01
1.42133880e+00
2.03112888e+00
8.57108891e-01
9.95423019e-01
2.41035223e+00
3.49280715e+00
2.34913254e+00
1.68543637e+00
2.81694770e+00
1.34103835e+00
8.83355081e-01
2.49230909e+00
2.08897376e+00
9.06948030e-01
1.38990784e+00
1.08691394e+00
7.09814191e-01
1.53887284e+00
2.05951166e+00
1.23378861e+00
7.06874073e-01
2.20474410e+00
1.41873562e+00
1.20288765e+00
1.42361951e+00
1.72139251e+00
2.02564144e+00
1.61066353e+00
9.85909939e-01
1.41417444e+00
1.79856443e+00
1.43983340e+00
9.10161793e-01
1.11615765e+00
2.44079852e+00
1.43680048e+00
1.19924521e+00
1.73223341e+00
1.29934967e+00
1.26387072e+00
1.72102737e+00
1.09361565e+00
9.85712290e-01
1.32304919e+00
1.17538536e+00
1.26376021e+00
2.19879866e+00
1.62354803e+00
1.37707269e+00
1.46595931e+00
1.07447422e+00
9.96340573e-01
1.64730287e+00
1.75942218e+00
1.16877484e+00
1.34507120e+00
2.13752270e+00
9.59109664e-01
1.28355670e+00
9.67452884e-01
1.19884348e+00
1.35087073e+00
1.10120714e+00
2.72640252e+00
1.58985460e+00
1.04175854e+00
1.38580203e+00
1.01190400e+00
5.41966677e-01
2.02030182e+00
2.67514539e+00
1.34589255e+00
9.20243919e-01
1.91852427e+00
2.26878762e+00
6.35932922e-01
1.35754943e+00
1.60697675e+00
2.10342431e+00
1.95533419e+00
1.08702338e+00
2.70797181e+00
2.53128219e+00
1.34836161e+00
7.83863902e-01
9.86176670e-01
1.42774451e+00
1.76039302e+00
2.46840858e+00
1.98658240e+00
5.57599902e-01
5.55548251e-01
2.13783073e+00
1.22426283e+00
9.90849733e-01
2.52657056e+00
2.23978567e+00
1.27614510e+00
2.17903185e+00
2.51405358e+00
1.68649244e+00
1.53371382e+00
2.14451933e+00
2.37574339e+00
2.06905556e+00
2.76212192e+00
2.37963486e+00
2.42027330e+00
2.21811986e+00
1.49234676e+00
1.09879661e+00
1.48951221e+00
4.83058661e-01
1.85912848e+00
1.96585345e+00
1.66371548e+00
3.27070308e+00
1.68095028e+00
1.67633021e+00
1.95389664e+00
1.62579954e+00
1.22592020e+00
1.63978422e+00
2.58911109e+00
1.73316205e+00
1.39185262e+00
1.38368928e+00
1.78467739e+00
2.24467111e+00
1.18149352e+00
1.18438292e+00
1.13762760e+00
1.50055647e+00
1.85227764e+00
1.75616288e+00
2.14404583e+00
1.35904479e+00
2.48395705e+00
1.50830305e+00
4.57678109e-01
1.30098581e+00
7.03373551e-01
8.59488368e-01
8.76313627e-01
1.21099114e+00
1.72545969e+00
1.56444538e+00
1.05753875e+00
2.39994669e+00
7.01799691e-01
1.09291792e+00
2.29876423e+00
1.11204767e+00
2.32013345e+00
1.72530973e+00
1.67334831e+00
1.51423347e+00
1.31880236e+00
1.81330132e+00
2.03121352e+00
1.48133671e+00
1.63964164e+00
1.77843618e+00
1.79184616e+00
2.09438634e+00
1.96200800e+00
1.05556619e+00
1.17581272e+00
2.15956688e+00
2.05990195e+00
1.00833368e+00
2.41884089e+00
2.20907021e+00
2.29430485e+00
2.25886059e+00
1.90233672e+00
1.79310501e+00
1.86857581e+00
1.35002720e+00
1.59540594e+00
1.63263047e+00
1.23520994e+00
1.29947925e+00
2.28733158e+00
2.64572096e+00
1.81201231e+00
1.47092378e+00
2.14353514e+00
2.21216035e+00
6.08572185e-01
2.13796782e+00
1.66118991e+00
1.42524064e+00
1.80428588e+00
1.28689885e+00
1.19575608e+00
1.17904866e+00
1.26599288e+00
1.87883890e+00
2.08910489e+00
1.42841458e+00
1.40570366e+00
1.94570327e+00
1.09375894e+00
1.39405608e+00
2.18435693e+00
1.69047892e+00
2.11515522e+00
2.48016810e+00
1.57497263e+00
1.64304662e+00
1.91357493e+00
1.22340393e+00
1.85965586e+00
1.20577705e+00
2.34095812e+00
2.39606786e+00
1.31723058e+00
1.11464429e+00
1.29285407e+00
2.69389176e+00
1.69888473e+00
1.76946592e+00
1.78716803e+00
4.47029233e-01
1.70623946e+00
1.24183905e+00
1.71434844e+00
1.63226795e+00
1.49993205e+00
2.09873295e+00
9.95824754e-01
1.61197686e+00
2.03724599e+00
1.33205390e+00
1.59248614e+00
3.18340349e+00
1.81662416e+00
2.02324629e+00
2.64796925e+00
1.93656540e+00
1.05262744e+00
1.20708656e+00
1.02198923e+00
2.41437244e+00
1.53149128e+00
1.79548061e+00
2.49620676e+00
1.53802884e+00
2.31092381e+00
1.39950418e+00
2.57247519e+00
2.58417821e+00
1.79189909e+00
2.17947292e+00
1.26093614e+00
1.97920382e+00
2.38635707e+00
1.67660606e+00
9.33315814e-01
1.45942175e+00
2.89280200e+00
2.43150926e+00
1.09876370e+00
1.34058356e+00
2.09737229e+00
1.62929022e+00
1.78032887e+00
1.46125627e+00
1.41216183e+00
1.51045287e+00
1.71451676e+00
1.74465597e+00
1.01232219e+00
1.55501246e+00
1.51989150e+00
2.20906210e+00
2.34281516e+00
1.39810681e+00
3.12666559e+00
1.58180046e+00
2.34138727e+00
3.22157311e+00
2.00844574e+00
7.39839494e-01
2.34879684e+00
2.00865459e+00
2.27826428e+00
1.70619118e+00
9.07236874e-01
1.29808319e+00
1.39618957e+00
1.50904703e+00
9.92500544e-01
8.33021820e-01
1.07757509e+00
1.07423973e+00
1.28239799e+00
1.10208523e+00
1.27262425e+00
1.45503879e+00
1.62179434e+00
1.51610780e+00
6.29834235e-01
1.40423405e+00
8.32194269e-01
1.30752707e+00
1.76934707e+00
5.60569286e-01
1.08767104e+00
8.40141952e-01
1.17384362e+00
1.97288561e+00
2.24624515e+00
1.75669658e+00
1.62828469e+00
1.77906430e+00
1.43787718e+00
1.45604146e+00
1.66032565e+00
1.47956765e+00
1.64748728e+00
1.77193189e+00
1.51730740e+00
1.43598402e+00
1.49967623e+00
1.44262195e+00
1.62194180e+00
1.87633681e+00
1.43990171e+00
6.97588503e-01
9.70543385e-01
1.94010270e+00
7.10094392e-01
1.67665303e+00
1.56328535e+00
1.33645940e+00
2.08284092e+00
2.66180038e+00
1.60889280e+00
2.13795137e+00
1.89994180e+00
1.61047161e+00
1.55368495e+00
1.46615005e+00
1.96320415e+00
1.91926312e+00
1.34497845e+00
7.66070187e-01
9.30005312e-01
1.96230114e+00
2.28684783e+00
2.04533839e+00
1.71903837e+00
1.45839500e+00
1.50379312e+00
1.47469890e+00
5.39150894e-01
1.75136805e+00
2.13530779e+00
1.46634829e+00
1.02547777e+00
1.41243935e+00
1.77144647e+00
6.26648188e-01
1.29092479e+00
1.32937670e+00
1.24190545e+00
2.46324420e+00
1.36060607e+00
1.76598847e+00
1.96422970e+00
1.63111603e+00
1.31966579e+00
1.07429624e+00
5.20953536e-01
1.08771074e+00
1.49264491e+00
1.49221122e+00
1.67790818e+00
2.22585130e+00
2.04102039e+00
8.10345769e-01
1.91452324e+00
1.98348165e+00
9.39499259e-01
1.53413022e+00
2.73563099e+00
1.59159100e+00
1.17505276e+00
1.79149795e+00
2.26011658e+00
1.88968682e+00
1.46905172e+00
1.59152484e+00
2.73621798e+00
1.71078193e+00
8.43628287e-01
2.66049194e+00
1.93691576e+00
9.65993881e-01
7.02492058e-01
1.21876252e+00
1.86236143e+00
1.91627824e+00
1.89841735e+00
8.68720829e-01
1.45112419e+00
1.71543646e+00
1.49463296e+00
1.92682147e+00
1.72806942e+00
1.43933070e+00
9.35869157e-01
1.01847863e+00
1.53661931e+00
1.76063073e+00
1.79695678e+00
2.26447010e+00
2.50990462e+00
1.99655378e+00
1.10384905e+00
8.94179702e-01
2.02063799e+00
2.62194467e+00
2.41019797e+00
1.35695779e+00
1.08292854e+00
2.14482093e+00
1.54455721e+00
6.08195066e-01
5.81742644e-01
1.89379871e+00
2.29447079e+00
7.05352247e-01
1.30137050e+00
2.04172540e+00
8.32668066e-01
5.73232234e-01
1.51733100e+00
1.66938710e+00
1.03036797e+00
2.65051699e+00
1.87824893e+00
8.12390566e-01
6.67609036e-01
6.74966991e-01
1.36325026e+00
2.40972161e+00
2.13907623e+00
1.51278424e+00
1.63635683e+00
2.00153708e+00
1.08206213e+00
1.52039564e+00
2.33606672e+00
2.30499005e+00
1.53982937e+00
9.99046862e-01
1.09154427e+00
1.39487076e+00
3.00542235e+00
2.65398216e+00
7.49012113e-01
4.11091805e-01
1.00832629e+00
2.04969835e+00
1.73137009e+00
1.00663960e+00
1.09288907e+00
1.79403758e+00
1.76916611e+00
2.01751971e+00
3.93736303e-01
8.27881277e-01
2.61540341e+00
1.87161350e+00
1.67365897e+00
5.96494794e-01
1.03334975e+00
2.25909615e+00
2.33083034e+00
1.12716031e+00
1.03703594e+00
6.64475083e-01
1.68061781e+00
1.51066244e+00
1.05587268e+00
2.04683900e+00
9.54896092e-01
8.47297847e-01
1.84843361e+00
1.90884101e+00
1.44792771e+00
1.94128656e+00
2.10094237e+00
2.27842045e+00
1.80833507e+00
1.08881891e+00
1.15477479e+00
1.98363650e+00
1.78763795e+00
1.37641966e+00
1.67786598e+00
1.80565727e+00
1.13980889e+00
4.88068879e-01
9.49830472e-01
6.60678923e-01
5.57398379e-01
1.21661735e+00
1.29741359e+00
5.89558244e-01
2.76823163e+00
1.71285594e+00
1.48367834e+00
1.39230990e+00
9.73066032e-01
1.30773175e+00
2.25106049e+00
1.91504455e+00
1.98829532e+00
1.75795078e+00
1.12495160e+00
1.12543547e+00
1.85950971e+00
1.05530810e+00
2.14178157e+00
1.49648058e+00
3.97262514e-01
1.48690104e+00
1.19888961e+00
2.50718737e+00
1.57472932e+00
1.55794537e+00
1.64538121e+00
4.77193922e-01
8.74804914e-01
1.63878143e+00
8.60993087e-01
8.16026390e-01
1.43845916e+00
1.42369866e+00
1.96336472e+00
2.09476161e+00
2.18142867e+00
1.86898780e+00
2.87488532e+00
2.48241282e+00
1.51291466e+00
1.06115878e+00
1.34299028e+00
1.96228313e+00
1.60161042e+00
1.58273792e+00
1.09610689e+00
1.61389744e+00
1.34915912e+00
1.08926713e+00
1.50503814e+00
2.03173804e+00
1.71895885e+00
1.36880791e+00
1.32584715e+00
1.15678513e+00
9.71273005e-01
1.21127510e+00
1.55285609e+00
9.68420029e-01
1.30568469e+00
1.71572256e+00
1.98506689e+00
2.21780419e+00
1.18030047e+00
1.27522171e+00
1.52623200e+00
1.26643097e+00
1.08830786e+00
1.26577926e+00
7.20174670e-01
1.65985262e+00
1.99251819e+00
1.90395617e+00
1.89343119e+00
1.50197816e+00
6.71333253e-01
2.70185328e+00
1.62749553e+00
1.04865813e+00
2.16705823e+00
2.21252537e+00
1.35363567e+00
1.47506011e+00
1.23482275e+00
1.98230577e+00
2.31118178e+00
9.37950671e-01
2.04793239e+00
1.91270065e+00
1.60466266e+00
1.83835077e+00
1.66777825e+00
1.08707023e+00
2.29237914e+00
1.74361444e+00
1.97127783e+00
1.52080834e+00
6.80634677e-01
9.11350727e-01
1.11324918e+00
2.52845407e+00
1.93435001e+00
1.10141718e+00
1.00912154e+00
1.05228674e+00
1.76063275e+00
1.85764885e+00
2.50057054e+00
1.96393168e+00
1.24225140e+00
1.98394394e+00
1.50090885e+00
8.66845846e-01
1.82189798e+00
1.47018993e+00
4.17664707e-01
8.22462916e-01
1.08947730e+00
1.16684902e+00
1.74877632e+00
1.93995285e+00
1.48331451e+00
1.23059237e+00
1.60549152e+00
1.20822132e+00
1.79515076e+00
1.81071079e+00
1.55887961e+00
1.87129414e+00
5.36597967e-01
1.00169969e+00
1.38048279e+00
1.73616171e+00
1.98192883e+00
1.63066387e+00
1.39671075e+00
1.71552539e+00
3.22171420e-01
6.22016490e-01
2.66839218e+00
2.09463406e+00
1.33245456e+00
1.21245492e+00
9.18197811e-01
1.19637406e+00
1.59885919e+00
1.46719420e+00
2.49048471e+00
1.31279790e+00
5.34425318e-01
1.60504651e+00
2.03323340e+00
3.59371156e-01
1.44738317e+00
1.17689514e+00
9.88500834e-01
1.22772610e+00
1.29485929e+00
1.22988474e+00
1.93837237e+00
1.65525746e+00
8.77348959e-01
6.80210292e-01
8.56230676e-01
7.45544255e-01
9.87672985e-01
1.68289399e+00
1.12606430e+00
4.92537558e-01
4.28755671e-01
8.67555380e-01
2.13647938e+00
1.46184039e+00
1.41878986e+00
2.05481100e+00
2.07349348e+00
1.50449204e+00
2.42478633e+00
1.80063868e+00
1.75772965e+00
1.24806488e+00
1.11812592e+00
2.20272160e+00
1.11037028e+00
1.97130466e+00
1.83219624e+00
1.03424919e+00
7.79691517e-01
1.27092767e+00
1.80533743e+00
1.86773932e+00
1.58456266e+00
1.25875890e+00
1.36135507e+00
1.64524436e+00
9.93053675e-01
1.12008381e+00
4.75273669e-01
9.77977455e-01
2.39242244e+00
1.58574128e+00
7.26607263e-01
8.58696103e-01
5.42158902e-01
6.41387224e-01
1.36960936e+00
8.24187100e-01
1.25031281e+00
3.81544471e-01
1.01241684e+00
1.70449960e+00
1.41637170e+00
1.24790215e+00
1.54041743e+00
1.48279321e+00
1.95425630e+00
1.67778230e+00
1.15265560e+00
1.51706970e+00
1.24310541e+00
2.00596189e+00
3.87356520e-01
4.22095209e-01
1.35973740e+00
1.64354181e+00
4.25729513e-01
1.44189787e+00
4.02170867e-01
6.94690049e-01
1.68934286e+00
2.80459523e-01
1.61718392e+00
6.77902281e-01
1.04787481e+00
1.32376635e+00
1.09933770e+00
1.22341418e+00
3.09167415e-01
2.26148295e+00
1.80593491e+00
3.90310496e-01
5.28302193e-01
1.27954531e+00
7.06004500e-01
9.34401393e-01
1.16215551e+00
1.54594851e+00
1.71829033e+00
5.03895581e-01
1.56449151e+00
5.75965762e-01
4.62385356e-01
7.80764282e-01
8.40331197e-01
9.51822042e-01
1.34154618e+00
1.58581078e+00
1.76776636e+00
1.88995290e+00
1.78527200e+00
1.71746576e+00
2.53202748e+00
2.14902139e+00
1.40773869e+00
1.10105157e+00
1.39839566e+00
1.82937288e+00
1.33562446e+00
4.57891703e-01
9.12781417e-01
1.09314120e+00
9.33546662e-01
1.34088016e+00
5.51779032e-01
1.41253567e+00
4.68529701e-01
1.60842109e+00
1.49896646e+00
1.28700638e+00
1.03463447e+00
1.23048294e+00
4.84705985e-01
1.75321412e+00
3.32893467e+00
1.71048784e+00
2.21315050e+00
1.05155110e+00
1.67373323e+00
1.37030697e+00
7.22806036e-01
2.16413426e+00
1.76778257e+00
1.36459470e+00
1.49194348e+00
1.58033454e+00
1.81852973e+00
1.87376356e+00
3.51978779e-01
8.69532168e-01
1.64520395e+00
1.68388462e+00
2.03392529e+00
2.49221182e+00
8.48608911e-01
3.75050128e-01
9.11299944e-01
1.09646714e+00
1.42048120e+00
2.68139791e+00
1.48116946e+00
1.28844535e+00
1.18181884e+00
1.09182477e+00
1.05439520e+00
1.09008098e+00
1.71247733e+00
1.11352777e+00
1.97608840e+00
1.68504739e+00
6.57847404e-01
1.87519968e+00
3.26744342e+00
1.04602540e+00
4.38113213e-01
1.02651131e+00
1.44838047e+00
1.52372634e+00
1.67283332e+00
1.13945186e+00
2.16216660e+00
2.40803814e+00
1.23962176e+00
5.62510788e-01
5.76746941e-01
1.09862554e+00
1.97348940e+00
1.41306436e+00
4.32105184e-01
9.43879187e-01
1.54268622e+00
1.77783728e+00
2.13020802e+00
1.77778697e+00
8.82066011e-01
8.12375546e-01
1.73937297e+00
5.34036100e-01
1.39879727e+00
1.12992609e+00
5.32813191e-01
2.54643631e+00
2.16795039e+00
1.36618114e+00
1.88520312e+00
1.10633349e+00
4.19668704e-01
1.75634193e+00
3.12854975e-01
2.77976489e+00
1.36799061e+00
5.97995341e-01
1.92246306e+00
1.64831924e+00
1.49149239e+00
6.53289258e-01
7.67841697e-01
5.70813537e-01
4.33279485e-01
1.44742382e+00
1.09924150e+00
9.80832875e-01
2.23264074e+00
1.71525908e+00
4.62851077e-01
1.11923778e+00
6.53639078e-01
1.57195330e+00
1.67423022e+00
9.80582654e-01
5.24233460e-01
8.95044625e-01
1.85309923e+00
4.01902378e-01
5.46509206e-01
1.30960965e+00
1.51209283e+00
1.16439605e+00
6.70278788e-01
1.98620415e+00
6.89827144e-01
4.97599661e-01
1.02870953e+00
1.60208964e+00
1.43114579e+00
6.37695909e-01
1.42883122e+00
1.09077585e+00
3.43646139e-01
1.07662368e+00
3.80033731e-01
2.21385956e+00
1.09218752e+00
6.51943803e-01
1.57661772e+00
5.57895243e-01
5.41561425e-01
1.72533894e+00
2.34230971e+00
1.84600925e+00
7.00463653e-01
3.23690742e-01
1.74329686e+00
6.42926574e-01
1.63070834e+00
2.79732466e+00
2.02344298e+00
7.51176119e-01
9.49214756e-01
5.39047837e-01
9.63255763e-01
2.05033898e+00
1.80821216e+00
4.14700449e-01
2.08020473e+00
1.91755605e+00
1.60782135e+00
5.61339498e-01
4.50064451e-01
2.63080978e+00
1.86433232e+00
1.13049591e+00
4.98219073e-01
4.92613643e-01
1.56499839e+00
2.46950817e+00
7.77659655e-01
1.06601441e+00
7.84066796e-01
1.46435690e+00
2.01633596e+00
3.08682561e-01
7.70736575e-01
1.49154711e+00
1.51429200e+00
1.36892843e+00
1.67709088e+00
2.18683004e+00
1.66677392e+00
7.86476731e-01
1.78737640e+00
2.12410522e+00
1.00629723e+00
5.73738575e-01
1.19459832e+00
2.01881719e+00
1.74901378e+00
9.25050497e-01
7.78886259e-01
1.55581999e+00
1.47485566e+00
1.19789004e+00
7.01712072e-01
9.39127564e-01
1.27990079e+00
9.13398683e-01
2.15762520e+00
1.95929563e+00
3.17777872e-01
0.00000000e+00
5.81569910e-01
3.62652302e-01
9.41323936e-01
6.56652510e-01
1.26232243e+00
1.70745420e+00
1.30825925e+00
8.40389252e-01
2.82435149e-01
4.01292384e-01
6.94836199e-01
6.51050508e-01
8.68920863e-01
1.34742975e+00
2.61576951e-01
5.82897544e-01
1.36159194e+00
1.06153762e+00
3.03675264e-01
4.21830356e-01
1.57046163e+00
1.20360744e+00
5.15980422e-01
1.13827527e+00
1.84224164e+00
7.81402946e-01
9.17011201e-01
1.72745252e+00
1.43690276e+00
5.73780239e-01
1.17626393e+00
2.65386581e+00
6.17084503e-01
8.81053209e-01
8.58281136e-01
4.15908784e-01
6.95374012e-01
8.27146113e-01
1.79466188e+00
2.16411066e+00
1.67272782e+00
6.13561928e-01
3.71687174e-01
5.10742188e-01
2.23078656e+00
5.02848685e-01
2.79307455e-01
1.06576312e+00
1.32508802e+00
8.64071429e-01
9.77251649e-01
6.53137207e-01
4.00475681e-01
9.25684929e-01
1.75948608e+00
1.77066028e+00
1.91390800e+00
9.63716507e-01
6.52904034e-01
2.98818350e-01
4.88714218e-01
1.15382850e+00
1.34122276e+00
2.90284246e-01
3.84042889e-01
1.27420878e+00
1.31861627e+00
1.25896394e+00
2.06860852e+00
2.68519223e-01
5.75053096e-01
1.53377533e+00
1.07779920e+00
5.45131445e-01
3.40912551e-01
9.67419147e-01
9.68141198e-01
4.81848300e-01
4.98152554e-01
9.43472266e-01
3.86440277e-01
1.88066483e+00
1.83892095e+00
1.06267703e+00
1.23620582e+00
1.71531045e+00
9.05302882e-01
2.08707237e+00
9.99809384e-01
5.86147666e-01
3.16498399e-01
1.57467961e+00
3.46059889e-01
1.01577663e+00
1.79267502e+00
5.84809244e-01
8.06062281e-01
1.43355107e+00
1.14864683e+00
8.01754177e-01
7.93012619e-01
3.11527371e-01
1.45874929e+00
1.36715424e+00
2.08195305e+00
2.71840572e-01
4.34827298e-01
9.58607614e-01
9.65677738e-01
1.79844713e+00
1.26998901e+00
1.21472836e+00
1.34242880e+00
1.21094084e+00
8.31432700e-01
7.76071489e-01
1.49433637e+00
3.58628422e-01
1.14318419e+00
1.17142034e+00
3.87328535e-01
1.37581980e+00
1.03276730e+00
1.77682090e+00
1.23871732e+00
7.49225259e-01
9.51012254e-01
8.18694293e-01
8.37844729e-01
1.12033165e+00
3.21576118e-01
2.76974916e-01
6.92486823e-01
1.30235422e+00
2.09593654e+00
6.19111657e-01
6.82371914e-01
8.51191401e-01
5.95796347e-01
1.07671833e+00
5.18326879e-01
3.48983824e-01
8.74299526e-01
5.96964180e-01
5.76061189e-01
2.46848559e+00
6.28840029e-01
1.15728438e+00
6.83656394e-01
7.88398564e-01
1.05297184e+00
3.60292345e-01
1.49079406e+00
7.83548951e-01
1.07290995e+00
1.24294472e+00
7.93116152e-01
1.08016551e+00
9.14593875e-01
5.64565361e-01
7.30865836e-01
1.12202752e+00
6.47642791e-01
5.24416029e-01
1.14862132e+00
8.45796585e-01
7.51960516e-01
6.54421151e-01
6.57861292e-01
1.26231074e+00
5.70363462e-01
1.00684953e+00
1.60581172e+00
1.66083586e+00
1.36051869e+00
1.20013416e+00
1.21551299e+00
8.21287274e-01
5.69755137e-01
3.67975742e-01
7.32746303e-01
1.76139450e+00
1.02396607e+00
1.10629070e+00
4.59188879e-01
7.48584032e-01
1.29013717e+00
3.93406421e-01
1.90006399e+00
6.74777865e-01
3.27799588e-01
7.85671175e-01
1.30281329e+00
1.62063956e+00
1.44888139e+00
1.20131063e+00
1.91940749e+00
2.01184416e+00
1.13595414e+00
7.40816951e-01
8.06194663e-01
6.22078657e-01
1.29188502e+00
1.36730182e+00
5.28800905e-01
3.80202651e-01
1.07796443e+00
6.74297452e-01
4.35452700e-01
8.41727495e-01
8.42471063e-01
3.37896436e-01
2.50216198e+00
1.21469581e+00
6.40371025e-01
8.30703080e-01
9.33242381e-01
1.25187290e+00
1.11773658e+00
1.06019795e+00
3.12166423e-01
2.23515064e-01
4.04233515e-01
2.50770509e-01
1.23577452e+00
4.99446094e-01
2.47106075e-01
2.92594671e-01
4.75809962e-01
1.06396222e+00
1.07408428e+00
3.60829741e-01
1.25582647e+00
4.64716852e-01
1.19302177e+00
2.62510985e-01
5.06103992e-01
2.26334858e+00
1.67508876e+00
8.03828657e-01
1.08998060e+00
1.00098896e+00
2.33355150e-01
6.71115696e-01
9.45881546e-01
2.51059115e-01
3.60485494e-01
3.85623991e-01
2.24465787e-01
1.06976593e+00
1.20540643e+00
4.16595876e-01
2.49569789e-01
1.21027303e+00
1.09239054e+00
2.22121382e+00
1.35886931e+00
7.50679016e-01
1.07204342e+00
4.77534801e-01
6.21281624e-01
2.61952221e-01
8.23753059e-01
1.25003731e+00
9.72007930e-01
1.27311099e+00
1.30870807e+00
9.89275992e-01
2.31437877e-01
6.43644750e-01
1.89938039e-01
1.14466739e+00
1.27782059e+00
7.11835086e-01
6.91953540e-01
1.90887356e+00
1.44139588e+00
9.49886799e-01
1.34398007e+00
4.02762294e-01
9.17390525e-01
9.26729023e-01
2.67810643e-01
6.97242856e-01
3.80856484e-01
9.58935082e-01
1.09900725e+00
7.55164981e-01
9.39615667e-01
1.06886554e+00
1.18168986e+00
4.60842192e-01
1.21157467e+00
1.39598918e+00
2.58296818e-01
2.41807476e-01
1.04141653e+00
2.69553214e-01
4.86837804e-01
2.06963435e-01
9.42741811e-01
7.22291291e-01
7.70870566e-01
6.69079602e-01
1.31583726e+00
1.08229887e+00
1.00234795e+00
1.25321472e+00
1.66489875e+00
5.32676935e-01
2.95548946e-01
6.64419532e-01
7.86592960e-01
5.47183573e-01
4.69537020e-01
2.69820929e-01
1.27618694e+00
1.56469166e+00
6.76095247e-01
1.65728080e+00
1.03744686e+00
7.59322047e-01
8.55092764e-01
1.45539033e+00
1.52078938e+00
3.55398834e-01
6.85050011e-01
4.26874220e-01
6.72990143e-01
1.76604891e+00
2.26996183e+00
1.19404638e+00
1.06565344e+00
5.48998415e-01
1.00199497e+00
8.69071901e-01
3.20435047e-01
1.09367895e+00
1.26009059e+00
4.71346289e-01
7.34942019e-01
9.31564808e-01
5.36151230e-01
8.25710714e-01
1.63042295e+00
1.19431722e+00
9.87491310e-01
1.23248625e+00
1.20407784e+00
5.29609799e-01
1.98214784e-01
5.66058040e-01
1.24220598e+00
1.29120135e+00
1.07206523e+00
1.23494589e+00
6.85405612e-01
7.65787482e-01
8.82063210e-01
1.32287967e+00
1.30232573e+00
4.66424376e-01
2.18154740e+00
9.57162142e-01
1.48562217e+00
1.17581117e+00
2.29553163e-01
1.60560369e+00
6.55210733e-01
9.98374224e-01
1.10548496e+00
6.68944180e-01
1.97010279e-01
3.42166007e-01
5.55772662e-01
9.28757131e-01
1.01440871e+00
1.02099407e+00
9.95704949e-01
7.63853073e-01
2.44045988e-01
3.49695086e-01
1.11253881e+00
7.05397248e-01
2.50989437e-01
9.77944553e-01
8.57368648e-01
1.23629630e+00
3.55673134e-01
2.27146626e-01
9.22834158e-01
5.44561863e-01
6.87235475e-01
7.63932943e-01
8.16214681e-01
7.63629258e-01
5.99493384e-01
7.54347622e-01
1.72333097e+00
9.17366207e-01
1.02190185e+00
9.36121762e-01
3.14622492e-01
7.01053977e-01
1.31567538e+00
2.04937860e-01
2.34299958e-01
9.27358210e-01
1.62135673e+00
9.69886899e-01
4.25088733e-01
1.00286937e+00
1.02002001e+00
1.02906013e+00
1.27310467e+00
1.25049818e+00
2.00909829e+00
4.11487877e-01
2.33026549e-01
4.71558273e-01
9.02145922e-01
9.72632766e-01
5.61873138e-01
4.45769101e-01
8.97666454e-01
5.87989390e-01
3.15781802e-01
1.49727035e+00
4.61984247e-01
1.97639734e-01
8.36744428e-01
1.16849387e+00
5.99206388e-01
5.89747369e-01
1.04100943e+00
9.78902519e-01
1.01376212e+00
9.77625608e-01
1.00553811e+00
1.15037787e+00
2.38066047e-01
2.35568121e-01
1.03178895e+00
1.86063075e+00
1.31219864e+00
5.37140548e-01
5.27239025e-01
6.19141102e-01
2.68642873e-01
7.64332294e-01
9.39503610e-01
1.51386666e+00
1.30750048e+00
2.67653823e-01
5.78990698e-01
1.58816862e+00
1.00355589e+00
9.53597307e-01
9.10910189e-01
1.02741969e+00
5.61816514e-01
4.90505457e-01
8.08619082e-01
5.67219615e-01
9.69162881e-01
1.32853103e+00
6.35138750e-01
7.57941127e-01
1.23377132e+00
2.79207736e-01
9.02497530e-01
9.88627434e-01
4.90519494e-01
9.29039240e-01
1.35311151e+00
2.20063493e-01
5.58461189e-01
1.64876914e+00
4.83838141e-01
3.97662789e-01
1.31780314e+00
4.78579730e-01
1.48721015e+00
1.58751714e+00
9.56008017e-01
5.30195594e-01
7.20751941e-01
1.19749057e+00
9.04836595e-01
2.95022517e-01
1.22164440e+00
1.37755275e+00
3.23554993e-01
4.13236618e-01
3.64783734e-01
6.65160418e-01
1.52768421e+00
1.30479062e+00
5.41084886e-01
1.25216258e+00
1.39855492e+00
6.61959410e-01
7.05974340e-01
6.75320506e-01
8.22930455e-01
1.82284951e+00
2.29043812e-01
6.16981804e-01
2.64600962e-01
1.97435558e-01
1.04277682e+00
1.15668476e+00
4.92338002e-01
1.07180202e+00
1.43052268e+00
4.83523577e-01
1.97557509e-01
1.49786460e+00
1.06914186e+00
5.74693561e-01
3.33061069e-01
8.42577159e-01
9.98987556e-01
3.35908979e-01
1.18255699e+00
9.46716011e-01
7.35970318e-01
8.81327212e-01
6.86491013e-01
2.07562208e-01
3.29768002e-01
4.00779575e-01
7.89361596e-01
6.09441400e-01
4.54221785e-01
1.39128768e+00
3.05547476e-01
3.32534224e-01
6.75304174e-01
3.62567484e-01
4.49882001e-01
1.33781004e+00
5.54083288e-01
2.10168675e-01
1.04656374e+00
1.00157738e+00
2.18607843e-01
7.35932171e-01
7.08330691e-01
9.37194228e-01
8.15170527e-01
8.53593469e-01
9.32561815e-01
3.01482409e-01
2.22689882e-01
7.60210097e-01
8.43069136e-01
5.38653672e-01
7.06015468e-01
1.25909841e+00
3.03942472e-01
7.01726317e-01
3.29590827e-01
1.82106689e-01
4.58422482e-01
6.15889609e-01
2.31789842e-01
6.12404525e-01
4.04205084e-01
4.55323100e-01
1.01196003e+00
6.79844916e-01
2.34639063e-01
9.97084796e-01
1.61169088e+00
1.22693300e+00
7.12633014e-01
6.45978987e-01
7.31389046e-01
8.49331498e-01
1.09397542e+00
8.54849696e-01
5.57734251e-01
1.07983649e+00
8.69764268e-01
6.33696377e-01
4.21375006e-01
2.73711562e-01
3.93527418e-01
6.19236767e-01
2.84197927e-01
1.75712794e-01
5.87782443e-01
7.48325169e-01
5.08223116e-01
3.97748828e-01
4.00559545e-01
2.03348354e-01
3.52084458e-01
6.82602286e-01
5.43344736e-01
2.51206100e-01
1.89985439e-01
3.65020245e-01
9.43986356e-01
1.13659787e+00
7.03055859e-01
4.26576942e-01
7.29338646e-01
1.15272510e+00
1.01407242e+00
1.01237237e+00
1.24779546e+00
8.20246339e-01
2.25868762e-01
6.19250715e-01
5.39470136e-01
1.99237660e-01
2.28242651e-01
7.60253012e-01
1.08384717e+00
1.09922850e+00
5.16900420e-01
5.81952572e-01
1.34847450e+00
1.28270078e+00
8.80418479e-01
7.77661324e-01
9.67680812e-01
9.47753012e-01
6.08706713e-01
5.27616382e-01
1.07743847e+00
4.67929423e-01
7.47571468e-01
8.93365383e-01
4.20777142e-01
4.66815978e-01
2.76051223e-01
6.88936293e-01
1.00718558e+00
7.83285737e-01
8.58361721e-01
1.09184432e+00
6.24374449e-01
7.81880975e-01
4.95299876e-01
3.14729929e-01
5.05969405e-01
4.77255732e-01
6.50809526e-01
7.92197764e-01
2.96998501e-01
3.40711802e-01
1.69889823e-01
8.42207253e-01
3.89444947e-01
3.48994642e-01
2.17814192e-01
3.52557093e-01
7.36965477e-01
5.56830347e-01
4.42929089e-01
1.25235724e+00
1.02683461e+00
1.00326872e+00
1.27062857e+00
5.54171622e-01
1.71060908e+00
5.31562030e-01
1.71085179e-01
9.00082827e-01
1.19174540e+00
1.71646312e-01
4.37892973e-01
6.00402296e-01
3.57578635e-01
3.83752584e-01
6.75285935e-01
6.94045246e-01
9.73452628e-01
8.08222950e-01
1.93821862e-01
2.96878099e-01
3.40994149e-01
1.20460033e+00
1.58993840e+00
4.50666934e-01
4.37552989e-01
9.51493502e-01
8.01670551e-01
7.13440061e-01
1.82935584e+00
2.39280015e-01
2.12028682e-01
5.12394011e-01
3.70427668e-01
1.04204392e+00
3.87686491e-01
2.19552845e-01
4.31532294e-01
8.43129754e-01
6.79334879e-01
3.82446229e-01
2.75017887e-01
3.12995434e-01
9.93798733e-01
9.42314565e-01
1.93827704e-01
6.27073824e-01
5.46411097e-01
7.56122172e-01
1.02163124e+00
6.30640984e-01
3.43683422e-01
1.13549542e+00
5.63500464e-01
4.43152547e-01
2.77958483e-01
4.04627681e-01
1.04518819e+00
1.27223754e+00
4.45413381e-01
1.09643221e+00
9.81554449e-01
3.05016577e-01
3.39996338e-01
9.84325409e-01
2.48932824e-01
6.65678144e-01
1.11502588e+00
9.46637034e-01
5.35299242e-01
1.79791570e-01
4.51182544e-01
9.84448969e-01
1.47364426e+00
8.87869895e-01
4.70994979e-01
5.70781767e-01
2.92501360e-01
5.02543271e-01
6.03126526e-01
8.81009936e-01
1.31088579e+00
7.34227061e-01
1.37944245e+00
4.50400829e-01
9.24166322e-01
5.85453570e-01
3.72414410e-01
1.75026536e+00
5.71708500e-01
4.10376340e-01
7.60949552e-01
6.09517753e-01
4.28001940e-01
9.82205629e-01
4.16262686e-01
1.49498892e+00
1.18126619e+00
3.40351969e-01
4.52988714e-01
8.74574244e-01
5.50896466e-01
9.96902645e-01
1.00258183e+00
7.16082811e-01
7.04656184e-01
8.69225085e-01
1.01587903e+00
7.09746718e-01
1.07591546e+00
6.23502672e-01
1.77169666e-01
1.24657118e+00
2.24858835e-01
3.06235015e-01
4.58293617e-01
3.81301343e-01
2.58617371e-01
6.96829677e-01
4.86879200e-01
2.10638702e-01
5.58728635e-01
8.19697380e-01
8.10526788e-01
1.11795127e+00
2.45620653e-01
5.73740959e-01
8.75965714e-01
8.06318820e-01
8.42737913e-01
9.48687315e-01
4.98729408e-01
1.31914425e+00
6.73128009e-01
3.52251589e-01
9.16113138e-01
4.37512279e-01
8.21969867e-01
8.62389207e-01
1.97284937e-01
3.86715949e-01
1.27774942e+00
7.09550917e-01
7.55598605e-01
6.06279850e-01
9.50037122e-01
9.10861433e-01
4.00819957e-01
7.40626097e-01
1.26120520e+00
3.18036705e-01
5.74790001e-01
7.66466022e-01
2.28262857e-01
5.15015662e-01
2.43411765e-01
7.89184451e-01
2.25928545e-01
2.81866372e-01
1.28459120e+00
3.47606361e-01
2.54090726e-01
1.22173393e+00
1.36417019e+00
9.30439413e-01
8.20805192e-01
9.85986054e-01
9.75813568e-01
5.19387126e-01
4.64336783e-01
5.73519528e-01
4.70991641e-01
5.28170884e-01
1.24341440e+00
5.67528188e-01
4.67428356e-01
9.47548747e-01
1.35763812e+00
1.41161442e+00
1.66159227e-01
3.76935512e-01
1.86707556e-01
7.11719394e-01
1.03001273e+00
3.52264911e-01
3.31716239e-01
5.88316977e-01
3.12386602e-01
5.46875656e-01
1.31680131e+00
9.80378211e-01
8.75825644e-01
8.29113722e-01
1.22409880e+00
8.65104795e-01
1.59421965e-01
6.85362160e-01
9.78236616e-01
2.13808179e-01
9.37558413e-01
1.26296341e+00
2.25300118e-01
2.39833206e-01
3.60361785e-01
6.26026630e-01
6.90516591e-01
1.04299426e+00
1.21993673e+00
2.71562576e-01
5.17458200e-01
5.47529817e-01
9.12189960e-01
8.74548435e-01
6.33979738e-01
1.37534273e+00
1.02540004e+00
8.23289990e-01
1.19381058e+00
9.98876393e-01
3.43919426e-01
5.61713398e-01
4.04385388e-01
8.27945948e-01
7.80732036e-01
5.95557868e-01
6.94399953e-01
5.39123654e-01
2.83583045e-01
3.51206332e-01
4.77422029e-01
7.93228269e-01
1.15165865e+00
2.49785215e-01
6.31921351e-01
5.31086743e-01
5.19448280e-01
1.67325675e-01
1.11792624e+00
1.64838061e-01
6.34559035e-01
2.01808900e-01
2.71858275e-01
5.84484816e-01
5.12915492e-01
5.78813434e-01
2.41206616e-01
1.77488878e-01
5.89860857e-01
8.97767961e-01
3.54077965e-01
8.18592250e-01
1.83065331e+00
6.00362897e-01
1.37084186e+00
2.01477456e+00
4.27951336e-01
2.89762795e-01
5.20305932e-01
1.52053893e+00
1.94722965e-01
7.03034401e-01
4.38389868e-01
1.87991929e+00
1.03806603e+00
7.41157472e-01
5.99617660e-01
3.42823684e-01
3.32340151e-01
3.44690382e-01
2.12834978e+00
2.14560971e-01
7.39551306e-01
1.74062967e-01
1.97284237e-01
2.53590941e-01
5.87370694e-01
5.60658455e-01
5.12695193e-01
3.01898807e-01
1.01340032e+00
1.28509212e+00
9.24746990e-01
6.90233886e-01
6.05016530e-01
6.16672456e-01
6.85235262e-01
7.27691889e-01
8.10399592e-01
5.18701077e-01
2.19148293e-01
2.97410101e-01
6.49368346e-01
5.94109952e-01
1.43999934e-01
2.61561334e-01
4.63305473e-01
7.71011710e-01
1.03429544e+00
6.83218002e-01
4.56692904e-01
3.27557802e-01
9.22229290e-01
1.04978693e+00
4.01431918e-01
3.07700723e-01
1.94858134e-01
5.17737389e-01
1.29519463e+00
7.63548434e-01
1.66467682e-01
1.42414236e+00
8.88788939e-01
2.50166416e-01
4.93678033e-01
8.92366827e-01
5.15778184e-01
3.29323560e-01
8.29330742e-01
3.13664168e-01
2.27088526e-01
6.48695827e-01
9.50393438e-01
9.27337229e-01
7.24573135e-01
7.73832738e-01
8.35640311e-01
1.14112663e+00
1.51187313e+00
1.14187133e+00
4.42400545e-01
8.75043750e-01
1.33335102e+00
7.68612087e-01
3.09937418e-01
7.60709465e-01
7.03921735e-01
8.25851262e-01
8.79962623e-01
8.64054203e-01
6.97989285e-01
3.59033346e-01
1.12381613e+00
6.95725977e-01
1.45494148e-01
5.00957847e-01
1.00262761e+00
3.56173277e-01
9.88969803e-01
6.19963646e-01
1.14117908e+00
1.20082271e+00
2.24809557e-01
2.16381401e-01
1.09462333e+00
3.51978779e-01
2.23938823e-01
4.01025772e-01
8.42875063e-01
2.08139992e+00
5.17754912e-01
6.84858739e-01
9.42852557e-01
1.03797114e+00
8.04778993e-01
5.39408684e-01
9.35702682e-01
4.44866478e-01
2.92871028e-01
5.09157181e-01
3.12924206e-01
2.42833599e-01
8.71480525e-01
2.42260396e-01
3.39259654e-01
6.98937356e-01
7.31459856e-01
6.92480326e-01
4.23688173e-01
7.33678520e-01
4.95530128e-01
4.29847807e-01
9.61015642e-01
9.82074678e-01
6.20767236e-01
4.68290478e-01
5.68509638e-01
2.79299498e-01
1.70656443e-01
1.07974136e+00
6.52348101e-01
4.69395220e-01
6.25940681e-01
8.42070758e-01
9.82151330e-01
8.91967475e-01
4.19198900e-01
4.63631809e-01
2.23735899e-01
5.89973330e-01
7.98789799e-01
1.22673333e+00
8.91496181e-01
6.01194620e-01
7.71016002e-01
8.75262976e-01
8.45655918e-01
1.10797882e+00
4.43835229e-01
1.28503585e+00
5.99166155e-01
2.86156356e-01
8.61728728e-01
4.32273984e-01
6.89497232e-01
4.56284195e-01
4.62372333e-01
5.89161038e-01
3.07015181e-01
2.01123461e-01
3.68017644e-01
3.80604088e-01
9.59457874e-01
1.23529184e+00
3.71169358e-01
6.17281973e-01
2.29086471e+00
1.52835679e+00
7.83713818e-01
2.93327481e-01
8.30853641e-01
1.27599251e+00
3.85427028e-01
1.54861659e-01
3.99508625e-01
6.86843336e-01
9.46676016e-01
1.33612657e+00
3.28075290e-01
4.28708196e-01
8.39254439e-01
8.28832924e-01
7.86046743e-01
1.04427052e+00
1.96993947e-01
8.68742287e-01
1.31532979e+00
7.70038664e-01
1.39506817e-01
2.36136049e-01
6.39291942e-01
3.06889087e-01
4.78450924e-01
8.57798219e-01
5.05388141e-01
1.34536588e+00
3.93627614e-01
7.75575221e-01
7.96149790e-01
5.80865502e-01
6.29606485e-01
3.16036940e-01
1.08622646e+00
1.38662779e+00
1.33562636e+00
7.53669620e-01
1.97397098e-01
4.64932710e-01
5.83319247e-01
7.08349347e-01
1.88103926e+00
1.85727930e+00
1.07066143e+00
8.62828493e-01
5.84305286e-01
5.48494399e-01
5.62387466e-01
4.46422994e-01
3.51961970e-01
5.76923370e-01
6.97417617e-01
3.67332578e-01
8.20663631e-01
9.37023878e-01
6.47635937e-01
4.70560908e-01
6.91448152e-01
8.84677649e-01
1.67838669e+00
1.17131412e+00
1.22163582e+00
2.83507133e+00
2.27995396e+00
6.19458377e-01
7.07352102e-01
2.76501089e-01
4.71247673e-01
8.36185157e-01
9.15568650e-01
5.20114720e-01
1.81819931e-01
4.87012863e-01
1.24662077e+00
4.14910793e-01
7.61225224e-01
8.04454386e-01
3.30370724e-01
2.98714280e-01
1.19332802e+00
9.71258521e-01
6.93034291e-01
8.87310326e-01
7.06622481e-01
2.82275081e-01
2.83320308e-01
1.08217835e+00
1.50021851e+00
5.95510662e-01
7.54083276e-01
1.23015618e+00
8.97104442e-01
7.22335279e-01
8.20762873e-01
2.24672958e-01
1.43495888e-01
6.99437320e-01
9.57212448e-01
1.90056503e-01
1.09401655e+00
1.57122552e+00
6.69543207e-01
2.55417049e-01
7.82077551e-01
7.32967973e-01
1.38412178e+00
1.02531171e+00
2.66723573e-01
7.72454441e-01
1.65988970e+00
2.98831552e-01
1.73567188e+00
9.14988101e-01
4.45224434e-01
9.73649621e-01
9.60953593e-01
1.78199917e-01
1.46145988e+00
3.57127428e-01
8.08607519e-01
1.37000990e+00
4.79668617e-01
7.17923045e-01
4.72288847e-01
1.25186837e+00
7.79123783e-01
6.75051987e-01
1.51722908e+00
6.74171746e-01
8.43722045e-01
7.82616973e-01
5.84366441e-01
6.22524679e-01
7.15411007e-01
2.60391623e-01
4.72092658e-01
9.40222085e-01
1.05095387e+00
6.49017513e-01
7.52081454e-01
1.41826734e-01
2.23980218e-01
6.05583549e-01
7.26188898e-01
6.69709682e-01
6.72979653e-01
6.59037650e-01
4.68338996e-01
3.98274660e-01
5.01473486e-01
4.26626474e-01
3.97478402e-01
9.12083387e-01
6.15798235e-01
5.07238984e-01
6.47924066e-01
5.05967796e-01
3.53495121e-01
9.56808209e-01
8.52623463e-01
2.90386558e-01
2.57202953e-01
4.40312564e-01
2.87221879e-01
1.79588392e-01
9.72239435e-01
7.61879981e-01
7.96944201e-01
8.77471387e-01
5.37026465e-01
4.34300274e-01
3.97505343e-01
3.58930498e-01
5.86924374e-01
7.54707992e-01
5.17550349e-01
3.51333737e-01
1.06422377e+00
8.00205827e-01
7.31838048e-01
6.25851095e-01
1.69251814e-01
3.03839654e-01
1.20966733e+00
9.33684587e-01
6.45210087e-01
3.21618199e-01
1.70177415e-01
1.26808733e-01
1.40673697e-01
5.26397109e-01
9.55012381e-01
1.49643838e+00
3.95346910e-01
7.44162023e-01
4.47459161e-01
3.83161694e-01
9.50508714e-01
4.57168281e-01
2.06700921e+00
5.48504710e-01
9.01006937e-01
5.76356351e-01
6.58387065e-01
1.17771697e+00
1.91306543e+00
5.57278574e-01
1.51730061e+00
2.39218101e-01
3.61103475e-01
9.22151089e-01
1.99590340e-01
1.60967648e-01
6.66305840e-01
6.49725854e-01
8.71537030e-01
5.05707622e-01
1.56591520e-01
1.10738468e+00
2.53879011e-01
1.85043678e-01
3.41833174e-01
5.40857434e-01
5.64198852e-01
1.68605715e-01
3.65196615e-01
4.24936056e+00
1.23962569e+00
3.22498536e+00
1.34704697e+00
5.66357791e-01
9.10783172e-01
1.24360645e+00
6.23686969e-01
1.79877207e-01
3.31229925e-01
1.14964044e+00
6.42668724e-01
3.69952679e-01
4.10405606e-01
7.06635237e-01
9.18943346e-01
7.21728921e-01
9.33373928e-01
1.10574818e+00
3.65207046e-01
2.57041156e-01
9.00729537e-01
1.28575253e+00
1.19307733e+00
1.07571149e+00
3.12969893e-01
4.46119815e-01
2.38235295e-01
1.55344927e+00
9.71902549e-01
6.64744794e-01
5.70636570e-01
6.80926740e-01
2.59385288e-01
1.24732888e+00
2.89682060e-01
8.81250501e-01
1.24011767e+00
1.01810789e+00
8.12921405e-01
4.45167840e-01
9.21395361e-01
2.61958808e-01
4.95192081e-01
1.35583091e+00
7.32468724e-01
2.24694514e+00
5.91412067e-01
9.15321589e-01
5.84419906e-01
4.28212672e-01
7.56051540e-01
1.22571242e+00
1.07680559e+00
6.43795907e-01
8.75189543e-01
6.56566560e-01
3.10846269e-01
1.39362824e+00
8.88541698e-01
9.01758194e-01
1.42402148e+00
9.80870545e-01
5.77698410e-01
5.35768449e-01
8.55096340e-01
6.67433918e-01
6.20046139e-01
6.67241752e-01
4.72503185e-01
3.70727509e-01
4.12056476e-01
5.96226692e-01
9.86045003e-01
7.36170888e-01
2.32502386e-01
8.98950219e-01
5.62995970e-01
1.09920120e+00
1.13434446e+00
5.46055436e-01
3.44977885e-01
5.66905022e-01
9.56540346e-01
7.74277806e-01
9.55868363e-01
3.87956738e-01
8.02448809e-01
8.19589198e-01
1.23751414e+00
9.76430535e-01
1.37110138e+00
1.22193670e+00
2.56177902e-01
7.56258667e-01
1.00808692e+00
5.59006810e-01
5.04152060e-01
5.54748952e-01
3.58086258e-01
4.76696283e-01
4.64623183e-01
6.19101167e-01
9.99279499e-01
6.41331851e-01
2.50777841e-01
1.10300839e+00
2.10181981e-01
3.02601337e-01
3.10628086e-01
5.44063985e-01
9.56548214e-01
2.21555203e-01
7.95511544e-01
7.45046496e-01
2.49531358e-01
4.69494969e-01
1.17078328e+00
8.96933854e-01
2.24489123e-01
1.30088031e-01
3.67918491e-01
4.61052567e-01
1.68161467e-01
4.42331553e-01
7.17939138e-01
6.06915891e-01
5.75798571e-01
1.01608407e+00
1.18036020e+00
1.56247675e-01
4.18661892e-01
8.08911860e-01
5.85874975e-01
4.71991003e-01
7.41681874e-01
6.51359618e-01
9.54492092e-01
6.85006440e-01
7.10598886e-01
8.61646116e-01
7.23691165e-01
6.65132821e-01
5.82103610e-01
1.05842352e+00
1.09848702e+00
1.03327978e+00
1.15300143e+00
7.69831836e-01
6.68707311e-01
5.16685188e-01
4.28683847e-01
7.46780992e-01
1.36731553e+00
1.59227681e+00
9.19761002e-01
2.16569901e-01
8.01331818e-01
1.36914897e+00
8.14212620e-01
6.66269004e-01
2.94260889e-01
1.07896519e+00
4.93641287e-01
2.83638060e-01
7.96795011e-01
9.80621815e-01
5.44348001e-01
1.13987100e+00
6.22343898e-01
4.31589544e-01
1.26249194e+00
3.97277653e-01
7.16426790e-01
9.16730464e-01
7.47039199e-01
8.49618971e-01
1.12078404e+00
6.46362722e-01
6.71375990e-01
8.46093833e-01
4.02917653e-01
5.35709739e-01
1.23839247e+00
3.68487239e-01
3.94333184e-01
7.63061404e-01
3.03923100e-01
2.61544734e-01
1.14249277e+00
9.65522230e-01
6.01985157e-01
8.65344942e-01
9.41851795e-01
8.39466751e-01
7.69518614e-01
5.42477965e-01
8.47779870e-01
3.09435308e-01
1.41773880e-01
3.96140665e-01
7.24692822e-01
8.49443555e-01
8.33341658e-01
8.62743318e-01
3.14964294e-01
1.30469278e-01
4.84972537e-01
5.02042592e-01
7.39115357e-01
3.41026694e-01
7.30552733e-01
8.25098038e-01
5.43014526e-01
4.35639799e-01
9.36782956e-01
1.39447355e+00
1.46546602e+00
3.65989327e-01
3.58318150e-01
1.00097096e+00
9.63064492e-01
1.28184080e+00
9.20758724e-01
1.90362319e-01
5.79115331e-01
3.78704995e-01
6.89409912e-01
3.83737326e-01
2.89817244e-01
9.42009687e-01
5.36356926e-01
9.72909093e-01
6.66170597e-01
7.43361413e-01
7.64837444e-01
5.08989573e-01
2.82105535e-01
3.57203215e-01
5.69813728e-01
9.31342483e-01
8.31257880e-01
2.12040976e-01
7.50205159e-01
1.81370640e+00
3.67747736e+00
1.05605292e+00
1.10382092e+00
4.39918250e-01
4.22039509e-01
7.16083169e-01
1.26502562e+00
7.97610700e-01
5.64627469e-01
8.14629138e-01
6.15421951e-01
2.91469097e-01
7.78678000e-01
5.79941332e-01
6.02097750e-01
6.52272284e-01
4.19252038e-01
9.06582534e-01
2.07393423e-01
2.49021724e-01
7.96151817e-01
1.37383449e+00
1.18687582e+00
6.38580620e-01
5.40390849e-01
3.97399783e-01
1.49949634e+00
4.89535779e-01
3.03543973e+00
1.63420749e+00
2.67245913e+00
2.17450213e+00
4.58650619e-01
3.11917812e-01
1.15377796e+00
8.48238528e-01
2.88224190e-01
5.15776932e-01
1.38352275e+00
1.60467839e+00
2.37938583e-01
8.00534248e-01
5.53601265e-01
1.24739039e+00
1.70410252e+00
3.63200641e+00
9.93988693e-01
2.21991777e+00
8.23296666e-01
6.92689717e-01
7.64042199e-01
2.46482447e-01
1.57759473e-01
5.19855857e-01
1.00455558e+00
2.00825080e-01
6.86448038e-01
4.91356909e-01
5.67649543e-01
8.54996622e-01
6.59081757e-01
1.02556753e+00
4.45158124e-01
1.26904631e+00
1.36514556e+00
1.82536340e+00
1.05264091e+00
1.04694450e+00
8.36712897e-01
4.56011534e-01
5.90445817e-01
4.18048352e-01
9.09036577e-01
1.29328653e-01
2.73458153e-01
3.77966821e-01
3.81586373e-01
1.69259131e-01
3.86440635e-01
7.11693108e-01
7.92252898e-01
4.77341294e-01
1.53474480e-01
2.69327223e-01
4.73856300e-01
5.24053991e-01
7.11049438e-01
