2.58299184e+00
2.51180124e+00
2.45661521e+00
2.30702257e+00
2.65497422e+00
2.36104751e+00
2.58671665e+00
2.74552751e+00
2.37413311e+00
2.90536284e+00
2.40486169e+00
2.59676790e+00
2.76496673e+00
2.62792230e+00
2.62203860e+00
2.49181104e+00
2.47575593e+00
2.55587792e+00
2.58007360e+00
2.60647488e+00
2.53973794e+00
2.43774390e+00
2.38123012e+00
2.50497174e+00
2.48804736e+00
2.65290713e+00
2.56803250e+00
2.58673882e+00
2.66130972e+00
2.52176762e+00
2.45413709e+00
2.52892184e+00
2.35358095e+00
2.59732652e+00
2.29972053e+00
2.37656713e+00
2.46396637e+00
2.40952802e+00
2.52019024e+00
2.49442720e+00
2.54571390e+00
2.38767147e+00
2.37977767e+00
2.38464737e+00
2.43514180e+00
2.32624483e+00
2.43795967e+00
2.44620538e+00
2.39782977e+00
2.47519565e+00
2.58912778e+00
2.31948900e+00
2.48594975e+00
2.57976007e+00
2.43947196e+00
2.59499002e+00
2.58593416e+00
2.74964118e+00
2.65658283e+00
2.38382292e+00
2.36244130e+00
2.42785263e+00
2.56764889e+00
2.40406704e+00
2.45172787e+00
2.65518022e+00
2.57642412e+00
2.27789402e+00
2.49893570e+00
2.49465227e+00
2.47803068e+00
2.57420921e+00
2.46259785e+00
2.42835450e+00
2.37246013e+00
2.29094648e+00
2.38471293e+00
2.49161458e+00
2.63108397e+00
2.55971622e+00
2.56033015e+00
2.54862666e+00
2.39070439e+00
2.42047739e+00
2.33018446e+00
2.41642761e+00
2.47237611e+00
2.27256393e+00
2.32046294e+00
2.39714456e+00
2.50618148e+00
2.35792136e+00
2.39192295e+00
2.22429037e+00
2.16785574e+00
2.36167550e+00
2.32896686e+00
2.27498913e+00
2.38067389e+00
2.29323721e+00
2.23897529e+00
2.17979240e+00
2.18537045e+00
2.03404331e+00
2.16516185e+00
2.13177133e+00
2.35918498e+00
2.28364348e+00
2.14923549e+00
2.11731005e+00
2.30353689e+00
2.48030233e+00
2.34798694e+00
2.45116544e+00
2.32450128e+00
2.16500282e+00
2.47754002e+00
2.42878556e+00
2.41433740e+00
2.41553545e+00
2.44294024e+00
2.23976636e+00
2.37016249e+00
2.40151596e+00
2.40792370e+00
2.54716563e+00
2.53337479e+00
2.48721766e+00
2.30633378e+00
2.52789640e+00
2.49971747e+00
2.53679681e+00
2.59244823e+00
2.46051788e+00
2.39291239e+00
2.46959305e+00
2.46309543e+00
2.52924275e+00
2.51557541e+00
2.56607795e+00
2.51258850e+00
2.34669757e+00
2.37139583e+00
2.46988535e+00
2.44964933e+00
2.52911139e+00
2.40692019e+00
2.40495014e+00
2.45062256e+00
2.50589013e+00
2.45140505e+00
2.37685800e+00
2.41207933e+00
2.27769232e+00
2.35476613e+00
2.45795703e+00
2.45690536e+00
2.44372654e+00
2.64242959e+00
2.58705449e+00
2.38097310e+00
2.31413770e+00
2.45447946e+00
2.35482097e+00
2.44735050e+00
2.24854636e+00
2.42020297e+00
2.43078256e+00
2.27396584e+00
2.42951608e+00
2.38830566e+00
2.25745273e+00
2.27402949e+00
2.43040276e+00
2.40891171e+00
2.23118877e+00
2.11328602e+00
2.22105789e+00
2.28374505e+00
2.24605012e+00
2.12088346e+00
2.11717749e+00
2.02502871e+00
2.11977720e+00
2.17828608e+00
2.09145641e+00
2.09614778e+00
2.01357865e+00
2.02076674e+00
2.00199294e+00
1.89210939e+00
1.84420526e+00
1.82763875e+00
1.83466697e+00
1.77053714e+00
1.83188665e+00
1.77526748e+00
1.85788476e+00
2.00699759e+00
2.05885839e+00
1.96853626e+00
2.06826353e+00
2.10218596e+00
1.90099955e+00
1.98644817e+00
2.09039450e+00
2.33231759e+00
2.16854739e+00
2.18499708e+00
2.09279037e+00
2.24674892e+00
2.26161146e+00
2.40670705e+00
2.29172111e+00
2.29591465e+00
2.38836288e+00
2.34342289e+00
2.33575153e+00
2.27502608e+00
2.28748584e+00
2.37874246e+00
2.26526737e+00
2.35268378e+00
2.48019361e+00
2.40080047e+00
2.33765650e+00
2.34803939e+00
2.57650137e+00
2.57583046e+00
2.32146740e+00
2.26646662e+00
2.43337822e+00
2.32658839e+00
2.39134598e+00
2.48931909e+00
2.41389036e+00
2.39178729e+00
2.43151832e+00
2.33751655e+00
2.40439677e+00
2.49354339e+00
2.39873600e+00
2.40592074e+00
2.42836356e+00
2.38647604e+00
2.34633780e+00
2.46101451e+00
2.60829258e+00
2.31449914e+00
2.41137862e+00
2.48185158e+00
2.36345387e+00
2.53220391e+00
2.46387315e+00
2.50260949e+00
2.47342587e+00
2.32791257e+00
2.48845506e+00
2.42282104e+00
2.42299581e+00
2.45106006e+00
2.47480106e+00
2.58842969e+00
2.56214023e+00
2.53964376e+00
2.49965405e+00
2.41665483e+00
2.47275686e+00
2.37193799e+00
2.31727052e+00
2.46444082e+00
2.52950001e+00
2.41639900e+00
2.48266673e+00
2.48493004e+00
2.50756574e+00
2.45236254e+00
2.39921856e+00
2.54108095e+00
2.35572100e+00
2.34553695e+00
2.39572453e+00
2.41545415e+00
2.55098319e+00
2.43197989e+00
2.39877892e+00
2.39240551e+00
2.43887448e+00
2.42232323e+00
2.37867689e+00
2.43176079e+00
2.32487941e+00
2.43646240e+00
2.40189528e+00
2.36940217e+00
2.43301558e+00
2.38883615e+00
2.35182929e+00
2.32346225e+00
2.21012306e+00
2.17165565e+00
2.30524492e+00
2.35360885e+00
2.21749258e+00
2.35708475e+00
2.27099228e+00
2.24348593e+00
2.32552576e+00
2.25909305e+00
2.29999709e+00
2.21433806e+00
2.25193596e+00
2.12265944e+00
2.14215016e+00
2.24719787e+00
2.11185002e+00
2.17268109e+00
2.03893948e+00
2.07792115e+00
2.03892422e+00
1.98763728e+00
2.14031982e+00
2.07079816e+00
2.05455518e+00
2.02122402e+00
1.85813737e+00
1.89896107e+00
1.91428483e+00
1.81394351e+00
1.80375755e+00
1.80452919e+00
1.74232149e+00
1.66556489e+00
1.54719841e+00
1.54409957e+00
1.47018266e+00
1.51124966e+00
1.67047405e+00
1.81880832e+00
1.72679746e+00
1.69531310e+00
1.86319733e+00
1.96064734e+00
1.74775910e+00
1.86630511e+00
1.89388502e+00
2.01480889e+00
2.03669381e+00
2.07283163e+00
1.93845308e+00
1.96076477e+00
2.10020804e+00
2.10778880e+00
2.10286188e+00
2.10605431e+00
2.01041126e+00
2.05018830e+00
2.08294153e+00
2.07623982e+00
2.05225730e+00
2.10761189e+00
2.08774471e+00
2.17963576e+00
2.15212083e+00
2.17836308e+00
2.22614098e+00
2.12350965e+00
2.25558376e+00
2.27477241e+00
2.19971824e+00
2.25632596e+00
2.30775905e+00
2.28521085e+00
2.29094124e+00
2.31375051e+00
2.17072082e+00
2.18300533e+00
2.42585921e+00
2.35647440e+00
2.33376765e+00
2.26737332e+00
2.29362631e+00
2.36078000e+00
2.30901980e+00
2.34781718e+00
2.22475219e+00
2.31571841e+00
2.36523318e+00
2.26318955e+00
2.32457852e+00
2.31282735e+00
2.39653420e+00
2.34491992e+00
2.38379478e+00
2.46707463e+00
2.51820660e+00
2.28929567e+00
2.35457683e+00
2.34149456e+00
2.28192639e+00
2.36099720e+00
2.27591753e+00
2.33562016e+00
2.42573047e+00
2.26835632e+00
2.33695722e+00
2.36733365e+00
2.31073666e+00
2.41953540e+00
2.32601023e+00
2.36047482e+00
2.35037684e+00
2.45633554e+00
2.51076698e+00
2.54260302e+00
2.39444232e+00
2.26334977e+00
2.38584971e+00
2.36632991e+00
2.34332705e+00
2.43187737e+00
2.36848164e+00
2.43030667e+00
2.43428969e+00
2.31048918e+00
2.24997902e+00
2.35009813e+00
2.41598225e+00
2.32423544e+00
2.32655025e+00
2.39899683e+00
2.30173492e+00
2.30518365e+00
2.35620594e+00
2.41586518e+00
2.32076049e+00
2.33005333e+00
2.29581118e+00
2.29499221e+00
2.39990306e+00
2.36458731e+00
2.34753346e+00
2.38429427e+00
2.35559273e+00
2.27129769e+00
2.34711957e+00
2.45988345e+00
2.29341078e+00
2.32814837e+00
2.44528461e+00
2.34049559e+00
2.17444396e+00
2.16762638e+00
2.29967785e+00
2.36309767e+00
2.36196280e+00
2.31973815e+00
2.29176044e+00
2.27398324e+00
2.20804477e+00
2.33156085e+00
2.42591500e+00
2.36119199e+00
2.34220576e+00
2.29519629e+00
2.34202433e+00
2.28622818e+00
2.29831266e+00
2.23644733e+00
2.19320560e+00
2.22441292e+00
2.26285934e+00
2.34556699e+00
2.39180326e+00
2.32875514e+00
2.32455564e+00
2.25059342e+00
2.27891803e+00
2.39623690e+00
2.25501251e+00
2.19873524e+00
2.33751225e+00
2.25203109e+00
2.25244999e+00
2.25969625e+00
2.17588401e+00
2.30854344e+00
2.39114714e+00
2.31744576e+00
2.29782748e+00
2.24761462e+00
2.16398764e+00
2.18913507e+00
2.33387566e+00
2.20631790e+00
2.31824827e+00
2.22322726e+00
2.22234869e+00
2.23314023e+00
2.20867038e+00
2.24188209e+00
2.25480700e+00
2.21082020e+00
2.21018529e+00
2.33831882e+00
2.15064907e+00
2.23136020e+00
2.29735112e+00
2.19123340e+00
2.23657417e+00
2.26827931e+00
2.25716043e+00
2.18512797e+00
2.14631128e+00
2.20891595e+00
2.20039725e+00
2.26863003e+00
2.19527984e+00
2.08533335e+00
2.13220096e+00
2.20783329e+00
2.25105572e+00
2.18951392e+00
2.18008709e+00
2.09851456e+00
2.13069057e+00
2.12855887e+00
2.17690778e+00
2.20966792e+00
2.20125651e+00
2.11785197e+00
2.15596437e+00
2.11638641e+00
2.09174204e+00
2.02115035e+00
2.05824852e+00
2.14202189e+00
2.15939689e+00
2.07464194e+00
2.09728932e+00
2.10520148e+00
2.03100204e+00
2.09064054e+00
2.10158134e+00
2.05882049e+00
2.01584721e+00
2.12752104e+00
2.07839966e+00
1.99518239e+00
2.06513405e+00
2.03195143e+00
1.98791277e+00
2.05771756e+00
2.00153446e+00
1.87251890e+00
2.01940727e+00
1.94268894e+00
1.86951768e+00
1.98026395e+00
1.94888687e+00
1.89722168e+00
1.90429676e+00
1.78287685e+00
1.80699086e+00
1.95052123e+00
1.94423234e+00
1.93109107e+00
1.80604601e+00
1.79209101e+00
1.73449767e+00
1.65223658e+00
1.69205797e+00
1.74548054e+00
1.67250180e+00
1.57842076e+00
1.60881960e+00
1.51290166e+00
1.56351268e+00
1.42833769e+00
1.40447700e+00
1.35591805e+00
1.21148455e+00
1.28500879e+00
1.39050877e+00
1.39816880e+00
1.51946521e+00
1.59007084e+00
1.52161443e+00
1.60651672e+00
1.64494789e+00
1.66687632e+00
1.65762973e+00
1.73256934e+00
1.78511429e+00
1.80133808e+00
1.81327939e+00
1.80316472e+00
1.80806994e+00
1.72999156e+00
1.71313798e+00
1.86328065e+00
1.82483065e+00
1.87438965e+00
1.84936798e+00
1.86190391e+00
1.84850180e+00
1.89245129e+00
1.97897971e+00
1.99018812e+00
1.97324884e+00
1.99570775e+00
1.88628674e+00
1.87154353e+00
2.00057077e+00
1.92467880e+00
1.97309709e+00
2.05847526e+00
2.01028776e+00
1.94749439e+00
2.02375150e+00
2.01202512e+00
1.99301434e+00
2.01551533e+00
2.04349232e+00
2.00411534e+00
2.03508973e+00
2.05015469e+00
1.99383032e+00
2.02272582e+00
2.09401727e+00
2.09346175e+00
2.03000546e+00
2.05364585e+00
2.09741259e+00
2.04750609e+00
1.97700632e+00
2.09335303e+00
2.02416134e+00
1.99742615e+00
2.08800721e+00
1.99292016e+00
2.01657748e+00
2.14451265e+00
2.05270743e+00
2.08261776e+00
2.13942862e+00
2.08539510e+00
1.98206747e+00
2.06269407e+00
2.04662919e+00
2.00113368e+00
2.06290340e+00
2.06600475e+00
2.02154851e+00
1.98505473e+00
2.01849055e+00
2.05420327e+00
2.08508611e+00
2.07243228e+00
2.05526328e+00
2.07862926e+00
2.02851844e+00
2.11397290e+00
2.08981705e+00
2.11711144e+00
2.08840752e+00
2.14218760e+00
2.10939002e+00
2.14139366e+00
2.05142975e+00
2.08383012e+00
2.02531862e+00
2.01025057e+00
2.10624695e+00
2.08873439e+00
2.05517936e+00
2.09320903e+00
2.08416414e+00
1.96821153e+00
2.01847768e+00
2.05733013e+00
2.03240085e+00
2.02261400e+00
2.01652050e+00
2.01140356e+00
2.00313568e+00
2.04740453e+00
2.14728928e+00
2.07713604e+00
1.93908525e+00
2.00968266e+00
1.97604609e+00
2.00066519e+00
2.06105280e+00
1.99630332e+00
2.07821155e+00
2.10762215e+00
1.99680173e+00
1.98917854e+00
2.02764583e+00
2.04021263e+00
2.03180528e+00
2.02839088e+00
2.07703567e+00
2.12850213e+00
2.07817411e+00
2.07059884e+00
2.08406687e+00
1.96978271e+00
2.02322626e+00
1.97410917e+00
2.05203223e+00
2.00359845e+00
1.87137282e+00
1.93939114e+00
1.94741488e+00
2.03151965e+00
2.09262609e+00
2.00600934e+00
2.03838754e+00
2.02763367e+00
2.07583022e+00
2.06815791e+00
2.08533430e+00
1.98549414e+00
1.89026392e+00
2.06893086e+00
2.00546765e+00
2.02556396e+00
2.07364130e+00
2.07624769e+00
2.01657605e+00
2.07484221e+00
2.07084203e+00
2.02443671e+00
2.04505777e+00
1.99823022e+00
2.00702310e+00
1.93967950e+00
1.99356580e+00
2.05835176e+00
2.08842111e+00
1.98677421e+00
1.94724512e+00
2.03173208e+00
2.00362468e+00
1.89740241e+00
1.99906147e+00
2.03115249e+00
1.96299708e+00
2.00132704e+00
1.99839211e+00
1.99245358e+00
2.02074146e+00
2.04251218e+00
1.96399152e+00
2.00449347e+00
2.02307725e+00
2.04762101e+00
2.06334305e+00
2.04364252e+00
2.09067655e+00
2.12004328e+00
1.99337757e+00
2.01642323e+00
2.06685162e+00
2.04273582e+00
2.01410198e+00
2.09864902e+00
1.94360650e+00
2.02539444e+00
2.07496762e+00
1.98225331e+00
2.03797030e+00
1.98541093e+00
2.02135348e+00
2.05630708e+00
2.00225592e+00
1.97874272e+00
2.03952694e+00
2.05407119e+00
1.98186517e+00
2.03661537e+00
2.02227020e+00
1.99570155e+00
2.04738808e+00
2.05655146e+00
2.00567317e+00
1.98185945e+00
1.99227941e+00
2.05149317e+00
2.06873608e+00
1.94797873e+00
1.94611955e+00
2.06847978e+00
2.02410555e+00
1.98201263e+00
1.96644652e+00
1.98565853e+00
2.02560496e+00
2.02084565e+00
1.98000944e+00
1.94880879e+00
1.98660088e+00
1.95985913e+00
1.86631525e+00
2.06923771e+00
1.97900140e+00
1.93766832e+00
2.05043411e+00
1.92575383e+00
1.97652495e+00
2.01497030e+00
1.96098101e+00
1.94166970e+00
1.93224955e+00
1.96774924e+00
1.95110905e+00
1.95032918e+00
1.96209204e+00
1.94190001e+00
1.98732269e+00
2.00839090e+00
1.94871068e+00
1.98641336e+00
1.96232426e+00
1.93486071e+00
1.95533860e+00
1.97175455e+00
1.93425965e+00
1.96320641e+00
1.96367073e+00
1.98921204e+00
1.98268831e+00
1.91514158e+00
1.93653333e+00
1.94597948e+00
1.92118692e+00
1.98171043e+00
1.99467635e+00
1.91782916e+00
2.02045345e+00
2.01326585e+00
1.89030755e+00
1.89937973e+00
1.95499909e+00
1.95962954e+00
1.94407678e+00
1.93736482e+00
1.94012630e+00
1.90132296e+00
1.95611501e+00
1.92927182e+00
1.95893073e+00
1.92847574e+00
1.92112672e+00
1.98453557e+00
1.92969096e+00
1.93922055e+00
1.91502273e+00
1.89913929e+00
1.93977606e+00
1.85599995e+00
1.82370341e+00
1.97723937e+00
1.92001033e+00
1.90890825e+00
1.87111080e+00
1.95109522e+00
2.02849579e+00
1.94032741e+00
1.97760797e+00
1.93245113e+00
1.83955586e+00
1.93205225e+00
1.94187129e+00
1.88843691e+00
1.84445643e+00
1.87936544e+00
1.89585626e+00
1.89285398e+00
1.95601094e+00
1.89980233e+00
1.92631507e+00
1.93758988e+00
1.86956978e+00
1.85271370e+00
1.92232251e+00
1.91575110e+00
1.89964306e+00
1.86208975e+00
1.88661921e+00
1.91029882e+00
1.89564264e+00
1.89241052e+00
1.93038201e+00
1.89452446e+00
1.92059183e+00
1.93561041e+00
1.84639454e+00
1.93588984e+00
1.93037379e+00
1.92796075e+00
1.89451063e+00
1.84170043e+00
1.89125049e+00
1.95858753e+00
1.90405464e+00
1.91045427e+00
1.88735569e+00
1.86416566e+00
1.86049855e+00
1.86205924e+00
1.83565474e+00
1.86240900e+00
1.87196326e+00
1.84700632e+00
1.88121057e+00
1.90754271e+00
1.87747741e+00
1.86214149e+00
1.93605423e+00
1.90119445e+00
1.84663200e+00
1.83162475e+00
1.88997602e+00
1.87117398e+00
1.87298548e+00
1.85943639e+00
1.88510966e+00
1.88754070e+00
1.85889018e+00
1.84180737e+00
1.84655213e+00
1.82828748e+00
1.83435166e+00
1.86440527e+00
1.88228798e+00
1.82729864e+00
1.76334763e+00
1.87799931e+00
1.81856644e+00
1.79429972e+00
1.82647204e+00
1.87139618e+00
1.83399904e+00
1.80983639e+00
1.82193995e+00
1.80962646e+00
1.81405103e+00
1.85475719e+00
1.86995554e+00
1.79014373e+00
1.81268108e+00
1.90689301e+00
1.85079169e+00
1.85710108e+00
1.84498703e+00
1.76936603e+00
1.82514918e+00
1.78676546e+00
1.84469080e+00
1.84467781e+00
1.81056190e+00
1.87420535e+00
1.86366153e+00
1.74097013e+00
1.77292013e+00
1.77860796e+00
1.76809978e+00
1.78325939e+00
1.75832009e+00
1.77643168e+00
1.78589141e+00
1.79449022e+00
1.80866134e+00
1.84052253e+00
1.84976518e+00
1.74099898e+00
1.75867975e+00
1.84600949e+00
1.79695714e+00
1.78661251e+00
1.78511143e+00
1.78449702e+00
1.75388765e+00
1.72600365e+00
1.77628446e+00
1.83350360e+00
1.85434747e+00
1.73292625e+00
1.76921785e+00
1.75546801e+00
1.73747540e+00
1.77006030e+00
1.72738659e+00
1.69724798e+00
1.73963404e+00
1.77611923e+00
1.77692974e+00
1.73926854e+00
1.68627822e+00
1.70743227e+00
1.74744463e+00
1.75615728e+00
1.69221818e+00
1.68564558e+00
1.77852130e+00
1.74596763e+00
1.76079857e+00
1.74144328e+00
1.72190869e+00
1.73420513e+00
1.77275991e+00
1.72083342e+00
1.71537411e+00
1.69672835e+00
1.70714521e+00
1.70321643e+00
1.68002725e+00
1.72081089e+00
1.69562721e+00
1.71458435e+00
1.68125224e+00
1.68547630e+00
1.73708010e+00
1.64772606e+00
1.69585299e+00
1.65401483e+00
1.68117273e+00
1.65753233e+00
1.61764896e+00
1.66494167e+00
1.62158525e+00
1.66079116e+00
1.66033340e+00
1.62354028e+00
1.63107026e+00
1.62283421e+00
1.65937901e+00
1.62944806e+00
1.60596979e+00
1.59574664e+00
1.59927714e+00
1.59786797e+00
1.68295252e+00
1.61217439e+00
1.53405499e+00
1.62446892e+00
1.53015995e+00
1.56694913e+00
1.52015579e+00
1.51782000e+00
1.55556583e+00
1.50053036e+00
1.52920437e+00
1.61429024e+00
1.48558807e+00
1.43685102e+00
1.40405047e+00
1.45494068e+00
1.48008287e+00
1.40530777e+00
1.38666260e+00
1.37139201e+00
1.36687696e+00
1.30585480e+00
1.32103658e+00
1.25722885e+00
1.24743176e+00
1.17082894e+00
1.08343744e+00
1.06608999e+00
9.85041797e-01
1.04000974e+00
1.07318234e+00
1.12922335e+00
1.21074307e+00
1.25356472e+00
1.26023233e+00
1.28241289e+00
1.30235624e+00
1.36164165e+00
1.37849414e+00
1.38296568e+00
1.41878784e+00
1.37541902e+00
1.38421130e+00
1.45170701e+00
1.47124338e+00
1.46022809e+00
1.48396790e+00
1.52302527e+00
1.50594032e+00
1.52617157e+00
1.47838700e+00
1.49357808e+00
1.52530086e+00
1.52989376e+00
1.57033443e+00
1.62165534e+00
1.56857729e+00
1.48415256e+00
1.56343663e+00
1.55900753e+00
1.56929076e+00
1.55886734e+00
1.58111179e+00
1.61836183e+00
1.58025479e+00
1.60006177e+00
1.63479197e+00
1.58952475e+00
1.56841123e+00
1.62083948e+00
1.56348109e+00
1.65977800e+00
1.61859536e+00
1.56930602e+00
1.58077562e+00
1.65199852e+00
1.58756435e+00
1.64318144e+00
1.65133500e+00
1.64129424e+00
1.63516366e+00
1.59140503e+00
1.56260550e+00
1.65194654e+00
1.69982851e+00
1.63572776e+00
1.60018241e+00
1.68245947e+00
1.67441833e+00
1.70478022e+00
1.69512451e+00
1.66045332e+00
1.63089967e+00
1.64729345e+00
1.70282590e+00
1.67419851e+00
1.67377710e+00
1.67099476e+00
1.70212412e+00
1.62845397e+00
1.64994836e+00
1.71951127e+00
1.66123807e+00
1.66136253e+00
1.66029000e+00
1.61125600e+00
1.64359725e+00
1.68725586e+00
1.63897312e+00
1.60303640e+00
1.61542678e+00
1.64111519e+00
1.67188966e+00
1.65975499e+00
1.65082788e+00
1.58077836e+00
1.58797193e+00
1.64976084e+00
1.63907743e+00
1.60078144e+00
1.63694084e+00
1.65273511e+00
1.67113674e+00
1.65443075e+00
1.65926170e+00
1.65539873e+00
1.66223013e+00
1.63658381e+00
1.65549374e+00
1.64734709e+00
1.63169837e+00
1.64729488e+00
1.65906036e+00
1.62192678e+00
1.64936829e+00
1.73097336e+00
1.64518070e+00
1.65008366e+00
1.63559139e+00
1.63456607e+00
1.64978647e+00
1.68988967e+00
1.75264776e+00
1.66156912e+00
1.68540955e+00
1.71142471e+00
1.66897035e+00
1.61782551e+00
1.62663913e+00
1.65212417e+00
1.61071062e+00
1.60419798e+00
1.63282371e+00
1.59995556e+00
1.59651458e+00
1.63730848e+00
1.59039056e+00
1.61689878e+00
1.64353049e+00
1.64887094e+00
1.65791595e+00
1.60834992e+00
1.63188279e+00
1.60965502e+00
1.62652290e+00
1.57044256e+00
1.58051014e+00
1.60360885e+00
1.64803016e+00
1.62702346e+00
1.59166133e+00
1.64287639e+00
1.61176026e+00
1.62402022e+00
1.70413709e+00
1.64976811e+00
1.61290526e+00
1.64111781e+00
1.60136855e+00
1.59855604e+00
1.58747792e+00
1.62637460e+00
1.67645764e+00
1.57474518e+00
1.54312468e+00
1.56689036e+00
1.64794230e+00
1.63222682e+00
1.59737313e+00
1.67623675e+00
1.63210058e+00
1.56159472e+00
1.63476741e+00
1.60035980e+00
1.60802162e+00
1.64501333e+00
1.67309546e+00
1.60407674e+00
1.59428644e+00
1.63881528e+00
1.64334559e+00
1.64113760e+00
1.62328660e+00
1.59799933e+00
1.59742355e+00
1.59422886e+00
1.60642719e+00
1.61395121e+00
1.61197221e+00
1.58886683e+00
1.63961017e+00
1.59891391e+00
1.59522700e+00
1.65278006e+00
1.59579134e+00
1.62243295e+00
1.59518468e+00
1.58740115e+00
1.56030655e+00
1.56736898e+00
1.60986018e+00
1.55653441e+00
1.62887239e+00
1.61888313e+00
1.53983057e+00
1.63772190e+00
1.61905372e+00
1.63076389e+00
1.60361683e+00
1.57521164e+00
1.58340776e+00
1.60562432e+00
1.60876024e+00
1.60727000e+00
1.60527289e+00
1.57163835e+00
1.55107963e+00
1.59942722e+00
1.61499226e+00
1.57240164e+00
1.56166172e+00
1.58201897e+00
1.58742964e+00
1.57918763e+00
1.57718563e+00
1.54758894e+00
1.57832325e+00
1.59774506e+00
1.55314541e+00
1.55905890e+00
1.59023690e+00
1.62413132e+00
1.56108558e+00
1.57060754e+00
1.57707870e+00
1.56633091e+00
1.55197513e+00
1.56479549e+00
1.56945133e+00
1.59101367e+00
1.55214298e+00
1.56247115e+00
1.61262560e+00
1.52095520e+00
1.53189492e+00
1.63037920e+00
1.58475995e+00
1.54394472e+00
1.56528306e+00
1.57493460e+00
1.54743516e+00
1.57045388e+00
1.59923542e+00
1.57834864e+00
1.56359732e+00
1.52776301e+00
1.57190764e+00
1.57829404e+00
1.54910672e+00
1.59148788e+00
1.52391362e+00
1.54716313e+00
1.55950606e+00
1.52475691e+00
1.52140999e+00
1.58575022e+00
1.53129947e+00
1.52159572e+00
1.56249702e+00
1.54964149e+00
1.52194321e+00
1.53841078e+00
1.56494451e+00
1.53890276e+00
1.51379943e+00
1.51798713e+00
1.52200568e+00
1.56366801e+00
1.57996035e+00
1.50781763e+00
1.54182756e+00
1.50925267e+00
1.49700713e+00
1.50265563e+00
1.51134062e+00
1.51303184e+00
1.45170259e+00
1.49822569e+00
1.52947712e+00
1.50583148e+00
1.51952779e+00
1.50800920e+00
1.49681020e+00
1.50222909e+00
1.48636007e+00
1.51030087e+00
1.47689617e+00
1.48930597e+00
1.53872263e+00
1.54803991e+00
1.52335262e+00
1.57457209e+00
1.58631015e+00
1.54657507e+00
1.58757055e+00
1.49836969e+00
1.44822681e+00
1.53907323e+00
1.48845196e+00
1.54690015e+00
1.54820597e+00
1.49731183e+00
1.50900006e+00
1.49957061e+00
1.53581178e+00
1.51804757e+00
1.49195397e+00
1.49404550e+00
1.47862184e+00
1.53030884e+00
1.53195202e+00
1.54007590e+00
1.49716675e+00
1.49072313e+00
1.52606714e+00
1.49818134e+00
1.55841780e+00
1.54473221e+00
1.50481451e+00
1.49573970e+00
1.50830173e+00
1.52638328e+00
1.51950645e+00
1.50103903e+00
1.50800967e+00
1.52517462e+00
1.49717832e+00
1.46504545e+00
1.52899110e+00
1.50479996e+00
1.48642051e+00
1.52264142e+00
1.52523160e+00
1.47740340e+00
1.55494952e+00
1.51985216e+00
1.47653508e+00
1.51766813e+00
1.48337138e+00
1.50143254e+00
1.47331893e+00
1.43618941e+00
1.47172379e+00
1.47322798e+00
1.44769681e+00
1.46873343e+00
1.52015221e+00
1.49853313e+00
1.46127212e+00
1.49784493e+00
1.52514338e+00
1.44446266e+00
1.44453871e+00
1.53014982e+00
1.47408056e+00
1.40571380e+00
1.43407369e+00
1.45302355e+00
1.47633839e+00
1.46153760e+00
1.47036695e+00
1.44724464e+00
1.47243881e+00
1.50352108e+00
1.52620006e+00
1.44108486e+00
1.44787347e+00
1.44576943e+00
1.48495126e+00
1.51784098e+00
1.45477521e+00
1.41499031e+00
1.41493630e+00
1.46690392e+00
1.47071838e+00
1.51559508e+00
1.47930121e+00
1.43678045e+00
1.45206547e+00
1.45966136e+00
1.44679368e+00
1.45821214e+00
1.46462071e+00
1.44968152e+00
1.48854876e+00
1.46920919e+00
1.42424667e+00
1.44795227e+00
1.41433752e+00
1.46843576e+00
1.47241044e+00
1.47565198e+00
1.50513208e+00
1.47307324e+00
1.45427227e+00
1.47283602e+00
1.46381438e+00
1.43200624e+00
1.44702995e+00
1.46867025e+00
1.42302883e+00
1.45037174e+00
1.49005759e+00
1.42711997e+00
1.40879488e+00
1.42517889e+00
1.41135108e+00
1.35806501e+00
1.37030864e+00
1.42630386e+00
1.44545460e+00
1.43278730e+00
1.42583787e+00
1.44869494e+00
1.42047226e+00
1.42173457e+00
1.47802126e+00
1.45365632e+00
1.45636940e+00
1.50304472e+00
1.45156717e+00
1.38956308e+00
1.41344261e+00
1.44511914e+00
1.44978762e+00
1.45974588e+00
1.44030154e+00
1.41282785e+00
1.40248048e+00
1.41774714e+00
1.41171241e+00
1.41724217e+00
1.45262098e+00
1.43763983e+00
1.39483178e+00
1.42998278e+00
1.41545618e+00
1.42397845e+00
1.43985426e+00
1.45421505e+00
1.40690899e+00
1.41952717e+00
1.47530246e+00
1.41979504e+00
1.37806630e+00
1.41615283e+00
1.43174064e+00
1.42414975e+00
1.39097691e+00
1.40399337e+00
1.40970063e+00
1.37981462e+00
1.41655302e+00
1.41875100e+00
1.39352298e+00
1.42417932e+00
1.41540956e+00
1.39984047e+00
1.41707945e+00
1.39990115e+00
1.40813446e+00
1.38297689e+00
1.35009062e+00
1.39388919e+00
1.48720062e+00
1.39685690e+00
1.44635189e+00
1.41821110e+00
1.39419186e+00
1.45934296e+00
1.41953564e+00
1.40846300e+00
1.39618170e+00
1.41583109e+00
1.40156567e+00
1.40830851e+00
1.40646100e+00
1.40684915e+00
1.44604802e+00
1.40030921e+00
1.38918567e+00
1.35008156e+00
1.34457874e+00
1.38866520e+00
1.38686538e+00
1.37739301e+00
1.41177547e+00
1.41676664e+00
1.39267623e+00
1.41277385e+00
1.33466959e+00
1.38208866e+00
1.40037417e+00
1.39635646e+00
1.38957465e+00
1.31878936e+00
1.39224887e+00
1.39335787e+00
1.35574210e+00
1.35739410e+00
1.37649000e+00
1.37532270e+00
1.40630257e+00
1.29382837e+00
1.32365739e+00
1.39641082e+00
1.38398111e+00
1.35697138e+00
1.39291430e+00
1.40826249e+00
1.43611145e+00
1.38291872e+00
1.34600186e+00
1.39705873e+00
1.35040593e+00
1.37820339e+00
1.41517866e+00
1.39614248e+00
1.36068845e+00
1.33892846e+00
1.37247312e+00
1.35872459e+00
1.35663271e+00
1.36904252e+00
1.33711708e+00
1.34087336e+00
1.33841157e+00
1.35996914e+00
1.34227610e+00
1.34010053e+00
1.38220263e+00
1.35302496e+00
1.36475801e+00
1.34247696e+00
1.36831367e+00
1.40430617e+00
1.38880754e+00
1.31751287e+00
1.32859993e+00
1.37115228e+00
1.38517416e+00
1.41145468e+00
1.39160442e+00
1.29184854e+00
1.36731732e+00
1.34525681e+00
1.31973588e+00
1.35264087e+00
1.30552459e+00
1.27911615e+00
1.32260919e+00
1.37467825e+00
1.35784864e+00
1.34420431e+00
1.35492039e+00
1.38401115e+00
1.29980206e+00
1.35579681e+00
1.38034010e+00
1.32276785e+00
1.30690026e+00
1.33705759e+00
1.33551395e+00
1.30885148e+00
1.31405580e+00
1.28695786e+00
1.30615091e+00
1.39042187e+00
1.31170058e+00
1.30604923e+00
1.33372927e+00
1.33367336e+00
1.29847193e+00
1.29177904e+00
1.35491908e+00
1.31614268e+00
1.27612853e+00
1.33878660e+00
1.34820282e+00
1.25482023e+00
1.26586843e+00
1.29108799e+00
1.34843266e+00
1.37685657e+00
1.26505780e+00
1.29050076e+00
1.33406997e+00
1.25895810e+00
1.33416057e+00
1.35625410e+00
1.28714287e+00
1.37033057e+00
1.58510780e+00
1.52797854e+00
1.26943314e+00
1.16774392e+00
1.71641409e+00
1.46645069e+00
1.26120675e+00
1.32667208e+00
1.35908794e+00
1.28269720e+00
1.29756534e+00
1.31454074e+00
1.29127765e+00
1.29799247e+00
1.31795073e+00
1.32621086e+00
1.28735864e+00
1.33465922e+00
1.32117033e+00
1.31554949e+00
1.25112212e+00
1.22399330e+00
1.30037558e+00
1.20591271e+00
1.27125454e+00
1.28801024e+00
1.29814494e+00
1.24723661e+00
1.26651752e+00
1.28958881e+00
1.29890764e+00
1.32386839e+00
1.32553816e+00
1.29721808e+00
1.26598775e+00
1.25709140e+00
1.26058114e+00
1.29585803e+00
1.33358014e+00
1.31020033e+00
1.29865909e+00
1.33844137e+00
1.23049963e+00
1.25062335e+00
1.29407382e+00
1.27072418e+00
1.30857420e+00
1.27968383e+00
1.20769382e+00
1.32665265e+00
1.30342054e+00
1.26843822e+00
1.29541469e+00
1.25068188e+00
1.29492021e+00
1.32196748e+00
1.27778101e+00
1.27829015e+00
1.27196121e+00
1.31523311e+00
1.35035503e+00
1.29988980e+00
1.23473012e+00
1.25975025e+00
1.28983879e+00
1.22515285e+00
1.28482139e+00
1.23366654e+00
1.24588156e+00
1.32549143e+00
1.28807604e+00
1.29168308e+00
1.32448328e+00
1.32713473e+00
1.28892994e+00
1.25843835e+00
1.27661097e+00
1.24303901e+00
1.21974003e+00
1.22814894e+00
1.27973509e+00
1.27514589e+00
1.26610076e+00
1.25639367e+00
1.24882269e+00
1.24159384e+00
1.22344661e+00
1.29757667e+00
1.36021316e+00
1.24879789e+00
1.30842125e+00
1.29136395e+00
1.28898048e+00
1.28598034e+00
1.26285756e+00
1.27727687e+00
1.29740024e+00
1.28740931e+00
1.27886605e+00
1.28914058e+00
1.26430237e+00
1.30106676e+00
1.24373233e+00
1.23444903e+00
1.23021531e+00
1.24019420e+00
1.25914788e+00
1.24596035e+00
1.23241627e+00
1.27780199e+00
1.25441968e+00
1.22837162e+00
1.24256146e+00
1.25269079e+00
1.24524498e+00
1.22620416e+00
1.25891995e+00
1.26589322e+00
1.21240926e+00
1.24610507e+00
1.25379372e+00
1.21304548e+00
1.21446860e+00
1.26658475e+00
1.27912581e+00
1.23114681e+00
1.28906488e+00
1.23224187e+00
1.24171472e+00
1.27969086e+00
1.21333122e+00
1.24106574e+00
1.23636746e+00
1.21225536e+00
1.22384357e+00
1.17220199e+00
1.19160843e+00
1.22257435e+00
1.21768761e+00
1.24157655e+00
1.21776414e+00
1.17108929e+00
1.20774496e+00
1.25961983e+00
1.20844483e+00
1.19114983e+00
1.21579075e+00
1.22400641e+00
1.15736365e+00
1.19829452e+00
1.26661170e+00
1.23941040e+00
1.24073839e+00
1.24732614e+00
1.23158121e+00
1.22433650e+00
1.25199294e+00
1.21793115e+00
1.22968292e+00
1.21398866e+00
1.18839264e+00
1.27955079e+00
1.22372198e+00
1.21547771e+00
1.17708135e+00
1.23480392e+00
1.28390729e+00
1.19261503e+00
1.24133039e+00
1.19831431e+00
1.13789308e+00
1.16204107e+00
1.21445847e+00
1.16180587e+00
1.25967836e+00
1.22989166e+00
1.17923450e+00
1.20592034e+00
1.23669291e+00
1.19098186e+00
1.21887791e+00
1.20635521e+00
1.19035006e+00
1.19492424e+00
1.14669728e+00
1.13732529e+00
1.16507590e+00
1.13562453e+00
1.12983406e+00
1.16384113e+00
1.21320796e+00
1.18757248e+00
1.21532118e+00
1.20663941e+00
1.18472803e+00
1.18795121e+00
1.26693475e+00
1.17004621e+00
1.24394810e+00
1.26677632e+00
1.19102979e+00
1.19591522e+00
1.23386812e+00
1.19789314e+00
1.19765663e+00
1.19839334e+00
1.16552699e+00
1.17314994e+00
1.19571984e+00
1.19443321e+00
1.19809937e+00
1.19740295e+00
1.19939375e+00
1.22529399e+00
1.22573709e+00
1.19986594e+00
1.22424817e+00
1.16916013e+00
1.16119051e+00
1.18633652e+00
1.14309704e+00
1.16514397e+00
1.17749071e+00
1.16211677e+00
1.15136337e+00
1.21614766e+00
1.19451916e+00
1.24541664e+00
1.10918736e+00
1.10699236e+00
1.19818175e+00
1.16442263e+00
1.12415063e+00
1.15478468e+00
1.11896205e+00
1.18815708e+00
1.20447540e+00
1.14459550e+00
1.18239665e+00
1.07752943e+00
1.10389280e+00
1.14119828e+00
1.13389695e+00
1.07168353e+00
1.10140705e+00
1.15475845e+00
1.12545133e+00
1.10050702e+00
1.12351251e+00
1.14240468e+00
1.20741475e+00
1.13252056e+00
1.18026710e+00
1.15854430e+00
1.10500014e+00
1.12367010e+00
1.15245223e+00
1.18411231e+00
1.23350465e+00
1.20378435e+00
1.16422951e+00
1.20930445e+00
1.12644506e+00
1.12401497e+00
1.14905894e+00
1.15506458e+00
1.13664329e+00
1.11459959e+00
1.14289188e+00
1.12824416e+00
1.13983488e+00
1.17954648e+00
1.17540312e+00
1.18809485e+00
1.17847872e+00
1.19014072e+00
1.16216910e+00
1.20718265e+00
1.18620443e+00
1.12182403e+00
1.17864549e+00
1.15255117e+00
1.15086854e+00
1.16422176e+00
1.16052139e+00
1.12126982e+00
1.12686539e+00
1.15328491e+00
1.15234780e+00
1.17419636e+00
1.14249778e+00
1.11803305e+00
1.13960731e+00
1.17292070e+00
1.16541493e+00
1.16923463e+00
1.20217443e+00
1.23334312e+00
1.14992332e+00
1.15901113e+00
1.12755191e+00
1.15105379e+00
1.16668200e+00
1.18815172e+00
1.17052615e+00
1.08879209e+00
1.09199548e+00
1.11358273e+00
1.18419600e+00
1.21418321e+00
1.12993193e+00
1.11175990e+00
1.14559793e+00
1.17095053e+00
1.12018764e+00
1.15300679e+00
1.16849911e+00
1.18903780e+00
1.19141245e+00
1.14030731e+00
1.11756194e+00
1.05990016e+00
1.16510403e+00
1.16108489e+00
1.21318769e+00
1.32918382e+00
1.30964744e+00
1.18524027e+00
1.13375032e+00
1.20999777e+00
1.28900301e+00
1.21647120e+00
1.20563471e+00
1.19892633e+00
1.08823442e+00
1.10473442e+00
1.11542237e+00
1.11249173e+00
1.10257876e+00
1.15529764e+00
1.13816500e+00
1.11685216e+00
1.10838258e+00
1.10031641e+00
1.09983325e+00
1.11461902e+00
1.09491026e+00
1.11084998e+00
1.11984265e+00
1.14576232e+00
1.13015795e+00
1.12346900e+00
1.12549055e+00
1.10414422e+00
1.13761330e+00
1.17907155e+00
1.16612399e+00
1.16451395e+00
1.14012325e+00
1.10402036e+00
1.07961643e+00
1.12072158e+00
1.13375938e+00
1.13981760e+00
1.13944721e+00
1.14113665e+00
1.10427690e+00
1.12123072e+00
1.14198196e+00
1.13237965e+00
1.12740576e+00
1.14217973e+00
1.12021041e+00
1.12459648e+00
1.11467481e+00
1.06590879e+00
1.11739004e+00
1.14843917e+00
1.05568886e+00
1.07524049e+00
1.12994504e+00
1.04693997e+00
1.11148226e+00
1.06821239e+00
1.08718169e+00
1.10504615e+00
1.09410203e+00
1.11737227e+00
1.12630355e+00
1.10895216e+00
1.13525355e+00
1.11596596e+00
1.08232450e+00
1.12446952e+00
1.13533247e+00
1.06997442e+00
1.07603455e+00
1.09223592e+00
1.08137465e+00
1.08655524e+00
1.13547659e+00
1.14760792e+00
1.12930667e+00
1.08539498e+00
1.04843044e+00
1.09493303e+00
1.11516798e+00
1.07254875e+00
1.10773265e+00
1.07984340e+00
1.03357852e+00
1.06006277e+00
1.07731009e+00
1.11133802e+00
1.09762585e+00
1.05772078e+00
1.04145837e+00
1.09152389e+00
1.13064694e+00
1.07111192e+00
1.09412766e+00
1.09124327e+00
1.06693125e+00
1.09601569e+00
1.09270966e+00
1.05313134e+00
1.05859971e+00
1.11127651e+00
1.07004976e+00
1.07556832e+00
1.05800402e+00
1.09036767e+00
1.05707979e+00
1.00000000e+00
1.08705807e+00
1.05862677e+00
1.10167074e+00
1.04734075e+00
1.03600049e+00
1.06559336e+00
1.07257271e+00
1.07757306e+00
1.05911541e+00
1.03018618e+00
1.05437326e+00
1.03589499e+00
1.06574667e+00
1.10969818e+00
1.05071795e+00
1.08171105e+00
1.05082858e+00
1.06072140e+00
1.04287553e+00
1.08942556e+00
1.08050704e+00
1.06057847e+00
1.08736062e+00
1.09385073e+00
1.06852388e+00
1.05158794e+00
1.04981554e+00
1.05089939e+00
1.06103766e+00
1.12643170e+00
1.08385623e+00
1.02021980e+00
1.04347777e+00
1.05349600e+00
1.06226802e+00
1.06371057e+00
1.05288959e+00
1.06392753e+00
1.12468934e+00
1.06140339e+00
1.06837511e+00
1.07811642e+00
1.07336569e+00
1.01116502e+00
1.04793787e+00
1.07378042e+00
1.03175581e+00
1.02769411e+00
1.11221504e+00
1.05590689e+00
1.04109001e+00
1.10728300e+00
1.10632491e+00
1.03081703e+00
1.05474055e+00
1.06134176e+00
1.06724358e+00
1.04117358e+00
1.03976369e+00
1.03577185e+00
1.05273759e+00
1.05156672e+00
1.04967463e+00
1.02300715e+00
1.04512131e+00
1.03910220e+00
1.03937995e+00
1.01554406e+00
1.05124962e+00
1.05260420e+00
1.03700876e+00
1.02128613e+00
1.02464569e+00
1.11312973e+00
1.05578578e+00
1.01993561e+00
1.02113295e+00
1.00347042e+00
1.04906476e+00
9.93326306e-01
1.09469974e+00
1.09564686e+00
1.03932416e+00
1.05780816e+00
1.02499330e+00
1.05934858e+00
1.04466200e+00
1.04940999e+00
1.07163727e+00
1.02650011e+00
1.04016924e+00
1.05199671e+00
1.04904556e+00
1.06258285e+00
1.03703558e+00
1.00193548e+00
9.86434281e-01
1.00719619e+00
1.09350240e+00
1.00481093e+00
8.23141396e-01
9.83195841e-01
1.17591083e+00
1.12910271e+00
1.01550674e+00
9.97684240e-01
9.84663010e-01
1.00443983e+00
1.00563085e+00
1.01437545e+00
9.93386090e-01
9.55999494e-01
1.00745332e+00
1.05480683e+00
1.00663054e+00
1.00727975e+00
1.02523959e+00
1.00484717e+00
1.01628482e+00
1.07334089e+00
1.04184186e+00
9.42855239e-01
1.00670695e+00
1.05013275e+00
1.06501865e+00
1.02767777e+00
1.03167999e+00
1.01240742e+00
1.01291287e+00
1.01977301e+00
1.02595007e+00
1.00495970e+00
1.02785313e+00
1.03123474e+00
1.00805008e+00
9.74403381e-01
1.02468872e+00
1.07370901e+00
9.48453486e-01
1.00225544e+00
1.05364311e+00
9.80068326e-01
9.67910588e-01
9.88194525e-01
9.69688535e-01
9.76863742e-01
9.97759223e-01
1.02606964e+00
1.04451525e+00
1.02866316e+00
1.01483274e+00
1.01279819e+00
1.00947142e+00
9.58772004e-01
9.86324310e-01
9.73854840e-01
9.66023862e-01
9.83250439e-01
1.02502656e+00
1.01850164e+00
1.00671554e+00
9.85315382e-01
9.76415336e-01
1.02268505e+00
9.94121134e-01
9.97651041e-01
1.00335085e+00
1.00432503e+00
9.80391681e-01
9.61016417e-01
9.53057945e-01
9.96435523e-01
1.02055478e+00
9.55351949e-01
9.47149992e-01
1.04697967e+00
9.84074652e-01
9.91371453e-01
9.91100132e-01
9.52297568e-01
1.01349556e+00
9.73722041e-01
9.72342432e-01
9.56860125e-01
9.43500578e-01
9.71451759e-01
9.41367269e-01
9.50625896e-01
9.68861103e-01
1.00377226e+00
9.19474542e-01
9.42375124e-01
9.83451843e-01
9.71848607e-01
9.61329222e-01
9.35092151e-01
9.63961184e-01
9.75878656e-01
9.43816483e-01
9.81249213e-01
9.50744569e-01
9.42863047e-01
9.50325668e-01
9.47565854e-01
9.66758192e-01
9.35936511e-01
9.45537984e-01
9.61154759e-01
9.84684646e-01
9.73710179e-01
9.43445861e-01
9.59769428e-01
9.61417913e-01
9.34466898e-01
9.76456881e-01
1.01316130e+00
9.65226233e-01
9.58581448e-01
9.31023479e-01
9.26903605e-01
9.35132325e-01
8.75476539e-01
9.60804701e-01
9.43083823e-01
8.85986626e-01
9.65068519e-01
9.98560846e-01
9.80982125e-01
9.86483157e-01
9.62235153e-01
9.62236822e-01
9.64567780e-01
9.15510356e-01
9.26655769e-01
9.80305910e-01
9.26667690e-01
9.00668085e-01
9.40442443e-01
9.24309134e-01
8.95612776e-01
9.43947732e-01
9.50599670e-01
9.34294999e-01
9.04319763e-01
8.86906922e-01
9.09124196e-01
8.93872023e-01
9.22828436e-01
9.31992173e-01
9.28724587e-01
8.99531007e-01
8.81317139e-01
8.99354875e-01
8.84331107e-01
8.76798272e-01
8.81792486e-01
8.75700057e-01
8.65784526e-01
8.50576401e-01
8.50529134e-01
8.41696978e-01
8.54605198e-01
8.65484476e-01
8.38042259e-01
8.10548007e-01
7.82054663e-01
8.02763402e-01
7.99277365e-01
7.90084004e-01
7.64818966e-01
7.46912122e-01
7.31341720e-01
7.18091965e-01
6.35541618e-01
5.89761615e-01
5.87113142e-01
5.64014316e-01
6.30992711e-01
6.90293372e-01
7.18478262e-01
6.80320084e-01
7.51995921e-01
7.77821839e-01
7.49874175e-01
7.90000558e-01
7.74105430e-01
7.45834172e-01
8.29116404e-01
7.92900622e-01
7.66638398e-01
8.26826453e-01
7.90917933e-01
7.82732844e-01
8.48073721e-01
8.43957245e-01
8.34282875e-01
8.66348445e-01
8.75565290e-01
8.37507308e-01
8.55646193e-01
8.41492772e-01
8.64014924e-01
8.56007516e-01
8.48074615e-01
8.64185810e-01
8.58945251e-01
8.90535355e-01
9.22583699e-01
9.13576484e-01
8.93929780e-01
8.65925789e-01
8.80953848e-01
9.08165157e-01
9.07708764e-01
8.81098509e-01
8.95959795e-01
9.19058442e-01
8.74408007e-01
8.97633910e-01
8.54185939e-01
9.06489015e-01
9.18714643e-01
8.75571072e-01
9.22606111e-01
8.91507685e-01
9.02470350e-01
9.08354580e-01
8.84367347e-01
8.84463608e-01
8.54401529e-01
9.03617501e-01
9.02454019e-01
8.68908763e-01
8.56501341e-01
8.70564818e-01
8.48692536e-01
8.91870320e-01
9.13569212e-01
8.79772305e-01
8.77453804e-01
8.76393676e-01
8.56246769e-01
8.83561313e-01
8.99110436e-01
8.93736899e-01
8.75589132e-01
8.72002363e-01
8.71213853e-01
9.03567016e-01
9.08363819e-01
8.60078394e-01
8.53839815e-01
8.85622442e-01
8.70778561e-01
9.08054292e-01
9.17527199e-01
8.77129436e-01
8.71866703e-01
8.76395226e-01
8.84607434e-01
8.67397964e-01
8.85153115e-01
8.84932518e-01
8.71825814e-01
8.89250815e-01
8.59356463e-01
8.99952352e-01
8.76343906e-01
8.71486843e-01
8.95692766e-01
8.57972264e-01
8.76859725e-01
8.89922857e-01
8.92157078e-01
8.83572102e-01
8.74608755e-01
8.44837308e-01
8.87388945e-01
9.30557609e-01
9.50349689e-01
8.97923708e-01
8.73827994e-01
8.40778410e-01
8.70780230e-01
8.56486499e-01
8.64303768e-01
8.74081910e-01
8.60687971e-01
9.25871968e-01
8.54876101e-01
8.51675034e-01
8.85360181e-01
8.84784520e-01
8.64867210e-01
8.70413423e-01
8.54243875e-01
8.95922601e-01
8.72642398e-01
8.38391244e-01
8.61617982e-01
8.52629662e-01
8.88651550e-01
8.71061742e-01
8.81916106e-01
9.00523782e-01
8.74527574e-01
8.19977641e-01
8.53192925e-01
8.73898566e-01
8.52046847e-01
8.32131624e-01
8.38296831e-01
8.49506795e-01
8.76157641e-01
8.37495148e-01
8.81787598e-01
8.80370378e-01
9.13712621e-01
1.14314318e+00
1.02303159e+00
8.57989788e-01
8.53937209e-01
8.66207123e-01
8.84005368e-01
8.53466392e-01
8.65546286e-01
8.57589006e-01
8.61325383e-01
8.55417132e-01
8.40636849e-01
8.49918723e-01
8.38025451e-01
8.51403832e-01
8.60776126e-01
8.55394840e-01
8.50505710e-01
9.02400911e-01
8.52053285e-01
8.36132824e-01
8.67398262e-01
8.70774925e-01
8.77924025e-01
8.30823243e-01
8.48752201e-01
8.61411214e-01
8.72151494e-01
8.67926419e-01
8.37454259e-01
8.55376184e-01
8.61186087e-01
8.32960248e-01
8.65547836e-01
8.40727031e-01
8.34549963e-01
8.77698362e-01
8.39903235e-01
8.23309183e-01
8.38500261e-01
8.40306520e-01
8.20570350e-01
8.19585383e-01
8.52098942e-01
8.26143205e-01
8.44559848e-01
8.75762403e-01
8.01074445e-01
8.25448096e-01
8.56715977e-01
7.96831131e-01
7.92763054e-01
8.39863718e-01
8.06423962e-01
8.21502924e-01
8.45291138e-01
8.51865649e-01
8.06674302e-01
8.33397329e-01
8.41045439e-01
8.12714934e-01
8.44004810e-01
8.47590327e-01
8.35148394e-01
8.59892666e-01
8.43479395e-01
8.44060838e-01
8.56564164e-01
8.50866556e-01
8.33179474e-01
8.25765550e-01
8.24138880e-01
8.00435543e-01
8.45148861e-01
8.57558072e-01
8.54868174e-01
8.34643424e-01
8.27028215e-01
8.00532877e-01
8.27294946e-01
8.60179842e-01
8.17319512e-01
8.13293219e-01
8.26892555e-01
8.02815616e-01
8.01428318e-01
8.21471751e-01
8.22304964e-01
8.41645479e-01
8.33457649e-01
8.42473030e-01
8.03037286e-01
8.09915721e-01
8.08998525e-01
7.86585152e-01
8.48952413e-01
8.21597040e-01
8.24871957e-01
8.28410149e-01
7.96565652e-01
7.98864663e-01
7.98217237e-01
7.93272078e-01
8.29796135e-01
8.50746214e-01
8.65014970e-01
7.92268455e-01
7.73206532e-01
8.11692119e-01
8.11284065e-01
8.01310599e-01
8.20974410e-01
8.02723706e-01
7.97720492e-01
8.20075154e-01
8.20507944e-01
8.06505501e-01
8.44148636e-01
8.26495290e-01
7.86923707e-01
8.13823998e-01
8.23509216e-01
8.32577944e-01
8.16792905e-01
8.06579888e-01
8.42839599e-01
8.42986465e-01
7.95350432e-01
7.93784440e-01
8.20033014e-01
8.31652403e-01
7.99850702e-01
8.02062929e-01
7.94644594e-01
7.86460340e-01
8.07545424e-01
8.08203757e-01
8.17028880e-01
8.25320184e-01
7.98216343e-01
8.21025431e-01
8.41997683e-01
7.94576347e-01
8.09450388e-01
8.44899654e-01
8.25765133e-01
8.16978216e-01
8.11358750e-01
8.10968518e-01
8.11952949e-01
7.66242743e-01
7.95743227e-01
8.22202504e-01
8.07362795e-01
8.03269506e-01
7.92880595e-01
8.10693502e-01
8.01537395e-01
7.92285562e-01
7.78610170e-01
8.10282886e-01
7.75073886e-01
8.03485453e-01
7.90063739e-01
7.91401625e-01
8.17488372e-01
8.09841633e-01
7.97022521e-01
8.09305906e-01
7.93178201e-01
8.15772951e-01
8.10651004e-01
7.73494601e-01
8.05007160e-01
8.09359610e-01
7.74728119e-01
7.76279807e-01
7.70380795e-01
7.69450486e-01
7.76653588e-01
7.51462340e-01
7.83435643e-01
7.80471206e-01
7.67913997e-01
7.73004353e-01
7.65336514e-01
7.48160243e-01
7.87459493e-01
7.96534002e-01
7.90321290e-01
7.84179270e-01
7.49692857e-01
7.61816502e-01
7.77288735e-01
7.66294956e-01
7.60025561e-01
7.64890730e-01
7.77054727e-01
7.98205316e-01
7.91069210e-01
7.70842850e-01
7.72626102e-01
7.94067740e-01
7.67444134e-01
7.83263683e-01
8.11225414e-01
8.00625265e-01
7.68910706e-01
7.76139200e-01
8.01760375e-01
7.80861795e-01
7.92325199e-01
7.85171568e-01
7.58425176e-01
7.65680194e-01
7.45386660e-01
7.74782777e-01
7.67027438e-01
7.70351887e-01
7.96630561e-01
7.63996542e-01
7.50985205e-01
7.62479663e-01
7.70335078e-01
7.63429582e-01
7.75387108e-01
7.79272139e-01
7.78798699e-01
7.67693341e-01
7.73164392e-01
7.98812091e-01
7.60084212e-01
7.40509808e-01
7.48798966e-01
7.79653549e-01
7.84363389e-01
7.63853788e-01
7.47033954e-01
7.38411844e-01
7.54160166e-01
7.35704124e-01
7.66967714e-01
7.85502136e-01
7.65765667e-01
7.88410604e-01
7.71374285e-01
7.57516265e-01
7.73320973e-01
7.81774223e-01
7.56447911e-01
7.40448833e-01
7.74914801e-01
7.47444749e-01
7.51695931e-01
7.38634527e-01
7.49568343e-01
7.57540464e-01
7.66729951e-01
7.39867628e-01
7.55943000e-01
7.70523250e-01
7.53002584e-01
7.65931547e-01
7.30296135e-01
7.56498933e-01
7.40970552e-01
7.53612578e-01
7.62361228e-01
7.54203498e-01
7.39677548e-01
7.38244176e-01
7.23274112e-01
7.34679580e-01
7.60403335e-01
7.50921309e-01
7.78065920e-01
7.68352449e-01
7.48602450e-01
7.61242032e-01
7.56658196e-01
7.49908566e-01
7.70478785e-01
7.34171569e-01
7.56689131e-01
7.68394470e-01
7.17452466e-01
7.34887838e-01
7.41705954e-01
7.53822982e-01
7.55269706e-01
7.42888272e-01
7.40178645e-01
7.57885516e-01
7.39882767e-01
7.43203282e-01
7.49873996e-01
7.43291914e-01
7.16878533e-01
7.30554938e-01
7.71450639e-01
7.64249444e-01
7.40770757e-01
7.57422686e-01
7.80983031e-01
7.85104156e-01
7.62851954e-01
7.00362325e-01
6.74207628e-01
7.25820184e-01
7.52117574e-01
7.14625120e-01
6.94556355e-01
7.01174378e-01
7.09277749e-01
7.39135385e-01
7.48928010e-01
7.12244868e-01
7.25210249e-01
7.35151589e-01
7.42577553e-01
7.49171913e-01
7.75151491e-01
7.30660617e-01
7.34063983e-01
7.52276301e-01
7.28788853e-01
7.33869970e-01
7.47681677e-01
7.79267907e-01
7.28470385e-01
6.61381185e-01
7.34043002e-01
7.55332649e-01
7.20212042e-01
7.55649388e-01
7.49708235e-01
7.52329767e-01
7.02364743e-01
7.07344115e-01
7.62601197e-01
7.40325987e-01
7.40565538e-01
7.47167766e-01
7.89997280e-01
7.45005548e-01
6.77104831e-01
7.22469807e-01
7.11177409e-01
7.75695086e-01
7.64567673e-01
7.05047190e-01
6.98854268e-01
7.34821856e-01
7.45967329e-01
6.90430582e-01
7.18879700e-01
7.34030187e-01
7.32553363e-01
7.64359176e-01
6.93679571e-01
7.51746178e-01
7.46356368e-01
7.06568599e-01
7.24766374e-01
7.35105097e-01
7.33203053e-01
7.12613344e-01
7.07158446e-01
7.26825953e-01
7.42597997e-01
7.15896785e-01
6.82409525e-01
7.38726974e-01
7.46669352e-01
7.12599635e-01
6.74797058e-01
7.08958030e-01
7.62053430e-01
7.27138162e-01
6.99047863e-01
6.90712631e-01
7.19601989e-01
6.99026883e-01
7.29456127e-01
7.36258805e-01
7.18720317e-01
6.99931979e-01
7.03329504e-01
7.32192099e-01
7.13074267e-01
7.05638885e-01
6.92745686e-01
6.76668465e-01
7.19233751e-01
6.92882895e-01
6.98812068e-01
7.13519871e-01
6.91038787e-01
7.01270580e-01
7.37490892e-01
7.41560936e-01
6.80797756e-01
6.93123043e-01
7.26947248e-01
7.27200806e-01
7.26508200e-01
7.16743290e-01
7.15593517e-01
7.32117534e-01
7.25387514e-01
6.83114529e-01
6.99586332e-01
7.09018528e-01
6.79939747e-01
6.80039346e-01
6.97687030e-01
6.96347356e-01
7.07123935e-01
6.79282904e-01
7.44626939e-01
7.00744152e-01
6.54956341e-01
6.84399128e-01
7.09697306e-01
7.01984942e-01
6.89650297e-01
7.25117683e-01
7.09986806e-01
6.55727923e-01
6.80546463e-01
7.00845897e-01
7.14593649e-01
6.98548913e-01
6.99006617e-01
7.16371417e-01
7.00114787e-01
6.98995829e-01
6.94671392e-01
6.95104361e-01
6.83848858e-01
6.87732637e-01
6.93830132e-01
7.07038224e-01
6.90864742e-01
7.02785194e-01
7.12371767e-01
6.97611868e-01
7.08768666e-01
7.18293369e-01
6.81478024e-01
6.82493985e-01
6.88418329e-01
6.62274241e-01
6.78968370e-01
6.73869550e-01
6.49084091e-01
6.65422499e-01
6.77055180e-01
6.75682366e-01
6.95214391e-01
6.78533018e-01
6.92601383e-01
6.92423344e-01
6.92457139e-01
7.16831625e-01
6.79465115e-01
6.91284657e-01
7.10860789e-01
7.02841163e-01
6.97894216e-01
6.82329535e-01
7.07428038e-01
6.80057943e-01
6.87323093e-01
6.89476669e-01
6.99970901e-01
7.22718775e-01
6.72311127e-01
6.70134485e-01
6.97076619e-01
6.92003191e-01
6.84722483e-01
6.73890233e-01
6.78595901e-01
6.67267382e-01
6.86698556e-01
7.11620331e-01
6.83003664e-01
6.64366305e-01
6.68964386e-01
6.85963154e-01
6.62291646e-01
6.49664760e-01
7.31044054e-01
6.64260507e-01
6.75852597e-01
7.28256762e-01
8.02963436e-01
7.43254304e-01
6.82631671e-01
7.30861247e-01
6.71351373e-01
6.86605632e-01
7.21970677e-01
6.92580342e-01
6.85487807e-01
6.59193635e-01
6.58222318e-01
6.64732635e-01
6.85153127e-01
7.22319901e-01
7.08955109e-01
6.62264407e-01
6.32255316e-01
6.69664562e-01
6.74101114e-01
6.62568986e-01
6.59078956e-01
6.94871366e-01
7.09844232e-01
6.77925229e-01
6.64657533e-01
6.43537164e-01
6.73152924e-01
6.69516742e-01
6.60273910e-01
6.73322797e-01
6.75756097e-01
6.70252740e-01
6.69327259e-01
6.21629894e-01
6.37293875e-01
6.55855894e-01
6.38432264e-01
6.25543594e-01
6.62169993e-01
6.71315491e-01
6.30526841e-01
6.42406642e-01
6.71775758e-01
6.54181063e-01
6.68814600e-01
6.71308279e-01
6.53515160e-01
6.62656128e-01
6.72300875e-01
6.79039240e-01
6.55613363e-01
6.71173990e-01
6.74126923e-01
6.53440356e-01
6.73169434e-01
6.52097523e-01
6.57949686e-01
6.70123219e-01
6.55797601e-01
6.75333142e-01
6.24901891e-01
6.59000218e-01
6.76235974e-01
7.21340239e-01
5.96908689e-01
6.39442861e-01
6.48272634e-01
6.29938185e-01
6.41940951e-01
6.32163346e-01
6.45699501e-01
6.65117204e-01
6.62833154e-01
6.49120927e-01
6.52179241e-01
6.65669978e-01
6.57921731e-01
6.28587484e-01
6.49761379e-01
6.46321774e-01
6.64656043e-01
7.15969503e-01
7.16073275e-01
6.63409412e-01
6.53937042e-01
6.44433618e-01
6.47077024e-01
7.04042971e-01
6.90075397e-01
6.70143127e-01
6.17142558e-01
6.43591523e-01
6.47312760e-01
6.40731812e-01
6.66701198e-01
6.53615236e-01
6.73209250e-01
6.47081077e-01
6.15440488e-01
6.25336409e-01
6.34903908e-01
6.51368260e-01
6.54795527e-01
6.63750172e-01
6.46932840e-01
6.26272917e-01
6.73598588e-01
6.37647629e-01
6.27477109e-01
6.66407824e-01
6.59949005e-01
6.30658150e-01
6.04872108e-01
6.37993038e-01
6.77544892e-01
6.37341678e-01
6.06137276e-01
6.53474092e-01
6.44874215e-01
6.39940500e-01
5.78385770e-01
6.07974589e-01
6.41647160e-01
6.29923403e-01
6.42719924e-01
6.37433290e-01
6.50771737e-01
6.57565892e-01
6.28323853e-01
6.24392986e-01
6.17187560e-01
6.48492992e-01
6.15756750e-01
6.37494147e-01
6.63402438e-01
6.17734849e-01
6.53388917e-01
6.67217970e-01
6.96444154e-01
6.94709778e-01
6.48002684e-01
6.02791369e-01
6.57497585e-01
6.34719193e-01
6.23480380e-01
6.45368576e-01
6.16790175e-01
6.60150290e-01
6.41257882e-01
6.20714188e-01
6.14691436e-01
6.45989418e-01
6.49505138e-01
6.05343342e-01
6.25656366e-01
6.34349108e-01
6.06957078e-01
6.21338665e-01
6.71894431e-01
6.53274298e-01
5.90517879e-01
6.00262225e-01
6.34562492e-01
6.22200012e-01
6.17350519e-01
6.39741540e-01
6.14637375e-01
6.10321343e-01
6.25794768e-01
6.46506667e-01
6.26136780e-01
6.24280870e-01
6.87559307e-01
6.43458962e-01
5.88110149e-01
6.72616303e-01
6.40854418e-01
5.91836393e-01
5.98804891e-01
6.06335282e-01
6.18596315e-01
6.44320071e-01
6.34276271e-01
6.23859107e-01
5.91876388e-01
6.21774912e-01
6.38304412e-01
6.10427141e-01
6.09749556e-01
6.04488015e-01
5.86743832e-01
6.01062417e-01
6.17509365e-01
6.22533739e-01
6.37686312e-01
6.34558916e-01
6.08132899e-01
6.45018876e-01
6.10720754e-01
6.35282338e-01
7.69898951e-01
7.70881653e-01
6.04528129e-01
6.23150289e-01
6.12358212e-01
6.17747903e-01
6.29887819e-01
5.99552274e-01
6.34836674e-01
6.37635648e-01
5.88115275e-01
6.02287292e-01
6.06070936e-01
5.99666297e-01
6.37087464e-01
6.90834761e-01
6.75249696e-01
5.52647948e-01
5.50540507e-01
6.60665214e-01
5.94725728e-01
6.17811739e-01
6.13544166e-01
6.04563594e-01
6.29387379e-01
6.13466918e-01
6.04069889e-01
5.35142601e-01
5.43374717e-01
5.71288526e-01
5.98457515e-01
6.16642416e-01
5.99020660e-01
6.10702753e-01
5.88625968e-01
5.78289211e-01
5.65468788e-01
5.78320622e-01
6.00173116e-01
5.74497819e-01
5.93738973e-01
6.17625237e-01
6.04531825e-01
6.11915410e-01
5.90011060e-01
6.08460903e-01
6.10733986e-01
6.05105937e-01
5.90874672e-01
5.79132378e-01
6.07747078e-01
6.08200133e-01
6.03315592e-01
5.97089946e-01
5.71085274e-01
5.82602739e-01
6.23075426e-01
5.94280243e-01
6.05985403e-01
6.14401221e-01
5.99182189e-01
6.01662874e-01
5.95349610e-01
5.84816456e-01
5.97370446e-01
5.86989522e-01
5.92501283e-01
6.09741807e-01
5.93905926e-01
5.91784358e-01
5.98825872e-01
5.90792358e-01
6.02975249e-01
6.11404538e-01
5.79459250e-01
6.12465143e-01
6.04216158e-01
5.84351778e-01
6.06511295e-01
5.91196954e-01
5.82042933e-01
5.71692228e-01
5.92800260e-01
6.02870882e-01
5.79967618e-01
5.79234183e-01
5.95019281e-01
5.86101651e-01
5.81753492e-01
5.86908638e-01
5.90220332e-01
6.01462305e-01
5.99787414e-01
5.91441631e-01
5.98191977e-01
5.84105432e-01
5.79789996e-01
5.89966178e-01
5.82390547e-01
6.14896655e-01
5.93512475e-01
5.78438759e-01
5.86366296e-01
5.97214997e-01
5.93968332e-01
6.15088344e-01
6.01895750e-01
5.73121488e-01
5.96396863e-01
6.00030303e-01
5.66343248e-01
6.00035429e-01
5.88894367e-01
5.75028479e-01
5.81569970e-01
5.83647728e-01
5.93302846e-01
5.65280676e-01
5.69694400e-01
5.64598382e-01
5.68809867e-01
6.22146666e-01
5.98103285e-01
5.66396415e-01
5.79938948e-01
6.03894234e-01
5.80851316e-01
5.64830244e-01
5.86822867e-01
5.79947472e-01
5.94189107e-01
5.84962606e-01
5.69215775e-01
5.66847503e-01
5.78402936e-01
5.69983602e-01
5.78925908e-01
6.07799649e-01
5.97040713e-01
5.80020547e-01
5.66109478e-01
5.86242914e-01
5.95836461e-01
5.66116214e-01
5.63585579e-01
5.56138396e-01
5.52661061e-01
5.56287467e-01
5.67748368e-01
5.53965747e-01
5.60457051e-01
6.00577474e-01
5.78769743e-01
5.72729647e-01
5.72613776e-01
5.72341561e-01
5.75994372e-01
5.47965705e-01
5.60108244e-01
5.79010248e-01
6.07533693e-01
5.78267753e-01
5.51493406e-01
5.66009641e-01
5.55283248e-01
5.69325745e-01
5.60773313e-01
5.43823123e-01
5.74107349e-01
6.28807843e-01
5.56648672e-01
5.78066230e-01
5.81654012e-01
6.17900312e-01
6.14995480e-01
5.60887814e-01
5.81555188e-01
6.13933146e-01
6.27833307e-01
5.53124905e-01
5.46197295e-01
5.52620590e-01
5.51099122e-01
5.27604103e-01
5.68724632e-01
5.53930104e-01
5.27860940e-01
5.72476327e-01
5.70599318e-01
5.41590273e-01
5.74702978e-01
5.83961368e-01
5.67747355e-01
5.59119165e-01
5.61065912e-01
5.49503148e-01
5.59450865e-01
5.71612418e-01
5.65796912e-01
5.57568550e-01
5.95631480e-01
5.87458849e-01
6.34413302e-01
6.13864243e-01
5.60306787e-01
5.92145622e-01
5.27828097e-01
5.73879361e-01
5.81788778e-01
5.76828778e-01
5.59072196e-01
5.48091590e-01
5.74122965e-01
5.47878921e-01
5.47307968e-01
5.53527176e-01
5.61074972e-01
5.70326090e-01
5.32960653e-01
5.59342742e-01
5.73171914e-01
5.49042702e-01
5.45233488e-01
5.60835421e-01
5.68265319e-01
5.41231394e-01
5.35283327e-01
5.53207397e-01
5.36656916e-01
5.27825594e-01
5.34773290e-01
5.54684639e-01
5.49152374e-01
5.76525390e-01
5.82998574e-01
5.68108678e-01
5.51104248e-01
5.39783120e-01
5.09227037e-01
5.36625266e-01
5.46370685e-01
5.44805884e-01
5.61126292e-01
5.37186384e-01
5.51512599e-01
5.28497279e-01
4.34263438e-01
4.05149877e-01
5.86160004e-01
6.03213131e-01
5.56711435e-01
5.49183726e-01
5.40335536e-01
5.61495066e-01
5.50081730e-01
5.30516624e-01
5.32683492e-01
5.51191151e-01
5.25240541e-01
4.81508285e-01
5.57011724e-01
5.38145185e-01
5.35667777e-01
5.32099545e-01
5.49590528e-01
5.08694768e-01
5.06009817e-01
5.44456124e-01
5.24122119e-01
5.28676212e-01
5.27937949e-01
5.02545893e-01
5.22377908e-01
5.34618735e-01
5.27681708e-01
5.43686092e-01
5.38304508e-01
5.20756483e-01
5.39462388e-01
5.27693689e-01
5.25848627e-01
5.23194909e-01
5.13021111e-01
5.23415446e-01
5.71317673e-01
4.92900163e-01
4.73154932e-01
5.45840800e-01
5.53567588e-01
5.44534624e-01
5.10593832e-01
5.21688044e-01
5.52179098e-01
5.56009889e-01
5.38742661e-01
5.38777053e-01
5.79444766e-01
5.36839962e-01
5.24819791e-01
5.18758655e-01
5.03102243e-01
5.22890925e-01
5.40465951e-01
5.11347950e-01
4.85902190e-01
5.11494398e-01
5.28877258e-01
5.13549685e-01
5.01430154e-01
5.15639365e-01
5.31082988e-01
5.32219529e-01
5.28122008e-01
5.39457977e-01
5.18918991e-01
5.39234638e-01
5.49010336e-01
5.29718637e-01
5.18788099e-01
5.09759068e-01
5.20384133e-01
5.28762519e-01
5.34939826e-01
5.13377130e-01
5.30185819e-01
5.42499304e-01
5.30623138e-01
5.20032406e-01
5.14463305e-01
5.23657560e-01
5.15417695e-01
5.02872467e-01
5.13870656e-01
5.14434576e-01
5.26053190e-01
5.19144058e-01
5.27143121e-01
5.24233341e-01
5.11977494e-01
4.89231735e-01
5.30418575e-01
5.37952662e-01
5.25742948e-01
5.63170075e-01
5.39932609e-01
5.09090066e-01
5.31454265e-01
5.57085395e-01
5.29551625e-01
5.03859520e-01
5.28560579e-01
4.74553049e-01
5.02301693e-01
5.21310747e-01
5.02097726e-01
5.55600941e-01
5.24582505e-01
5.41648090e-01
5.20423234e-01
4.81040001e-01
5.24231613e-01
5.20990908e-01
4.99692589e-01
5.16825378e-01
4.86303180e-01
5.25713861e-01
5.02832055e-01
5.01861095e-01
5.07262468e-01
5.13442636e-01
5.29021025e-01
5.00778615e-01
4.68764842e-01
5.44513524e-01
5.31666458e-01
5.04728734e-01
5.23893237e-01
5.26695669e-01
5.01274943e-01
4.94489610e-01
5.16073048e-01
5.07829905e-01
5.14444590e-01
5.03790915e-01
4.97562170e-01
4.95189041e-01
5.06378770e-01
5.04597962e-01
4.95027304e-01
5.32942235e-01
5.33715665e-01
5.01452684e-01
5.11618733e-01
4.89603400e-01
4.86867249e-01
5.10243773e-01
5.09959936e-01
5.12979865e-01
5.17352164e-01
5.11671066e-01
5.17356277e-01
5.15600681e-01
5.21250963e-01
5.06147444e-01
5.15548468e-01
5.07960975e-01
4.88341004e-01
4.92744595e-01
4.94019061e-01
4.91692930e-01
4.93890852e-01
4.91115063e-01
4.88773048e-01
4.80758220e-01
4.56576377e-01
5.57100356e-01
5.27538478e-01
5.26719332e-01
5.16123116e-01
5.34491539e-01
5.75592697e-01
4.89793479e-01
5.31974196e-01
5.64891458e-01
5.62238097e-01
5.42676687e-01
5.15730917e-01
4.87334102e-01
5.16579390e-01
4.73271579e-01
4.73671734e-01
5.38243353e-01
4.99498576e-01
4.75307107e-01
5.08588552e-01
5.02928913e-01
5.07245421e-01
4.79853243e-01
4.59159106e-01
4.96247888e-01
4.86036927e-01
5.06583273e-01
5.04974425e-01
4.91680682e-01
5.09446740e-01
4.71528411e-01
3.61194015e-01
4.82870072e-01
6.45587385e-01
5.98913252e-01
5.21203756e-01
3.83644313e-01
4.75611806e-01
5.12483001e-01
4.99844253e-01
4.75570917e-01
4.89430964e-01
5.01446724e-01
4.96323943e-01
5.10288477e-01
5.27265668e-01
4.96779978e-01
4.69671458e-01
4.99391764e-01
4.95355099e-01
4.44860339e-01
4.69358891e-01
4.92087543e-01
4.84173864e-01
4.88493145e-01
4.96077925e-01
4.88110512e-01
4.64906067e-01
4.74047244e-01
5.18312812e-01
4.82509285e-01
4.88752156e-01
5.06767631e-01
5.02354264e-01
5.16913891e-01
4.90250677e-01
4.81905460e-01
4.82924551e-01
5.48524082e-01
5.38805664e-01
5.05564809e-01
4.99602407e-01
4.66058254e-01
4.59959835e-01
4.78225112e-01
4.94398654e-01
5.41844249e-01
4.95916128e-01
3.91871870e-01
5.15572727e-01
5.00864208e-01
4.79117870e-01
5.00692129e-01
4.92619872e-01
4.86775815e-01
4.88198042e-01
4.77404296e-01
4.90467697e-01
5.20247459e-01
4.57025111e-01
4.50163960e-01
5.01714528e-01
4.98855531e-01
5.04808724e-01
5.10270953e-01
4.82049823e-01
4.12500739e-01
4.24666911e-01
5.10834932e-01
4.68653917e-01
4.79490370e-01
4.52620178e-01
4.67648149e-01
4.86126542e-01
4.73229736e-01
4.73252416e-01
4.91248697e-01
4.61684674e-01
4.67221767e-01
4.57241535e-01
4.10711855e-01
4.34273124e-01
4.74184036e-01
4.56598997e-01
5.31163037e-01
5.59381425e-01
3.78663808e-01
3.26110512e-01
5.18718123e-01
