3.53084898e+00
3.56939340e+00
3.61466837e+00
3.59319282e+00
3.58405662e+00
3.63350773e+00
3.57802486e+00
3.60640264e+00
3.66332102e+00
3.59464478e+00
3.63114262e+00
3.68458676e+00
3.63181829e+00
3.65926933e+00
3.66457081e+00
3.63462877e+00
3.65994525e+00
3.59722948e+00
3.59629107e+00
3.62196493e+00
3.63891912e+00
3.62842560e+00
3.61563039e+00
3.66322470e+00
3.60855889e+00
3.57613087e+00
3.62090182e+00
3.59650183e+00
3.61998200e+00
3.58588409e+00
3.54881263e+00
3.51798058e+00
3.49517655e+00
3.53563380e+00
3.53966761e+00
3.53789973e+00
3.47437596e+00
3.45075464e+00
3.43163300e+00
3.47108841e+00
3.38880754e+00
3.35598016e+00
3.35070133e+00
3.35075068e+00
3.37012506e+00
3.28174615e+00
3.32354760e+00
3.38479543e+00
3.42270160e+00
3.47068787e+00
3.47463536e+00
3.43681955e+00
3.47532296e+00
3.52063656e+00
3.46235800e+00
3.53477454e+00
3.57760048e+00
3.55644751e+00
3.59998035e+00
3.59127545e+00
3.56194592e+00
3.60647082e+00
3.66536212e+00
3.62329340e+00
3.61357236e+00
3.60946679e+00
3.61775088e+00
3.62252712e+00
3.58177638e+00
3.53937531e+00
3.55462480e+00
3.55191302e+00
3.51280546e+00
3.58474541e+00
3.60181212e+00
3.58647633e+00
3.55868149e+00
3.56233764e+00
3.52422214e+00
3.48001432e+00
3.47374725e+00
3.47576380e+00
3.41702843e+00
3.40375757e+00
3.42698765e+00
3.39916444e+00
3.36851788e+00
3.33904910e+00
3.30766988e+00
3.29632974e+00
3.31976080e+00
3.23574567e+00
3.18147802e+00
3.15539575e+00
3.12803888e+00
3.13053942e+00
3.09100151e+00
3.06786513e+00
3.02668285e+00
2.95669460e+00
2.91212869e+00
2.88671494e+00
2.86951518e+00
2.86199641e+00
2.80675840e+00
2.83966255e+00
2.86140871e+00
2.89177346e+00
2.94819403e+00
2.95530224e+00
3.00208068e+00
3.02403092e+00
3.03277159e+00
3.10731626e+00
3.15897155e+00
3.16686606e+00
3.19613814e+00
3.22802806e+00
3.23197603e+00
3.31309581e+00
3.30857944e+00
3.35848665e+00
3.36666059e+00
3.41373658e+00
3.41552734e+00
3.42921400e+00
3.50992036e+00
3.48575139e+00
3.47737026e+00
3.54536033e+00
3.56017160e+00
3.57714534e+00
3.59781027e+00
3.59065914e+00
3.59035397e+00
3.61859798e+00
3.62353277e+00
3.61468434e+00
3.60705209e+00
3.63446474e+00
3.62480903e+00
3.61481786e+00
3.61680007e+00
3.61432433e+00
3.63889956e+00
3.66604924e+00
3.61254883e+00
3.62643099e+00
3.62522411e+00
3.63148451e+00
3.63298655e+00
3.60289884e+00
3.52258134e+00
3.51909685e+00
3.51389408e+00
3.54222965e+00
3.57036686e+00
3.53742123e+00
3.54241633e+00
3.52271628e+00
3.51013064e+00
3.50029206e+00
3.43932438e+00
3.42725015e+00
3.38757372e+00
3.36943531e+00
3.37177229e+00
3.35112524e+00
3.29560494e+00
3.29519701e+00
3.26726413e+00
3.23059154e+00
3.22088051e+00
3.19358802e+00
3.13852954e+00
3.10117698e+00
3.08943415e+00
3.03303623e+00
3.00987720e+00
2.94223332e+00
2.93177915e+00
2.87476540e+00
2.81285977e+00
2.77529836e+00
2.72940516e+00
2.69840455e+00
2.65518093e+00
2.57052732e+00
2.54375172e+00
2.48164439e+00
2.41068530e+00
2.38571239e+00
2.30715394e+00
2.28618097e+00
2.29599118e+00
2.34776402e+00
2.40159178e+00
2.41609645e+00
2.47338939e+00
2.52985024e+00
2.56894827e+00
2.63742852e+00
2.66703367e+00
2.73267651e+00
2.76074004e+00
2.76095772e+00
2.79800010e+00
2.83033848e+00
2.89448071e+00
2.93325353e+00
2.97249579e+00
3.02313662e+00
3.05009818e+00
3.07659221e+00
3.11178660e+00
3.15393543e+00
3.19547677e+00
3.19547725e+00
3.24112248e+00
3.27934813e+00
3.32534623e+00
3.33737493e+00
3.35047817e+00
3.36286283e+00
3.39312077e+00
3.42378545e+00
3.45681548e+00
3.47976422e+00
3.52932072e+00
3.55170465e+00
3.55385613e+00
3.55024600e+00
3.57206416e+00
3.62193394e+00
3.61557508e+00
3.58476067e+00
3.60911846e+00
3.66708064e+00
3.63899779e+00
3.65697002e+00
3.68837690e+00
3.66384196e+00
3.68130517e+00
3.70527244e+00
3.67150950e+00
3.68642688e+00
3.68776131e+00
3.70783544e+00
3.71781135e+00
3.70759058e+00
3.70838809e+00
3.72262383e+00
3.74048495e+00
3.75079417e+00
3.76635623e+00
3.75360179e+00
3.73173165e+00
3.76995182e+00
3.76714492e+00
3.73992991e+00
3.77311802e+00
3.75373220e+00
3.77608085e+00
3.76221752e+00
3.76784492e+00
3.75234795e+00
3.73428011e+00
3.74396467e+00
3.76662278e+00
3.72440720e+00
3.74839640e+00
3.72018409e+00
3.71783042e+00
3.72717953e+00
3.67638326e+00
3.70052648e+00
3.69721007e+00
3.64558482e+00
3.66951656e+00
3.64050412e+00
3.63841891e+00
3.67202497e+00
3.63720298e+00
3.63474965e+00
3.64933586e+00
3.61948919e+00
3.58069515e+00
3.59517860e+00
3.54458952e+00
3.53499031e+00
3.53230357e+00
3.51276827e+00
3.48308849e+00
3.48736739e+00
3.44859171e+00
3.43187165e+00
3.40534496e+00
3.35848546e+00
3.36114573e+00
3.33552051e+00
3.30251765e+00
3.26375914e+00
3.23867083e+00
3.22897267e+00
3.18115807e+00
3.14613938e+00
3.11085582e+00
3.09290099e+00
3.06403685e+00
3.00311279e+00
2.98235250e+00
2.96972585e+00
2.89102507e+00
2.90341091e+00
2.89614320e+00
2.80510020e+00
2.77081347e+00
2.74342966e+00
2.71241689e+00
2.66504979e+00
2.62296510e+00
2.58700824e+00
2.53029943e+00
2.47716475e+00
2.42116261e+00
2.39909887e+00
2.33902168e+00
2.30112243e+00
2.26776481e+00
2.22533703e+00
2.15443301e+00
2.07715178e+00
2.03660989e+00
2.00071692e+00
1.91098499e+00
1.87357104e+00
1.89949346e+00
1.91759598e+00
1.97747624e+00
2.05192447e+00
2.08189511e+00
2.14824772e+00
2.19828248e+00
2.21207881e+00
2.28761292e+00
2.32946897e+00
2.39114213e+00
2.42531681e+00
2.42107129e+00
2.48842049e+00
2.55637884e+00
2.59715939e+00
2.62512231e+00
2.64375305e+00
2.70671201e+00
2.72480798e+00
2.76082134e+00
2.79638028e+00
2.80399680e+00
2.84179616e+00
2.85184121e+00
2.88203979e+00
2.91411591e+00
2.93850780e+00
2.99969912e+00
2.99303031e+00
3.04362011e+00
3.06757522e+00
3.08333826e+00
3.10786891e+00
3.09913230e+00
3.11659431e+00
3.15103030e+00
3.18597150e+00
3.18998337e+00
3.20032668e+00
3.23842478e+00
3.26382732e+00
3.26175189e+00
3.29525232e+00
3.31728721e+00
3.32806873e+00
3.33167744e+00
3.36965489e+00
3.36215663e+00
3.35762930e+00
3.37674260e+00
3.40901327e+00
3.41391134e+00
3.41610861e+00
3.44236398e+00
3.43196177e+00
3.43306470e+00
3.46414685e+00
3.49164820e+00
3.47796917e+00
3.47132015e+00
3.47348523e+00
3.49819160e+00
3.48479056e+00
3.48438668e+00
3.49614882e+00
3.51102781e+00
3.50514483e+00
3.51076460e+00
3.50969934e+00
3.55855036e+00
3.57552886e+00
3.53829098e+00
3.55374408e+00
3.56624317e+00
3.59259796e+00
3.60462308e+00
3.60918236e+00
3.59126663e+00
3.62254095e+00
3.61723304e+00
3.59229040e+00
3.59870911e+00
3.61298776e+00
3.61039710e+00
3.57183957e+00
3.58729935e+00
3.61188173e+00
3.58798647e+00
3.59315872e+00
3.59067225e+00
3.53996253e+00
3.57123041e+00
3.61888742e+00
3.59622216e+00
3.60653257e+00
3.58925295e+00
3.56517005e+00
3.58193779e+00
3.58141661e+00
3.57532525e+00
3.60673976e+00
3.60283351e+00
3.60587883e+00
3.61837506e+00
3.63516808e+00
3.59162545e+00
3.59349394e+00
3.60819983e+00
3.58478451e+00
3.62001061e+00
3.61641407e+00
3.57324624e+00
3.59120560e+00
3.61164284e+00
3.56613088e+00
3.58073115e+00
3.57470632e+00
3.57261038e+00
3.57612133e+00
3.57353902e+00
3.56848097e+00
3.57569361e+00
3.55821705e+00
3.52794862e+00
3.55863214e+00
3.55659366e+00
3.54177284e+00
3.52604723e+00
3.53032160e+00
3.54598689e+00
3.52052736e+00
3.51060581e+00
3.53250384e+00
3.51873851e+00
3.53596020e+00
3.53502584e+00
3.50970507e+00
3.50722241e+00
3.49603152e+00
3.47855639e+00
3.47922850e+00
3.50637794e+00
3.50562000e+00
3.49446464e+00
3.48232579e+00
3.50431156e+00
3.45118904e+00
3.46758318e+00
3.46426773e+00
3.41650796e+00
3.44439340e+00
3.43390179e+00
3.46106958e+00
3.45600724e+00
3.42793036e+00
3.41121650e+00
3.41339588e+00
3.41943240e+00
3.40193081e+00
3.42167115e+00
3.37947750e+00
3.37186718e+00
3.39324427e+00
3.36044884e+00
3.37387538e+00
3.34377217e+00
3.35205197e+00
3.34340644e+00
3.32350540e+00
3.32298088e+00
3.31744933e+00
3.32004094e+00
3.29633427e+00
3.27793479e+00
3.26297617e+00
3.28789830e+00
3.26908207e+00
3.24041080e+00
3.25061631e+00
3.23598957e+00
3.22066355e+00
3.22367263e+00
3.20435190e+00
3.18219829e+00
3.19444180e+00
3.17915416e+00
3.16797113e+00
3.14356852e+00
3.14551282e+00
3.14170361e+00
3.12828517e+00
3.09681535e+00
3.08458304e+00
3.06988335e+00
3.05075765e+00
3.06343818e+00
3.03646135e+00
3.02505946e+00
3.03552794e+00
3.01423550e+00
2.97549319e+00
2.92769265e+00
2.92904925e+00
2.89887381e+00
2.88558578e+00
2.89293528e+00
2.83981490e+00
2.82203507e+00
2.80053377e+00
2.76158190e+00
2.77611995e+00
2.75071931e+00
2.71108127e+00
2.68179989e+00
2.67846417e+00
2.65286970e+00
2.61170721e+00
2.58929038e+00
2.54392338e+00
2.55415583e+00
2.53314352e+00
2.46644354e+00
2.42762136e+00
2.42701030e+00
2.35935235e+00
2.32923317e+00
2.31047678e+00
2.25398684e+00
2.24933648e+00
2.18663669e+00
2.16252971e+00
2.11395478e+00
2.06650043e+00
2.05219293e+00
1.99073827e+00
1.96972990e+00
1.93739450e+00
1.87663972e+00
1.83565307e+00
1.80128288e+00
1.73575568e+00
1.67076528e+00
1.59745705e+00
1.51875079e+00
1.51496339e+00
1.52043843e+00
1.58706820e+00
1.67259026e+00
1.72048056e+00
1.76551008e+00
1.79809475e+00
1.85724854e+00
1.90967596e+00
1.91892815e+00
1.97595799e+00
2.02778578e+00
2.06009793e+00
2.10066462e+00
2.11409974e+00
2.15260911e+00
2.17678761e+00
2.21804142e+00
2.24088073e+00
2.27414656e+00
2.30020070e+00
2.33431101e+00
2.37728286e+00
2.37317562e+00
2.39283299e+00
2.42587996e+00
2.48289418e+00
2.49554896e+00
2.51842713e+00
2.53882480e+00
2.53209424e+00
2.55817699e+00
2.58265066e+00
2.61150932e+00
2.61522436e+00
2.62451220e+00
2.66656685e+00
2.68082452e+00
2.66609216e+00
2.69761348e+00
2.70674706e+00
2.73657274e+00
2.75695229e+00
2.75648808e+00
2.77538371e+00
2.78816867e+00
2.78616667e+00
2.81215978e+00
2.81331730e+00
2.81772256e+00
2.82953024e+00
2.85143185e+00
2.84548903e+00
2.85147333e+00
2.85790038e+00
2.85528040e+00
2.87843657e+00
2.91098738e+00
2.89599061e+00
2.88077092e+00
2.91139221e+00
2.88580203e+00
2.88820982e+00
2.94379115e+00
2.94410062e+00
2.92809248e+00
2.96366119e+00
2.93828154e+00
2.93289447e+00
2.96314287e+00
2.96279144e+00
2.97823715e+00
2.97219586e+00
2.97153497e+00
2.97798896e+00
2.98132277e+00
2.99301934e+00
2.98239541e+00
2.97878289e+00
2.96951962e+00
3.00467014e+00
3.00007701e+00
2.97307181e+00
2.97118711e+00
2.99227238e+00
2.97431087e+00
2.97466493e+00
3.02786827e+00
3.00252986e+00
2.99393559e+00
2.97506809e+00
2.99921465e+00
3.00079989e+00
2.96339941e+00
3.00347972e+00
3.01328230e+00
2.99122834e+00
2.99825382e+00
2.99343586e+00
2.99135208e+00
2.98055410e+00
2.98999739e+00
2.99442363e+00
2.98546815e+00
2.97669411e+00
3.00327468e+00
2.98454165e+00
2.97773027e+00
2.97905087e+00
2.98463368e+00
2.99587703e+00
2.99474454e+00
2.98352957e+00
2.97656870e+00
2.99355173e+00
2.98846722e+00
2.98468924e+00
2.99043417e+00
2.98095083e+00
3.01059818e+00
3.02197528e+00
2.99707603e+00
2.99686837e+00
3.01046824e+00
2.98180032e+00
2.99443841e+00
2.98170233e+00
2.97189522e+00
2.98631716e+00
3.01114345e+00
2.96703267e+00
2.98464489e+00
2.98763490e+00
2.98552465e+00
2.98229456e+00
2.99188709e+00
2.98455286e+00
2.95461917e+00
2.98387766e+00
2.98343205e+00
2.98012757e+00
2.99595594e+00
2.99029231e+00
2.98451352e+00
2.97277713e+00
2.97263408e+00
2.97518730e+00
2.99658394e+00
2.96253657e+00
2.95653009e+00
2.96186996e+00
2.95297551e+00
2.94714999e+00
2.95260191e+00
2.95798349e+00
2.94967842e+00
2.95282173e+00
2.94924355e+00
2.93986249e+00
2.94097471e+00
2.91652918e+00
2.92057776e+00
2.92117524e+00
2.92805409e+00
2.94452095e+00
2.93606544e+00
2.94188452e+00
2.93598557e+00
2.94835424e+00
2.91855645e+00
2.92456746e+00
2.91666198e+00
2.91458797e+00
2.91563869e+00
2.91959286e+00
2.91814995e+00
2.90388489e+00
2.90072966e+00
2.91875625e+00
2.90684319e+00
2.93152595e+00
2.90822935e+00
2.90046048e+00
2.91868329e+00
2.93200612e+00
2.91158700e+00
2.89777923e+00
2.90937090e+00
2.88075233e+00
2.88306451e+00
2.87472701e+00
2.86742187e+00
2.89247632e+00
2.87914228e+00
2.88217092e+00
2.87303281e+00
2.87318945e+00
2.87998462e+00
2.86166000e+00
2.86641455e+00
2.86010695e+00
2.88437033e+00
2.87721562e+00
2.86746073e+00
2.88055611e+00
2.88061333e+00
2.88551331e+00
2.85836840e+00
2.87514544e+00
2.88721609e+00
2.86587596e+00
2.86496639e+00
2.87435508e+00
2.84750152e+00
2.85534739e+00
2.83988214e+00
2.84530210e+00
2.83274722e+00
2.83238363e+00
2.81996083e+00
2.81771278e+00
2.83046579e+00
2.83384728e+00
2.80733848e+00
2.79807901e+00
2.78486109e+00
2.78438663e+00
2.81471419e+00
2.80774665e+00
2.79384875e+00
2.78100872e+00
2.77143502e+00
2.79698968e+00
2.78785014e+00
2.77594018e+00
2.77791333e+00
2.78577161e+00
2.78232026e+00
2.77361703e+00
2.75973558e+00
2.78433418e+00
2.79125834e+00
2.78205466e+00
2.78299093e+00
2.77088785e+00
2.77009439e+00
2.75753808e+00
2.76553345e+00
2.75921798e+00
2.75018287e+00
2.76724935e+00
2.76095653e+00
2.74893761e+00
2.76242733e+00
2.74274039e+00
2.73664284e+00
2.72719169e+00
2.74692440e+00
2.73869801e+00
2.73767710e+00
2.72324538e+00
2.72088265e+00
2.70864892e+00
2.71380711e+00
2.72342825e+00
2.72183394e+00
2.71220875e+00
2.72217464e+00
2.71429372e+00
2.68996692e+00
2.70306730e+00
2.70273066e+00
2.69981027e+00
2.68126774e+00
2.68305945e+00
2.70980906e+00
2.67245960e+00
2.68117452e+00
2.68895364e+00
2.67849851e+00
2.68333626e+00
2.69023585e+00
2.68203783e+00
2.67734718e+00
2.66964650e+00
2.67039418e+00
2.65503478e+00
2.68329430e+00
2.67970657e+00
2.66984940e+00
2.69467044e+00
2.67883515e+00
2.66318202e+00
2.64807677e+00
2.65453196e+00
2.67040825e+00
2.64609814e+00
2.66856837e+00
2.65859342e+00
2.64186454e+00
2.66149783e+00
2.64872718e+00
2.64658523e+00
2.64366317e+00
2.64114523e+00
2.64195657e+00
2.64589310e+00
2.63449740e+00
2.61106777e+00
2.64785099e+00
2.63524866e+00
2.60132694e+00
2.62022161e+00
2.63974857e+00
2.63530922e+00
2.61606503e+00
2.64597487e+00
2.62725425e+00
2.61298823e+00
2.62481642e+00
2.61788702e+00
2.60403824e+00
2.59625840e+00
2.61138725e+00
2.60064316e+00
2.59045959e+00
2.59648013e+00
2.61011791e+00
2.58941627e+00
2.56190348e+00
2.57864571e+00
2.59809566e+00
2.58121514e+00
2.56834292e+00
2.54115748e+00
2.57016373e+00
2.58050442e+00
2.54502749e+00
2.56032968e+00
2.56463289e+00
2.56487608e+00
2.57058167e+00
2.57527065e+00
2.57843685e+00
2.55758286e+00
2.54517984e+00
2.56112266e+00
2.54522204e+00
2.54537630e+00
2.53685641e+00
2.53200817e+00
2.53661442e+00
2.52102304e+00
2.52281833e+00
2.52649355e+00
2.52408504e+00
2.52980614e+00
2.51671076e+00
2.50099993e+00
2.51660490e+00
2.50479722e+00
2.47391677e+00
2.50093818e+00
2.51218247e+00
2.49908638e+00
2.49224377e+00
2.47809243e+00
2.47772884e+00
2.47993708e+00
2.45929813e+00
2.46391249e+00
2.47777677e+00
2.44644284e+00
2.45299101e+00
2.46507096e+00
2.45701289e+00
2.45294523e+00
2.47737837e+00
2.45141959e+00
2.44345117e+00
2.43939447e+00
2.44259334e+00
2.43752980e+00
2.42776442e+00
2.42098451e+00
2.43101382e+00
2.41028070e+00
2.40505862e+00
2.41279054e+00
2.40056086e+00
2.41898465e+00
2.41473150e+00
2.38636494e+00
2.39122772e+00
2.39566898e+00
2.39299226e+00
2.37454653e+00
2.39326286e+00
2.38014364e+00
2.37967706e+00
2.39011908e+00
2.37812448e+00
2.38328004e+00
2.35719395e+00
2.35048914e+00
2.35273552e+00
2.33733773e+00
2.34694529e+00
2.35520315e+00
2.33203077e+00
2.32634568e+00
2.33307791e+00
2.33384228e+00
2.30885935e+00
2.29500890e+00
2.30020094e+00
2.29772019e+00
2.29394007e+00
2.28309703e+00
2.26796818e+00
2.27038932e+00
2.26891947e+00
2.25317812e+00
2.25170350e+00
2.26477408e+00
2.23933291e+00
2.23443079e+00
2.22027349e+00
2.23128843e+00
2.22635818e+00
2.19784403e+00
2.19436264e+00
2.18397450e+00
2.17138481e+00
2.18668389e+00
2.17312074e+00
2.15680480e+00
2.15731263e+00
2.16651964e+00
2.14715195e+00
2.13610411e+00
2.11804533e+00
2.11242437e+00
2.10861516e+00
2.09457350e+00
2.08941722e+00
2.07242012e+00
2.04225659e+00
2.05379343e+00
2.05114770e+00
2.02959251e+00
2.02231741e+00
2.01547909e+00
1.98346102e+00
1.97788632e+00
1.95967448e+00
1.95432234e+00
1.94561887e+00
1.91900110e+00
1.91323757e+00
1.90263760e+00
1.88486481e+00
1.86936486e+00
1.84214437e+00
1.82234025e+00
1.81059575e+00
1.81760585e+00
1.80146945e+00
1.76263547e+00
1.75640190e+00
1.73690033e+00
1.71075714e+00
1.68696523e+00
1.66720033e+00
1.65216160e+00
1.61292326e+00
1.58861566e+00
1.57999146e+00
1.54805064e+00
1.51372600e+00
1.51174915e+00
1.48275590e+00
1.45212674e+00
1.43648696e+00
1.41803980e+00
1.37869310e+00
1.34368575e+00
1.31249058e+00
1.28404498e+00
1.23577929e+00
1.17407227e+00
1.11562240e+00
1.08273494e+00
1.09089935e+00
1.13911808e+00
1.21262372e+00
1.25383878e+00
1.29493344e+00
1.31224096e+00
1.34674037e+00
1.38011122e+00
1.39302003e+00
1.42272902e+00
1.45695174e+00
1.48630869e+00
1.51357484e+00
1.52910578e+00
1.54692006e+00
1.57232821e+00
1.59561002e+00
1.59094071e+00
1.61397457e+00
1.64044392e+00
1.66746306e+00
1.66698503e+00
1.68500972e+00
1.71755123e+00
1.71610272e+00
1.74019766e+00
1.76171219e+00
1.76875937e+00
1.78664947e+00
1.78976941e+00
1.80205238e+00
1.81221938e+00
1.83308697e+00
1.84248841e+00
1.84840620e+00
1.85205114e+00
1.85397577e+00
1.87668526e+00
1.88311744e+00
1.88247800e+00
1.89782953e+00
1.91338491e+00
1.92003477e+00
1.93717349e+00
1.92515314e+00
1.94029927e+00
1.96546030e+00
1.94975233e+00
1.95413291e+00
1.95118928e+00
1.97176945e+00
1.98480082e+00
1.95948207e+00
1.97952056e+00
1.99819291e+00
1.99488580e+00
1.99097776e+00
1.99851024e+00
2.00674367e+00
2.01337838e+00
2.02149820e+00
2.02137351e+00
2.01860404e+00
2.02323651e+00
2.01427174e+00
2.02496147e+00
2.03371763e+00
2.03088474e+00
2.05079246e+00
2.04760170e+00
2.02798271e+00
2.05041647e+00
2.06347108e+00
2.03482246e+00
2.05027175e+00
2.06036568e+00
2.02883983e+00
2.03777480e+00
2.05991745e+00
2.04601622e+00
2.04194021e+00
2.04915524e+00
2.04117608e+00
2.05959725e+00
2.04309177e+00
2.03824830e+00
2.05646825e+00
2.04113579e+00
2.06003332e+00
2.06080604e+00
2.05126166e+00
2.04071951e+00
2.04795671e+00
2.04981685e+00
2.04640841e+00
2.06804609e+00
2.04871702e+00
2.04786634e+00
2.04844379e+00
2.04212856e+00
2.06037164e+00
2.07030845e+00
2.05696559e+00
2.04676533e+00
2.05720329e+00
2.05293131e+00
2.05515814e+00
2.05150962e+00
2.04451108e+00
2.05425429e+00
2.05619001e+00
2.05946398e+00
2.03999233e+00
2.04967427e+00
2.04671192e+00
2.04881644e+00
2.04606247e+00
2.04227781e+00
2.05517793e+00
2.05354142e+00
2.05262351e+00
2.03508544e+00
2.03442073e+00
2.03859043e+00
2.04524231e+00
2.03552938e+00
2.03914237e+00
2.04163623e+00
2.05646682e+00
2.03361034e+00
2.04058576e+00
2.03104043e+00
2.03188968e+00
2.04394627e+00
2.02573037e+00
2.03838468e+00
2.04146504e+00
2.03402543e+00
2.03324509e+00
2.03630900e+00
2.04388189e+00
2.02818370e+00
2.02426839e+00
2.02163100e+00
2.01378727e+00
2.02185488e+00
2.02361274e+00
2.01763415e+00
2.02941227e+00
2.03540468e+00
2.02138352e+00
2.02144217e+00
2.02892280e+00
2.02206397e+00
2.02003360e+00
2.02394962e+00
2.02153301e+00
2.00941443e+00
2.00097585e+00
2.01427960e+00
2.00583005e+00
2.00424862e+00
2.00829887e+00
2.01145554e+00
2.01279116e+00
2.00922704e+00
2.00730729e+00
2.00184655e+00
1.99083292e+00
1.99812746e+00
2.00551581e+00
1.99564755e+00
1.99272561e+00
1.99574053e+00
1.98597622e+00
1.98929751e+00
1.98644221e+00
1.97781348e+00
1.98421288e+00
1.98117650e+00
1.98876774e+00
1.97613406e+00
1.99566233e+00
2.00082874e+00
1.98766208e+00
1.98590648e+00
1.97625995e+00
1.97948241e+00
1.97292197e+00
1.96556020e+00
1.97248054e+00
1.97496581e+00
1.96740282e+00
1.96124721e+00
1.96856809e+00
1.97508192e+00
1.97300971e+00
1.96327305e+00
1.94784284e+00
1.94872272e+00
1.96332741e+00
1.95384383e+00
1.94739044e+00
1.95664883e+00
1.95498478e+00
1.95345128e+00
1.95271933e+00
1.95656693e+00
1.95393145e+00
1.94302464e+00
1.94776094e+00
1.95011806e+00
1.94641435e+00
1.95697260e+00
1.94695890e+00
1.93581760e+00
1.92519438e+00
1.93321383e+00
1.92937613e+00
1.91441154e+00
1.91986287e+00
1.92096221e+00
1.92948329e+00
1.92331207e+00
1.92251205e+00
1.91655874e+00
1.93213689e+00
1.91802037e+00
1.92256975e+00
1.91480851e+00
1.91679513e+00
1.91888928e+00
1.91028547e+00
1.93020153e+00
1.92103827e+00
1.91657388e+00
1.90845919e+00
1.91122198e+00
1.92181098e+00
1.91585290e+00
1.91783237e+00
1.91634476e+00
1.89548647e+00
1.88838303e+00
1.89253688e+00
1.88154376e+00
1.88779163e+00
1.90594661e+00
1.89213073e+00
1.88161933e+00
1.89157021e+00
1.87915063e+00
1.87653661e+00
1.87688911e+00
1.87850070e+00
1.88772249e+00
1.87366199e+00
1.87458050e+00
1.87951398e+00
1.86459172e+00
1.86817920e+00
1.87918472e+00
1.86727226e+00
1.86378348e+00
1.87364924e+00
1.86986053e+00
1.85522127e+00
1.85518909e+00
1.85545301e+00
1.84745502e+00
1.84459138e+00
1.84953678e+00
1.84399414e+00
1.84651089e+00
1.83420038e+00
1.82607889e+00
1.84009373e+00
1.82401550e+00
1.81479800e+00
1.82353997e+00
1.82843542e+00
1.83517897e+00
1.82527554e+00
1.82566762e+00
1.82787561e+00
1.83816743e+00
1.83209264e+00
1.83409429e+00
1.82511914e+00
1.81743431e+00
1.83339036e+00
1.83885288e+00
1.81445527e+00
1.81824088e+00
1.83133030e+00
1.81075954e+00
1.82444954e+00
1.81750882e+00
1.80966091e+00
1.81253135e+00
1.80617583e+00
1.80427897e+00
1.82112050e+00
1.82107866e+00
1.79343235e+00
1.81525397e+00
1.79400659e+00
1.78581989e+00
1.79630494e+00
1.79385817e+00
1.79031074e+00
1.78966045e+00
1.79859591e+00
1.79494143e+00
1.79663002e+00
1.79241049e+00
1.78684235e+00
1.79762161e+00
1.78218269e+00
1.79103899e+00
1.80111396e+00
1.79082978e+00
1.77686083e+00
1.77067256e+00
1.78501022e+00
1.78888619e+00
1.77892613e+00
1.77517736e+00
1.77615237e+00
1.76003373e+00
1.77576816e+00
1.77805960e+00
1.76824927e+00
1.75963235e+00
1.75723922e+00
1.76695418e+00
1.76179755e+00
1.75645077e+00
1.73394513e+00
1.74876118e+00
1.75859225e+00
1.74493670e+00
1.75250328e+00
1.75688446e+00
1.75659621e+00
1.74212503e+00
1.73982167e+00
1.74509668e+00
1.73376048e+00
1.74416554e+00
1.75088477e+00
1.73344028e+00
1.75435746e+00
1.74461353e+00
1.73369861e+00
1.72824037e+00
1.73931444e+00
1.74219131e+00
1.73329473e+00
1.72701252e+00
1.72149014e+00
1.72884595e+00
1.72723353e+00
1.73597991e+00
1.71944451e+00
1.71669877e+00
1.70647931e+00
1.73172641e+00
1.72325325e+00
1.71421587e+00
1.71372235e+00
1.70922852e+00
1.71441293e+00
1.71348381e+00
1.71510863e+00
1.70786655e+00
1.70984828e+00
1.70655894e+00
1.69534445e+00
1.70115936e+00
1.69908094e+00
1.69130170e+00
1.70820582e+00
1.69610381e+00
1.69443488e+00
1.68329513e+00
1.67490065e+00
1.69738615e+00
1.69886768e+00
1.68524790e+00
1.68814027e+00
1.68508136e+00
1.68191671e+00
1.68119347e+00
1.69264174e+00
1.68838203e+00
1.67868805e+00
1.66999972e+00
1.66527498e+00
1.67088044e+00
1.67844987e+00
1.66914070e+00
1.66204715e+00
1.65566599e+00
1.64330602e+00
1.65082145e+00
1.66199768e+00
1.64490867e+00
1.63841271e+00
1.64836299e+00
1.66210353e+00
1.64684510e+00
1.64699411e+00
1.66121757e+00
1.66616464e+00
1.65531361e+00
1.64708257e+00
1.66247070e+00
1.66434062e+00
1.64376986e+00
1.65615225e+00
1.64240110e+00
1.64292073e+00
1.65808320e+00
1.64093792e+00
1.65877557e+00
1.64885139e+00
1.63194180e+00
1.63830364e+00
1.65400016e+00
1.64231038e+00
1.62038982e+00
1.63085961e+00
1.63722456e+00
1.62941539e+00
1.62350202e+00
1.61831212e+00
1.62361717e+00
1.62325466e+00
1.61171615e+00
1.62097490e+00
1.62605321e+00
1.62774789e+00
1.61853230e+00
1.61486685e+00
1.61359167e+00
1.60603559e+00
1.61547816e+00
1.62771678e+00
1.60063875e+00
1.60107601e+00
1.61908627e+00
1.59948552e+00
1.59748340e+00
1.59920442e+00
1.60181606e+00
1.61463523e+00
1.60120666e+00
1.60009909e+00
1.59732175e+00
1.59266436e+00
1.58815169e+00
1.58218265e+00
1.59749234e+00
1.59502244e+00
1.58517694e+00
1.57929707e+00
1.58039522e+00
1.58840549e+00
1.58342373e+00
1.58238614e+00
1.59640908e+00
1.58598554e+00
1.56912291e+00
1.57636821e+00
1.58718014e+00
1.57605517e+00
1.57061374e+00
1.57506120e+00
1.58614659e+00
1.57229161e+00
1.58040082e+00
1.57541430e+00
1.57068837e+00
1.56672001e+00
1.56985009e+00
1.57050955e+00
1.55527270e+00
1.56533670e+00
1.56179631e+00
1.55474675e+00
1.56526768e+00
1.56054282e+00
1.55113256e+00
1.56361961e+00
1.55921209e+00
1.54456544e+00
1.55084813e+00
1.54635668e+00
1.54779506e+00
1.54428899e+00
1.53894460e+00
1.54540551e+00
1.53954327e+00
1.54014432e+00
1.54655576e+00
1.53876662e+00
1.52880406e+00
1.53335655e+00
1.53907681e+00
1.53190970e+00
1.53815103e+00
1.53360546e+00
1.53700101e+00
1.53159511e+00
1.53717327e+00
1.53469849e+00
1.51894939e+00
1.53179967e+00
1.51769900e+00
1.52682161e+00
1.54106784e+00
1.52194726e+00
1.52231860e+00
1.51807463e+00
1.50687718e+00
1.49940526e+00
1.49752474e+00
1.49902141e+00
1.49808347e+00
1.50584507e+00
1.50075781e+00
1.49837410e+00
1.50659680e+00
1.50316083e+00
1.49343848e+00
1.50421548e+00
1.49900544e+00
1.49117792e+00
1.49829757e+00
1.50674558e+00
1.49598706e+00
1.50321662e+00
1.50442529e+00
1.49325228e+00
1.48559189e+00
1.48727202e+00
1.49822044e+00
1.49035549e+00
1.47617984e+00
1.47652626e+00
1.48097682e+00
1.48287630e+00
1.48227775e+00
1.47230256e+00
1.47855139e+00
1.47730184e+00
1.47911274e+00
1.47646224e+00
1.47792959e+00
1.46680892e+00
1.47464097e+00
1.47368503e+00
1.46781206e+00
1.48122168e+00
1.46351969e+00
1.45912993e+00
1.46732545e+00
1.46837294e+00
1.46381688e+00
1.46135473e+00
1.46658397e+00
1.45778835e+00
1.46073627e+00
1.46261716e+00
1.45236588e+00
1.45720315e+00
1.46041334e+00
1.44840002e+00
1.44859624e+00
1.45035207e+00
1.44784641e+00
1.44962430e+00
1.45197403e+00
1.44107854e+00
1.44169629e+00
1.44330287e+00
1.43551755e+00
1.45123470e+00
1.44152308e+00
1.44224894e+00
1.43186831e+00
1.42370641e+00
1.31881630e+00
1.29771614e+00
1.53646493e+00
1.53870654e+00
1.30528831e+00
1.37991619e+00
1.42256582e+00
1.41479623e+00
1.42428017e+00
1.42509496e+00
1.41859818e+00
1.43419993e+00
1.42879069e+00
1.42780137e+00
1.42131817e+00
1.41362059e+00
1.42877781e+00
1.42009807e+00
1.41419673e+00
1.41396642e+00
1.41638362e+00
1.41628456e+00
1.40239108e+00
1.40932119e+00
1.41508329e+00
1.40700531e+00
1.39993310e+00
1.42028773e+00
1.40482891e+00
1.38840079e+00
1.40884721e+00
1.40317845e+00
1.39751697e+00
1.40552437e+00
1.39374518e+00
1.39557672e+00
1.38872468e+00
1.39517069e+00
1.39529884e+00
1.39021003e+00
1.38931251e+00
1.39753580e+00
1.39210713e+00
1.38859832e+00
1.39706385e+00
1.37600327e+00
1.37958217e+00
1.38538694e+00
1.37562394e+00
1.38174367e+00
1.38366830e+00
1.38383210e+00
1.38537705e+00
1.37034106e+00
1.37235498e+00
1.37420285e+00
1.36357880e+00
1.35338461e+00
1.34797311e+00
1.37285709e+00
1.36580181e+00
1.36088085e+00
1.36422014e+00
1.36062658e+00
1.36902094e+00
1.37024701e+00
1.33502162e+00
1.31521177e+00
1.36462927e+00
1.35511672e+00
1.34513569e+00
1.36221874e+00
1.35350764e+00
1.34498215e+00
1.35125995e+00
1.34695184e+00
1.35053694e+00
1.34218657e+00
1.34613001e+00
1.33869994e+00
1.32822776e+00
1.34720612e+00
1.35449636e+00
1.34469724e+00
1.35050452e+00
1.34184265e+00
1.34662032e+00
1.34800994e+00
1.34225345e+00
1.33444774e+00
1.33664274e+00
1.34009647e+00
1.33676529e+00
1.33321631e+00
1.32321203e+00
1.32746863e+00
1.32757425e+00
1.32745576e+00
1.32831216e+00
1.31449270e+00
1.31821358e+00
1.32027698e+00
1.33037221e+00
1.33098483e+00
1.32683074e+00
1.32217932e+00
1.32128894e+00
1.32187545e+00
1.32181668e+00
1.30693579e+00
1.31312835e+00
1.32216001e+00
1.30677319e+00
1.31277299e+00
1.30546963e+00
1.29755640e+00
1.29964328e+00
1.31120741e+00
1.30791497e+00
1.30030012e+00
1.29419911e+00
1.29996955e+00
1.30350184e+00
1.30787385e+00
1.28612614e+00
1.28942180e+00
1.29765034e+00
1.28753793e+00
1.28749967e+00
1.29857302e+00
1.29367614e+00
1.28946650e+00
1.29017675e+00
1.28731060e+00
1.27708149e+00
1.27619648e+00
1.28963232e+00
1.28509247e+00
1.28801787e+00
1.28750825e+00
1.28374231e+00
1.27164829e+00
1.28059375e+00
1.27125168e+00
1.27463889e+00
1.28009033e+00
1.27321625e+00
1.28118265e+00
1.27828026e+00
1.27783108e+00
1.28527117e+00
1.27928233e+00
1.25643110e+00
1.27050555e+00
1.26897585e+00
1.26757288e+00
1.26025724e+00
1.27226293e+00
1.27184904e+00
1.27710760e+00
1.27183008e+00
1.25788522e+00
1.26238787e+00
1.27458775e+00
1.26634586e+00
1.25095153e+00
1.25820041e+00
1.26066172e+00
1.25880933e+00
1.24189603e+00
1.25114560e+00
1.25340486e+00
1.24003649e+00
1.24821806e+00
1.24314368e+00
1.24544799e+00
1.25020957e+00
1.24259365e+00
1.24326313e+00
1.24021721e+00
1.24847209e+00
1.23842800e+00
1.24104643e+00
1.23987460e+00
1.24167228e+00
1.24110973e+00
1.23463416e+00
1.23028922e+00
1.23536825e+00
1.23855281e+00
1.23639584e+00
1.22378623e+00
1.22677767e+00
1.22111297e+00
1.22036779e+00
1.22765410e+00
1.23174000e+00
1.22115517e+00
1.22277796e+00
1.23274195e+00
1.22787952e+00
1.21538401e+00
1.22365642e+00
1.22430575e+00
1.21682692e+00
1.21808279e+00
1.20867753e+00
1.21799266e+00
1.21103859e+00
1.19479144e+00
1.20080459e+00
1.20727396e+00
1.20404184e+00
1.20675564e+00
1.21981633e+00
1.19634128e+00
1.20453823e+00
1.20308208e+00
1.20092869e+00
1.20088780e+00
1.20000970e+00
1.18702638e+00
1.20418978e+00
1.20338154e+00
1.19310081e+00
1.19741046e+00
1.19295287e+00
1.19339240e+00
1.19075584e+00
1.19481957e+00
1.19330227e+00
1.19451833e+00
1.19301736e+00
1.19907379e+00
1.18566155e+00
1.18238831e+00
1.17541063e+00
1.16021132e+00
1.16247571e+00
1.15970862e+00
1.14958072e+00
1.14703715e+00
1.16984177e+00
1.16433442e+00
1.14575398e+00
1.16602695e+00
1.16278088e+00
1.17049229e+00
1.17017484e+00
1.16561103e+00
1.18128622e+00
1.16964543e+00
1.17515886e+00
1.16547179e+00
1.16551089e+00
1.16612625e+00
1.14880276e+00
1.16840208e+00
1.17691684e+00
1.15143120e+00
1.15663886e+00
1.15514469e+00
1.15134346e+00
1.15557373e+00
1.16558027e+00
1.16516209e+00
1.16223443e+00
1.15394318e+00
1.14735258e+00
1.14913344e+00
1.13884950e+00
1.14156210e+00
1.14532459e+00
1.15420985e+00
1.15459335e+00
1.13748574e+00
1.14865267e+00
1.14258814e+00
1.14530504e+00
1.13736546e+00
1.13494277e+00
1.14753568e+00
1.12868154e+00
1.13181102e+00
1.15263593e+00
1.13921893e+00
1.12673557e+00
1.13670027e+00
1.14127982e+00
1.13852990e+00
1.12937284e+00
1.12359059e+00
1.13206184e+00
1.12631011e+00
1.13794935e+00
1.13797987e+00
1.12640381e+00
1.12344325e+00
1.13344562e+00
1.13358819e+00
1.12830734e+00
1.12806153e+00
1.11679614e+00
1.12043536e+00
1.11563790e+00
1.12006974e+00
1.12712920e+00
1.12228775e+00
1.12246680e+00
1.12480855e+00
1.11771762e+00
1.10763192e+00
1.10372233e+00
1.10907829e+00
1.11453545e+00
1.12050521e+00
1.11977100e+00
1.11227965e+00
1.11664748e+00
1.09181952e+00
1.09022033e+00
1.10623121e+00
1.10845208e+00
1.11266828e+00
1.10529375e+00
1.09849942e+00
1.10028243e+00
1.11270285e+00
1.10318327e+00
1.09838343e+00
1.10249186e+00
1.10502040e+00
1.10304892e+00
1.09029913e+00
1.09719205e+00
1.08983123e+00
1.09179533e+00
1.09016514e+00
1.08246529e+00
1.07845700e+00
1.07628524e+00
1.09018219e+00
1.09333014e+00
1.07981145e+00
1.06467104e+00
1.06775355e+00
1.07325625e+00
1.07090342e+00
1.08159328e+00
1.09539819e+00
1.08083177e+00
1.07177460e+00
1.06901145e+00
1.07562613e+00
1.08328509e+00
1.07098675e+00
1.07835174e+00
1.07914948e+00
1.05578005e+00
1.07793140e+00
1.07403135e+00
1.05949378e+00
1.07693911e+00
1.06515539e+00
1.06446910e+00
1.06809366e+00
1.06347954e+00
1.06123686e+00
1.05382299e+00
1.04939985e+00
1.06015050e+00
1.05214894e+00
1.05857933e+00
1.05940545e+00
1.05487645e+00
1.04781020e+00
1.05909753e+00
1.05791080e+00
1.05241501e+00
1.04731500e+00
1.05405664e+00
1.05149090e+00
1.04696667e+00
1.04535162e+00
1.05043018e+00
1.03905368e+00
1.04199266e+00
1.05918574e+00
1.04250264e+00
1.05066562e+00
1.04779589e+00
1.04550910e+00
1.05216217e+00
1.03534186e+00
1.04059732e+00
1.04409790e+00
1.04716849e+00
1.03879654e+00
1.04457700e+00
1.03337920e+00
1.02596283e+00
1.03713155e+00
1.03958499e+00
1.03955162e+00
1.03122103e+00
1.02920973e+00
1.03825116e+00
1.04009485e+00
1.03209925e+00
1.02197599e+00
1.03007948e+00
1.02990997e+00
1.03180146e+00
1.01911831e+00
1.01342976e+00
1.01468551e+00
1.02097666e+00
1.02972162e+00
1.03020370e+00
1.02755189e+00
1.02541351e+00
1.01640165e+00
1.02265573e+00
1.02200007e+00
1.01208866e+00
1.01897073e+00
1.02123344e+00
1.01496899e+00
1.01473701e+00
1.01248765e+00
1.01194596e+00
1.00470591e+00
1.00617552e+00
1.00000000e+00
1.00349402e+00
1.00366592e+00
9.91142035e-01
9.86878037e-01
9.98251140e-01
1.00229597e+00
1.00902998e+00
9.99498427e-01
1.00195062e+00
1.00317931e+00
9.95889127e-01
9.94491875e-01
1.00538242e+00
1.00213885e+00
9.96156693e-01
9.98828650e-01
9.93114114e-01
1.00190747e+00
9.95689034e-01
9.92789447e-01
9.86570299e-01
9.95175004e-01
9.94166672e-01
9.81379569e-01
9.82246459e-01
9.86231685e-01
9.86463785e-01
9.83955324e-01
9.84868169e-01
9.84935701e-01
9.78657424e-01
9.77550805e-01
9.75709200e-01
9.72728968e-01
9.75537241e-01
9.72444534e-01
9.76040483e-01
9.69354391e-01
9.72969532e-01
9.77404356e-01
9.77604389e-01
9.59895134e-01
9.60062385e-01
9.70740020e-01
9.75782037e-01
9.75238383e-01
9.62440431e-01
9.66383100e-01
9.67011571e-01
9.58400667e-01
9.62849736e-01
9.60698426e-01
9.53272104e-01
9.67755795e-01
9.70124483e-01
9.61268187e-01
9.54909265e-01
9.52575505e-01
9.55109537e-01
9.59323585e-01
9.56076026e-01
9.61641490e-01
9.56273913e-01
9.49284792e-01
9.52973723e-01
9.56040442e-01
9.58792388e-01
9.47803259e-01
9.38538969e-01
9.39614415e-01
9.47962642e-01
9.41200733e-01
9.42586184e-01
9.44282711e-01
9.47672427e-01
9.36752439e-01
9.42468703e-01
9.42540288e-01
9.38230217e-01
9.34212506e-01
9.28315699e-01
9.34140801e-01
9.43064451e-01
9.40373063e-01
9.30008352e-01
9.34970140e-01
9.45444763e-01
9.28037584e-01
9.35176194e-01
9.42256749e-01
9.37138259e-01
9.28171098e-01
9.31897342e-01
9.27586377e-01
9.20508564e-01
9.29925084e-01
8.92599881e-01
8.70673001e-01
9.73305404e-01
9.70117092e-01
8.40471625e-01
8.70384157e-01
9.65170860e-01
9.72928286e-01
9.19290304e-01
8.97197366e-01
8.92366409e-01
9.05842781e-01
9.27593052e-01
9.23796117e-01
9.14367557e-01
9.10147250e-01
9.07131433e-01
9.27214801e-01
9.14372981e-01
9.01499212e-01
9.02314901e-01
8.92447472e-01
9.00085330e-01
9.09333467e-01
9.09083426e-01
9.02536333e-01
9.05288100e-01
9.03313518e-01
9.09350634e-01
9.11058605e-01
9.08587217e-01
9.09882784e-01
8.98663878e-01
9.06671643e-01
9.03180778e-01
8.96515012e-01
8.99055660e-01
8.94294381e-01
8.79472494e-01
8.88018250e-01
8.95822763e-01
9.02621508e-01
8.91760647e-01
8.75419974e-01
8.73759151e-01
8.83191288e-01
8.93857360e-01
8.91948938e-01
8.92492950e-01
8.93888474e-01
8.77759635e-01
8.83298099e-01
8.82396042e-01
8.77620518e-01
8.80199552e-01
8.81144702e-01
8.83845806e-01
8.85759056e-01
8.71064007e-01
8.71979833e-01
8.75173211e-01
8.81502032e-01
8.89131904e-01
8.70799243e-01
8.73926699e-01
8.69621217e-01
8.70496035e-01
8.85806501e-01
8.81037295e-01
8.64392936e-01
8.69655728e-01
8.69355619e-01
8.68439913e-01
8.66187871e-01
8.57154906e-01
8.61245334e-01
8.73099625e-01
8.67941082e-01
8.53379369e-01
8.61339688e-01
8.63492787e-01
8.57758582e-01
8.61554325e-01
8.64997923e-01
8.58648956e-01
8.63374114e-01
8.52861464e-01
8.53319645e-01
8.51039231e-01
8.45177233e-01
8.48660052e-01
8.39356780e-01
8.37768376e-01
8.44747484e-01
8.52333307e-01
8.39088202e-01
8.31636071e-01
8.41326654e-01
8.41622353e-01
8.36309850e-01
8.33648026e-01
8.33134532e-01
8.37894022e-01
8.27893913e-01
8.31266403e-01
8.28951180e-01
8.24181497e-01
8.21380436e-01
8.23002160e-01
8.18767250e-01
8.22094917e-01
8.31101120e-01
8.22635233e-01
8.12976062e-01
8.18250835e-01
8.19228351e-01
8.08166564e-01
8.08467329e-01
8.11741769e-01
8.00991058e-01
8.07226419e-01
8.08763623e-01
8.05931151e-01
7.97628582e-01
7.98947036e-01
8.04565430e-01
7.95651853e-01
7.98959374e-01
7.98806012e-01
7.90281594e-01
7.87983298e-01
7.79522836e-01
7.77455926e-01
7.78696895e-01
7.76297808e-01
7.77208030e-01
7.69836485e-01
7.67299294e-01
7.64429688e-01
7.61091948e-01
7.57952392e-01
7.53216326e-01
7.47036517e-01
7.49404430e-01
7.54715145e-01
7.46320546e-01
7.47892201e-01
7.37992108e-01
7.30310500e-01
7.33230650e-01
7.24720359e-01
7.23658323e-01
7.20076144e-01
7.04274118e-01
7.10628033e-01
7.04590261e-01
6.99363351e-01
6.98018014e-01
6.89148545e-01
6.76723599e-01
6.83036208e-01
6.71769261e-01
6.73834741e-01
6.68578446e-01
6.52576208e-01
6.43915236e-01
6.31265283e-01
6.35755718e-01
6.32537484e-01
6.12610459e-01
6.09786987e-01
6.09510303e-01
5.83354354e-01
5.77770412e-01
5.71153164e-01
5.59255898e-01
5.39516866e-01
5.22626758e-01
4.98766720e-01
4.64967132e-01
4.63321418e-01
4.90754664e-01
5.20590186e-01
5.35583973e-01
5.52968860e-01
5.61754048e-01
5.72065413e-01
5.79888225e-01
5.96291840e-01
6.08703732e-01
6.05848491e-01
6.11190975e-01
6.28858507e-01
6.31863952e-01
6.28383458e-01
6.39927208e-01
6.39270663e-01
6.40630662e-01
6.50084555e-01
6.56966686e-01
6.58957601e-01
6.64519489e-01
6.65587485e-01
6.65735364e-01
6.80039167e-01
6.76293194e-01
6.73041046e-01
6.82608843e-01
6.91388845e-01
6.99074924e-01
6.88635051e-01
6.97703302e-01
6.97088003e-01
6.95666969e-01
6.97059214e-01
7.08385468e-01
7.09558845e-01
7.06476152e-01
7.12658167e-01
7.11802006e-01
7.11059391e-01
7.12889552e-01
7.22640336e-01
7.16892004e-01
7.14139163e-01
7.30503082e-01
7.21252322e-01
7.26444542e-01
7.30260372e-01
7.21901476e-01
7.26587057e-01
7.28378773e-01
7.21419275e-01
7.25980878e-01
7.30463028e-01
7.26337731e-01
7.29471684e-01
7.24139214e-01
7.26133466e-01
7.40288854e-01
7.40329981e-01
7.28615165e-01
7.30126381e-01
7.39419699e-01
7.28234708e-01
7.38565564e-01
7.38135815e-01
7.23957717e-01
7.33341634e-01
7.34579742e-01
7.31876135e-01
7.35874951e-01
7.34785557e-01
7.38068104e-01
7.42103457e-01
7.33224928e-01
7.38530755e-01
7.33673453e-01
7.32486129e-01
7.38020539e-01
7.28394151e-01
7.25584805e-01
7.34968960e-01
7.34020233e-01
7.36648262e-01
7.28938758e-01
7.38313198e-01
7.38134980e-01
7.31533945e-01
7.27676570e-01
7.33984470e-01
7.30735302e-01
7.27365613e-01
7.32289672e-01
7.24098921e-01
7.29821324e-01
7.32574880e-01
7.23550498e-01
7.34606147e-01
7.25745320e-01
7.25771785e-01
7.37461686e-01
7.33691394e-01
7.31446028e-01
7.23575532e-01
7.17981637e-01
7.22257733e-01
7.30269909e-01
7.32043982e-01
7.26772606e-01
7.29077041e-01
7.25493670e-01
7.25149095e-01
7.26784110e-01
7.24637926e-01
7.30944037e-01
7.17955351e-01
7.18024909e-01
7.22145081e-01
7.19468236e-01
7.25097656e-01
7.16061592e-01
7.17078388e-01
7.27138162e-01
7.14068174e-01
7.14981556e-01
7.19458699e-01
7.13867664e-01
7.11925805e-01
7.15234578e-01
7.14639127e-01
7.17012227e-01
7.10193574e-01
7.15304673e-01
7.14641809e-01
7.17642665e-01
7.19359338e-01
7.11782992e-01
7.23590493e-01
7.22053766e-01
7.04306304e-01
7.11449802e-01
7.12185025e-01
7.07647562e-01
7.07894623e-01
7.07386017e-01
7.13655889e-01
7.04042137e-01
7.01908112e-01
7.10648417e-01
7.03914165e-01
7.07273543e-01
7.07206428e-01
7.02572644e-01
6.99581027e-01
6.96608424e-01
6.98936105e-01
6.96149707e-01
6.95326686e-01
6.99062645e-01
7.04352677e-01
7.04828262e-01
6.99689031e-01
6.97804511e-01
7.00768709e-01
7.00330973e-01
6.95419669e-01
6.92360818e-01
6.93731904e-01
6.93088174e-01
6.85146451e-01
6.96408391e-01
7.00215876e-01
6.88185453e-01
6.87597930e-01
6.80102825e-01
6.82464302e-01
6.90848231e-01
6.94420576e-01
6.87157750e-01
6.87238336e-01
6.99172199e-01
6.80523574e-01
6.82969034e-01
6.91561103e-01
6.92499876e-01
6.89154506e-01
6.88636065e-01
6.90087616e-01
6.83204472e-01
6.82767868e-01
6.81187630e-01
6.81554496e-01
6.71854019e-01
6.70633256e-01
6.84474409e-01
6.86818182e-01
6.73673451e-01
6.78976893e-01
6.78068995e-01
6.80998743e-01
6.78497493e-01
6.78077161e-01
6.84573889e-01
6.76938653e-01
6.78422391e-01
6.85748160e-01
6.76035285e-01
6.72902644e-01
6.80285454e-01
6.70675039e-01
6.71169579e-01
6.70439780e-01
6.76209092e-01
6.81190848e-01
6.71053708e-01
6.71822190e-01
6.70029283e-01
6.77198231e-01
6.72108769e-01
6.68431103e-01
6.73036635e-01
6.69049680e-01
6.65202618e-01
6.63320780e-01
6.59966707e-01
6.66445613e-01
6.70097351e-01
6.65349066e-01
6.58475220e-01
6.54665411e-01
6.62026525e-01
6.55667543e-01
6.59851849e-01
6.64715409e-01
6.64626181e-01
6.64275229e-01
6.65138185e-01
6.56704485e-01
6.56690657e-01
6.63624525e-01
6.64556384e-01
6.53404415e-01
6.58877730e-01
6.54222012e-01
6.57865226e-01
6.57572627e-01
6.53778136e-01
6.55760944e-01
6.61682904e-01
6.55725181e-01
6.51842654e-01
6.51413679e-01
6.52941823e-01
6.50983572e-01
6.44488513e-01
6.50727212e-01
6.54804826e-01
6.47616446e-01
6.45427883e-01
6.52611434e-01
6.51672363e-01
6.43929303e-01
6.47441745e-01
6.49178088e-01
6.46337271e-01
6.41773462e-01
6.43303812e-01
6.41703248e-01
6.44409716e-01
6.48307681e-01
6.44440055e-01
6.43460155e-01
6.40399337e-01
6.45466030e-01
6.40138030e-01
6.39749467e-01
6.43724322e-01
6.40652061e-01
6.34494185e-01
6.39907777e-01
6.43560946e-01
6.37409806e-01
6.38218701e-01
6.48313880e-01
6.37538373e-01
6.33231938e-01
6.43761754e-01
6.35058522e-01
6.40362680e-01
6.39829457e-01
6.31254673e-01
6.36609256e-01
6.38839900e-01
6.36833310e-01
6.32570922e-01
6.31145597e-01
6.28483117e-01
6.27127349e-01
6.30780995e-01
6.30374551e-01
6.26739204e-01
6.28506005e-01
6.27341270e-01
6.23941123e-01
6.25938356e-01
6.23432457e-01
6.23933852e-01
6.26719058e-01
6.20005965e-01
6.24941230e-01
6.18650675e-01
6.15554810e-01
6.24269724e-01
6.24282837e-01
6.15196645e-01
6.20123565e-01
6.23291194e-01
6.10768139e-01
6.19326949e-01
6.20728612e-01
6.14479363e-01
6.18038893e-01
6.18244410e-01
6.11793697e-01
6.08230293e-01
6.16863251e-01
6.19588554e-01
6.08903050e-01
6.05925620e-01
6.09986067e-01
6.12127841e-01
6.19903684e-01
6.03380024e-01
6.06114447e-01
6.12601995e-01
6.11792386e-01
6.11262381e-01
6.15206003e-01
6.10301912e-01
6.12585306e-01
6.12102866e-01
6.03868723e-01
6.04414403e-01
6.06181204e-01
5.99847853e-01
6.00835562e-01
6.05061591e-01
6.04883552e-01
6.02396131e-01
6.03349090e-01
6.00976944e-01
6.00461960e-01
6.04654789e-01
6.02707505e-01
6.04410589e-01
6.03910208e-01
5.97378492e-01
5.98964393e-01
5.94871163e-01
5.94232738e-01
5.97546577e-01
5.96608639e-01
5.95784903e-01
5.91326594e-01
5.91083705e-01
5.92554152e-01
5.91424227e-01
5.91674387e-01
5.95151246e-01
5.95169604e-01
5.86574018e-01
5.89834869e-01
5.90867043e-01
5.89230835e-01
5.89799106e-01
5.85826755e-01
5.89824140e-01
5.91661215e-01
5.90425670e-01
5.89267790e-01
5.94699264e-01
5.92389107e-01
5.88002145e-01
5.79755187e-01
5.82909346e-01
5.87211609e-01
5.86776912e-01
5.87310672e-01
5.89564085e-01
5.91742694e-01
5.82073689e-01
5.84091008e-01
5.83866715e-01
5.80757260e-01
5.84694982e-01
5.90798140e-01
5.84676981e-01
5.80410182e-01
5.88496268e-01
5.84326088e-01
5.75895309e-01
5.81810296e-01
5.84127307e-01
5.81426561e-01
5.82911909e-01
5.79126060e-01
5.72028697e-01
5.78879476e-01
5.78235269e-01
5.71062148e-01
5.68849981e-01
5.71939707e-01
5.76202154e-01
5.74986041e-01
5.68302989e-01
5.64693332e-01
5.72944164e-01
5.79135835e-01
5.68466306e-01
5.68264306e-01
5.69018185e-01
5.66559315e-01
5.64301908e-01
5.52604318e-01
5.49626589e-01
5.51700413e-01
5.59786499e-01
5.50943971e-01
5.56267262e-01
5.61598718e-01
5.64840376e-01
5.63358128e-01
5.55597067e-01
5.57399690e-01
5.63623965e-01
5.64541757e-01
5.63124776e-01
5.56472778e-01
5.58286607e-01
5.61516583e-01
5.59013128e-01
5.59973419e-01
5.61683416e-01
5.61942458e-01
5.52627981e-01
5.38283944e-01
5.61778069e-01
5.67698121e-01
5.53563654e-01
5.49362481e-01
5.45771241e-01
5.51246881e-01
5.42457283e-01
5.46879590e-01
5.51960170e-01
5.54039955e-01
5.54724514e-01
5.52971900e-01
5.50809503e-01
5.49074531e-01
5.53655744e-01
5.47842205e-01
5.48658311e-01
5.51400721e-01
5.50568402e-01
5.48169971e-01
5.51896989e-01
5.46188831e-01
5.40787280e-01
5.33291757e-01
5.29209495e-01
5.43221712e-01
5.48722208e-01
5.49615920e-01
5.52588105e-01
5.45922279e-01
5.38317561e-01
5.40209472e-01
5.42271733e-01
5.44157028e-01
5.39096594e-01
5.50134718e-01
5.45029759e-01
5.26492476e-01
5.15222967e-01
5.23227811e-01
5.45454979e-01
5.46050489e-01
5.41351140e-01
5.38641512e-01
5.36420345e-01
5.36745012e-01
5.30126810e-01
5.33086836e-01
5.37424147e-01
5.40799081e-01
5.33613622e-01
5.39645612e-01
5.38879275e-01
5.28265715e-01
5.28735638e-01
5.33473074e-01
5.31346977e-01
5.36985397e-01
5.30792177e-01
5.32367408e-01
5.39887011e-01
5.34462035e-01
5.30017436e-01
5.37266970e-01
5.34124017e-01
5.25159538e-01
5.28990626e-01
5.24936497e-01
5.25539279e-01
5.26379883e-01
5.28288364e-01
5.31737745e-01
5.27354181e-01
5.20860851e-01
5.17099261e-01
5.08748949e-01
5.24899065e-01
5.31097233e-01
5.24275780e-01
5.21708667e-01
5.25397956e-01
5.24003506e-01
5.21261990e-01
5.27395189e-01
5.25009632e-01
5.17399967e-01
5.20590186e-01
5.24461746e-01
5.18358052e-01
5.13979375e-01
5.21349967e-01
5.26575148e-01
5.20197392e-01
5.16541660e-01
5.13789952e-01
5.09949625e-01
5.09453952e-01
5.14898896e-01
5.16724765e-01
5.21957278e-01
5.21558881e-01
5.17490685e-01
5.15829444e-01
5.13188004e-01
5.16541839e-01
5.15608251e-01
5.16567528e-01
5.13631701e-01
5.14648259e-01
5.17219067e-01
5.12860239e-01
5.10244250e-01
5.12346327e-01
5.06155431e-01
5.09303510e-01
5.13231337e-01
5.06818056e-01
5.04286349e-01
5.06244600e-01
4.99466628e-01
5.13811946e-01
5.03834784e-01
4.99999315e-01
4.95508581e-01
5.09126186e-01
5.06727755e-01
5.03082871e-01
5.07290781e-01
5.07301450e-01
5.10128617e-01
5.04201353e-01
5.04180193e-01
5.04929900e-01
5.00659943e-01
5.02842188e-01
5.04449368e-01
5.00411391e-01
5.00510156e-01
5.06052673e-01
4.96163160e-01
4.98529464e-01
4.93175179e-01
4.90387797e-01
4.96363878e-01
4.85339999e-01
4.83616501e-01
4.92687911e-01
4.96206135e-01
4.97760594e-01
4.96210843e-01
4.90457326e-01
4.93005395e-01
4.91160959e-01
4.88189340e-01
4.88076895e-01
4.91112053e-01
5.00123739e-01
4.96611238e-01
4.96092558e-01
4.94476467e-01
4.88738656e-01
4.90034401e-01
4.88813609e-01
4.92185116e-01
4.91839439e-01
4.86898273e-01
4.91266191e-01
4.91732538e-01
4.93066132e-01
4.89199728e-01
4.85100478e-01
4.85515922e-01
4.80121881e-01
4.78421837e-01
4.90139782e-01
4.88544285e-01
4.84281600e-01
4.82041746e-01
4.84358042e-01
4.86253381e-01
4.82491493e-01
4.77756619e-01
4.83148426e-01
4.82426167e-01
4.80344146e-01
4.82779860e-01
4.85578746e-01
4.65965927e-01
4.63843703e-01
4.71421838e-01
4.90982354e-01
4.92067367e-01
4.81967747e-01
4.79952544e-01
4.66202915e-01
4.70006913e-01
4.72004503e-01
4.73427653e-01
4.63283867e-01
4.75828946e-01
4.76389527e-01
4.69171852e-01
4.80432808e-01
4.78622496e-01
4.75383848e-01
4.70756084e-01
4.72670704e-01
4.79644388e-01
4.82025355e-01
4.69745755e-01
4.64757919e-01
4.66550499e-01
4.60150629e-01
4.66563493e-01
4.67440277e-01
4.66458648e-01
4.78415102e-01
4.75347191e-01
4.65757936e-01
4.72460985e-01
4.67091084e-01
4.64684784e-01
4.72837567e-01
4.64142829e-01
4.54817235e-01
4.68563169e-01
4.68227565e-01
4.62106138e-01
4.71317977e-01
4.67477828e-01
4.69547153e-01
4.72666562e-01
4.66361046e-01
4.69702542e-01
4.60862309e-01
4.59672660e-01
4.65452790e-01
4.57337886e-01
4.64965224e-01
4.61646974e-01
4.61071193e-01
4.62332785e-01
4.62152421e-01
4.67233241e-01
4.65163082e-01
4.60995555e-01
4.57336962e-01
4.54657048e-01
4.58404183e-01
4.58796024e-01
4.56674367e-01
4.45593387e-01
4.42147434e-01
4.61715013e-01
4.27945197e-01
4.27569032e-01
4.48897511e-01
4.48436171e-01
4.49899703e-01
4.51618969e-01
4.48258787e-01
4.48445946e-01
4.54114169e-01
4.54078168e-01
4.46291357e-01
4.45430487e-01
4.52562720e-01
4.56013262e-01
4.54640418e-01
4.47878718e-01
4.46618676e-01
4.54334825e-01
4.50286806e-01
4.43088144e-01
4.21742558e-01
4.21619028e-01
4.36585605e-01
4.41180706e-01
4.34698880e-01
4.33543682e-01
4.35018390e-01
4.44627315e-01
4.41158861e-01
4.44445133e-01
4.46040481e-01
4.49063629e-01
4.42547858e-01
4.43800479e-01
4.39871103e-01
4.36545372e-01
4.37761754e-01
4.35919583e-01
4.39511508e-01
4.39532548e-01
4.42579985e-01
4.39420819e-01
4.32214439e-01
4.31180567e-01
4.20232832e-01
4.21895742e-01
4.36205238e-01
4.35950488e-01
4.39316839e-01
4.35064077e-01
4.33687359e-01
4.35889453e-01
4.29370970e-01
4.39625651e-01
4.38836396e-01
4.35103387e-01
4.32579637e-01
4.30869013e-01
4.20823395e-01
3.96277905e-01
4.18015927e-01
4.45547312e-01
4.31554794e-01
4.34857130e-01
4.32159930e-01
4.30418164e-01
4.39693987e-01
4.35384214e-01
4.25069481e-01
4.27588075e-01
4.18033659e-01
4.25674230e-01
4.29894239e-01
4.23555225e-01
4.22278613e-01
4.25211400e-01
4.08695608e-01
4.02197659e-01
4.28210050e-01
4.32623118e-01
4.13562357e-01
4.06977862e-01
4.22511727e-01
4.28427994e-01
4.14433062e-01
4.18735623e-01
4.16281104e-01
4.18147415e-01
4.37853098e-01
4.28757817e-01
4.18971598e-01
4.13886636e-01
4.09476072e-01
4.20152664e-01
4.28804636e-01
4.23677534e-01
4.07074958e-01
4.05519724e-01
4.05021101e-01
4.13548499e-01
4.09991533e-01
4.16759521e-01
4.17085081e-01
4.21237022e-01
4.14031416e-01
4.14761364e-01
4.18880492e-01
4.15489703e-01
4.18057173e-01
4.05356556e-01
4.04795051e-01
4.06953096e-01
3.92590553e-01
3.98886055e-01
4.10347700e-01
4.15046453e-01
4.14098591e-01
4.09269005e-01
4.09161150e-01
4.02392000e-01
4.10774946e-01
4.11832303e-01
4.10150349e-01
4.08474118e-01
4.12234396e-01
4.02839988e-01
4.08493251e-01
4.09217358e-01
4.06787723e-01
4.07056659e-01
4.04431194e-01
4.12198126e-01
4.16820258e-01
4.06087279e-01
4.06907082e-01
4.09688026e-01
4.06774879e-01
3.98055434e-01
3.92588526e-01
3.90751541e-01
4.01890695e-01
3.93403202e-01
4.00060326e-01
4.03269231e-01
4.05597955e-01
4.01652753e-01
4.02038813e-01
4.02925193e-01
3.93158078e-01
3.93269002e-01
4.05876637e-01
3.99406880e-01
3.94887000e-01
3.93158108e-01
3.88915479e-01
3.90629709e-01
3.86754483e-01
4.03985888e-01
3.99925262e-01
4.03097481e-01
4.04668182e-01
3.96963924e-01
3.94568861e-01
4.03803229e-01
4.04964417e-01
3.94289225e-01
3.97710741e-01
3.90572727e-01
3.97728533e-01
3.96820933e-01
3.85292411e-01
3.86867374e-01
3.93172383e-01
3.79176199e-01
3.91970277e-01
3.96507561e-01
3.95737499e-01
3.94006342e-01
3.92812759e-01
3.93298715e-01
3.96781445e-01
3.94100726e-01
3.94278497e-01
3.94328237e-01
3.83246362e-01
3.95281971e-01
3.87567818e-01
3.87350947e-01
3.92248213e-01
3.90662044e-01
3.86860281e-01
3.87555629e-01
3.91483396e-01
3.92451257e-01
3.94362897e-01
3.98169011e-01
3.97931606e-01
3.98073256e-01
3.89961123e-01
3.90731812e-01
3.95998091e-01
3.92607659e-01
3.88112217e-01
3.90947908e-01
3.92463088e-01
3.89626235e-01
3.81289035e-01
3.88417423e-01
3.88387561e-01
3.83284479e-01
3.89086485e-01
3.82291943e-01
3.79177928e-01
3.82735968e-01
3.83818418e-01
3.87297153e-01
3.89572769e-01
3.85478586e-01
3.86527926e-01
3.80814672e-01
3.89656991e-01
3.83082628e-01
3.84608805e-01
3.84419829e-01
3.79099697e-01
3.76405418e-01
3.76812816e-01
3.81608754e-01
3.80557477e-01
3.75978768e-01
3.80228370e-01
3.80950958e-01
3.81141603e-01
3.75657797e-01
3.78603905e-01
3.80189180e-01
3.75852644e-01
3.75492066e-01
3.76422524e-01
3.74721676e-01
3.74152571e-01
3.73406470e-01
3.77507687e-01
3.79120231e-01
3.73483479e-01
3.73213738e-01
3.78536135e-01
3.79619688e-01
3.82280201e-01
3.74660164e-01
3.77029866e-01
3.75601411e-01
3.73688310e-01
3.74470741e-01
3.69008660e-01
3.74477178e-01
3.72184515e-01
3.81120533e-01
3.74579251e-01
3.65063667e-01
3.71863008e-01
3.73268992e-01
3.73421520e-01
3.65568668e-01
3.70039135e-01
3.68618727e-01
3.68983895e-01
3.72661531e-01
3.73924792e-01
3.66041839e-01
3.69261622e-01
3.69090706e-01
3.66215557e-01
3.72154593e-01
3.68945867e-01
3.66593838e-01
3.72851729e-01
3.67836833e-01
3.62841249e-01
3.63743216e-01
3.62993956e-01
3.69096041e-01
3.65089983e-01
3.61825854e-01
3.67703676e-01
3.65444720e-01
3.66437584e-01
3.62968802e-01
3.60417962e-01
3.59974712e-01
3.64133060e-01
3.65970999e-01
3.57455581e-01
3.62224340e-01
3.61930698e-01
3.61245573e-01
3.62939417e-01
3.58310491e-01
3.56520981e-01
3.62269849e-01
3.59006792e-01
3.58598530e-01
3.56923491e-01
3.55790019e-01
3.55507135e-01
3.50069731e-01
3.52162749e-01
3.41492534e-01
3.36329311e-01
3.48118871e-01
3.48362088e-01
3.37220222e-01
3.29785228e-01
3.33108753e-01
3.45410734e-01
3.42808902e-01
3.40752989e-01
3.30735594e-01
3.34559053e-01
3.47549111e-01
3.53749603e-01
3.47953886e-01
3.47934276e-01
3.51066202e-01
3.44506919e-01
3.51470500e-01
3.51438850e-01
3.48512381e-01
3.49384576e-01
3.52125108e-01
3.49412441e-01
3.45689744e-01
3.53878438e-01
3.48985553e-01
3.50193262e-01
3.51153880e-01
3.46672595e-01
3.47539335e-01
3.49155664e-01
3.43786091e-01
3.19015056e-01
3.24348986e-01
3.31182569e-01
3.32306623e-01
3.26322466e-01
3.24727148e-01
3.45239758e-01
3.49499106e-01
3.49964440e-01
3.42860579e-01
3.40127051e-01
3.41242909e-01
3.48232806e-01
3.45254242e-01
3.43105167e-01
3.45094502e-01
3.39786410e-01
3.39622557e-01
3.44833791e-01
3.34212780e-01
3.28560710e-01
3.29929858e-01
3.47936630e-01
3.42351288e-01
3.41987133e-01
3.42913002e-01
3.42442304e-01
3.35003197e-01
3.08214247e-01
2.89083540e-01
3.46393913e-01
3.46177608e-01
3.41936886e-01
3.41807574e-01
3.36792499e-01
3.35104436e-01
3.29889983e-01
3.10600877e-01
3.25484961e-01
3.34855050e-01
3.35149795e-01
3.40597481e-01
3.41756225e-01
3.26068938e-01
3.09174448e-01
3.01208675e-01
3.17129135e-01
3.41145813e-01
3.40540528e-01
3.34330201e-01
3.34470898e-01
3.34549189e-01
3.37431967e-01
3.40356976e-01
3.33251238e-01
3.26260000e-01
3.19764704e-01
3.03947687e-01
3.26576859e-01
3.34215194e-01
3.28618288e-01
3.30875009e-01
3.16651702e-01
2.98203439e-01
2.99563885e-01
3.24466050e-01
3.32638294e-01
3.31364363e-01
3.29429895e-01
3.29600513e-01
3.26323032e-01
3.24692339e-01
3.29133332e-01
3.25373352e-01
3.27446640e-01
3.27062309e-01
3.26819599e-01
3.23464781e-01
3.12807739e-01
3.22362989e-01
3.34625542e-01
3.23346645e-01
3.17712337e-01
3.15562457e-01
3.14564884e-01
3.18248004e-01
3.20763260e-01
3.25860828e-01
3.27985644e-01
3.17250431e-01
3.25677454e-01
3.22265893e-01
3.20150763e-01
3.20943117e-01
3.16215008e-01
3.20658773e-01
3.23882282e-01
3.26732516e-01
3.23557764e-01
3.21037352e-01
3.17542523e-01
3.16167563e-01
3.22586149e-01
3.15672815e-01
3.17328393e-01
3.15374672e-01
3.17922622e-01
3.19488525e-01
3.16188574e-01
3.19114774e-01
3.17902833e-01
3.18809062e-01
3.18464100e-01
3.19730371e-01
3.16196293e-01
3.14250261e-01
3.15534562e-01
3.20344746e-01
3.15178633e-01
3.15566957e-01
3.15157235e-01
3.11606973e-01
3.13645899e-01
3.13749403e-01
3.20194364e-01
3.14688504e-01
3.08582246e-01
3.13005656e-01
3.13890696e-01
3.16374302e-01
3.06170434e-01
3.03786337e-01
3.14009547e-01
3.15740913e-01
3.08904111e-01
3.17401469e-01
3.07416439e-01
3.06244761e-01
3.08251888e-01
3.04159522e-01
3.07043850e-01
3.05358768e-01
2.97838807e-01
3.03009182e-01
2.99084932e-01
2.96254277e-01
3.00918609e-01
3.03014457e-01
3.03918540e-01
2.95851469e-01
3.00234646e-01
3.02269220e-01
3.04447383e-01
3.04345906e-01
3.09290707e-01
3.01856309e-01
3.06431562e-01
2.98877001e-01
3.00351471e-01
2.98445046e-01
2.83710897e-01
3.07046652e-01
2.96064526e-01
2.82425314e-01
2.86653221e-01
2.95837909e-01
2.99440384e-01
2.94169694e-01
2.99292594e-01
3.00039440e-01
2.95072168e-01
2.96033025e-01
2.94675469e-01
2.92729557e-01
3.04496557e-01
3.04490358e-01
2.97419518e-01
3.03650647e-01
2.98936069e-01
2.98568726e-01
2.97014892e-01
3.03785205e-01
2.97323674e-01
2.94446975e-01
3.05334896e-01
2.95454621e-01
2.96955645e-01
3.02898109e-01
2.96441644e-01
2.98107445e-01
3.00140053e-01
2.99027443e-01
2.98925430e-01
2.98186392e-01
2.94009775e-01
2.98582226e-01
3.02016079e-01
2.99920380e-01
2.97990829e-01
3.00719321e-01
2.97591925e-01
2.89337277e-01
2.94608086e-01
2.97712475e-01
2.92670190e-01
2.92437047e-01
2.91868478e-01
2.94902921e-01
2.95400441e-01
2.94970065e-01
2.92194992e-01
2.78081149e-01
2.67924070e-01
2.66184658e-01
2.82673180e-01
2.73263931e-01
2.62105882e-01
2.76199698e-01
2.89222777e-01
2.76669860e-01
2.61911333e-01
2.43657336e-01
2.70710707e-01
2.92467833e-01
2.90602744e-01
2.90401936e-01
2.86763310e-01
2.76252031e-01
2.90565073e-01
2.96225518e-01
2.91016877e-01
2.92399824e-01
2.88314581e-01
2.88038284e-01
2.88143456e-01
2.87392884e-01
2.90434331e-01
2.89740354e-01
2.93865889e-01
2.87532270e-01
2.84581423e-01
2.85686791e-01
2.84818858e-01
2.76252985e-01
2.29939252e-01
2.03581512e-01
2.45476022e-01
2.78484374e-01
2.85666406e-01
2.69194871e-01
2.71715015e-01
2.80783832e-01
2.91256636e-01
2.81461269e-01
2.84683138e-01
2.75634080e-01
2.71705151e-01
2.73320198e-01
2.77737051e-01
2.82439917e-01
2.75056213e-01
2.81609029e-01
2.77446359e-01
2.71582156e-01
2.64199853e-01
2.40778774e-01
2.67081231e-01
2.82014698e-01
2.80777663e-01
2.78895617e-01
2.77624041e-01
2.79636472e-01
2.68276840e-01
2.59097576e-01
2.44147137e-01
2.55642444e-01
2.69547105e-01
2.88237691e-01
2.78764367e-01
2.79111505e-01
2.74163991e-01
2.67748564e-01
2.61228144e-01
2.62976795e-01
2.71496236e-01
2.76844710e-01
2.79083163e-01
2.73355186e-01
2.66030937e-01
2.57983148e-01
2.13093027e-01
2.16738686e-01
2.72851288e-01
2.81957597e-01
2.79528469e-01
2.73235857e-01
2.76522815e-01
2.78291702e-01
2.73932308e-01
2.73702472e-01
2.68508255e-01
2.66635776e-01
2.47290567e-01
2.50823468e-01
2.71938086e-01
2.71778792e-01
2.71849900e-01
2.62327135e-01
2.39933357e-01
2.30029956e-01
2.52044082e-01
2.62719125e-01
2.79095232e-01
2.65752912e-01
2.70383149e-01
2.67348409e-01
2.65806347e-01
2.69388080e-01
2.65313327e-01
2.64245063e-01
2.68327475e-01
2.66089052e-01
2.62118667e-01
2.48246312e-01
2.39275187e-01
2.41588697e-01
2.61881322e-01
2.87826210e-01
2.83836901e-01
2.20506206e-01
2.11335480e-01
2.33988717e-01
