3.90715075e+00
4.63105345e+00
2.85492277e+00
2.82475519e+00
3.64999127e+00
4.03746223e+00
3.96683598e+00
2.94226193e+00
3.32743526e+00
4.61503649e+00
2.89868617e+00
3.15432835e+00
3.14109588e+00
3.11392117e+00
2.68779230e+00
2.12152624e+00
2.84158659e+00
2.82819104e+00
2.65570164e+00
2.85526514e+00
2.43663669e+00
2.42994094e+00
2.96523237e+00
2.32638288e+00
2.38838887e+00
2.91446567e+00
2.36834478e+00
2.75895286e+00
3.78346968e+00
2.57902336e+00
2.56862402e+00
3.55588174e+00
2.75142789e+00
2.48245668e+00
2.75059414e+00
2.56910157e+00
2.46583080e+00
2.09593606e+00
3.16230512e+00
3.03475690e+00
2.89027762e+00
3.02614212e+00
2.58904099e+00
2.52473092e+00
2.88101149e+00
2.21344519e+00
2.52342081e+00
3.10807991e+00
3.01071882e+00
2.79255533e+00
3.04653454e+00
2.86495876e+00
3.32069898e+00
3.19696593e+00
2.85571766e+00
2.81325293e+00
2.32983923e+00
3.84933209e+00
3.15898728e+00
2.31824636e+00
2.55202985e+00
2.22234511e+00
2.58304596e+00
2.37135506e+00
2.30040026e+00
2.76873589e+00
2.76558423e+00
2.44148016e+00
3.09292722e+00
3.06822205e+00
2.34370923e+00
2.22145581e+00
2.89891553e+00
3.03241253e+00
2.70596790e+00
2.77991748e+00
2.59851694e+00
2.58845544e+00
2.67208123e+00
2.81885123e+00
2.56117249e+00
2.52367902e+00
2.59000707e+00
2.03547764e+00
2.78281903e+00
2.87200069e+00
2.45545244e+00
2.26198220e+00
2.25565267e+00
2.34223676e+00
2.44480467e+00
2.14309311e+00
2.12515402e+00
2.84467506e+00
2.00570655e+00
2.85423422e+00
2.17756152e+00
2.06357408e+00
2.84501815e+00
2.31104445e+00
2.36520576e+00
2.30377221e+00
2.12478614e+00
1.81402302e+00
2.39587736e+00
2.50506139e+00
3.69896078e+00
2.21050262e+00
2.00297427e+00
2.09692383e+00
2.62072992e+00
3.18177819e+00
3.17580009e+00
3.08630323e+00
2.24612951e+00
2.18533683e+00
3.39332604e+00
2.10840082e+00
1.91885960e+00
2.44667077e+00
2.42295194e+00
1.91446304e+00
2.37373066e+00
2.39255857e+00
3.15397358e+00
3.39691782e+00
3.14703298e+00
2.45721650e+00
2.68275380e+00
2.60871959e+00
2.61126828e+00
2.12569427e+00
2.18693781e+00
2.62762499e+00
2.54143715e+00
2.22018933e+00
3.43625617e+00
3.39482951e+00
2.47874713e+00
2.80746269e+00
2.17417693e+00
1.93338561e+00
1.92136443e+00
2.10102177e+00
2.54352999e+00
2.62408900e+00
2.12253928e+00
2.15669847e+00
2.23792553e+00
2.52140665e+00
1.97875965e+00
2.07369804e+00
2.54601884e+00
1.83549190e+00
2.07245517e+00
2.85836267e+00
3.09258962e+00
2.21799231e+00
3.84714270e+00
3.03075194e+00
1.81500745e+00
2.25558567e+00
2.49877763e+00
2.14825320e+00
2.48770547e+00
2.09156156e+00
2.40035152e+00
2.16756201e+00
1.95468223e+00
3.00715160e+00
3.01509738e+00
2.51411963e+00
2.51062465e+00
3.20052242e+00
3.22367311e+00
1.92056417e+00
1.87702835e+00
2.05939627e+00
2.03983331e+00
1.94549954e+00
1.58115888e+00
2.38350439e+00
2.08718133e+00
1.65927112e+00
1.68238342e+00
1.71549141e+00
1.97184908e+00
1.63566029e+00
2.79428267e+00
2.67997622e+00
1.82032967e+00
1.53524375e+00
1.87682116e+00
1.55508828e+00
1.58589756e+00
1.83970869e+00
1.63417768e+00
1.54726434e+00
1.72091031e+00
1.53625226e+00
1.62587464e+00
1.55771685e+00
1.60826743e+00
2.70310640e+00
1.99405992e+00
1.62742734e+00
3.14072227e+00
2.30722213e+00
1.91707587e+00
2.37573099e+00
2.29726458e+00
1.62822151e+00
4.02233505e+00
1.74934459e+00
1.95578635e+00
2.21649146e+00
2.39009690e+00
1.82260573e+00
1.70755243e+00
2.91827035e+00
2.81976390e+00
1.95872331e+00
1.63252425e+00
2.92958474e+00
2.49461508e+00
1.56530416e+00
1.77950895e+00
3.59814715e+00
3.83598232e+00
2.71934748e+00
2.02086234e+00
2.47240376e+00
2.53285074e+00
2.36765218e+00
2.85868645e+00
2.52927661e+00
2.17545581e+00
2.44872069e+00
2.79802823e+00
2.67845750e+00
2.69798422e+00
2.15983200e+00
2.83314252e+00
2.12105417e+00
1.91072083e+00
2.66767001e+00
2.68774867e+00
4.40330553e+00
2.19135761e+00
2.30581570e+00
2.08973360e+00
2.00104046e+00
2.65755892e+00
2.35387421e+00
3.07759833e+00
2.29478860e+00
2.15820312e+00
2.44091272e+00
2.95147419e+00
2.27314973e+00
1.76516867e+00
2.39049125e+00
2.76669836e+00
2.78604507e+00
2.71084452e+00
2.07674098e+00
2.17313838e+00
2.71102715e+00
2.40367317e+00
2.03280497e+00
2.02283692e+00
2.92339897e+00
3.32283258e+00
2.06414557e+00
1.99389732e+00
1.97801626e+00
2.33303571e+00
2.71523738e+00
2.31182265e+00
1.81620407e+00
2.39250898e+00
2.25334024e+00
2.12143588e+00
3.51947737e+00
2.05095458e+00
1.88758421e+00
2.29817843e+00
2.42838526e+00
1.91371024e+00
2.16933656e+00
3.16981697e+00
1.99797797e+00
2.00473619e+00
2.43411803e+00
2.18364334e+00
2.06756115e+00
2.83583283e+00
2.55023336e+00
1.99133205e+00
1.64848006e+00
2.11621451e+00
1.82843506e+00
1.94949412e+00
2.20823050e+00
2.54398537e+00
1.81313634e+00
1.67660785e+00
2.62264395e+00
2.29588723e+00
2.52259851e+00
2.05883241e+00
1.93921423e+00
1.71871042e+00
1.72984707e+00
2.53786922e+00
1.98062611e+00
1.82492340e+00
1.74556351e+00
1.48592269e+00
1.42810285e+00
1.51931715e+00
2.03503990e+00
1.80006969e+00
1.59984756e+00
1.62548065e+00
1.38583362e+00
1.40877032e+00
2.14998102e+00
2.01874995e+00
1.41599715e+00
1.39432335e+00
1.23895788e+00
1.46452022e+00
1.54956448e+00
1.11595368e+00
1.44042790e+00
1.37215042e+00
1.92298269e+00
1.67457294e+00
1.21646416e+00
1.48574471e+00
1.44973040e+00
3.00857329e+00
1.44840348e+00
1.48202682e+00
1.62359869e+00
1.68994236e+00
1.68871975e+00
2.09135008e+00
1.77520728e+00
1.51236212e+00
1.85236716e+00
1.75513887e+00
1.51689279e+00
1.70303655e+00
1.38538194e+00
1.49755144e+00
1.87635481e+00
1.34258652e+00
1.38794446e+00
1.88625538e+00
1.62056053e+00
1.73257530e+00
1.56961262e+00
1.78689063e+00
2.25164604e+00
1.57784939e+00
2.31783366e+00
2.13815117e+00
1.88178205e+00
2.26257443e+00
1.91699171e+00
2.54235721e+00
1.96748435e+00
2.02460694e+00
1.63866544e+00
1.86919141e+00
3.01823878e+00
2.76621866e+00
2.62331033e+00
1.97239006e+00
2.06599236e+00
2.24245906e+00
2.45481205e+00
2.14410090e+00
1.74358189e+00
1.75481129e+00
1.82185853e+00
1.99085116e+00
1.98558748e+00
2.28170466e+00
2.81181574e+00
1.81045961e+00
2.28444171e+00
2.71796489e+00
2.73277068e+00
2.41943097e+00
2.37791204e+00
2.24289060e+00
1.66762125e+00
2.10627222e+00
2.37272143e+00
1.61562681e+00
2.47802210e+00
1.60776126e+00
2.19512749e+00
2.14164495e+00
2.02983308e+00
2.59191370e+00
1.87643540e+00
1.81673622e+00
1.86776185e+00
2.68243623e+00
3.43870044e+00
3.20710206e+00
2.27714968e+00
1.60192299e+00
2.40791106e+00
2.57246041e+00
2.13097382e+00
2.23721671e+00
2.33187342e+00
2.13851547e+00
2.69488788e+00
1.97756732e+00
1.59560955e+00
2.32719064e+00
2.24005747e+00
1.71402836e+00
2.26534343e+00
2.71755171e+00
2.19073582e+00
1.87030840e+00
1.93313849e+00
2.38970470e+00
2.22561479e+00
2.38618064e+00
1.73264503e+00
1.81910253e+00
2.52826548e+00
2.27626085e+00
2.31353235e+00
2.31845427e+00
2.12638164e+00
1.92591548e+00
2.15919256e+00
2.80726099e+00
1.72134995e+00
1.92216051e+00
3.26455879e+00
2.48240995e+00
1.51703548e+00
1.51905036e+00
1.77532029e+00
2.20025730e+00
2.16778159e+00
2.11851263e+00
2.22519875e+00
1.96089470e+00
1.76622450e+00
2.12913513e+00
2.66918325e+00
2.53723311e+00
2.45264149e+00
2.57834339e+00
1.83707166e+00
1.84848547e+00
2.09085965e+00
1.86062634e+00
1.49564290e+00
1.45391238e+00
2.19979167e+00
2.51302528e+00
2.16150260e+00
2.41351342e+00
1.91847980e+00
1.51429594e+00
2.14088225e+00
2.69329810e+00
2.17867064e+00
1.49653244e+00
2.24559236e+00
1.88585091e+00
1.91391253e+00
2.05101371e+00
2.44784617e+00
3.05179811e+00
2.25709581e+00
2.52885771e+00
2.53386283e+00
2.01069307e+00
1.75833702e+00
1.55633187e+00
2.30292797e+00
1.79543972e+00
2.06817508e+00
1.99058223e+00
1.81562507e+00
2.10942411e+00
1.79998422e+00
1.69804418e+00
2.18953562e+00
2.02910376e+00
1.85133660e+00
2.66649508e+00
1.58825052e+00
2.14952636e+00
2.04219341e+00
1.77275383e+00
1.68193901e+00
1.79664052e+00
2.08257675e+00
1.81209862e+00
1.69749701e+00
1.58769214e+00
1.62040746e+00
2.49922085e+00
1.92848289e+00
1.93248940e+00
1.67029345e+00
1.74344313e+00
2.30665469e+00
2.07287836e+00
2.85883021e+00
1.70124185e+00
1.42358243e+00
1.84527326e+00
2.02333164e+00
2.40449405e+00
2.57996726e+00
1.63239729e+00
1.65471721e+00
2.26929498e+00
2.16668105e+00
1.53991067e+00
1.77394438e+00
1.45375490e+00
1.90047956e+00
2.11629891e+00
1.44464433e+00
2.07286787e+00
1.49917853e+00
2.10102677e+00
2.45195436e+00
1.65140414e+00
1.26324558e+00
2.45611405e+00
1.76394236e+00
1.42157555e+00
2.05966330e+00
1.90906227e+00
1.45810533e+00
2.15160632e+00
2.72457933e+00
1.36112761e+00
1.59197485e+00
2.07220984e+00
1.53796732e+00
1.68295717e+00
1.37525535e+00
1.11785460e+00
1.46161699e+00
1.24417114e+00
1.09287429e+00
1.93745220e+00
1.99959826e+00
1.86009407e+00
1.64675033e+00
1.17358792e+00
1.29274452e+00
1.16316831e+00
1.06770766e+00
1.43073714e+00
1.35299993e+00
1.02698946e+00
1.08387649e+00
1.00782526e+00
1.47396207e+00
9.22228754e-01
1.04236162e+00
1.16105568e+00
9.26278055e-01
9.40791130e-01
1.10484159e+00
1.01882851e+00
1.55695510e+00
1.44458497e+00
1.19184959e+00
1.17906368e+00
1.13427818e+00
1.02693880e+00
1.05992150e+00
9.36330497e-01
1.32877088e+00
1.14757013e+00
1.61783171e+00
1.23390985e+00
1.42316103e+00
9.82593954e-01
1.64729643e+00
1.28864074e+00
1.15040100e+00
1.39349151e+00
1.20428419e+00
1.18825996e+00
1.26942408e+00
1.34983873e+00
1.88627076e+00
1.40951157e+00
1.71133304e+00
1.86490273e+00
1.25746131e+00
1.10351217e+00
2.26602530e+00
1.41387475e+00
1.67933333e+00
2.15967989e+00
2.03977537e+00
1.20300758e+00
1.44258380e+00
1.32153487e+00
1.28193784e+00
1.67988050e+00
1.97500730e+00
1.90388024e+00
1.34380209e+00
1.69473815e+00
1.59013522e+00
1.36452329e+00
1.79570973e+00
1.87966347e+00
1.79955816e+00
1.82342112e+00
1.86671937e+00
1.86427248e+00
2.05713773e+00
1.73467565e+00
1.43757737e+00
1.44163871e+00
2.02070665e+00
1.74400949e+00
1.30520725e+00
1.93362236e+00
1.60184634e+00
2.26447892e+00
2.31497240e+00
1.85941100e+00
2.26019049e+00
1.91395056e+00
1.59338474e+00
1.54199183e+00
1.45474505e+00
1.35086656e+00
1.54147828e+00
1.18330085e+00
1.31858289e+00
1.65428507e+00
1.87405384e+00
1.43191350e+00
1.94833171e+00
2.42853999e+00
1.32979131e+00
1.79323459e+00
2.19106793e+00
1.80128300e+00
1.68798769e+00
3.02331281e+00
2.12747908e+00
2.09533286e+00
1.58200884e+00
1.71502531e+00
1.92071235e+00
1.19395828e+00
1.86265349e+00
2.20837855e+00
1.59941661e+00
1.66244924e+00
2.12617207e+00
1.30613637e+00
1.83133841e+00
1.64673138e+00
2.28175902e+00
2.34411311e+00
1.37294734e+00
1.61531937e+00
1.24170554e+00
1.82958424e+00
3.03094769e+00
2.46124458e+00
1.35456765e+00
1.38896382e+00
1.46525812e+00
1.60387397e+00
1.40155339e+00
1.35939789e+00
1.89748704e+00
2.57939625e+00
1.17469478e+00
1.26528406e+00
1.70623183e+00
1.69719541e+00
1.93215048e+00
1.91547024e+00
2.46414518e+00
2.48761535e+00
2.06523228e+00
2.33964205e+00
2.38777947e+00
1.17653167e+00
1.99610138e+00
1.58019125e+00
1.85654950e+00
1.89921999e+00
1.09945774e+00
1.28355348e+00
1.48780072e+00
1.42642272e+00
1.82603431e+00
2.03315854e+00
2.01091456e+00
1.87512624e+00
2.09132886e+00
1.57761765e+00
2.22310615e+00
1.69384336e+00
1.55510652e+00
2.37041473e+00
1.62826490e+00
1.51851964e+00
2.02617455e+00
2.15127993e+00
1.74487519e+00
2.26039243e+00
2.03195238e+00
1.93825495e+00
1.81611574e+00
1.90144396e+00
2.52472925e+00
1.54670584e+00
2.05121350e+00
1.75009704e+00
1.72511148e+00
1.77233446e+00
1.53526688e+00
1.66578603e+00
1.42669988e+00
1.16865194e+00
1.78011715e+00
1.87462080e+00
1.11480319e+00
2.03848481e+00
1.31077373e+00
1.32214189e+00
2.08154821e+00
2.07995558e+00
1.25873566e+00
1.54943299e+00
2.16954374e+00
1.78284633e+00
1.83131766e+00
1.95295882e+00
1.77664661e+00
2.41739178e+00
1.58780599e+00
1.78683650e+00
2.43699789e+00
1.89740884e+00
1.64387262e+00
2.72259974e+00
1.15720868e+00
1.69257104e+00
2.39962006e+00
2.38182878e+00
2.12094784e+00
1.70566034e+00
1.61611259e+00
1.98766148e+00
1.86662364e+00
1.96076787e+00
2.67933083e+00
2.26715899e+00
1.47349143e+00
2.27333784e+00
2.21243715e+00
1.78942335e+00
2.30120087e+00
2.13084984e+00
1.98893988e+00
1.55423284e+00
1.75245500e+00
2.38447618e+00
2.19117641e+00
1.51951289e+00
1.71826530e+00
2.35577679e+00
1.86149359e+00
1.35735083e+00
1.59169221e+00
1.50985408e+00
1.78294384e+00
2.37290239e+00
1.97552466e+00
1.41291630e+00
1.58106279e+00
2.04352379e+00
1.36392498e+00
2.41897917e+00
2.19462323e+00
1.52445710e+00
2.11362886e+00
1.53971922e+00
2.07422447e+00
2.29648328e+00
1.74827516e+00
1.32387042e+00
1.74190569e+00
1.96195793e+00
1.40492189e+00
1.51136816e+00
1.65871418e+00
1.46853602e+00
1.44213498e+00
2.55492663e+00
1.72613287e+00
1.92760217e+00
2.04431558e+00
1.73789382e+00
1.52513111e+00
1.79476607e+00
1.41603136e+00
1.71171641e+00
1.43564475e+00
1.30775166e+00
1.69211876e+00
1.23945904e+00
1.36867130e+00
1.92516363e+00
1.71200907e+00
1.60362101e+00
2.29574084e+00
1.17591870e+00
2.44767857e+00
2.48702621e+00
1.52479708e+00
1.35357893e+00
1.86976492e+00
2.02371311e+00
1.87811911e+00
1.93866265e+00
1.76065207e+00
1.75282872e+00
2.23937726e+00
1.58230877e+00
1.73831141e+00
1.50320351e+00
1.74294877e+00
1.76466024e+00
1.38729596e+00
1.37392449e+00
2.12593031e+00
2.11403942e+00
1.98901045e+00
1.64039207e+00
1.02906525e+00
2.26398611e+00
1.67967081e+00
1.51736033e+00
1.69584644e+00
2.03350306e+00
2.57389617e+00
1.82196915e+00
2.01296282e+00
1.59316158e+00
1.27947176e+00
1.66830420e+00
2.04537129e+00
1.32709885e+00
1.10844505e+00
1.24166882e+00
1.41596794e+00
1.44053864e+00
1.67192388e+00
1.89600098e+00
1.76168203e+00
1.87888932e+00
1.50548446e+00
1.26607633e+00
1.91497803e+00
1.57112718e+00
1.35756886e+00
1.60467482e+00
1.69125879e+00
1.61597908e+00
2.04337168e+00
1.50969017e+00
1.68474829e+00
1.38711774e+00
1.78568816e+00
2.20385289e+00
1.50070667e+00
1.89882016e+00
1.55763972e+00
1.89334464e+00
1.65219891e+00
1.21763849e+00
1.55527830e+00
1.92035270e+00
1.28531921e+00
1.40903056e+00
1.70600092e+00
1.60078657e+00
1.48009825e+00
1.71949577e+00
1.44174731e+00
1.34661686e+00
1.38666952e+00
1.36629677e+00
1.42435896e+00
1.16389668e+00
1.39428270e+00
1.38142002e+00
1.41870952e+00
1.83768964e+00
1.47678947e+00
1.09182179e+00
1.37329900e+00
1.51095366e+00
1.85195684e+00
2.04999924e+00
1.59675574e+00
1.36463308e+00
1.33893681e+00
1.07730603e+00
1.18228686e+00
1.42419267e+00
1.28798938e+00
1.27679884e+00
1.41206205e+00
1.40661752e+00
1.44851243e+00
1.58861935e+00
1.72659671e+00
1.52727747e+00
1.53730989e+00
1.42310381e+00
1.36415493e+00
1.62884641e+00
1.86856198e+00
1.74964094e+00
1.34585559e+00
1.61183858e+00
1.75110495e+00
1.31397152e+00
1.38469875e+00
2.07551050e+00
1.61983037e+00
1.43712485e+00
1.40392315e+00
1.38956809e+00
1.18638968e+00
1.29369712e+00
1.50219262e+00
1.27756822e+00
1.03991878e+00
1.58066010e+00
2.28181815e+00
1.11992013e+00
1.14421606e+00
1.31837678e+00
1.44075990e+00
1.61375332e+00
1.52277517e+00
1.25870609e+00
1.62390769e+00
1.35988867e+00
1.41741800e+00
1.81546116e+00
1.74093759e+00
1.37777150e+00
1.32372403e+00
1.66375303e+00
1.59426725e+00
1.33641338e+00
1.55646038e+00
1.75936580e+00
1.20197034e+00
1.31367505e+00
1.67717016e+00
1.63501787e+00
1.82944822e+00
1.40294206e+00
1.32337344e+00
1.12633622e+00
1.15753639e+00
1.11583197e+00
1.13549387e+00
1.25681186e+00
1.33335638e+00
1.62423420e+00
1.55702555e+00
1.11381304e+00
1.14539897e+00
9.47887480e-01
1.67282581e+00
1.58447874e+00
8.96621883e-01
1.11978757e+00
1.28763962e+00
1.46823490e+00
1.60927355e+00
1.42312706e+00
1.25609863e+00
1.42098165e+00
1.73992729e+00
1.05341101e+00
9.89594638e-01
9.50601816e-01
1.06685472e+00
1.14134538e+00
1.26650167e+00
1.14872193e+00
1.10922992e+00
1.30982697e+00
9.00416255e-01
1.03051853e+00
1.86334264e+00
9.14518595e-01
1.17062509e+00
1.30759060e+00
1.12861216e+00
1.22646713e+00
1.31145239e+00
9.35763538e-01
1.21051157e+00
1.27757955e+00
1.02805221e+00
1.15693700e+00
9.73831832e-01
1.21335685e+00
9.93464947e-01
1.00584984e+00
1.13338733e+00
1.05423784e+00
1.20759046e+00
1.05525804e+00
1.98441982e+00
1.25822091e+00
9.75551724e-01
1.48727608e+00
9.33528304e-01
1.29874575e+00
8.22097063e-01
9.06740308e-01
1.07176208e+00
6.72955871e-01
1.05590832e+00
1.88942790e+00
1.01089954e+00
6.96838617e-01
6.67285204e-01
8.43913555e-01
1.38599920e+00
8.13878775e-01
8.39991033e-01
7.38218129e-01
6.39592648e-01
8.28009367e-01
1.08660686e+00
6.93999290e-01
1.24841583e+00
8.04049611e-01
6.35922849e-01
8.92647564e-01
7.09766805e-01
7.41011739e-01
6.69107616e-01
6.52177453e-01
9.19910908e-01
1.03812873e+00
7.61919618e-01
1.34570491e+00
6.66415930e-01
5.99452078e-01
6.52967870e-01
6.38211668e-01
9.08292592e-01
5.24780095e-01
7.12186038e-01
8.73676240e-01
8.32464278e-01
1.04666948e+00
8.79045963e-01
1.20671237e+00
1.27809024e+00
9.18646276e-01
6.62917256e-01
7.05244184e-01
9.27316904e-01
6.69947207e-01
9.77988422e-01
1.70285964e+00
1.58994210e+00
1.02026582e+00
1.07321370e+00
9.01426196e-01
8.15030694e-01
8.62454295e-01
1.02816761e+00
1.10386300e+00
1.12505424e+00
1.08886623e+00
1.20323908e+00
7.81529427e-01
9.27600205e-01
1.61857677e+00
8.04971099e-01
1.29450810e+00
1.07302403e+00
9.47875977e-01
1.19074452e+00
1.36833179e+00
1.32838035e+00
1.25151420e+00
1.50760245e+00
1.27769423e+00
1.06593406e+00
1.16347587e+00
9.40451622e-01
1.18352449e+00
1.66362929e+00
1.49067843e+00
1.13041449e+00
1.23837221e+00
1.27233756e+00
1.60435665e+00
1.61779070e+00
1.30813766e+00
9.83845830e-01
1.02154195e+00
1.70508564e+00
1.57265413e+00
1.63129711e+00
1.77035248e+00
1.59143555e+00
1.09685504e+00
1.01310945e+00
1.34274626e+00
1.06459427e+00
1.16949832e+00
1.33562601e+00
1.06493962e+00
1.39618790e+00
1.61461127e+00
1.35078323e+00
1.07170939e+00
1.07173228e+00
1.44009018e+00
1.69521475e+00
1.63211894e+00
1.51513684e+00
1.28743041e+00
1.39608622e+00
1.40352666e+00
1.36504853e+00
1.01545966e+00
1.16644752e+00
1.49367392e+00
1.42068541e+00
1.16730189e+00
1.73337233e+00
1.60606122e+00
1.35444629e+00
1.40822446e+00
1.30369723e+00
1.11883962e+00
1.03566122e+00
1.29557550e+00
1.55566716e+00
1.33698893e+00
1.31039524e+00
1.83752477e+00
1.41974175e+00
1.58278847e+00
1.24284017e+00
9.87199485e-01
1.14966559e+00
1.65872717e+00
2.38092113e+00
1.56089306e+00
1.47516418e+00
1.62124801e+00
1.34883356e+00
1.04249489e+00
1.27592313e+00
1.49950194e+00
1.06781995e+00
1.09168661e+00
1.20862532e+00
1.01500559e+00
1.15059936e+00
1.41072989e+00
1.11139178e+00
1.43755352e+00
1.83104694e+00
1.23831987e+00
1.21578205e+00
1.13295007e+00
1.47517419e+00
1.49245322e+00
1.28663731e+00
1.25133204e+00
1.18476057e+00
1.34924960e+00
1.69344437e+00
1.68742585e+00
1.30204165e+00
1.21361208e+00
1.38898468e+00
1.10512984e+00
1.70230985e+00
1.38703454e+00
1.09418869e+00
1.56081378e+00
1.01051486e+00
1.39268827e+00
1.08499181e+00
1.39857638e+00
1.78215539e+00
1.09004366e+00
1.75300276e+00
1.35350096e+00
1.52972841e+00
1.52074850e+00
1.42941415e+00
1.86066794e+00
1.28570855e+00
9.82733428e-01
1.39568079e+00
1.35380244e+00
1.13473523e+00
1.53888547e+00
1.84048688e+00
1.48351932e+00
1.39611697e+00
1.38585258e+00
1.36300528e+00
1.49566996e+00
1.46539390e+00
1.23257864e+00
1.18017209e+00
1.19407272e+00
1.43877029e+00
1.78281152e+00
1.59531701e+00
1.35563493e+00
1.67207277e+00
1.39163423e+00
1.06386030e+00
1.30140042e+00
1.28249156e+00
1.51206434e+00
1.26898897e+00
1.25848424e+00
1.27168667e+00
1.17435527e+00
1.13076007e+00
1.28204584e+00
1.84482884e+00
1.53324366e+00
1.03302515e+00
1.54934096e+00
1.46925282e+00
1.59302080e+00
1.38924181e+00
1.12201130e+00
1.19558871e+00
1.51286733e+00
1.44316304e+00
1.47707522e+00
1.62178636e+00
1.28088927e+00
1.23313797e+00
1.83983719e+00
1.44057381e+00
9.78745878e-01
1.16923797e+00
1.29286337e+00
1.19385910e+00
1.19309580e+00
1.24055481e+00
9.66728032e-01
8.83321226e-01
1.22662199e+00
1.32852542e+00
8.51521194e-01
1.68080950e+00
1.41967773e+00
1.19152844e+00
1.02786720e+00
8.91891837e-01
1.21853983e+00
9.66273665e-01
1.28987038e+00
1.23243439e+00
1.14979935e+00
1.09867299e+00
1.31039608e+00
1.29250181e+00
8.60765696e-01
1.08423877e+00
1.55049062e+00
1.46860254e+00
1.17458761e+00
1.21625209e+00
1.51216543e+00
1.32597208e+00
1.19482517e+00
1.46604884e+00
1.69847357e+00
9.66157973e-01
1.17159498e+00
1.69365442e+00
1.35003436e+00
1.11985648e+00
1.68180084e+00
1.09781921e+00
1.36247540e+00
9.63078320e-01
8.97490978e-01
1.16938341e+00
1.26618302e+00
8.49078119e-01
1.02104580e+00
1.24949241e+00
1.30722344e+00
9.47426617e-01
9.34928477e-01
1.86296415e+00
1.04607379e+00
1.13886034e+00
1.28250444e+00
1.14190757e+00
1.58203351e+00
1.54234385e+00
1.18329740e+00
1.25191641e+00
1.20803511e+00
1.08411849e+00
1.04310536e+00
1.49137592e+00
1.42304230e+00
7.02977002e-01
8.80982041e-01
1.55325067e+00
1.05226827e+00
1.07443798e+00
1.05724657e+00
9.37911630e-01
1.04062879e+00
1.35317099e+00
1.27328122e+00
1.43291998e+00
1.00338256e+00
1.26951849e+00
1.29113507e+00
1.01837254e+00
1.64594400e+00
1.31679463e+00
1.24701667e+00
1.48953629e+00
1.33708286e+00
1.25650740e+00
1.54600513e+00
8.29965413e-01
1.29820323e+00
1.24254215e+00
9.15810943e-01
1.18090487e+00
1.29489541e+00
1.20443463e+00
1.21337759e+00
1.30859840e+00
9.53082085e-01
8.69476378e-01
1.48987794e+00
1.15380323e+00
1.70652986e+00
1.38417649e+00
1.03153551e+00
1.15152681e+00
9.08308804e-01
1.10413051e+00
1.27381432e+00
1.18032062e+00
1.20863104e+00
1.47511184e+00
1.41175580e+00
1.41720045e+00
1.14904940e+00
1.09683645e+00
1.50636446e+00
1.32640564e+00
7.27787137e-01
1.25300527e+00
1.58888042e+00
1.14358473e+00
9.87897933e-01
1.28250980e+00
1.19534564e+00
1.92729115e+00
1.32036722e+00
1.20402765e+00
1.56161761e+00
1.48212934e+00
1.34316313e+00
1.36049104e+00
1.02339137e+00
8.94473970e-01
9.09234285e-01
9.67108727e-01
8.93913984e-01
1.02587986e+00
1.27252090e+00
8.85649979e-01
8.63294184e-01
1.40353835e+00
1.08839643e+00
1.05688381e+00
1.38820851e+00
8.38603139e-01
6.26157105e-01
7.41458118e-01
9.30915654e-01
1.10421157e+00
1.06001091e+00
9.44830000e-01
9.25417542e-01
1.02943218e+00
1.16007924e+00
1.46865642e+00
8.95658076e-01
1.09862602e+00
1.38712871e+00
1.05970550e+00
1.52012992e+00
8.33453715e-01
9.16759431e-01
8.34309936e-01
7.73169219e-01
1.00813770e+00
1.73233342e+00
1.21916044e+00
8.33265126e-01
1.21850336e+00
1.41453767e+00
1.10118413e+00
1.04510880e+00
1.14053357e+00
8.25982630e-01
1.29859686e+00
1.38016784e+00
9.50609744e-01
1.15304267e+00
7.28698552e-01
1.14945626e+00
1.04199243e+00
1.22939444e+00
1.68210185e+00
9.72770393e-01
8.09416354e-01
1.58161032e+00
1.27403104e+00
8.24743986e-01
1.21846259e+00
1.44312549e+00
8.29858065e-01
1.09731281e+00
1.69362998e+00
1.14864874e+00
5.82961202e-01
1.50341308e+00
7.45008707e-01
8.12544823e-01
9.16385770e-01
1.15965509e+00
1.25966811e+00
1.06454074e+00
9.21314776e-01
1.21706879e+00
1.61245513e+00
1.62006533e+00
1.35954392e+00
1.18883777e+00
9.93619084e-01
1.59028959e+00
1.42809248e+00
9.56194043e-01
9.26662564e-01
1.47106659e+00
1.41035390e+00
1.33680964e+00
8.59067440e-01
7.98142135e-01
1.13767064e+00
1.14099193e+00
1.21911645e+00
9.72012103e-01
9.78560030e-01
9.06508446e-01
8.73847902e-01
1.07225204e+00
1.14611781e+00
1.11844814e+00
1.25335336e+00
1.27143168e+00
1.06017220e+00
9.42788720e-01
1.73207676e+00
1.08032334e+00
8.57701719e-01
9.17618215e-01
8.79550099e-01
7.90284097e-01
8.60949993e-01
9.37915623e-01
1.09933221e+00
9.63701367e-01
9.63719368e-01
1.41897190e+00
9.25817430e-01
1.18819392e+00
1.17549992e+00
1.06641376e+00
1.33512759e+00
9.21846271e-01
8.70934963e-01
1.01490927e+00
7.42362380e-01
8.75621080e-01
1.38830590e+00
8.17220747e-01
1.57361853e+00
1.19798255e+00
1.29890943e+00
1.67550576e+00
1.28534162e+00
1.11690533e+00
8.75258088e-01
1.37357521e+00
1.17647243e+00
1.08095503e+00
1.36223161e+00
1.16108561e+00
1.09259439e+00
1.21659279e+00
1.26931763e+00
9.60519314e-01
7.16739357e-01
8.11217189e-01
9.68224466e-01
1.11883736e+00
1.50872612e+00
1.25407481e+00
8.97196949e-01
1.52127349e+00
5.65404475e-01
5.97684324e-01
6.02495015e-01
9.26990688e-01
1.37308884e+00
7.29719400e-01
1.27165496e+00
1.05592799e+00
6.57464743e-01
6.23581588e-01
9.25566971e-01
1.08511162e+00
1.39833760e+00
6.89827442e-01
6.49952173e-01
1.21219659e+00
1.38600016e+00
8.10971260e-01
1.13785446e+00
1.46001041e+00
1.71906447e+00
1.29338813e+00
6.65422559e-01
1.10336423e+00
8.84336352e-01
1.08326995e+00
1.25606894e+00
1.28416502e+00
1.09244430e+00
6.47708714e-01
7.62119532e-01
8.30888450e-01
7.46466756e-01
9.06867683e-01
1.09244120e+00
8.03966880e-01
7.68767416e-01
1.32491684e+00
9.38914478e-01
8.13604951e-01
1.57706463e+00
7.70722032e-01
1.00664568e+00
1.27644420e+00
1.20418584e+00
1.31681681e+00
1.63907075e+00
7.68013120e-01
6.90574229e-01
1.29678190e+00
1.54128063e+00
1.47217476e+00
1.16175866e+00
5.66095352e-01
1.26298392e+00
8.84354949e-01
1.04689527e+00
1.37608898e+00
5.87469935e-01
7.51454592e-01
1.11867476e+00
1.17451811e+00
8.54101181e-01
7.63656735e-01
9.69915211e-01
1.25836587e+00
6.07581198e-01
9.26541090e-01
1.19979441e+00
8.44123900e-01
7.35263228e-01
1.14500356e+00
9.70776081e-01
5.58325291e-01
6.57700717e-01
6.90984011e-01
8.30572069e-01
1.68270791e+00
5.77072620e-01
6.87184811e-01
1.22197449e+00
1.05090380e+00
6.91671014e-01
6.96028948e-01
1.12310886e+00
6.08031511e-01
5.86720049e-01
1.19693601e+00
1.15586734e+00
6.99673891e-01
5.25432587e-01
4.82923359e-01
8.64337385e-01
1.12809122e+00
5.32058895e-01
8.09561074e-01
9.21240091e-01
7.69571483e-01
9.04425204e-01
1.12140834e+00
7.39075541e-01
1.77595544e+00
4.05721045e+00
2.23903537e+00
3.58799839e+00
2.77899408e+00
2.99691725e+00
1.57986069e+00
6.37053311e-01
8.50068033e-01
1.10287797e+00
8.01717281e-01
1.37129664e+00
9.04871404e-01
6.38687074e-01
6.15086019e-01
1.04869950e+00
1.26037204e+00
7.12647140e-01
8.62201154e-01
1.02447724e+00
1.16858459e+00
6.07373893e-01
4.88558173e-01
1.07591712e+00
8.21181297e-01
7.36515164e-01
7.93102920e-01
6.58619106e-01
5.29829264e-01
7.05737710e-01
9.79336500e-01
7.85299301e-01
1.08907640e+00
1.32440019e+00
8.68385136e-01
6.77178264e-01
4.42264646e-01
7.70746231e-01
1.22368836e+00
1.34991300e+00
1.06077743e+00
9.81242716e-01
1.65058446e+00
6.92879677e-01
6.66485369e-01
1.01658928e+00
8.53703141e-01
6.86588645e-01
1.08634388e+00
6.82858050e-01
1.00257027e+00
1.29263484e+00
1.01678848e+00
9.80234087e-01
9.04793859e-01
1.14368260e+00
1.24318337e+00
1.13923633e+00
1.02489805e+00
8.75127971e-01
1.36664963e+00
1.52780390e+00
1.03830194e+00
4.59648609e-01
6.12015903e-01
1.35265589e+00
8.72977674e-01
8.74988973e-01
6.45755351e-01
7.85932899e-01
1.26567507e+00
9.22830403e-01
6.69240475e-01
1.52735198e+00
1.51581001e+00
9.08940196e-01
9.17009473e-01
1.15176105e+00
6.73516035e-01
4.40909296e-01
5.49656987e-01
9.78776574e-01
9.92358804e-01
6.97859466e-01
8.04507613e-01
8.13738525e-01
5.53012848e-01
6.16560757e-01
1.51661241e+00
2.22314501e+00
8.31726491e-01
8.64089966e-01
8.41422319e-01
9.62114394e-01
1.02623940e+00
1.15258002e+00
1.27623785e+00
1.26780748e+00
9.42120492e-01
8.62929821e-01
9.41143274e-01
9.60323632e-01
1.29802322e+00
6.75180137e-01
8.98625970e-01
8.07980537e-01
7.39455521e-01
8.15883219e-01
6.33242846e-01
6.50883257e-01
9.49634016e-01
1.07111406e+00
7.74670660e-01
5.31361401e-01
9.14611757e-01
7.41159976e-01
6.89605176e-01
9.91007864e-01
8.79139245e-01
6.13525212e-01
9.33268666e-01
9.65884805e-01
6.75959110e-01
6.32845998e-01
9.37004209e-01
1.07524931e+00
7.98078597e-01
8.88250649e-01
5.57041764e-01
9.68711436e-01
1.30446374e+00
7.33664215e-01
7.50328541e-01
1.09540069e+00
1.10370362e+00
8.53231072e-01
7.23057508e-01
7.36257315e-01
6.52924180e-01
6.21278465e-01
1.04956067e+00
7.08269715e-01
5.09853542e-01
1.02278304e+00
1.16948462e+00
7.20778406e-01
7.55253971e-01
9.13717270e-01
8.98680508e-01
6.43534005e-01
8.35341990e-01
1.19394374e+00
1.04655111e+00
1.03496277e+00
9.49529231e-01
6.32331967e-01
6.82019711e-01
9.54039454e-01
1.00812960e+00
1.07625473e+00
7.65332282e-01
6.54637218e-01
1.44787335e+00
8.74689102e-01
8.20215464e-01
4.08994377e-01
6.43237412e-01
1.78462219e+00
6.46911025e-01
1.22337675e+00
9.04472589e-01
5.99487066e-01
4.91871208e-01
5.51893890e-01
4.38188046e-01
1.47744739e+00
7.68698752e-01
4.87267256e-01
7.36871719e-01
6.10881209e-01
1.09315014e+00
1.12869501e+00
6.88543558e-01
6.50015414e-01
7.00140893e-01
4.98932779e-01
6.86626613e-01
5.54422915e-01
4.71102536e-01
6.02024019e-01
6.19250536e-01
8.59991074e-01
6.25734389e-01
1.42098606e+00
1.25039005e+00
4.86622363e-01
5.04898906e-01
1.67578232e+00
6.84630215e-01
1.41699660e+00
1.58624065e+00
9.57168579e-01
8.76697183e-01
1.30267453e+00
8.97732913e-01
8.04941595e-01
6.55603528e-01
5.55139184e-01
5.75916767e-01
6.33865058e-01
1.11867201e+00
6.49193525e-01
8.74738753e-01
1.03545868e+00
9.24763322e-01
1.26701653e+00
1.12669277e+00
1.21985471e+00
7.08313286e-01
5.94362497e-01
7.64474332e-01
7.60701776e-01
6.91727698e-01
8.99887681e-01
5.18026769e-01
5.80094934e-01
9.28814411e-01
7.56804049e-01
1.77450311e+00
5.67977071e-01
6.42013907e-01
1.12048423e+00
1.03954160e+00
5.71400940e-01
1.09745610e+00
7.58256495e-01
7.90948093e-01
8.27169001e-01
6.68075264e-01
8.53195906e-01
7.50333130e-01
1.11382067e+00
1.09758294e+00
6.25254333e-01
5.22777975e-01
8.82149458e-01
5.34367979e-01
4.82854426e-01
4.30314034e-01
4.98451829e-01
4.49566483e-01
1.16159308e+00
4.62321281e-01
1.02251303e+00
8.07844043e-01
5.74247956e-01
6.80872917e-01
8.90461147e-01
1.05731273e+00
1.32906866e+00
1.14874005e+00
8.00836444e-01
9.78000283e-01
7.60750592e-01
7.63294816e-01
9.68503058e-01
8.55219364e-01
4.81511503e-01
3.61904472e-01
9.45547104e-01
4.69919086e-01
7.53318608e-01
7.73867965e-01
9.32036936e-01
1.51714861e+00
5.50563633e-01
7.86467016e-01
6.27050996e-01
1.18726170e+00
1.25600719e+00
5.60295224e-01
1.01683521e+00
8.46189797e-01
1.05721903e+00
1.02824402e+00
7.87261724e-01
5.74884415e-01
4.30533469e-01
9.89027798e-01
6.47455990e-01
8.09081972e-01
9.64111984e-01
4.13284719e-01
6.84327126e-01
1.14062536e+00
6.31302238e-01
9.58191812e-01
1.59615326e+00
1.29794943e+00
6.58975363e-01
7.88538039e-01
6.14920497e-01
5.48855186e-01
1.08102190e+00
1.28235495e+00
8.91963661e-01
5.27174950e-01
3.57678831e-01
5.98398030e-01
1.07815790e+00
1.29871666e+00
8.35799575e-01
3.62762451e-01
6.95079386e-01
1.08972800e+00
7.50742495e-01
6.18109286e-01
8.74548852e-01
1.01083577e+00
8.71134162e-01
8.20219696e-01
7.76296675e-01
5.38661182e-01
9.45752919e-01
1.25208604e+00
1.71952438e+00
2.94830942e+00
3.28581953e+00
1.03606629e+00
1.11828661e+00
1.89303052e+00
3.03008676e+00
1.29361415e+00
1.27255535e+00
1.41622198e+00
6.97465956e-01
6.32094741e-01
8.31989110e-01
6.19069874e-01
4.58602339e-01
1.12993634e+00
7.35881865e-01
5.05759120e-01
1.04724681e+00
7.39311874e-01
4.52967495e-01
6.39286757e-01
6.93564177e-01
6.42442286e-01
5.10229588e-01
6.61806881e-01
8.00462425e-01
8.74776602e-01
9.44736063e-01
9.51092839e-01
1.02528894e+00
1.09054017e+00
1.02004504e+00
9.25943732e-01
8.11562181e-01
7.04836726e-01
6.15141451e-01
5.96908569e-01
9.05241847e-01
8.86107802e-01
1.00720370e+00
7.37840295e-01
5.39307475e-01
7.67543077e-01
1.17298150e+00
8.87597084e-01
9.84606683e-01
1.15867198e+00
7.16134787e-01
6.91646993e-01
7.65104771e-01
3.89268368e-01
7.10550487e-01
9.03562248e-01
7.02966511e-01
5.44426203e-01
8.71157885e-01
5.17098486e-01
8.12860370e-01
4.63294715e-01
3.48709524e-01
1.04915404e+00
1.10250008e+00
7.94881999e-01
6.72494948e-01
8.02756786e-01
7.75301278e-01
6.40044510e-01
5.91348231e-01
8.42080176e-01
8.62984478e-01
6.18842959e-01
5.37492037e-01
7.21641004e-01
9.73240018e-01
1.22890937e+00
8.17501903e-01
8.84511471e-01
9.16159153e-01
6.96280181e-01
7.03676105e-01
8.70876968e-01
8.47616971e-01
9.37435925e-01
8.81658316e-01
6.70691669e-01
3.65609825e-01
4.23086345e-01
4.81744856e-01
7.27785051e-01
5.48441052e-01
3.48952740e-01
4.80650246e-01
7.77214289e-01
1.21899879e+00
6.30124032e-01
5.92016876e-01
6.18586719e-01
4.13487732e-01
8.89577329e-01
6.98608100e-01
3.62209469e-01
6.09453022e-01
1.07096303e+00
3.69307250e-01
5.80375612e-01
7.08301544e-01
7.22988307e-01
3.79217327e-01
0.00000000e+00
8.27131867e-01
6.57885194e-01
1.02050996e+00
5.24403036e-01
5.47746658e-01
8.73418927e-01
8.49283159e-01
8.44852626e-01
5.22940993e-01
3.25812548e-01
3.82115930e-01
5.77437997e-01
9.33966458e-01
1.25324380e+00
8.49695265e-01
7.15821505e-01
9.61069584e-01
5.87178648e-01
3.59883457e-01
7.29550004e-01
8.50796700e-01
5.03584445e-01
5.62573969e-01
7.89589882e-01
6.55275822e-01
4.78894770e-01
5.91776848e-01
2.88406819e-01
4.80787873e-01
1.17532063e+00
9.54696238e-01
5.63245237e-01
9.12496328e-01
7.00715601e-01
5.57451963e-01
4.85093892e-01
6.54186249e-01
7.47085690e-01
1.04685152e+00
9.01171625e-01
7.76690662e-01
9.54152048e-01
1.03728080e+00
5.54409385e-01
4.90253717e-01
6.66552603e-01
3.98247182e-01
5.98039985e-01
1.44658911e+00
7.26959050e-01
4.41206813e-01
1.08551371e+00
9.11002398e-01
4.40911353e-01
7.80674815e-01
7.22212017e-01
9.30781305e-01
1.11058974e+00
5.68464875e-01
5.25717735e-01
7.75597215e-01
7.09822595e-01
8.16643119e-01
7.14002430e-01
5.39505541e-01
5.80686390e-01
8.02201152e-01
6.19015694e-01
6.93256676e-01
7.79235780e-01
5.23567498e-01
6.41403913e-01
6.42736495e-01
1.04754722e+00
8.21344078e-01
7.27551818e-01
4.91646707e-01
4.21671420e-01
1.04429984e+00
3.71044844e-01
1.51064193e+00
1.44015360e+00
8.26638401e-01
1.06196606e+00
6.46408677e-01
9.92329895e-01
7.19324768e-01
4.21391487e-01
5.55392742e-01
5.75139642e-01
7.91985512e-01
5.66094637e-01
6.76683664e-01
8.40158880e-01
6.04080737e-01
7.55998015e-01
8.64160895e-01
1.54642844e+00
9.43089962e-01
6.28869414e-01
9.64157104e-01
7.06155241e-01
8.24230969e-01
9.26237822e-01
5.72326422e-01
5.60214460e-01
5.91415584e-01
6.19917095e-01
6.17577374e-01
8.09803665e-01
3.57787430e-01
5.42558610e-01
5.59415340e-01
9.07737613e-01
7.35271811e-01
6.85958683e-01
7.26042926e-01
4.74678934e-01
5.05311847e-01
1.01066446e+00
7.60605156e-01
5.96617341e-01
5.93515635e-01
1.11439967e+00
7.87721097e-01
6.59892023e-01
1.01910198e+00
6.43101215e-01
5.96147358e-01
6.45510077e-01
7.34138548e-01
5.79718292e-01
8.00455511e-01
6.72915637e-01
6.13457203e-01
6.38579309e-01
9.27063644e-01
1.08402848e+00
4.64121103e-01
8.08685660e-01
1.16347325e+00
1.13852656e+00
6.14152312e-01
4.79286224e-01
5.74383557e-01
5.82160354e-01
4.84113425e-01
8.72757673e-01
1.27585936e+00
8.79492462e-01
8.48746598e-01
8.25278759e-01
6.03346705e-01
5.31149745e-01
4.70182985e-01
4.04137522e-01
7.16238260e-01
5.51737010e-01
7.45751798e-01
9.85080421e-01
7.97332883e-01
4.44023669e-01
6.22215986e-01
1.13871324e+00
7.69749165e-01
5.82332134e-01
7.46722519e-01
6.78825557e-01
4.87202168e-01
4.44584548e-01
6.55388832e-01
9.39767301e-01
8.11424673e-01
7.04986989e-01
6.11238003e-01
1.04749584e+00
6.89511657e-01
6.81411624e-01
8.33711803e-01
3.84865761e-01
8.64548564e-01
4.56968039e-01
5.45755029e-01
6.66443229e-01
4.00711417e-01
8.09940279e-01
4.30724263e-01
2.96645612e-01
7.17629969e-01
8.41654897e-01
6.46541774e-01
6.54248893e-01
6.36521637e-01
9.01381731e-01
6.31435513e-01
4.22928989e-01
6.05971634e-01
5.32167435e-01
3.20764363e-01
6.41491473e-01
6.07736230e-01
4.71425503e-01
5.13106048e-01
3.24456841e-01
4.48732615e-01
4.60166126e-01
4.91051346e-01
8.00287545e-01
8.79218042e-01
8.03941488e-01
7.85939395e-01
6.34989917e-01
4.97707486e-01
4.91846502e-01
7.18323469e-01
8.67643714e-01
6.46887779e-01
6.57451808e-01
4.42603827e-01
5.72177589e-01
1.13011229e+00
3.91942501e-01
8.36498022e-01
6.00701988e-01
4.37869132e-01
6.04776084e-01
1.38239753e+00
9.36456501e-01
1.07403123e+00
9.15166855e-01
7.71374643e-01
6.08874261e-01
5.22399485e-01
6.85708225e-01
9.51465011e-01
4.58399236e-01
3.10398728e-01
5.26779532e-01
5.50630867e-01
4.06440437e-01
6.40118003e-01
7.91803360e-01
7.62673795e-01
5.04242957e-01
3.77486020e-01
4.99756992e-01
3.82897466e-01
3.68891686e-01
6.07932627e-01
6.25187755e-01
5.28520048e-01
5.17098546e-01
5.42893708e-01
4.29322749e-01
5.43296039e-01
5.22380114e-01
2.92758286e-01
5.52300751e-01
7.25610197e-01
5.67872703e-01
4.95584548e-01
5.66354096e-01
5.81092954e-01
4.54680204e-01
4.39721614e-01
5.25539041e-01
5.17942309e-01
4.51540321e-01
4.55988765e-01
4.89960849e-01
4.34723228e-01
5.16002357e-01
4.74761426e-01
3.19884986e-01
7.50206172e-01
1.13213861e+00
1.02845085e+00
6.59455419e-01
8.70232999e-01
6.64913058e-01
2.93111295e-01
6.89626694e-01
6.79941237e-01
2.54627377e-01
3.57767373e-01
3.32110465e-01
3.12139958e-01
7.10963130e-01
4.67661411e-01
4.87250596e-01
4.68176275e-01
5.46675444e-01
5.42648077e-01
7.86675632e-01
3.53157669e-01
4.21049118e-01
6.05172276e-01
5.56301296e-01
3.65392655e-01
4.76132125e-01
3.17759186e-01
5.06201982e-01
6.72823429e-01
3.17378819e-01
3.14782381e-01
4.65541780e-01
6.64993942e-01
8.00400257e-01
7.70275593e-01
6.44455492e-01
4.28415686e-01
4.01549011e-01
6.27388179e-01
6.22483611e-01
4.69671816e-01
5.95036089e-01
9.74473655e-01
4.55751479e-01
6.19512379e-01
4.56482321e-01
5.29612064e-01
8.85707915e-01
4.78912175e-01
8.86369050e-01
6.33434534e-01
7.46612430e-01
6.81972742e-01
4.58425641e-01
5.62601984e-01
4.12448674e-01
8.29735935e-01
6.15064144e-01
4.01313663e-01
5.23579955e-01
4.29136246e-01
3.06897283e-01
8.03064346e-01
6.57489300e-01
2.99437851e-01
3.98365796e-01
6.13848984e-01
4.44527090e-01
6.40334070e-01
6.87116444e-01
4.54136610e-01
3.37878227e-01
6.91332579e-01
6.43068671e-01
7.23039210e-01
7.66996145e-01
3.96662772e-01
3.36930662e-01
1.00077450e+00
5.76245487e-01
6.34529471e-01
7.90412903e-01
7.25635886e-01
6.35660589e-01
4.83152896e-01
5.71325183e-01
3.89780194e-01
4.14257050e-01
4.71342832e-01
4.88924265e-01
6.87042654e-01
3.43784600e-01
6.62249804e-01
5.52534938e-01
3.85743141e-01
5.47974706e-01
4.20293719e-01
5.73392451e-01
5.18332064e-01
6.69615626e-01
6.69642985e-01
3.96879554e-01
4.64039117e-01
7.38718033e-01
7.01426804e-01
1.21968484e+00
6.91416085e-01
5.01747668e-01
5.19342899e-01
5.41161835e-01
4.06042814e-01
8.66734505e-01
7.11039066e-01
3.52776915e-01
1.19376528e+00
4.01598454e-01
3.30614537e-01
5.97793162e-01
7.52281308e-01
5.45753777e-01
3.97041351e-01
2.95154959e-01
8.16334724e-01
5.34915984e-01
3.13145190e-01
6.90090477e-01
3.86304617e-01
8.10847521e-01
5.78688860e-01
5.88284969e-01
8.82470667e-01
6.46376789e-01
3.77579510e-01
4.43748295e-01
4.88807470e-01
3.56959105e-01
5.10206342e-01
3.51286441e-01
3.25798184e-01
8.26012909e-01
3.08117330e-01
5.31774223e-01
6.82452679e-01
1.03722942e+00
4.31958389e+00
2.33727455e+00
5.39624393e-01
4.42430615e-01
6.24022603e-01
1.02959716e+00
5.48200905e-01
6.22289836e-01
5.79130292e-01
6.01470947e-01
5.47549069e-01
3.70666534e-01
3.93066287e-01
3.53135437e-01
5.10588229e-01
6.28600001e-01
4.92402524e-01
4.31492478e-01
1.03838634e+00
6.01639807e-01
5.37484765e-01
6.41253471e-01
7.25487947e-01
6.87971175e-01
4.36214507e-01
6.46720767e-01
6.67300701e-01
5.37440479e-01
4.55069989e-01
3.60734999e-01
5.92541754e-01
5.61851203e-01
6.20885253e-01
6.38512373e-01
4.40202475e-01
3.53356063e-01
6.79634750e-01
4.26987410e-01
2.26183966e-01
2.95066118e-01
4.71392781e-01
4.94349658e-01
6.58208191e-01
5.91189027e-01
3.10534537e-01
5.35674214e-01
9.57550466e-01
4.05585200e-01
4.49348956e-01
8.91454458e-01
3.99942786e-01
3.62309277e-01
6.73119962e-01
5.70712686e-01
5.72229147e-01
4.82741952e-01
4.81877297e-01
4.14010048e-01
4.36541080e-01
6.43737674e-01
5.47750115e-01
6.00321054e-01
5.32867610e-01
5.86849332e-01
7.62701809e-01
7.38037229e-01
7.04461277e-01
7.66137421e-01
7.01451242e-01
6.39356136e-01
5.80076993e-01
4.41854894e-01
2.05431953e-01
6.08533800e-01
6.40088141e-01
5.89891553e-01
6.99504912e-01
4.28505480e-01
4.97863919e-01
4.11918968e-01
5.97890437e-01
5.16411722e-01
3.57465655e-01
7.37664938e-01
3.91892046e-01
3.31647247e-01
4.34845269e-01
5.99296749e-01
8.03212047e-01
4.99296933e-01
6.27482176e-01
3.60409975e-01
4.60521609e-01
3.45665246e-01
3.98218185e-01
8.01190913e-01
5.69794297e-01
6.25871837e-01
3.23912859e-01
2.67679214e-01
5.23928821e-01
6.21027887e-01
3.79980892e-01
4.35519367e-01
7.35259175e-01
7.44530380e-01
4.77704346e-01
3.41589153e-01
4.57750201e-01
6.06533825e-01
5.03224313e-01
4.56525058e-01
6.40552521e-01
3.21999460e-01
4.59005892e-01
4.93972152e-01
5.73412299e-01
6.51008427e-01
5.17562211e-01
4.51644629e-01
6.50978208e-01
6.95294797e-01
5.73497057e-01
4.14790928e-01
4.98984188e-01
7.99591422e-01
5.92076302e-01
3.40968400e-01
3.15211117e-01
5.12016714e-01
7.73540318e-01
5.81385732e-01
5.12946248e-01
3.53622139e-01
3.13179761e-01
3.86685580e-01
4.69194114e-01
3.94141108e-01
6.74634457e-01
5.64542651e-01
5.57767510e-01
6.20292783e-01
3.22964758e-01
6.79519057e-01
8.74930024e-01
5.50471604e-01
3.53295654e-01
4.08794522e-01
4.91725415e-01
4.15157050e-01
3.63447607e-01
5.69563925e-01
5.35885334e-01
4.12383318e-01
4.90946531e-01
4.43749964e-01
6.74537420e-01
4.01003182e-01
3.26429129e-01
4.26017374e-01
3.64159733e-01
3.00028950e-01
7.01433778e-01
4.05383974e-01
4.85302269e-01
7.72509217e-01
4.99171138e-01
3.82813811e-01
5.13740361e-01
3.83216470e-01
5.77959120e-01
6.70184731e-01
3.97747099e-01
4.79083180e-01
5.50760031e-01
3.78298283e-01
4.04715002e-01
4.42859530e-01
3.17092806e-01
4.99640107e-01
2.82956868e-01
3.57294291e-01
4.45760012e-01
3.63854587e-01
5.57415187e-01
3.43300074e-01
2.26172030e-01
5.52857161e-01
5.31791806e-01
4.72557396e-01
6.15840614e-01
5.69725931e-01
2.85897017e-01
5.49372971e-01
5.16572237e-01
2.56920248e-01
3.47074836e-01
5.04254758e-01
4.78484988e-01
4.50197309e-01
3.67768526e-01
3.79958153e-01
6.02450848e-01
4.53183353e-01
7.14960933e-01
6.08459413e-01
4.98402327e-01
5.35986960e-01
4.30165678e-01
6.74912930e-01
6.43317819e-01
6.30946338e-01
4.61846590e-01
4.46142107e-01
5.58160961e-01
3.33467126e-01
5.02901435e-01
5.29471338e-01
5.81636429e-01
6.42482340e-01
4.71405715e-01
4.97870862e-01
7.42002428e-01
4.68283415e-01
2.84389526e-01
3.52467567e-01
5.35572767e-01
5.98071873e-01
2.91131914e-01
4.97136921e-01
7.13423491e-01
4.42468464e-01
2.27232501e-01
5.07048309e-01
5.79013407e-01
5.74272752e-01
6.03936672e-01
4.33666080e-01
3.51849407e-01
4.22931015e-01
3.77186388e-01
4.60457057e-01
5.94667256e-01
5.62047184e-01
6.40519738e-01
6.63866282e-01
3.90866667e-01
4.93789494e-01
5.77141047e-01
3.85839731e-01
4.34135646e-01
6.06481850e-01
4.36875015e-01
5.29826641e-01
3.21019530e-01
2.98234820e-01
7.13366985e-01
5.21435857e-01
3.48608226e-01
5.20719647e-01
6.33697391e-01
5.18020511e-01
4.54012722e-01
3.13984543e-01
4.99720424e-01
4.60034102e-01
3.50315988e-01
3.26860100e-01
4.41637337e-01
3.31744105e-01
4.87221658e-01
3.47201526e-01
3.29597175e-01
5.77559352e-01
6.24635994e-01
7.50402689e-01
6.94664896e-01
4.67751324e-01
4.96410638e-01
6.90763235e-01
4.54838425e-01
7.44310200e-01
4.57018197e-01
3.65862757e-01
4.65988278e-01
3.54489833e-01
4.40923929e-01
3.95580977e-01
4.78599310e-01
5.83770454e-01
4.54644978e-01
4.40419406e-01
6.93934441e-01
3.99550855e-01
3.69877070e-01
4.56182748e-01
4.90910113e-01
3.09466213e-01
3.20484340e-01
5.90288281e-01
7.71350563e-01
4.55611438e-01
3.50413382e-01
7.09850907e-01
9.09730792e-01
4.77493912e-01
5.96832812e-01
5.07216990e-01
3.66427392e-01
3.73589307e-01
4.28915888e-01
2.70242631e-01
3.33255529e-01
3.61199200e-01
4.36422676e-01
6.15492702e-01
4.94350344e-01
3.43616366e-01
4.24550891e-01
4.61516798e-01
4.99096483e-01
5.63050032e-01
3.29821199e-01
5.14313638e-01
4.32505429e-01
4.40155715e-01
6.05720639e-01
4.52397168e-01
8.79032373e-01
4.04117763e-01
4.64525610e-01
5.57699919e-01
8.00296783e-01
4.15782064e-01
5.42307377e-01
8.42188478e-01
8.08610022e-01
5.04972279e-01
3.68847579e-01
6.86213732e-01
4.92457032e-01
5.17042875e-01
4.89900559e-01
8.72498512e-01
1.09441626e+00
3.75004977e-01
5.25809765e-01
4.17518467e-01
8.38707864e-01
6.13682091e-01
4.94003028e-01
3.69384408e-01
4.96969312e-01
6.83182836e-01
2.59876370e-01
3.45436245e-01
5.99027455e-01
4.71764922e-01
7.56856084e-01
8.96693587e-01
6.10581696e-01
8.88382971e-01
4.12174433e-01
7.21424997e-01
4.98321325e-01
3.26593101e-01
3.79500926e-01
3.44817162e-01
3.89951736e-01
7.15731859e-01
3.71115714e-01
3.87979716e-01
5.60007572e-01
6.85721636e-01
4.44832951e-01
3.54809046e-01
2.76078343e-01
6.26694798e-01
3.63872677e-01
3.50428253e-01
3.73997808e-01
5.20982623e-01
3.42133254e-01
5.08069575e-01
5.60136497e-01
4.45292711e-01
2.94596553e-01
3.05346251e-01
4.08335477e-01
3.30046654e-01
3.66203904e-01
3.89748931e-01
4.75131780e-01
6.01648629e-01
3.10382545e-01
4.00833040e-01
2.82893151e-01
3.52415621e-01
5.59800744e-01
5.87602675e-01
7.31842697e-01
3.05812865e-01
2.97229260e-01
5.82530379e-01
5.12457013e-01
4.99047041e-01
4.86004263e-01
4.21465963e-01
4.44579124e-01
4.15185958e-01
4.01610702e-01
3.64500493e-01
4.13364887e-01
3.37365627e-01
3.11030626e-01
4.25718397e-01
4.70890313e-01
5.37959754e-01
3.77833992e-01
6.83195353e-01
3.41512561e-01
3.92916322e-01
3.12605083e-01
3.88504982e-01
3.62348676e-01
4.51664120e-01
5.47147572e-01
4.40159798e-01
4.12224203e-01
3.01098287e-01
2.91420192e-01
3.54479879e-01
3.68426442e-01
3.92070740e-01
4.63935256e-01
3.91741484e-01
3.73991281e-01
5.08044958e-01
3.99722606e-01
2.68707454e-01
3.57470959e-01
4.71515417e-01
4.19389307e-01
3.30443293e-01
5.44575334e-01
5.42730510e-01
4.88828689e-01
8.52672875e-01
8.04946065e-01
6.95046425e-01
4.90943342e-01
3.24429512e-01
3.33955050e-01
4.61838573e-01
3.98622274e-01
3.65882128e-01
3.46033990e-01
2.57418245e-01
2.42378280e-01
5.83920538e-01
3.73593062e-01
4.97032762e-01
3.75207067e-01
4.01927918e-01
6.49996638e-01
5.87864995e-01
3.91862452e-01
5.52694738e-01
6.37939751e-01
4.95396107e-01
4.13294941e-01
7.03832150e-01
4.42650020e-01
3.59962493e-01
3.48594248e-01
4.18016315e-01
5.21283448e-01
7.09540367e-01
3.20984751e-01
5.30104518e-01
4.05730605e-01
3.52807760e-01
5.34096658e-01
3.93668652e-01
3.81969541e-01
5.27317822e-01
5.00291467e-01
3.98020387e-01
3.75243574e-01
3.86566818e-01
4.18687195e-01
4.86798823e-01
6.46440327e-01
1.17924953e+00
5.34861028e-01
6.49403453e-01
9.11466837e-01
1.22316301e+00
1.20174074e+00
8.72005820e-01
6.79229021e-01
6.21962249e-01
3.65819991e-01
7.67809629e-01
5.93946040e-01
5.32579660e-01
4.04083371e-01
3.64961058e-01
5.40720940e-01
4.97896820e-01
5.85273087e-01
6.63120747e-01
3.51448655e-01
4.20605659e-01
5.88149726e-01
5.77361822e-01
3.02423358e-01
4.12837327e-01
6.85393870e-01
5.81145883e-01
6.53070271e-01
4.51346457e-01
4.79026437e-01
4.99912649e-01
3.20539653e-01
4.16465372e-01
6.41140223e-01
4.33744043e-01
5.17212749e-01
4.38852847e-01
4.58050400e-01
3.35524172e-01
4.31335747e-01
2.75112838e-01
3.04173529e-01
4.44793731e-01
4.83720183e-01
3.91699731e-01
4.32094812e-01
3.22180957e-01
3.02660972e-01
3.66745949e-01
3.76653910e-01
4.13122624e-01
4.95468318e-01
6.24853969e-01
5.43894887e-01
4.11522537e-01
4.57133502e-01
3.88501793e-01
2.98333198e-01
4.34441060e-01
2.88464934e-01
2.62736350e-01
4.83905524e-01
3.64717185e-01
6.48766875e-01
6.69181108e-01
5.89567780e-01
3.83240193e-01
9.74683464e-01
5.96693575e-01
6.59388781e-01
3.71273398e-01
3.18384469e-01
3.34536940e-01
3.15291971e-01
3.79109204e-01
5.08832932e-01
4.79129255e-01
3.06968540e-01
3.22228044e-01
3.79700631e-01
4.39717203e-01
3.24578226e-01
4.13704604e-01
3.65016371e-01
4.13899124e-01
8.55122089e-01
1.24931717e+00
9.48060751e-01
6.17898524e-01
3.77370209e-01
5.34738779e-01
1.43134212e+00
7.50851393e-01
4.69618380e-01
3.60646158e-01
2.88535595e-01
3.14555377e-01
2.97109395e-01
4.61118639e-01
4.08998877e-01
5.10228455e-01
3.16879362e-01
3.22625875e-01
6.10192120e-01
4.18067068e-01
3.48108977e-01
4.42287028e-01
5.18275142e-01
2.69663870e-01
3.90115410e-01
5.65274477e-01
6.17975056e-01
4.36422557e-01
4.26592886e-01
5.04391789e-01
2.82667667e-01
3.30492228e-01
4.46313888e-01
7.16674387e-01
3.33996087e-01
3.78586918e-01
5.05058408e-01
3.05969715e-01
4.39196080e-01
7.22515285e-01
5.89726567e-01
8.45977068e-01
4.83628124e-01
3.78835052e-01
3.47425580e-01
4.61628258e-01
4.18024212e-01
2.51086205e-01
3.38324964e-01
3.49608660e-01
5.60397744e-01
3.85106325e-01
6.00826740e-01
7.34669089e-01
2.96774566e-01
6.96955681e-01
5.37933886e-01
8.48922551e-01
5.21008790e-01
6.78644180e-01
8.63705516e-01
5.25264680e-01
4.08016205e-01
5.22230983e-01
3.77758950e-01
2.22484767e-01
5.36019325e-01
6.00764513e-01
3.66687506e-01
3.42864454e-01
6.01869702e-01
6.23973608e-01
3.56789798e-01
3.89355272e-01
4.58847821e-01
2.74271697e-01
3.39020848e-01
5.45984089e-01
7.09406376e-01
5.03613472e-01
4.01742756e-01
4.95647401e-01
3.44660163e-01
3.29505086e-01
5.65162778e-01
2.53771722e-01
2.13336721e-01
4.88902986e-01
6.13235056e-01
5.51589012e-01
7.94122815e-01
8.82212043e-01
7.41132736e-01
6.43644989e-01
7.11789370e-01
5.90325594e-01
3.59787703e-01
2.82522589e-01
4.61943448e-01
2.43618220e-01
4.55588847e-01
6.01466596e-01
3.72858256e-01
3.48804563e-01
4.02827263e-01
4.29568380e-01
5.47990322e-01
5.34421623e-01
2.97452629e-01
3.00571293e-01
3.08043182e-01
3.18023801e-01
4.57124680e-01
5.52876234e-01
3.97914857e-01
4.26337630e-01
5.61890364e-01
5.15682578e-01
3.80193144e-01
1.69007683e+00
1.87777770e+00
5.03527164e-01
3.33024949e-01
2.84152508e-01
3.30377012e-01
4.07199711e-01
3.49114537e-01
3.59857827e-01
1.02210891e+00
5.99271774e-01
3.53591263e-01
3.94679964e-01
3.72462898e-01
6.38426781e-01
1.15427041e+00
9.37557995e-01
5.71791649e-01
5.81100762e-01
8.39788973e-01
2.43565813e-01
4.20377821e-01
4.30807471e-01
3.13383430e-01
4.03461397e-01
4.78753418e-01
4.17638272e-01
1.05349171e+00
3.18342537e-01
3.34725708e-01
4.18820739e-01
4.52111602e-01
4.63378906e-01
5.18314838e-01
5.63791394e-01
6.28094614e-01
3.07945102e-01
1.99638903e-01
6.86300635e-01
3.00667882e-01
3.29608709e-01
4.56111610e-01
3.57646435e-01
4.61152196e-01
3.06670010e-01
6.71923399e-01
6.02127194e-01
4.22842115e-01
3.60780835e-01
3.12271923e-01
3.78501415e-01
4.91156220e-01
4.79508191e-01
4.21273232e-01
3.05498332e-01
3.15730661e-01
4.15749162e-01
3.03954184e-01
2.75461406e-01
3.68587106e-01
2.68341511e-01
2.69377530e-01
4.15372521e-01
3.80821258e-01
2.48865813e-01
3.45186263e-01
3.69055271e-01
4.31839108e-01
3.19912761e-01
2.98540175e-01
3.27740788e-01
3.21954668e-01
4.81500000e-01
6.04317784e-01
4.96688634e-01
5.02139866e-01
3.51852298e-01
3.30040991e-01
4.09612358e-01
2.18048319e-01
2.53303796e-01
2.62975097e-01
3.12002182e-01
4.29594249e-01
3.23267609e-01
3.53013903e-01
4.86696124e-01
2.74885654e-01
3.45535904e-01
3.34887654e-01
2.53045917e-01
3.82119238e-01
4.34979051e-01
2.70932108e-01
4.23123747e-01
2.92966008e-01
2.42351681e-01
4.86888856e-01
3.48024696e-01
4.64109063e-01
4.29432422e-01
3.42136741e-01
3.96117777e-01
4.29926455e-01
3.17977130e-01
3.93104732e-01
3.83680969e-01
3.12222809e-01
4.10188258e-01
6.13874912e-01
3.25860113e-01
4.38286394e-01
2.91339695e-01
3.35835040e-01
3.65482301e-01
2.41128296e-01
3.47031832e-01
3.56842846e-01
3.76894146e-01
2.56206304e-01
3.14632773e-01
8.16647887e-01
4.47176039e-01
3.38163555e-01
4.68786329e-01
7.51812398e-01
5.15482068e-01
2.87729859e-01
2.60879904e-01
3.80520254e-01
4.71844614e-01
3.77918452e-01
2.70247400e-01
2.49815539e-01
3.02341402e-01
4.34381813e-01
4.76552695e-01
6.07840240e-01
6.73083007e-01
4.45856035e-01
3.16911906e-01
3.51621687e-01
3.23035300e-01
2.72915095e-01
2.62297571e-01
2.77596235e-01
3.24684799e-01
2.62377709e-01
2.94505596e-01
2.95444608e-01
2.99600005e-01
6.18881404e-01
4.31979895e-01
2.69434959e-01
2.93274015e-01
2.75304407e-01
2.63907313e-01
2.59659082e-01
4.06544387e-01
3.33297044e-01
5.77202380e-01
5.38929343e-01
2.77630776e-01
3.63943905e-01
2.50309348e-01
3.46781641e-01
2.33011872e-01
2.79551506e-01
4.06119496e-01
6.69803798e-01
3.72646689e-01
3.35312068e-01
5.81764817e-01
1.13971865e+00
1.20418942e+00
5.09682715e-01
5.14257550e-01
5.20248234e-01
6.58813119e-01
8.85679603e-01
5.29742181e-01
3.55081767e-01
3.07880580e-01
2.62204945e-01
3.19130838e-01
3.79821926e-01
4.07235682e-01
4.80416685e-01
3.57383400e-01
2.56652772e-01
3.95580262e-01
5.40874124e-01
2.85852641e-01
2.79869914e-01
3.49114180e-01
2.28815466e-01
2.79531568e-01
3.36791456e-01
3.31153929e-01
2.67380178e-01
4.88484889e-01
4.58794355e-01
8.92137587e-01
9.62722898e-01
1.07768250e+00
1.18657053e+00
7.20756590e-01
6.51556492e-01
7.14400947e-01
4.48751062e-01
3.84720743e-01
3.31515163e-01
4.43172157e-01
4.79788065e-01
5.13883233e-01
3.38813812e-01
3.19343716e-01
3.59069169e-01
2.43605003e-01
5.66462696e-01
4.02537882e-01
3.80261064e-01
4.03616637e-01
6.30555928e-01
6.13300622e-01
3.32303405e-01
2.48529047e-01
3.53464395e-01
3.25182945e-01
3.36466730e-01
5.89487791e-01
1.28958523e+00
1.15045202e+00
6.13294423e-01
3.66362423e-01
4.00558203e-01
3.18681538e-01
3.37048501e-01
2.97672898e-01
4.82077152e-01
5.60007036e-01
3.40734482e-01
5.03687084e-01
4.30701375e-01
4.07867342e-01
3.22693467e-01
1.00341809e+00
1.03571892e+00
8.22172046e-01
6.43398702e-01
4.38197970e-01
4.67414290e-01
2.58532077e-01
4.12726045e-01
4.04845774e-01
2.30354592e-01
2.56216794e-01
4.03952509e-01
4.49652791e-01
3.98645133e-01
4.90131795e-01
2.47243166e-01
4.23610419e-01
3.00610155e-01
7.01476753e-01
5.62082231e-01
6.34659231e-01
5.44756234e-01
2.85875678e-01
2.44788185e-01
2.64049143e-01
2.41264284e-01
2.59767413e-01
2.93576926e-01
3.41546744e-01
3.17936569e-01
3.89788240e-01
3.40030193e-01
3.11789960e-01
3.77290606e-01
3.20869952e-01
2.71259367e-01
2.41208658e-01
2.58497655e-01
4.60857749e-01
4.62140471e-01
6.64723575e-01
3.13395351e-01
4.83005106e-01
3.51882696e-01
3.31557393e-01
2.64505208e-01
5.16087890e-01
5.52644014e-01
4.21265244e-01
2.84744740e-01
7.17645943e-01
4.87104714e-01
3.20825875e-01
2.66117781e-01
2.25133821e-01
2.59924948e-01
5.16179085e-01
2.88397610e-01
2.36077547e-01
3.77915442e-01
4.64823008e-01
3.15693051e-01
3.08228642e-01
3.22393030e-01
3.44231665e-01
2.75380701e-01
3.28236848e-01
4.07833964e-01
2.43857518e-01
4.68785465e-01
4.94002819e-01
2.52415061e-01
3.12797606e-01
2.56697625e-01
2.39482507e-01
3.15208972e-01
3.38575453e-01
2.37003282e-01
2.96079487e-01
4.49528575e-01
4.24414933e-01
4.10538048e-01
2.48210400e-01
2.33726203e-01
2.66667694e-01
2.81626642e-01
2.72996575e-01
2.75519460e-01
2.54163861e-01
2.63008207e-01
3.99366349e-01
3.57774317e-01
2.82450110e-01
2.52861381e-01
5.00125408e-01
5.76821327e-01
3.80548954e-01
6.82484388e-01
6.88627362e-01
2.66333073e-01
3.20036203e-01
8.16688299e-01
4.11271781e-01
6.46164060e-01
3.60013187e-01
3.95356447e-01
2.87132680e-01
3.43086213e-01
3.35120559e-01
6.27926648e-01
3.24227154e-01
5.20159364e-01
5.76933622e-01
3.97717476e-01
3.05999547e-01
3.50382656e-01
2.83380717e-01
3.41816425e-01
3.78029138e-01
3.70857567e-01
4.13758457e-01
5.76484203e-01
3.80327225e-01
4.00958031e-01
4.90455300e-01
2.54671425e-01
3.62514585e-01
5.40607154e-01
4.09851551e-01
2.90448934e-01
3.68711144e-01
5.97624660e-01
4.68511283e-01
2.96068877e-01
3.11633468e-01
4.23735917e-01
3.15636426e-01
3.00981134e-01
3.80133450e-01
2.11757913e-01
2.76345402e-01
2.42850780e-01
2.29992360e-01
3.84568334e-01
4.29062217e-01
2.52102375e-01
2.86452621e-01
2.36801639e-01
2.94280142e-01
2.69300193e-01
2.88296252e-01
3.49280238e-01
4.03673142e-01
3.70828003e-01
4.30203378e-01
4.26844984e-01
3.17839265e-01
2.58064330e-01
4.91211712e-01
4.10989612e-01
3.08766454e-01
2.92247444e-01
2.76814282e-01
2.58673787e-01
2.38497779e-01
2.72201300e-01
2.74111897e-01
3.70425969e-01
5.07713735e-01
7.67555475e-01
6.56494915e-01
7.98591197e-01
6.73752546e-01
5.73151112e-01
6.68407857e-01
3.79252076e-01
1.04562235e+00
8.00542712e-01
5.78904688e-01
4.53348756e-01
4.53052282e-01
2.38674015e-01
3.74715924e-01
3.30289602e-01
3.02424610e-01
5.33070385e-01
2.69870847e-01
2.25312620e-01
4.05755162e-01
4.95149314e-01
3.87792021e-01
2.99517125e-01
3.16678792e-01
3.26207519e-01
2.53946096e-01
3.50771070e-01
3.54982346e-01
2.80448437e-01
3.79661947e-01
5.29225290e-01
1.35794508e+00
1.55335283e+00
1.93013477e+00
1.29957378e+00
5.16994417e-01
1.11462128e+00
7.74475694e-01
6.97561502e-01
3.15637171e-01
2.62233466e-01
2.61602193e-01
3.41648102e-01
5.60988188e-01
3.97066087e-01
4.08687204e-01
3.48122597e-01
2.62067556e-01
4.61853087e-01
4.63960618e-01
2.94199675e-01
4.67473090e-01
6.57213748e-01
4.66185063e-01
3.15127581e-01
2.35978082e-01
2.58843839e-01
2.01326117e-01
2.69518614e-01
4.29427236e-01
7.07111239e-01
1.00118089e+00
9.16578352e-01
6.08710051e-01
5.34918725e-01
2.60864943e-01
3.85316193e-01
2.62355238e-01
1.01069689e+00
1.19292307e+00
6.06246471e-01
4.56416935e-01
2.58543134e-01
2.41939768e-01
2.72261202e-01
3.21540922e-01
5.91185749e-01
1.24011528e+00
1.11422598e+00
1.01636207e+00
4.25407887e-01
3.43763977e-01
4.86736089e-01
2.87717253e-01
3.57729405e-01
3.04877907e-01
2.65776902e-01
3.59850317e-01
4.41481620e-01
3.59682024e-01
4.15006548e-01
3.87694687e-01
4.09104288e-01
6.90670490e-01
5.88633537e-01
8.00221086e-01
1.10670853e+00
8.89350772e-01
5.74179113e-01
3.10984671e-01
4.59022343e-01
2.31269971e-01
2.55316526e-01
3.45368683e-01
2.78437555e-01
3.90855014e-01
5.13757527e-01
2.36731529e-01
3.17079455e-01
2.70456165e-01
6.51236176e-01
4.31425780e-01
6.61656976e-01
3.26337218e-01
4.73733574e-01
4.14103687e-01
1.13424671e+00
9.65818882e-01
6.04559958e-01
