2.41361141e+00
2.36619973e+00
2.34651923e+00
2.33711720e+00
2.36254334e+00
2.44810152e+00
2.44003582e+00
2.46162176e+00
2.40801549e+00
2.44030452e+00
2.44710875e+00
2.46797585e+00
2.43031788e+00
2.46896243e+00
2.50018477e+00
2.42109823e+00
2.43948340e+00
2.49552774e+00
2.50767088e+00
2.50464559e+00
2.53371954e+00
2.47544765e+00
2.46504116e+00
2.46392369e+00
2.47720671e+00
2.47429538e+00
2.44477129e+00
2.47248411e+00
2.42958021e+00
2.45482850e+00
2.43204165e+00
2.38650775e+00
2.38448977e+00
2.37207460e+00
2.39513326e+00
2.41308951e+00
2.40188909e+00
2.36419821e+00
2.34173393e+00
2.28155851e+00
2.23848367e+00
2.27974486e+00
2.25244784e+00
2.24847198e+00
2.26386285e+00
2.24738550e+00
2.23197150e+00
2.29259348e+00
2.32055354e+00
2.31777811e+00
2.39106154e+00
2.39511442e+00
2.38178396e+00
2.42688799e+00
2.42851019e+00
2.42816448e+00
2.43096638e+00
2.45315552e+00
2.45225096e+00
2.46261430e+00
2.46284986e+00
2.44511652e+00
2.46207595e+00
2.43094182e+00
2.41936874e+00
2.42603588e+00
2.47407866e+00
2.41839147e+00
2.40498090e+00
2.44725180e+00
2.42904282e+00
2.43236685e+00
2.37121868e+00
2.40052414e+00
2.45340347e+00
2.41352940e+00
2.40480828e+00
2.44180441e+00
2.42674160e+00
2.39800048e+00
2.39745402e+00
2.40751147e+00
2.36316276e+00
2.33261895e+00
2.37737322e+00
2.33794641e+00
2.31953955e+00
2.29297686e+00
2.26773667e+00
2.24335647e+00
2.30018759e+00
2.25734711e+00
2.21160054e+00
2.21024466e+00
2.16639996e+00
2.15204239e+00
2.13500881e+00
2.12800503e+00
2.09265876e+00
2.08261824e+00
2.03343511e+00
2.01447344e+00
2.01207733e+00
1.96260166e+00
1.92311871e+00
1.90919089e+00
2.00387168e+00
2.03200173e+00
2.04778790e+00
2.04464054e+00
2.08469272e+00
2.15794754e+00
2.14629769e+00
2.19325972e+00
2.20220089e+00
2.19828033e+00
2.27154613e+00
2.28823805e+00
2.24021840e+00
2.30509758e+00
2.27729487e+00
2.31726336e+00
2.33944154e+00
2.29176688e+00
2.37037325e+00
2.37254167e+00
2.36192369e+00
2.40875340e+00
2.39122748e+00
2.44767284e+00
2.46678400e+00
2.40308714e+00
2.40193915e+00
2.38116431e+00
2.42173386e+00
2.45333624e+00
2.43511248e+00
2.40556693e+00
2.41339993e+00
2.42751145e+00
2.44571948e+00
2.44347119e+00
2.42952275e+00
2.44263387e+00
2.41081262e+00
2.42406678e+00
2.44149399e+00
2.40407085e+00
2.39881086e+00
2.40189314e+00
2.41078973e+00
2.36801291e+00
2.32670283e+00
2.31136465e+00
2.32002664e+00
2.34077859e+00
2.39395738e+00
2.39178181e+00
2.38397741e+00
2.38990545e+00
2.38970923e+00
2.39839721e+00
2.36199474e+00
2.31856251e+00
2.32023454e+00
2.30471015e+00
2.29971957e+00
2.30489421e+00
2.26759791e+00
2.25435972e+00
2.22965527e+00
2.21855903e+00
2.22100258e+00
2.18488359e+00
2.21131134e+00
2.19207215e+00
2.15851998e+00
2.14398837e+00
2.12976861e+00
2.12370658e+00
2.09597516e+00
2.10103250e+00
2.04902363e+00
1.99682593e+00
1.99257553e+00
1.93523240e+00
1.91171777e+00
1.88029790e+00
1.83642602e+00
1.78762925e+00
1.73786604e+00
1.68980718e+00
1.62807190e+00
1.62620735e+00
1.65579867e+00
1.68977451e+00
1.69275177e+00
1.76321077e+00
1.79003346e+00
1.83242059e+00
1.90033364e+00
1.93821430e+00
1.96074605e+00
1.99065876e+00
2.00615120e+00
1.99238920e+00
2.03467941e+00
2.10548854e+00
2.08696604e+00
2.07692957e+00
2.12674046e+00
2.17323828e+00
2.18745995e+00
2.19262528e+00
2.21586132e+00
2.24431634e+00
2.24250078e+00
2.24148178e+00
2.26483321e+00
2.28594661e+00
2.29891801e+00
2.29171228e+00
2.31834841e+00
2.34020400e+00
2.35303354e+00
2.39117384e+00
2.36195636e+00
2.36677170e+00
2.39744234e+00
2.42172027e+00
2.42204857e+00
2.41209555e+00
2.40002823e+00
2.43253636e+00
2.40970635e+00
2.42570114e+00
2.41695809e+00
2.39774537e+00
2.39999151e+00
2.40828729e+00
2.48189116e+00
2.46595049e+00
2.45346141e+00
2.49923396e+00
2.44638062e+00
2.39919186e+00
2.43096018e+00
2.50225520e+00
2.44730592e+00
2.41038752e+00
2.47254920e+00
2.46476793e+00
2.45868897e+00
2.45246387e+00
2.42028236e+00
2.43990779e+00
2.44078255e+00
2.46387315e+00
2.48114181e+00
2.45270586e+00
2.48901320e+00
2.49692988e+00
2.47328782e+00
2.47624397e+00
2.47710443e+00
2.50147557e+00
2.47164464e+00
2.48473930e+00
2.46949720e+00
2.47801375e+00
2.49255013e+00
2.47183442e+00
2.47157645e+00
2.46071029e+00
2.43583345e+00
2.42571020e+00
2.44844890e+00
2.42828083e+00
2.44805789e+00
2.44956017e+00
2.43407440e+00
2.45509577e+00
2.40540600e+00
2.40072966e+00
2.43978047e+00
2.44585657e+00
2.40811372e+00
2.41609406e+00
2.40341926e+00
2.38741112e+00
2.37163401e+00
2.36170840e+00
2.38206005e+00
2.32890296e+00
2.34250093e+00
2.33759522e+00
2.31194520e+00
2.29623055e+00
2.29876781e+00
2.26407647e+00
2.28199053e+00
2.28342748e+00
2.23096228e+00
2.22593331e+00
2.21516299e+00
2.17811084e+00
2.19020724e+00
2.17485118e+00
2.14834452e+00
2.16455603e+00
2.13061213e+00
2.09985566e+00
2.09685135e+00
2.06762266e+00
2.05827737e+00
2.02572513e+00
2.01756597e+00
1.99385643e+00
2.00058603e+00
1.97476947e+00
1.94552684e+00
1.94219995e+00
1.89656866e+00
1.85203338e+00
1.84304464e+00
1.81598961e+00
1.77090168e+00
1.73309052e+00
1.68950713e+00
1.64956772e+00
1.63548279e+00
1.59265649e+00
1.51713622e+00
1.47727025e+00
1.41517162e+00
1.37753665e+00
1.39420855e+00
1.42827642e+00
1.49990785e+00
1.57192624e+00
1.62621629e+00
1.63415349e+00
1.67888606e+00
1.71007228e+00
1.70923150e+00
1.76764286e+00
1.80212736e+00
1.80098832e+00
1.86081338e+00
1.86591649e+00
1.88245249e+00
1.95555282e+00
1.93422306e+00
1.94658458e+00
1.99642622e+00
2.00701332e+00
2.00218678e+00
2.04416943e+00
2.04116631e+00
2.05291176e+00
2.06517196e+00
2.06138968e+00
2.08798218e+00
2.10176516e+00
2.11783028e+00
2.13794780e+00
2.16573691e+00
2.16393018e+00
2.16307044e+00
2.18023491e+00
2.15130854e+00
2.19056368e+00
2.19191504e+00
2.19380736e+00
2.22650695e+00
2.22270346e+00
2.24824595e+00
2.26051116e+00
2.23570180e+00
2.23621249e+00
2.27364182e+00
2.28635383e+00
2.27858377e+00
2.30570698e+00
2.31506181e+00
2.31592441e+00
2.31396055e+00
2.33591294e+00
2.31970358e+00
2.31910753e+00
2.32124901e+00
2.34364486e+00
2.33634615e+00
2.36260056e+00
2.39922523e+00
2.37321615e+00
2.36054873e+00
2.35264087e+00
2.33295608e+00
2.35060215e+00
2.37014461e+00
2.36040854e+00
2.37397385e+00
2.34613872e+00
2.35527945e+00
2.36550379e+00
2.35448027e+00
2.39942026e+00
2.37899828e+00
2.39311504e+00
2.41358209e+00
2.38328695e+00
2.40403342e+00
2.40469241e+00
2.40208602e+00
2.41051960e+00
2.39210224e+00
2.38173842e+00
2.39797306e+00
2.39261055e+00
2.39168167e+00
2.36954761e+00
2.39642954e+00
2.39552689e+00
2.36836576e+00
2.36340904e+00
2.36457348e+00
2.37721014e+00
2.35082912e+00
2.39701867e+00
2.39843559e+00
2.36314559e+00
2.37019634e+00
2.35439420e+00
2.36850023e+00
2.36871982e+00
2.37696362e+00
2.37064695e+00
2.37556314e+00
2.39142680e+00
2.37949944e+00
2.38456702e+00
2.35984969e+00
2.38571405e+00
2.38222384e+00
2.37187266e+00
2.39832640e+00
2.38277173e+00
2.38559127e+00
2.37731481e+00
2.34496284e+00
2.35329866e+00
2.36025739e+00
2.37405014e+00
2.37456679e+00
2.38538074e+00
2.37070680e+00
2.35213923e+00
2.35690856e+00
2.35816836e+00
2.36284828e+00
2.34368944e+00
2.35952735e+00
2.36231542e+00
2.33248186e+00
2.34101748e+00
2.32509756e+00
2.32002473e+00
2.32035327e+00
2.32222366e+00
2.34442592e+00
2.32885313e+00
2.34625459e+00
2.35976696e+00
2.31890297e+00
2.33224034e+00
2.34342051e+00
2.32061911e+00
2.32303786e+00
2.31062531e+00
2.31184578e+00
2.33063960e+00
2.30447793e+00
2.29965210e+00
2.30817890e+00
2.30399370e+00
2.28711843e+00
2.33428645e+00
2.30907607e+00
2.30027866e+00
2.29062581e+00
2.26886344e+00
2.28606081e+00
2.32063770e+00
2.27824736e+00
2.28851628e+00
2.27844501e+00
2.28124881e+00
2.27631378e+00
2.26173091e+00
2.26857448e+00
2.27025557e+00
2.26527143e+00
2.24281883e+00
2.26618338e+00
2.24779868e+00
2.23267555e+00
2.24513674e+00
2.24231935e+00
2.22473478e+00
2.23623085e+00
2.22109222e+00
2.21817756e+00
2.20851970e+00
2.20122814e+00
2.19843316e+00
2.21299720e+00
2.20504951e+00
2.17996049e+00
2.19499278e+00
2.19483280e+00
2.19404411e+00
2.18368340e+00
2.15632176e+00
2.16955566e+00
2.18047667e+00
2.15648627e+00
2.14200687e+00
2.13423920e+00
2.15068460e+00
2.14721680e+00
2.15121198e+00
2.12440610e+00
2.09736848e+00
2.08852029e+00
2.09964919e+00
2.09803557e+00
2.09423947e+00
2.07886147e+00
2.08148837e+00
2.05457282e+00
2.04046011e+00
2.03868937e+00
2.03047323e+00
2.04623985e+00
2.01811099e+00
2.00256705e+00
1.99763167e+00
1.98906004e+00
1.96497715e+00
1.96274769e+00
1.96715295e+00
1.92573953e+00
1.88603199e+00
1.89859951e+00
1.88241374e+00
1.85733747e+00
1.87546134e+00
1.87957346e+00
1.86558533e+00
1.83559501e+00
1.81265211e+00
1.79493499e+00
1.77961123e+00
1.74354982e+00
1.72693574e+00
1.71817935e+00
1.68120193e+00
1.67410088e+00
1.64121616e+00
1.59457886e+00
1.57628393e+00
1.55793357e+00
1.53556108e+00
1.49190199e+00
1.44685376e+00
1.41891348e+00
1.36593926e+00
1.28105581e+00
1.24051404e+00
1.15876663e+00
1.11999917e+00
1.17934775e+00
1.23343968e+00
1.30854166e+00
1.36646235e+00
1.40086555e+00
1.43565762e+00
1.48180056e+00
1.52779424e+00
1.55362010e+00
1.56228936e+00
1.59233105e+00
1.60176528e+00
1.63103664e+00
1.65631270e+00
1.68183339e+00
1.73782754e+00
1.71193123e+00
1.74445391e+00
1.76278198e+00
1.74794781e+00
1.78183615e+00
1.80145895e+00
1.80882323e+00
1.80776083e+00
1.83136487e+00
1.84996748e+00
1.87001228e+00
1.88364446e+00
1.88482630e+00
1.87596977e+00
1.90345931e+00
1.92976558e+00
1.92095137e+00
1.91577804e+00
1.94576609e+00
1.95626605e+00
1.96655965e+00
1.98135030e+00
1.96329594e+00
1.98234165e+00
1.98476386e+00
1.99378181e+00
1.99138379e+00
2.00054860e+00
2.00214005e+00
2.00745964e+00
2.01097918e+00
2.00869846e+00
2.02115488e+00
2.00419354e+00
2.02307749e+00
2.04259634e+00
2.03591824e+00
2.01835585e+00
2.05043650e+00
2.05232859e+00
2.03335428e+00
2.05136037e+00
2.06234050e+00
2.05741286e+00
2.06490946e+00
2.07332754e+00
2.06230450e+00
2.05814123e+00
2.05493712e+00
2.06659508e+00
2.06063128e+00
2.06365657e+00
2.08195758e+00
2.08063149e+00
2.10275555e+00
2.09417176e+00
2.08434892e+00
2.09288383e+00
2.07089233e+00
2.07701683e+00
2.09307027e+00
2.10061693e+00
2.08567476e+00
2.10573339e+00
2.10366583e+00
2.08740926e+00
2.09998536e+00
2.09101558e+00
2.08284712e+00
2.10780287e+00
2.10343552e+00
2.08970666e+00
2.09840560e+00
2.09572721e+00
2.11372137e+00
2.09477949e+00
2.08695269e+00
2.10363865e+00
2.08695960e+00
2.08798480e+00
2.09462333e+00
2.10120773e+00
2.11147881e+00
2.07905221e+00
2.07850003e+00
2.07546234e+00
2.06553221e+00
2.07654214e+00
2.08450150e+00
2.08486962e+00
2.06591129e+00
2.08828878e+00
2.07435822e+00
2.07679701e+00
2.07538438e+00
2.07446623e+00
2.06744194e+00
2.07845497e+00
2.09134984e+00
2.09681249e+00
2.08477378e+00
2.09315825e+00
2.09487534e+00
2.09600401e+00
2.07982206e+00
2.10078526e+00
2.08782482e+00
2.06474662e+00
2.09027791e+00
2.08637309e+00
2.09125161e+00
2.07696104e+00
2.06422091e+00
2.07592583e+00
2.07282019e+00
2.06842732e+00
2.09251857e+00
2.08710885e+00
2.08079576e+00
2.09269571e+00
2.08468175e+00
2.07221794e+00
2.06315064e+00
2.08083105e+00
2.08929372e+00
2.09295774e+00
2.08606529e+00
2.09150195e+00
2.09716272e+00
2.06325197e+00
2.07717609e+00
2.08393621e+00
2.07249975e+00
2.07617664e+00
2.06153274e+00
2.06268215e+00
2.07386804e+00
2.07558179e+00
2.07326341e+00
2.06199098e+00
2.05813146e+00
2.04536223e+00
2.07708621e+00
2.05702448e+00
2.03434157e+00
2.05645704e+00
2.06037378e+00
2.06708384e+00
2.05719090e+00
2.04386163e+00
2.04597425e+00
2.08250880e+00
2.06676126e+00
2.06187296e+00
2.04726887e+00
2.03159571e+00
2.04993796e+00
2.05070853e+00
2.04752374e+00
2.04698920e+00
2.06326246e+00
2.05818224e+00
2.05444860e+00
2.07164836e+00
2.07908988e+00
2.04858422e+00
2.04726291e+00
2.05325460e+00
2.06077337e+00
2.05419540e+00
2.05286098e+00
2.05227733e+00
2.03314590e+00
2.02537799e+00
2.03585005e+00
2.04348207e+00
2.03483462e+00
2.04313517e+00
2.05320835e+00
2.03269362e+00
2.02617788e+00
2.01801872e+00
2.02802730e+00
2.03368855e+00
2.02435613e+00
2.03384852e+00
2.04031587e+00
2.02235174e+00
2.05634284e+00
2.02222395e+00
2.03136635e+00
2.03709269e+00
2.04397845e+00
2.03611135e+00
2.03999472e+00
2.04213238e+00
2.02051210e+00
2.03488493e+00
2.04258108e+00
2.02297139e+00
1.99894941e+00
2.00862122e+00
2.00206733e+00
2.00666904e+00
2.01155519e+00
2.00731683e+00
2.00812840e+00
1.98683012e+00
2.01937103e+00
1.98597157e+00
1.97952318e+00
2.02140522e+00
1.99362504e+00
2.00385427e+00
2.01229358e+00
1.98760378e+00
1.97733295e+00
1.98149312e+00
2.00938654e+00
2.01290011e+00
1.98490620e+00
1.99368620e+00
1.99167871e+00
1.98522162e+00
1.98586047e+00
1.99986720e+00
2.00668907e+00
1.99797106e+00
1.97223592e+00
1.97803223e+00
1.99931812e+00
1.99259853e+00
1.97802448e+00
1.97193789e+00
1.99123085e+00
1.97887611e+00
1.96780527e+00
1.98536575e+00
1.96270990e+00
1.95572448e+00
1.98314106e+00
1.96987414e+00
1.96387804e+00
1.96437669e+00
1.97298753e+00
1.96635926e+00
1.95268440e+00
1.95709515e+00
1.95154881e+00
1.94529462e+00
1.94571090e+00
1.95065892e+00
1.94483590e+00
1.95099378e+00
1.95598066e+00
1.96256101e+00
1.95230412e+00
1.95895505e+00
1.96804702e+00
1.97288704e+00
1.94080055e+00
1.95598757e+00
1.94486868e+00
1.93152773e+00
1.93655324e+00
1.94436705e+00
1.93058515e+00
1.94209206e+00
1.95090950e+00
1.93276703e+00
1.94371545e+00
1.91457915e+00
1.93075156e+00
1.96097505e+00
1.94462848e+00
1.93426347e+00
1.94209993e+00
1.94367075e+00
1.92833078e+00
1.91652036e+00
1.93715143e+00
1.92343104e+00
1.92426634e+00
1.94675612e+00
1.94102812e+00
1.93965280e+00
1.92489719e+00
1.91887343e+00
1.92514265e+00
1.91884768e+00
1.93047953e+00
1.92675900e+00
1.91631150e+00
1.93517947e+00
1.94062424e+00
1.93552065e+00
1.95146990e+00
1.92165470e+00
1.91553223e+00
1.93054903e+00
1.91123283e+00
1.90936613e+00
1.93247235e+00
1.92562759e+00
1.89402914e+00
1.92063797e+00
1.91747057e+00
1.90199745e+00
1.90152121e+00
1.89665687e+00
1.90521920e+00
1.90246475e+00
1.90521169e+00
1.91486824e+00
1.88751566e+00
1.87861407e+00
1.90013444e+00
1.88700283e+00
1.88764226e+00
1.89378893e+00
1.88263130e+00
1.88698685e+00
1.88721502e+00
1.89583910e+00
1.88637877e+00
1.88163102e+00
1.90202725e+00
1.90276587e+00
1.88275623e+00
1.88042080e+00
1.87899661e+00
1.88411129e+00
1.89362419e+00
1.86974549e+00
1.87592208e+00
1.88301086e+00
1.85748732e+00
1.87643731e+00
1.87080944e+00
1.87250650e+00
1.87405384e+00
1.83608627e+00
1.86103594e+00
1.86316383e+00
1.84051299e+00
1.84158254e+00
1.85253966e+00
1.84519780e+00
1.83847845e+00
1.84531903e+00
1.83091795e+00
1.83893657e+00
1.84511280e+00
1.83926737e+00
1.83273852e+00
1.84205747e+00
1.85507584e+00
1.84871066e+00
1.84281659e+00
1.84044266e+00
1.83005238e+00
1.82755268e+00
1.83562517e+00
1.83489203e+00
1.82713342e+00
1.82839990e+00
1.82333446e+00
1.80930662e+00
1.82227063e+00
1.82958460e+00
1.81180108e+00
1.78983200e+00
1.79532433e+00
1.81081545e+00
1.81563687e+00
1.79672921e+00
1.80674696e+00
1.79621160e+00
1.79311419e+00
1.80444217e+00
1.79961205e+00
1.79885948e+00
1.79355979e+00
1.78670895e+00
1.78118849e+00
1.78419638e+00
1.77393734e+00
1.78157449e+00
1.77167308e+00
1.76802731e+00
1.77708650e+00
1.77798080e+00
1.77659261e+00
1.76250160e+00
1.75232494e+00
1.76285636e+00
1.77197671e+00
1.76311672e+00
1.74785304e+00
1.75004447e+00
1.75474811e+00
1.73285997e+00
1.75232947e+00
1.72785139e+00
1.73686385e+00
1.72919643e+00
1.72189844e+00
1.73227239e+00
1.71916080e+00
1.72892165e+00
1.71486497e+00
1.70326078e+00
1.71743703e+00
1.71228850e+00
1.70187747e+00
1.71532226e+00
1.71429133e+00
1.69770420e+00
1.66418421e+00
1.69229245e+00
1.69755816e+00
1.66054440e+00
1.65955627e+00
1.67244709e+00
1.66751409e+00
1.65857995e+00
1.66576552e+00
1.67390335e+00
1.66267419e+00
1.64700687e+00
1.63364732e+00
1.65179372e+00
1.63062572e+00
1.62385297e+00
1.61515760e+00
1.60548794e+00
1.60372305e+00
1.59288728e+00
1.57991886e+00
1.59168959e+00
1.56233275e+00
1.55668104e+00
1.56837070e+00
1.55968249e+00
1.54192972e+00
1.52911770e+00
1.53310800e+00
1.51929569e+00
1.50891411e+00
1.50069010e+00
1.50019991e+00
1.48221493e+00
1.47436929e+00
1.46920991e+00
1.44096708e+00
1.44347954e+00
1.42834568e+00
1.40607774e+00
1.40194416e+00
1.38855910e+00
1.36274898e+00
1.32386672e+00
1.33257139e+00
1.32391918e+00
1.28571498e+00
1.27535689e+00
1.26725864e+00
1.24437666e+00
1.20253527e+00
1.17605054e+00
1.14341080e+00
1.10426342e+00
1.04702449e+00
9.90876138e-01
9.39894795e-01
9.38479185e-01
9.54069614e-01
9.76092875e-01
1.04087329e+00
1.08173454e+00
1.12764800e+00
1.15869749e+00
1.19889688e+00
1.22145867e+00
1.23942578e+00
1.26033604e+00
1.28147197e+00
1.30473971e+00
1.32080674e+00
1.32557952e+00
1.34980619e+00
1.35397351e+00
1.36508751e+00
1.38521218e+00
1.40123522e+00
1.41006732e+00
1.41170347e+00
1.42183936e+00
1.43968332e+00
1.44897926e+00
1.46393132e+00
1.46649396e+00
1.47577202e+00
1.48255169e+00
1.50065815e+00
1.49312925e+00
1.51313198e+00
1.51370692e+00
1.50176299e+00
1.51832616e+00
1.53541279e+00
1.51459610e+00
1.51874709e+00
1.54091942e+00
1.55007529e+00
1.54550004e+00
1.54889870e+00
1.55558383e+00
1.57006156e+00
1.55850947e+00
1.55562413e+00
1.56822801e+00
1.57757962e+00
1.57547498e+00
1.59236133e+00
1.58009374e+00
1.58591068e+00
1.58610094e+00
1.57655597e+00
1.57256436e+00
1.58375835e+00
1.59873390e+00
1.60514164e+00
1.61297619e+00
1.61807537e+00
1.62819064e+00
1.60997224e+00
1.62182057e+00
1.62007487e+00
1.61428154e+00
1.61605549e+00
1.62621677e+00
1.63977385e+00
1.63142312e+00
1.62132239e+00
1.62206817e+00
1.62290442e+00
1.62145174e+00
1.63739574e+00
1.62123525e+00
1.63072288e+00
1.61821938e+00
1.62288606e+00
1.63455880e+00
1.62707579e+00
1.63464677e+00
1.64168251e+00
1.61642778e+00
1.62540877e+00
1.63234794e+00
1.60524714e+00
1.63275898e+00
1.63272512e+00
1.60058284e+00
1.61614954e+00
1.62913215e+00
1.62377226e+00
1.63463426e+00
1.63082647e+00
1.63576615e+00
1.62495840e+00
1.62896252e+00
1.61962199e+00
1.62803566e+00
1.63307095e+00
1.62738705e+00
1.64136231e+00
1.61212623e+00
1.62099195e+00
1.63177228e+00
1.63507342e+00
1.62611377e+00
1.62722087e+00
1.63321924e+00
1.62799740e+00
1.62901950e+00
1.62702239e+00
1.63171339e+00
1.64418769e+00
1.63161898e+00
1.61753953e+00
1.63289762e+00
1.63903582e+00
1.62411833e+00
1.63771510e+00
1.61381352e+00
1.60646486e+00
1.61563551e+00
1.61066544e+00
1.61558092e+00
1.61121440e+00
1.61921978e+00
1.60880721e+00
1.60950208e+00
1.61195862e+00
1.60283911e+00
1.62785530e+00
1.62239122e+00
1.61440313e+00
1.60631442e+00
1.59755123e+00
1.61438394e+00
1.61993933e+00
1.60202610e+00
1.60219157e+00
1.61709487e+00
1.61994600e+00
1.61522567e+00
1.61454713e+00
1.61821520e+00
1.62242448e+00
1.62133563e+00
1.61236632e+00
1.61433375e+00
1.62514257e+00
1.62013733e+00
1.61377358e+00
1.60017693e+00
1.59786201e+00
1.61046290e+00
1.60031390e+00
1.60344100e+00
1.60537839e+00
1.59863341e+00
1.59664750e+00
1.60151243e+00
1.60511029e+00
1.61231399e+00
1.59733200e+00
1.59685791e+00
1.58787918e+00
1.59956598e+00
1.60383213e+00
1.59485817e+00
1.59827054e+00
1.59666586e+00
1.60139966e+00
1.60408747e+00
1.59964335e+00
1.60107255e+00
1.60428596e+00
1.60005045e+00
1.58507788e+00
1.59427106e+00
1.58736777e+00
1.58736372e+00
1.58231068e+00
1.58978307e+00
1.58696365e+00
1.58205307e+00
1.59405565e+00
1.57725656e+00
1.59267581e+00
1.60659564e+00
1.58157063e+00
1.57803261e+00
1.59189641e+00
1.57677996e+00
1.58010197e+00
1.59841132e+00
1.58540249e+00
1.55531704e+00
1.56778991e+00
1.57546854e+00
1.57537413e+00
1.58216572e+00
1.58922482e+00
1.56772983e+00
1.56725812e+00
1.57284784e+00
1.57102787e+00
1.58008933e+00
1.56534684e+00
1.57103884e+00
1.58481646e+00
1.56888437e+00
1.56843865e+00
1.57341599e+00
1.57650399e+00
1.57108068e+00
1.57738054e+00
1.56402588e+00
1.56782448e+00
1.57904100e+00
1.57190025e+00
1.55881107e+00
1.57175183e+00
1.56126106e+00
1.56473219e+00
1.55139303e+00
1.55219126e+00
1.56316006e+00
1.55889094e+00
1.55774486e+00
1.55299199e+00
1.55013490e+00
1.55443013e+00
1.55199206e+00
1.54762530e+00
1.55702817e+00
1.55720294e+00
1.55455637e+00
1.57138884e+00
1.55301857e+00
1.55248356e+00
1.55944550e+00
1.54497313e+00
1.54291964e+00
1.55336356e+00
1.55003321e+00
1.54776812e+00
1.53523290e+00
1.52524161e+00
1.53841889e+00
1.55615520e+00
1.52746177e+00
1.53013563e+00
1.53294027e+00
1.53961885e+00
1.54154098e+00
1.54123867e+00
1.52621531e+00
1.53166234e+00
1.54672170e+00
1.53997278e+00
1.53037047e+00
1.54382837e+00
1.54083121e+00
1.52319515e+00
1.52217615e+00
1.53330791e+00
1.51271784e+00
1.51553237e+00
1.51681149e+00
1.50353122e+00
1.49897242e+00
1.50897348e+00
1.51357460e+00
1.50625324e+00
1.50580299e+00
1.50252628e+00
1.50192153e+00
1.49642110e+00
1.49754846e+00
1.49833906e+00
1.49698424e+00
1.50494325e+00
1.50418389e+00
1.49721968e+00
1.50728917e+00
1.49913025e+00
1.50025880e+00
1.50634789e+00
1.49335229e+00
1.49834740e+00
1.49895394e+00
1.49762785e+00
1.49618769e+00
1.51541996e+00
1.51289415e+00
1.50610960e+00
1.51102090e+00
1.50023997e+00
1.48744273e+00
1.48686302e+00
1.49051571e+00
1.50029635e+00
1.50307870e+00
1.50789785e+00
1.50444007e+00
1.49339843e+00
1.50036335e+00
1.49349058e+00
1.48073077e+00
1.50500131e+00
1.49837303e+00
1.48970628e+00
1.47577727e+00
1.48771822e+00
1.49142194e+00
1.47525978e+00
1.48596144e+00
1.49019396e+00
1.50199044e+00
1.50005460e+00
1.48878896e+00
1.48857999e+00
1.47962511e+00
1.48334205e+00
1.49174726e+00
1.46869516e+00
1.48441362e+00
1.48849785e+00
1.47355044e+00
1.47372246e+00
1.47860253e+00
1.46822798e+00
1.47167563e+00
1.48156655e+00
1.47890234e+00
1.47715759e+00
1.48440969e+00
1.48050869e+00
1.46678555e+00
1.46144688e+00
1.46426380e+00
1.46830344e+00
1.45611489e+00
1.45728230e+00
1.47956443e+00
1.46203005e+00
1.46149385e+00
1.47880566e+00
1.46546900e+00
1.45213139e+00
1.45149732e+00
1.46109760e+00
1.46245718e+00
1.45628774e+00
1.44641042e+00
1.46133935e+00
1.46484578e+00
1.46599150e+00
1.45537233e+00
1.45512211e+00
1.44943869e+00
1.44780934e+00
1.45332718e+00
1.44436431e+00
1.45019197e+00
1.43450117e+00
1.44558382e+00
1.44591212e+00
1.43645418e+00
1.43112552e+00
1.45085013e+00
1.44561040e+00
1.43790185e+00
1.43455410e+00
1.42853439e+00
1.43975008e+00
1.44568264e+00
1.43414187e+00
1.43601751e+00
1.44427252e+00
1.42951536e+00
1.43838000e+00
1.43112516e+00
1.43465567e+00
1.43576014e+00
1.43677187e+00
1.42656171e+00
1.41291368e+00
1.43107402e+00
1.42435932e+00
1.42272556e+00
1.43194592e+00
1.43116188e+00
1.42322767e+00
1.43223667e+00
1.42991829e+00
1.41970706e+00
1.41897380e+00
1.41435313e+00
1.40656507e+00
1.40725911e+00
1.41008222e+00
1.40767634e+00
1.41175723e+00
1.40953743e+00
1.41308510e+00
1.41505349e+00
1.41282380e+00
1.41426587e+00
1.39302051e+00
1.40295100e+00
1.40682101e+00
1.40059042e+00
1.40761554e+00
1.40886736e+00
1.40810645e+00
1.40631902e+00
1.40117800e+00
1.41797936e+00
1.41051161e+00
1.41164041e+00
1.40757656e+00
1.40001070e+00
1.39517772e+00
1.40648687e+00
1.40333462e+00
1.40073717e+00
1.40617204e+00
1.40156174e+00
1.39970863e+00
1.41407430e+00
1.40791726e+00
1.38642001e+00
1.39253366e+00
1.39938533e+00
1.40229762e+00
1.39718723e+00
1.38544238e+00
1.38958645e+00
1.38478231e+00
1.38940537e+00
1.40194869e+00
1.39362597e+00
1.39142501e+00
1.38780904e+00
1.38637853e+00
1.38790774e+00
1.39419949e+00
1.39921522e+00
1.39849174e+00
1.38037467e+00
1.38452232e+00
1.38976896e+00
1.37823629e+00
1.38705993e+00
1.37085128e+00
1.37723100e+00
1.37947273e+00
1.37222576e+00
1.37686241e+00
1.37743771e+00
1.37033534e+00
1.37469411e+00
1.37701201e+00
1.37470412e+00
1.37232184e+00
1.37539673e+00
1.37533748e+00
1.37635601e+00
1.37130618e+00
1.36604130e+00
1.37802482e+00
1.36570024e+00
1.36456442e+00
1.37149143e+00
1.36491919e+00
1.36087847e+00
1.35587502e+00
1.36629546e+00
1.36839056e+00
1.37662792e+00
1.37036300e+00
1.37230802e+00
1.35762000e+00
1.35640407e+00
1.36430156e+00
1.36080742e+00
1.36367249e+00
1.36214828e+00
1.36920834e+00
1.36134636e+00
1.36520219e+00
1.35194910e+00
1.35854471e+00
1.36968219e+00
1.35735381e+00
1.35632038e+00
1.35868216e+00
1.34629655e+00
1.35027611e+00
1.34490347e+00
1.33986974e+00
1.33987939e+00
1.35075057e+00
1.33875084e+00
1.33727479e+00
1.33429682e+00
1.34145975e+00
1.33965909e+00
1.34410489e+00
1.34750307e+00
1.33780217e+00
1.34596074e+00
1.33777845e+00
1.33803761e+00
1.34570575e+00
1.33078730e+00
1.33607590e+00
1.34457314e+00
1.33825755e+00
1.32837176e+00
1.33422613e+00
1.34194934e+00
1.33159220e+00
1.32900906e+00
1.32275462e+00
1.33238256e+00
1.32465863e+00
1.31928039e+00
1.31783736e+00
1.31881058e+00
1.31823349e+00
1.32116711e+00
1.30128670e+00
1.31353843e+00
1.32509172e+00
1.31789172e+00
1.32630825e+00
1.31343341e+00
1.31912839e+00
1.31164587e+00
1.29652107e+00
1.30305099e+00
1.31959903e+00
1.32029665e+00
1.30172420e+00
1.30908632e+00
1.31199574e+00
1.31256509e+00
1.30125952e+00
1.31235039e+00
1.31226194e+00
1.31030130e+00
1.31283534e+00
1.30432785e+00
1.31128895e+00
1.30190420e+00
1.30793571e+00
1.30268991e+00
1.29945970e+00
1.30322421e+00
1.28938055e+00
1.30186641e+00
1.30823195e+00
1.29972208e+00
1.30201137e+00
1.30575716e+00
1.29869711e+00
1.29761565e+00
1.30283582e+00
1.29621947e+00
1.29125440e+00
1.29312694e+00
1.29800379e+00
1.29290712e+00
1.28517735e+00
1.29161036e+00
1.29672229e+00
1.28338659e+00
1.28552711e+00
1.29996693e+00
1.28562653e+00
1.27833652e+00
1.28070855e+00
1.29262626e+00
1.28048158e+00
1.27810526e+00
1.28331542e+00
1.28654587e+00
1.29382396e+00
1.28918123e+00
1.28505671e+00
1.27639425e+00
1.28939998e+00
1.23064387e+00
1.21282947e+00
1.28538287e+00
1.21528041e+00
1.22992671e+00
1.25795150e+00
1.27857363e+00
1.26919258e+00
1.27413464e+00
1.26759624e+00
1.26751220e+00
1.27683961e+00
1.26712298e+00
1.27645802e+00
1.27653778e+00
1.25956547e+00
1.27084064e+00
1.27624953e+00
1.26624727e+00
1.26657581e+00
1.25340104e+00
1.25943804e+00
1.26436114e+00
1.25746787e+00
1.26501811e+00
1.26457250e+00
1.25500190e+00
1.25418675e+00
1.25848472e+00
1.24264979e+00
1.24665356e+00
1.26692522e+00
1.25628710e+00
1.24738896e+00
1.25748873e+00
1.25526595e+00
1.24618888e+00
1.25663388e+00
1.25018644e+00
1.24468076e+00
1.24712670e+00
1.25115800e+00
1.25048018e+00
1.25098884e+00
1.24710941e+00
1.24890101e+00
1.25330818e+00
1.24386144e+00
1.24430013e+00
1.24643648e+00
1.24327421e+00
1.24649704e+00
1.24780655e+00
1.23490691e+00
1.24412525e+00
1.23133516e+00
1.22112167e+00
1.22904420e+00
1.24295199e+00
1.24096167e+00
1.23551321e+00
1.25002682e+00
1.22985601e+00
1.23152804e+00
1.23684609e+00
1.23036933e+00
1.22716486e+00
1.22806895e+00
1.22379279e+00
1.22087812e+00
1.22095931e+00
1.22441411e+00
1.23410630e+00
1.22659445e+00
1.22756934e+00
1.22655094e+00
1.22829533e+00
1.21960378e+00
1.22024643e+00
1.20596635e+00
1.22213697e+00
1.23075998e+00
1.22588491e+00
1.21788192e+00
1.21273291e+00
1.21716285e+00
1.22288966e+00
1.22941637e+00
1.22798347e+00
1.21429765e+00
1.22097766e+00
1.22444773e+00
1.22489476e+00
1.21599960e+00
1.20541394e+00
1.20761490e+00
1.21407592e+00
1.22508967e+00
1.21559703e+00
1.21402419e+00
1.21325803e+00
1.22247398e+00
1.21419406e+00
1.20088232e+00
1.21389496e+00
1.20433068e+00
1.20709383e+00
1.21573842e+00
1.20525765e+00
1.20721054e+00
1.20820642e+00
1.20584083e+00
1.19584668e+00
1.19861972e+00
1.20764756e+00
1.19230163e+00
1.18690443e+00
1.20272982e+00
1.18811381e+00
1.18853164e+00
1.19309866e+00
1.19202924e+00
1.17818320e+00
1.18955398e+00
1.18781209e+00
1.19612861e+00
1.19456053e+00
1.18532431e+00
1.18168712e+00
1.18875504e+00
1.17983103e+00
1.18233836e+00
1.18574512e+00
1.17132723e+00
1.17910135e+00
1.17481720e+00
1.16641438e+00
1.17852342e+00
1.17797065e+00
1.17950988e+00
1.18404174e+00
1.18053102e+00
1.18330288e+00
1.18191683e+00
1.18003309e+00
1.17039442e+00
1.17315233e+00
1.17910731e+00
1.17765808e+00
1.18447208e+00
1.18131089e+00
1.17819047e+00
1.17097735e+00
1.17955434e+00
1.17960536e+00
1.17757738e+00
1.17662859e+00
1.16382897e+00
1.16552234e+00
1.17513037e+00
1.17290449e+00
1.17002392e+00
1.17317486e+00
1.17446268e+00
1.16597044e+00
1.16757560e+00
1.16051435e+00
1.16279626e+00
1.16455603e+00
1.15910947e+00
1.15540349e+00
1.15764940e+00
1.16419446e+00
1.15553963e+00
1.15660691e+00
1.16491938e+00
1.16241431e+00
1.15592277e+00
1.16397953e+00
1.14763057e+00
1.15956712e+00
1.15923095e+00
1.15182233e+00
1.16123736e+00
1.14248538e+00
1.13968754e+00
1.15564764e+00
1.15150833e+00
1.14324033e+00
1.16094744e+00
1.15911758e+00
1.14555323e+00
1.14024282e+00
1.13864481e+00
1.14536202e+00
1.14114690e+00
1.14533722e+00
1.14599812e+00
1.13947141e+00
1.13949382e+00
1.13276446e+00
1.12170172e+00
1.13645744e+00
1.13725674e+00
1.13555694e+00
1.14439511e+00
1.14530253e+00
1.14411962e+00
1.12965918e+00
1.12927330e+00
1.13380051e+00
1.13503039e+00
1.12711656e+00
1.13496137e+00
1.14132321e+00
1.12977099e+00
1.13126600e+00
1.13397408e+00
1.13392210e+00
1.13137317e+00
1.13186646e+00
1.11048853e+00
1.11867976e+00
1.12781537e+00
1.12220132e+00
1.12904429e+00
1.11308205e+00
1.11325669e+00
1.11040819e+00
1.11286759e+00
1.11747134e+00
1.10730970e+00
1.11579335e+00
1.11844230e+00
1.10696673e+00
1.12444627e+00
1.11677468e+00
1.09904170e+00
1.09073555e+00
1.06858528e+00
1.06694186e+00
1.10225570e+00
1.10118961e+00
1.08007288e+00
1.07416642e+00
1.07737756e+00
1.09600103e+00
1.09352350e+00
1.09808636e+00
1.10891211e+00
1.10897887e+00
1.11633384e+00
1.10895431e+00
1.09861922e+00
1.10243285e+00
1.11061597e+00
1.11581588e+00
1.10433912e+00
1.10827804e+00
1.11570704e+00
1.10259473e+00
1.10270858e+00
1.09208000e+00
1.08669698e+00
1.09625411e+00
1.09715915e+00
1.09705734e+00
1.09894621e+00
1.11329150e+00
1.10116231e+00
1.09517515e+00
1.10066736e+00
1.09261763e+00
1.10308027e+00
1.10311389e+00
1.10387993e+00
1.09547460e+00
1.09110761e+00
1.09815073e+00
1.09798026e+00
1.09851515e+00
1.08609021e+00
1.08864212e+00
1.08669996e+00
1.09346879e+00
1.09071970e+00
1.08479381e+00
1.08093321e+00
1.08683801e+00
1.09335470e+00
1.08996105e+00
1.08975339e+00
1.09105694e+00
1.07545936e+00
1.08702636e+00
1.09345615e+00
1.07279813e+00
1.08098865e+00
1.08721220e+00
1.09380996e+00
1.08627403e+00
1.08790386e+00
1.08927798e+00
1.08126915e+00
1.08556390e+00
1.07798135e+00
1.07347167e+00
1.07217228e+00
1.08961642e+00
1.09109521e+00
1.08783984e+00
1.08042312e+00
1.07559276e+00
1.09079456e+00
1.07681966e+00
1.07171726e+00
1.07627571e+00
1.07779813e+00
1.07744014e+00
1.07165110e+00
1.07650936e+00
1.08168292e+00
1.08332980e+00
1.07033265e+00
1.06946182e+00
1.07655644e+00
1.06342924e+00
1.07393169e+00
1.07560015e+00
1.06946206e+00
1.06400859e+00
1.06563449e+00
1.06372714e+00
1.06099916e+00
1.06248343e+00
1.06692791e+00
1.06926370e+00
1.05945110e+00
1.05668867e+00
1.05436277e+00
1.06145263e+00
1.06595695e+00
1.05910909e+00
1.05843091e+00
1.04993737e+00
1.06009817e+00
1.06122363e+00
1.06462896e+00
1.05283904e+00
1.05051446e+00
1.05751014e+00
1.04857886e+00
1.04545200e+00
1.05062258e+00
1.04957247e+00
1.05101430e+00
1.06396997e+00
1.06272852e+00
1.06266439e+00
1.04695308e+00
1.04556453e+00
1.05011618e+00
1.05078602e+00
1.04763484e+00
1.04303908e+00
1.05614448e+00
1.05866420e+00
1.05684125e+00
1.04720402e+00
1.05040133e+00
1.04777205e+00
1.04781151e+00
1.03909039e+00
1.03900123e+00
1.03764033e+00
1.02279615e+00
1.04287398e+00
1.04899001e+00
1.03087854e+00
1.04491174e+00
1.04180133e+00
1.04106295e+00
1.04941905e+00
1.03413844e+00
1.03583050e+00
1.03308368e+00
1.03117681e+00
1.03032672e+00
1.03368270e+00
1.04164648e+00
1.03990793e+00
1.02682269e+00
1.03637457e+00
1.03895640e+00
1.03338385e+00
1.02992833e+00
1.03714395e+00
1.03386104e+00
1.03169513e+00
1.02520776e+00
1.02105916e+00
1.03469896e+00
1.03636289e+00
1.02254844e+00
1.02453029e+00
1.02265966e+00
1.02357876e+00
1.02516389e+00
1.01521230e+00
1.01235533e+00
1.01467526e+00
1.01637840e+00
1.01427066e+00
1.02503753e+00
1.02584159e+00
1.01027882e+00
1.01742375e+00
1.01712334e+00
1.01490462e+00
1.01241434e+00
1.02317321e+00
1.02410734e+00
1.01797605e+00
1.01837766e+00
1.02691245e+00
1.01129544e+00
1.02161729e+00
1.00773156e+00
1.00808060e+00
1.01696420e+00
1.00387084e+00
1.01268065e+00
1.00407994e+00
1.00000000e+00
1.00696063e+00
9.99039471e-01
9.99230623e-01
9.87535417e-01
9.99362290e-01
1.00309396e+00
1.00687921e+00
1.00603986e+00
9.95176673e-01
1.00307155e+00
1.00765359e+00
9.99142945e-01
9.95527089e-01
1.00391996e+00
1.00060284e+00
9.97051537e-01
9.92368937e-01
1.00459266e+00
1.00483859e+00
9.90606844e-01
9.95305777e-01
1.00848842e+00
9.97844398e-01
9.97491360e-01
9.82191384e-01
9.93785024e-01
9.98438418e-01
9.91300404e-01
9.86403048e-01
9.82093096e-01
9.95108902e-01
9.92071867e-01
9.75854337e-01
9.77917612e-01
9.82833683e-01
9.80774403e-01
9.75744665e-01
9.83344853e-01
9.91122544e-01
9.78253126e-01
9.81381595e-01
9.78509068e-01
9.77306128e-01
9.79470253e-01
9.83368218e-01
9.81421769e-01
9.70230162e-01
9.67941999e-01
9.79022741e-01
9.85593021e-01
9.84282970e-01
9.81406868e-01
9.74365950e-01
9.73704815e-01
9.77586985e-01
9.74351406e-01
9.77453291e-01
9.66194630e-01
9.67671812e-01
9.73581910e-01
9.73881125e-01
9.70026612e-01
9.62517262e-01
9.65990961e-01
9.66786981e-01
9.57037687e-01
9.60488379e-01
9.69971299e-01
9.62738991e-01
9.65019882e-01
9.64854538e-01
9.52102482e-01
9.53123808e-01
9.67660904e-01
9.70244348e-01
9.62805212e-01
9.45847094e-01
9.61799622e-01
9.57369387e-01
9.61677611e-01
9.66753840e-01
9.67508614e-01
9.50165033e-01
9.51139450e-01
9.62424397e-01
9.61960316e-01
9.73087907e-01
9.69436705e-01
9.69143510e-01
9.64088142e-01
9.55926597e-01
9.60874259e-01
9.59985673e-01
9.47497249e-01
9.46630597e-01
9.53287005e-01
9.18784082e-01
9.15864050e-01
1.05248535e+00
9.79977250e-01
7.96962142e-01
8.96918654e-01
1.04317594e+00
1.04030871e+00
9.46334422e-01
9.14306939e-01
9.13133204e-01
9.19256806e-01
9.58367765e-01
9.57785785e-01
9.36844170e-01
9.35709298e-01
9.43354249e-01
9.44993615e-01
9.37162280e-01
9.36118603e-01
9.25392747e-01
9.35875714e-01
9.30585265e-01
9.43558931e-01
9.40761507e-01
9.22926188e-01
9.32259023e-01
9.33980465e-01
9.39864159e-01
9.28796351e-01
9.25616682e-01
9.26782250e-01
9.38862145e-01
9.39250529e-01
9.31098223e-01
9.28592265e-01
9.31930840e-01
9.25015748e-01
9.19821620e-01
9.18600261e-01
9.22801375e-01
9.26328301e-01
9.28148925e-01
9.24677491e-01
9.20237124e-01
9.18231070e-01
9.19570506e-01
9.37065482e-01
9.41421807e-01
9.25802231e-01
9.12916720e-01
9.30252194e-01
9.27680254e-01
9.18451905e-01
9.16500330e-01
9.20413852e-01
9.20691371e-01
9.11863387e-01
9.07601118e-01
9.16332841e-01
9.15070176e-01
9.15588439e-01
9.14161742e-01
9.10814524e-01
9.03360486e-01
9.06995416e-01
9.11214769e-01
9.08358395e-01
9.11817491e-01
9.03092325e-01
9.14804995e-01
9.18872118e-01
9.01257217e-01
9.07067358e-01
9.08214629e-01
9.16123211e-01
9.17932868e-01
8.91826332e-01
8.98328185e-01
9.10269499e-01
9.01720047e-01
9.09159601e-01
9.06827331e-01
9.08869565e-01
8.99567187e-01
8.94917369e-01
8.94797385e-01
9.01379704e-01
8.98956418e-01
8.87909949e-01
8.83315146e-01
8.94239545e-01
8.95765066e-01
8.88274670e-01
8.88369083e-01
8.90519321e-01
8.86213839e-01
8.85072351e-01
8.84589911e-01
8.85726392e-01
8.86034608e-01
8.86359274e-01
8.79392743e-01
8.81565273e-01
8.82192791e-01
8.80998015e-01
8.76609385e-01
8.79688501e-01
8.82083714e-01
8.73438120e-01
8.71030271e-01
8.78787935e-01
8.76230538e-01
8.73068631e-01
8.61604631e-01
8.59974265e-01
8.62906218e-01
8.73018682e-01
8.66634667e-01
8.71719837e-01
8.69939923e-01
8.65933359e-01
8.58365178e-01
8.60427201e-01
8.60476255e-01
8.58410060e-01
8.52771580e-01
8.60421300e-01
8.48780274e-01
8.47618997e-01
8.50172400e-01
8.48796666e-01
8.40670705e-01
8.35787296e-01
8.43936205e-01
8.45594049e-01
8.43535483e-01
8.50113213e-01
8.39620233e-01
8.29626620e-01
8.25834095e-01
8.28785360e-01
8.17699969e-01
8.19321752e-01
8.22796285e-01
8.17627132e-01
8.18794608e-01
8.10667157e-01
8.07833135e-01
8.11844409e-01
8.10558856e-01
8.06723237e-01
8.14069271e-01
8.01983654e-01
7.94323027e-01
7.90745318e-01
7.88803935e-01
7.85324872e-01
7.74464548e-01
7.74685025e-01
7.64633358e-01
7.53232002e-01
7.52918065e-01
7.46097982e-01
7.39497542e-01
7.35796630e-01
7.33584285e-01
7.29128957e-01
7.10632145e-01
6.82904541e-01
6.87504649e-01
6.80896997e-01
6.71077013e-01
6.65032029e-01
6.56260073e-01
6.27877355e-01
6.12298429e-01
5.78122318e-01
5.07118881e-01
5.05499959e-01
4.92682666e-01
5.32275319e-01
5.73338807e-01
6.08018160e-01
6.25072837e-01
6.39012814e-01
6.56111240e-01
6.65195584e-01
6.76564038e-01
6.79211676e-01
6.89727366e-01
7.03022301e-01
6.92857206e-01
6.96460962e-01
7.20290005e-01
7.26083934e-01
7.27619410e-01
7.42199004e-01
7.44627535e-01
7.45502532e-01
7.51215875e-01
7.54198551e-01
7.59455502e-01
7.58073628e-01
7.62432873e-01
7.59777904e-01
7.64262617e-01
7.74006426e-01
7.79138744e-01
7.67521918e-01
7.76865363e-01
7.87192941e-01
7.80139387e-01
7.90548086e-01
7.89362669e-01
7.87542224e-01
7.77134418e-01
7.74972916e-01
7.78928995e-01
7.86439896e-01
8.01472723e-01
7.88301349e-01
7.83225834e-01
7.90342212e-01
7.98695505e-01
7.96313703e-01
7.96987236e-01
8.05176675e-01
8.03476810e-01
7.96095729e-01
8.05451512e-01
7.98941553e-01
7.98737764e-01
7.92986691e-01
7.98973560e-01
7.99611151e-01
8.02240789e-01
8.03638935e-01
8.03040087e-01
8.01985800e-01
8.01144123e-01
8.02228868e-01
8.00840437e-01
7.99128056e-01
8.06968451e-01
7.99189687e-01
7.96091437e-01
7.98549294e-01
8.03217411e-01
8.04190814e-01
8.00698400e-01
7.95219123e-01
8.02367628e-01
8.03790927e-01
7.97435224e-01
7.98229158e-01
7.95390248e-01
8.01618636e-01
8.00302863e-01
8.09743226e-01
8.04015577e-01
7.92369604e-01
8.02668929e-01
8.06006074e-01
8.01633120e-01
7.98612952e-01
8.03373396e-01
8.04832399e-01
7.93008268e-01
7.98944414e-01
7.95927048e-01
7.90392816e-01
7.96409369e-01
7.98135698e-01
8.05891275e-01
8.06943715e-01
8.00150871e-01
7.92720616e-01
7.88838327e-01
7.92306662e-01
7.91640222e-01
7.83649802e-01
7.93692470e-01
8.04119229e-01
7.94281662e-01
7.91202664e-01
7.89920568e-01
7.93130279e-01
7.86788046e-01
7.73858011e-01
7.77510822e-01
7.90718555e-01
7.91321099e-01
7.86495805e-01
7.89366782e-01
7.91307628e-01
7.93253779e-01
7.91000843e-01
7.89064348e-01
7.88718104e-01
7.95430660e-01
7.89399266e-01
7.80845761e-01
7.87803531e-01
7.86951363e-01
7.84091055e-01
7.85329103e-01
7.83982158e-01
7.94754863e-01
7.88644433e-01
7.77751625e-01
7.79372096e-01
7.90158451e-01
7.83844352e-01
7.81835854e-01
7.82573462e-01
7.85856724e-01
7.81492829e-01
7.84648776e-01
7.82739937e-01
7.78447986e-01
7.83411086e-01
7.79392183e-01
7.90522456e-01
7.85932064e-01
7.80581057e-01
7.82707334e-01
7.73153007e-01
7.73923099e-01
7.79939055e-01
7.77552783e-01
7.82543540e-01
7.74323821e-01
7.72093892e-01
7.79076278e-01
7.80495822e-01
7.73994088e-01
7.71267414e-01
7.68171489e-01
7.75521159e-01
7.75570154e-01
7.78392136e-01
7.74020135e-01
7.80226350e-01
7.86662638e-01
7.79342651e-01
7.62922585e-01
7.72857070e-01
7.76545107e-01
7.73448527e-01
7.81257927e-01
7.76447892e-01
7.73572803e-01
7.68883765e-01
7.63236701e-01
7.64368474e-01
7.60937214e-01
7.72078395e-01
7.72858620e-01
7.64995396e-01
7.75705636e-01
7.76446283e-01
7.69486368e-01
7.65831411e-01
7.59848773e-01
7.68490553e-01
7.72124290e-01
7.56154239e-01
7.67493308e-01
7.62923598e-01
7.53344536e-01
7.53586173e-01
7.52869487e-01
7.52252281e-01
7.60286987e-01
7.57231534e-01
7.57928252e-01
7.60753512e-01
7.57340610e-01
7.50073433e-01
7.53201246e-01
7.43006825e-01
7.54651546e-01
7.55833685e-01
7.49946296e-01
7.52256334e-01
7.57813394e-01
7.47020662e-01
7.54971921e-01
7.61031866e-01
7.53796041e-01
7.48455107e-01
7.51960576e-01
7.57644594e-01
7.48347044e-01
7.51018763e-01
7.49704182e-01
7.57561743e-01
7.61060715e-01
7.56085873e-01
7.46972561e-01
7.47122288e-01
7.47876227e-01
7.42779791e-01
7.54954040e-01
7.49849200e-01
7.44945049e-01
7.44075179e-01
7.40518510e-01
7.45019853e-01
7.34230995e-01
7.43229270e-01
7.54644632e-01
7.53136277e-01
7.42471457e-01
7.40678370e-01
7.42599547e-01
7.49429643e-01
7.47700632e-01
7.42081761e-01
7.37166226e-01
7.42473722e-01
7.42359698e-01
7.34153211e-01
7.40218997e-01
7.47709870e-01
7.37653494e-01
7.35039294e-01
7.33100474e-01
7.36448884e-01
7.39166558e-01
7.43910193e-01
7.40309238e-01
7.36167490e-01
7.35780299e-01
7.32224464e-01
7.31119275e-01
7.35624552e-01
7.30228543e-01
7.27907896e-01
7.33401179e-01
7.29580641e-01
7.28124082e-01
7.30229974e-01
7.39724100e-01
7.32329190e-01
7.34683037e-01
7.39401162e-01
7.29212999e-01
7.28626013e-01
7.30375409e-01
7.28943110e-01
7.26690650e-01
7.29467273e-01
7.25447714e-01
7.24505007e-01
7.31977582e-01
7.32392967e-01
7.27261543e-01
7.28787839e-01
7.31382251e-01
7.22346127e-01
7.27642298e-01
7.31970310e-01
7.28264391e-01
7.29860067e-01
7.22955704e-01
7.26813972e-01
7.28048265e-01
7.27689385e-01
7.27428854e-01
7.22862720e-01
7.19151258e-01
7.29915202e-01
7.28514075e-01
7.24816799e-01
7.20040679e-01
7.19170153e-01
7.18309820e-01
7.23345041e-01
7.21746385e-01
7.17061043e-01
7.24828839e-01
7.18509734e-01
7.12761045e-01
7.17298865e-01
7.07831323e-01
7.15326130e-01
7.13905990e-01
7.20782340e-01
7.12314427e-01
7.10449576e-01
7.20099926e-01
7.14807928e-01
7.11407125e-01
7.10833073e-01
7.16238618e-01
7.17687428e-01
7.05470085e-01
7.03896224e-01
7.06022263e-01
7.10714400e-01
7.06662178e-01
7.04954863e-01
7.11274087e-01
7.08428144e-01
7.03350306e-01
7.07148492e-01
7.03232288e-01
7.05657661e-01
7.07804322e-01
7.04405427e-01
7.03291178e-01
6.96343362e-01
6.97877884e-01
7.01648593e-01
7.03073382e-01
6.96050525e-01
6.99694455e-01
7.00651705e-01
7.11099148e-01
7.02497780e-01
7.00690508e-01
7.02051163e-01
6.98698282e-01
6.99027956e-01
6.94484472e-01
7.02798903e-01
7.07183719e-01
6.96138263e-01
6.96091592e-01
6.97646439e-01
6.90863431e-01
6.95371509e-01
6.95173860e-01
6.84587717e-01
6.90572739e-01
6.79862678e-01
6.86967432e-01
6.89828575e-01
6.88901782e-01
6.91622019e-01
6.87950909e-01
6.79742813e-01
6.76863670e-01
6.88880384e-01
6.87407136e-01
6.92255020e-01
6.86160266e-01
6.82745397e-01
6.87966764e-01
6.83755517e-01
6.85768008e-01
6.83918953e-01
6.86697125e-01
6.89198911e-01
6.80988491e-01
6.76424086e-01
6.82825625e-01
6.88655555e-01
6.83290601e-01
6.85166895e-01
6.77238166e-01
6.71315610e-01
6.79606020e-01
6.80737495e-01
6.81483209e-01
6.84087098e-01
6.77361429e-01
6.75632656e-01
6.84949994e-01
6.80339456e-01
6.81574464e-01
6.85370862e-01
6.75512195e-01
6.77099645e-01
6.79356813e-01
6.78631961e-01
6.73942149e-01
6.82709038e-01
6.74778283e-01
6.73998415e-01
6.74524426e-01
6.76069617e-01
6.76838756e-01
6.77516043e-01
6.78323865e-01
6.73840344e-01
6.78172529e-01
6.71726942e-01
6.71041727e-01
6.75692141e-01
6.71474993e-01
6.73846126e-01
6.77212358e-01
6.73315823e-01
6.73230469e-01
6.80702567e-01
6.72118485e-01
6.67455077e-01
6.71058536e-01
6.66407287e-01
6.67491496e-01
6.68668807e-01
6.65502608e-01
6.67023301e-01
6.69538140e-01
6.64445579e-01
6.69978142e-01
6.73348129e-01
6.78645551e-01
6.62236571e-01
6.69595838e-01
6.65534139e-01
6.67044044e-01
6.71161473e-01
6.59737110e-01
6.63034797e-01
6.60796046e-01
6.53907001e-01
6.53635025e-01
6.61558330e-01
6.63907409e-01
6.59571171e-01
6.61029637e-01
6.48153782e-01
6.40716612e-01
6.54594004e-01
6.58810794e-01
6.63542867e-01
6.71302378e-01
6.53945982e-01
6.41732156e-01
6.62715137e-01
6.54849410e-01
6.44350171e-01
6.54595852e-01
6.55883431e-01
6.52729511e-01
6.57010436e-01
6.53796792e-01
6.49220467e-01
6.58250570e-01
6.62880480e-01
6.59815669e-01
6.60300732e-01
6.55677795e-01
6.46549106e-01
6.51373684e-01
6.51869178e-01
6.39719903e-01
6.45298064e-01
6.50865197e-01
6.56898379e-01
6.51710749e-01
6.52641416e-01
6.47713840e-01
6.41418695e-01
6.50148153e-01
6.53302670e-01
6.52118027e-01
6.46892488e-01
6.49016142e-01
6.40889645e-01
6.36283100e-01
6.41770065e-01
6.55529320e-01
6.50179207e-01
6.48733556e-01
6.48852408e-01
6.49596274e-01
6.46980047e-01
6.44840479e-01
6.45347476e-01
6.48462832e-01
6.43354177e-01
6.42593086e-01
6.54724061e-01
6.53560996e-01
6.53672457e-01
6.52397871e-01
6.45344436e-01
6.38392627e-01
6.43318951e-01
6.54043615e-01
6.43706799e-01
6.42351806e-01
6.46869183e-01
6.39465272e-01
6.40509248e-01
6.43541336e-01
6.44735217e-01
6.44563735e-01
6.40596449e-01
6.39219999e-01
6.44587576e-01
6.42678797e-01
6.38905942e-01
6.39273167e-01
6.38368249e-01
6.28006160e-01
6.39147162e-01
6.38806641e-01
6.38070107e-01
6.34785771e-01
6.41935289e-01
6.37688756e-01
6.38470650e-01
6.37113512e-01
6.35753572e-01
6.40573800e-01
6.30735040e-01
6.33143127e-01
6.32853568e-01
6.25087798e-01
6.30528986e-01
6.30571008e-01
6.29399538e-01
6.34709716e-01
6.32258594e-01
6.30628288e-01
6.20862007e-01
6.28102839e-01
6.34346068e-01
6.31710470e-01
6.27181649e-01
6.30782187e-01
6.28758311e-01
6.27247453e-01
6.29911900e-01
6.27569735e-01
6.29988194e-01
6.22558892e-01
6.21221244e-01
6.25213027e-01
6.28246367e-01
6.25007331e-01
6.26430869e-01
6.28790617e-01
6.25766516e-01
6.25327170e-01
6.22196436e-01
6.20986998e-01
6.18649900e-01
6.18878841e-01
6.25500917e-01
6.23772264e-01
6.25553429e-01
6.18731320e-01
6.18585646e-01
6.16321802e-01
6.17003024e-01
6.24563336e-01
6.21944189e-01
6.15277171e-01
6.13088667e-01
6.19709313e-01
6.22696102e-01
6.13999605e-01
6.13092840e-01
6.12810791e-01
6.16121233e-01
6.17561698e-01
6.10020757e-01
6.16343856e-01
6.16499841e-01
6.13695860e-01
6.17805123e-01
6.12991214e-01
6.08475447e-01
6.08162165e-01
6.04076326e-01
6.19346261e-01
6.20904386e-01
6.08466446e-01
6.14852548e-01
6.13793850e-01
6.06408119e-01
6.13825023e-01
6.09957457e-01
6.03048682e-01
6.05580628e-01
6.08903944e-01
6.06514752e-01
6.06048942e-01
6.10727012e-01
6.12623453e-01
6.07533157e-01
6.11147106e-01
6.10752821e-01
6.07283771e-01
6.06564164e-01
6.00968301e-01
6.02701485e-01
6.07125640e-01
6.10210657e-01
6.07231140e-01
6.03564262e-01
6.07122123e-01
5.96095741e-01
5.91323018e-01
6.10509872e-01
6.08244658e-01
6.09147847e-01
6.08680546e-01
6.05393589e-01
6.01806641e-01
5.98256648e-01
6.02771163e-01
5.98183692e-01
5.96776426e-01
5.98549962e-01
6.05100572e-01
5.98627150e-01
5.87735713e-01
6.05958998e-01
6.08538747e-01
6.03302658e-01
6.07793868e-01
6.11896574e-01
6.16768777e-01
6.09545112e-01
6.11786604e-01
5.90650320e-01
6.00466788e-01
5.98245502e-01
6.02794111e-01
6.03833437e-01
5.98417163e-01
5.94473064e-01
5.93320727e-01
5.85818410e-01
5.92830300e-01
6.02415919e-01
6.00337744e-01
5.87500036e-01
5.81549823e-01
5.89009166e-01
5.99867702e-01
5.83852589e-01
5.92663288e-01
5.95635533e-01
5.81840813e-01
5.93460262e-01
5.86260557e-01
5.84128320e-01
5.91903389e-01
5.80339909e-01
5.83747387e-01
5.94052613e-01
5.86328447e-01
5.92162967e-01
5.97569466e-01
5.81068218e-01
5.82275212e-01
5.86306512e-01
5.87122738e-01
5.85953295e-01
5.83077967e-01
5.77130318e-01
5.78076303e-01
5.86765110e-01
5.78633845e-01
5.87909102e-01
5.82969606e-01
5.76521397e-01
5.80874085e-01
5.80277681e-01
5.77226043e-01
5.80559552e-01
5.82515359e-01
5.80664158e-01
5.83458006e-01
5.82305849e-01
5.77852190e-01
5.78005910e-01
5.75621247e-01
5.76456845e-01
5.72533309e-01
5.67178488e-01
5.83692849e-01
5.87823510e-01
5.69426000e-01
5.69271803e-01
5.60834169e-01
5.71979225e-01
5.74118495e-01
5.65294325e-01
5.72429299e-01
5.77903807e-01
5.71454823e-01
5.66224694e-01
5.69659650e-01
5.75058043e-01
5.75001895e-01
5.71948111e-01
5.69547534e-01
5.71051598e-01
5.74027836e-01
5.68360806e-01
5.62312722e-01
5.48643291e-01
5.51948547e-01
5.64946413e-01
5.67161620e-01
5.63885450e-01
5.66591084e-01
5.75567007e-01
5.65404356e-01
5.65892994e-01
5.67460477e-01
5.60819447e-01
5.73242545e-01
5.66111922e-01
5.60347736e-01
5.71854234e-01
5.65107584e-01
5.55041790e-01
5.52489936e-01
5.55302560e-01
5.60410619e-01
5.67561209e-01
5.69002092e-01
5.64978361e-01
5.64716160e-01
5.67020237e-01
5.47420263e-01
5.56714177e-01
5.64678907e-01
5.58022976e-01
5.59292734e-01
5.54857850e-01
5.56349039e-01
5.52849650e-01
5.53888381e-01
5.58939099e-01
5.56602001e-01
5.58179140e-01
5.60101688e-01
5.62339067e-01
5.47668457e-01
5.41357160e-01
5.54275453e-01
5.58591723e-01
5.53395331e-01
5.47860384e-01
5.49534678e-01
5.59410155e-01
5.51827013e-01
5.54558039e-01
5.56454897e-01
5.38546622e-01
5.42208195e-01
5.54577529e-01
5.44688880e-01
5.54488599e-01
5.58232248e-01
5.62300086e-01
5.48914909e-01
5.36989152e-01
5.39736748e-01
5.44192374e-01
5.50502419e-01
5.45315623e-01
5.48860133e-01
5.49255252e-01
5.47380149e-01
5.31845212e-01
5.39915383e-01
5.50208151e-01
5.46765029e-01
5.45718193e-01
5.35448253e-01
5.33758342e-01
5.40889025e-01
5.43144524e-01
5.42113483e-01
5.51759899e-01
5.52919507e-01
5.43806672e-01
5.50913215e-01
5.43729067e-01
5.35286009e-01
5.37685275e-01
5.39485157e-01
5.46500325e-01
5.49835384e-01
5.44247925e-01
5.44124484e-01
5.37026584e-01
5.30498683e-01
5.20823836e-01
5.26925087e-01
5.48826694e-01
5.48241735e-01
5.29048681e-01
5.35349011e-01
5.49108624e-01
5.36144853e-01
5.39517403e-01
5.36707997e-01
5.42062521e-01
5.47708213e-01
5.41093528e-01
5.39228618e-01
5.36033392e-01
5.33617914e-01
5.30665338e-01
5.30356765e-01
5.32393754e-01
5.33807218e-01
5.30627906e-01
5.38521111e-01
5.41823268e-01
5.37324071e-01
5.34606755e-01
5.34963787e-01
5.27369499e-01
5.34678996e-01
5.33546388e-01
5.34502745e-01
5.42433321e-01
5.44400990e-01
5.37095606e-01
5.35602927e-01
5.33766210e-01
5.27995825e-01
5.25662720e-01
5.36119640e-01
5.27352512e-01
5.31228602e-01
5.28478742e-01
5.26442945e-01
5.27149260e-01
5.16093493e-01
5.22320986e-01
5.24407268e-01
5.24420798e-01
5.28351009e-01
5.26510775e-01
5.24190664e-01
5.31253695e-01
5.30984402e-01
5.29512048e-01
5.27091622e-01
5.29600084e-01
5.21396160e-01
5.11772037e-01
5.15956819e-01
5.24901032e-01
5.20401001e-01
5.21646202e-01
5.13104022e-01
5.25589526e-01
5.27813613e-01
5.21794617e-01
5.23233891e-01
5.17131209e-01
5.14732003e-01
5.24388850e-01
5.24055183e-01
5.26021242e-01
5.22379577e-01
5.17728686e-01
5.15287280e-01
5.23211539e-01
5.16483247e-01
5.30814588e-01
5.20280242e-01
5.19292295e-01
5.28006375e-01
5.25590003e-01
5.24309158e-01
5.07687449e-01
5.15803456e-01
5.24745107e-01
5.23592532e-01
5.24670660e-01
5.20862401e-01
5.19410133e-01
5.20443976e-01
5.18437028e-01
5.20784259e-01
5.18282056e-01
5.15736163e-01
5.19942820e-01
5.20974874e-01
5.23698986e-01
5.17571270e-01
5.17865002e-01
5.14814854e-01
5.16509354e-01
5.14868796e-01
5.08827627e-01
5.16598642e-01
5.19997001e-01
5.13109386e-01
5.14146328e-01
5.19857764e-01
5.16445100e-01
5.10748804e-01
5.11953592e-01
5.11551797e-01
5.10165930e-01
5.13277113e-01
5.17226279e-01
5.18061697e-01
5.11139750e-01
5.06770730e-01
5.14516234e-01
5.17215133e-01
5.15556991e-01
5.09317160e-01
5.04173875e-01
5.11155665e-01
5.14104605e-01
5.07621467e-01
5.04513919e-01
5.09088457e-01
5.00915110e-01
5.07583857e-01
5.12660205e-01
5.07214367e-01
5.08919001e-01
5.16887784e-01
5.16822219e-01
5.12323737e-01
5.07938206e-01
5.05007029e-01
5.08205533e-01
5.08298278e-01
5.07360697e-01
5.06453037e-01
5.05529404e-01
5.04782557e-01
5.03682613e-01
4.99684989e-01
5.03471792e-01
5.06597579e-01
5.08555889e-01
5.05616665e-01
5.05638838e-01
5.00534892e-01
4.96438920e-01
4.96854365e-01
4.98173177e-01
5.02624452e-01
5.03134370e-01
4.99516517e-01
5.02289653e-01
5.00144482e-01
5.00887871e-01
5.03027856e-01
5.04015565e-01
4.97855812e-01
5.03295064e-01
5.01477122e-01
4.96970177e-01
4.98559117e-01
4.94385183e-01
4.99573171e-01
5.02553344e-01
4.92736280e-01
4.92726833e-01
4.95457739e-01
5.00876248e-01
4.93527383e-01
4.88701969e-01
4.94171858e-01
4.93177831e-01
4.89508629e-01
4.93003190e-01
5.01568496e-01
5.00683308e-01
4.95852858e-01
4.93419200e-01
4.87828523e-01
4.87513483e-01
4.94918674e-01
5.00212550e-01
5.08654416e-01
4.97626811e-01
4.92406338e-01
4.90782440e-01
4.86397713e-01
4.86757934e-01
4.81722772e-01
4.81543958e-01
4.81458455e-01
4.95131522e-01
5.05042732e-01
4.88425314e-01
4.81747597e-01
4.85871851e-01
4.86671954e-01
4.88877743e-01
4.95712399e-01
4.89051789e-01
4.86577094e-01
4.91270334e-01
4.86698061e-01
4.80208844e-01
4.80616361e-01
4.90516543e-01
4.85222310e-01
4.82583612e-01
4.86109197e-01
4.89430279e-01
4.76748317e-01
4.87292737e-01
4.77515966e-01
4.81259674e-01
4.81171817e-01
4.82456654e-01
4.84531939e-01
4.84075069e-01
4.89533693e-01
4.79271203e-01
4.80171502e-01
4.80776191e-01
4.84266639e-01
5.11643589e-01
4.88227516e-01
4.80986148e-01
4.78327483e-01
4.79591191e-01
4.76622641e-01
4.71670836e-01
4.78248030e-01
4.79213655e-01
4.76077050e-01
4.86009628e-01
4.83739316e-01
4.70704734e-01
4.75611240e-01
4.79531705e-01
4.80334461e-01
4.78449225e-01
4.74356383e-01
4.78908151e-01
4.75707233e-01
4.68515605e-01
4.67208654e-01
4.74022925e-01
4.71970916e-01
4.72259700e-01
4.75467920e-01
4.66614962e-01
4.74963367e-01
4.77961332e-01
4.54712391e-01
4.79041696e-01
4.81143087e-01
4.73766297e-01
4.76972491e-01
4.72554088e-01
4.68952179e-01
4.57948118e-01
4.61736381e-01
4.59822327e-01
4.68018055e-01
4.75369364e-01
4.70972925e-01
4.68143344e-01
4.73398060e-01
4.40272629e-01
4.37119812e-01
4.84959155e-01
4.81361926e-01
4.66370314e-01
4.62727398e-01
4.64775890e-01
4.63272274e-01
4.65120077e-01
4.67470795e-01
4.67573225e-01
4.59533334e-01
4.42586809e-01
4.46036041e-01
4.62961704e-01
4.59647655e-01
4.58257347e-01
4.60066885e-01
4.66334134e-01
4.48607206e-01
4.89526480e-01
4.73230183e-01
4.57065701e-01
4.64028805e-01
4.60203201e-01
4.56476480e-01
4.62713718e-01
4.62061018e-01
4.58810180e-01
4.61223513e-01
4.58374977e-01
4.53962743e-01
4.55605000e-01
4.50102717e-01
4.64491010e-01
4.60607797e-01
4.53909338e-01
4.51062024e-01
4.56382662e-01
4.46782768e-01
4.52191949e-01
4.65997756e-01
4.48785275e-01
4.53278273e-01
4.59406257e-01
4.49436247e-01
4.53746825e-01
4.55427080e-01
4.49747324e-01
4.55280870e-01
4.53849435e-01
4.50536519e-01
4.52280730e-01
4.55460757e-01
4.56968486e-01
4.48024750e-01
4.41882342e-01
4.46733207e-01
4.37807620e-01
4.41952199e-01
4.43865985e-01
4.48971242e-01
4.52705622e-01
4.42347258e-01
4.43409264e-01
4.52240884e-01
4.54606503e-01
4.55072939e-01
4.54406202e-01
4.50062037e-01
4.47412759e-01
4.47802275e-01
4.44071531e-01
4.47536767e-01
4.45774049e-01
4.49686795e-01
4.50778037e-01
4.43511009e-01
4.42813814e-01
4.43143159e-01
4.47160363e-01
4.49314147e-01
4.42845941e-01
4.46088105e-01
4.41227436e-01
4.41271156e-01
4.41404223e-01
4.46397156e-01
4.39250946e-01
4.38099384e-01
4.49514478e-01
4.47651863e-01
4.43870544e-01
4.41741496e-01
4.45395112e-01
4.44297910e-01
4.39950168e-01
4.49516147e-01
4.43867683e-01
4.43320632e-01
4.56680357e-01
4.59636807e-01
4.49352443e-01
4.47221696e-01
4.45678145e-01
4.40845817e-01
4.45885986e-01
4.42735761e-01
4.37954545e-01
4.52582777e-01
4.43746597e-01
4.34257954e-01
4.43144441e-01
4.35965717e-01
4.47587669e-01
4.51312810e-01
4.49379355e-01
4.44325477e-01
4.23930854e-01
4.42975461e-01
4.39855129e-01
4.35203105e-01
4.56642687e-01
4.28075880e-01
4.27538365e-01
4.35803652e-01
4.31364924e-01
4.40726370e-01
4.33819264e-01
4.35973734e-01
4.39083159e-01
4.36757624e-01
4.36922371e-01
4.31672394e-01
4.29787099e-01
4.28642541e-01
4.32945967e-01
4.39391047e-01
4.40578967e-01
4.36600924e-01
4.31729823e-01
4.35801506e-01
4.30779576e-01
4.30814028e-01
4.37543184e-01
4.35919911e-01
4.28657204e-01
4.34672326e-01
4.29791331e-01
4.29813415e-01
4.29903924e-01
4.32037801e-01
4.30971086e-01
4.30747420e-01
4.34656292e-01
4.30162013e-01
4.31496680e-01
4.27609801e-01
4.23342377e-01
4.28809941e-01
4.23320740e-01
4.22052354e-01
4.23907310e-01
4.23241079e-01
4.27164584e-01
4.23894763e-01
4.19002116e-01
4.26599383e-01
4.42167252e-01
4.49310184e-01
4.39781904e-01
4.31767970e-01
4.50201213e-01
4.39594269e-01
4.27546293e-01
4.25541669e-01
4.20625359e-01
4.37402397e-01
4.45193827e-01
4.33156669e-01
4.16967779e-01
4.22431976e-01
4.16565806e-01
4.15484279e-01
4.23170179e-01
4.23498183e-01
4.22076166e-01
4.20059353e-01
4.18667078e-01
4.21813279e-01
4.24597800e-01
4.17605847e-01
4.18577611e-01
4.20018554e-01
4.21016216e-01
4.21488732e-01
4.16470021e-01
4.13660556e-01
4.17133242e-01
4.17003959e-01
3.97832900e-01
4.43399906e-01
4.39344943e-01
4.26675946e-01
4.22343642e-01
4.04704154e-01
4.15016621e-01
4.13436413e-01
4.06390935e-01
4.20720696e-01
4.18310940e-01
4.14116174e-01
4.19807464e-01
4.31559771e-01
4.15760577e-01
4.12741095e-01
4.13657039e-01
4.14901316e-01
4.14897949e-01
4.05018926e-01
4.03977662e-01
4.04116511e-01
4.09648806e-01
4.08869773e-01
4.16797578e-01
4.11909074e-01
4.06505555e-01
4.06453729e-01
4.15931046e-01
4.08462018e-01
4.31039304e-01
4.48044330e-01
4.23420250e-01
4.05529231e-01
4.11181927e-01
4.08841789e-01
4.17106271e-01
4.07445222e-01
4.06881452e-01
4.06770676e-01
4.16402072e-01
4.04360712e-01
4.04771239e-01
4.12470460e-01
4.13956344e-01
4.12515104e-01
3.96956563e-01
4.19492185e-01
4.01479572e-01
4.04270470e-01
4.00565237e-01
4.05977488e-01
4.11289334e-01
4.04441833e-01
4.05069202e-01
4.11655098e-01
4.07156318e-01
4.18183297e-01
4.11528260e-01
4.03823614e-01
4.07601863e-01
4.02693182e-01
4.08279538e-01
4.08227473e-01
4.09769565e-01
4.11829293e-01
4.02021974e-01
3.97057712e-01
3.97204190e-01
4.02868360e-01
3.95204186e-01
3.96724135e-01
4.01703268e-01
4.02291864e-01
3.99912655e-01
4.03589875e-01
4.03609663e-01
4.01514471e-01
4.04450685e-01
3.93143535e-01
3.88194352e-01
3.73980999e-01
3.92240852e-01
4.35847133e-01
4.47371185e-01
4.12545949e-01
3.84530991e-01
3.89058709e-01
