2.72858095e+00
2.71133494e+00
2.76039720e+00
2.76193666e+00
2.87353802e+00
2.76223922e+00
2.83814788e+00
2.88337111e+00
2.80586386e+00
2.90749812e+00
2.78827548e+00
2.92317462e+00
2.86545682e+00
2.88502002e+00
2.90429449e+00
2.93547869e+00
2.89132047e+00
2.91619444e+00
2.84748173e+00
2.86944771e+00
2.90894842e+00
2.81886721e+00
2.86170816e+00
2.92994666e+00
2.84905195e+00
2.87105989e+00
2.86251926e+00
2.84836125e+00
2.94077539e+00
2.86649346e+00
2.84476304e+00
2.79270411e+00
2.71311569e+00
2.87362552e+00
2.78591681e+00
2.69778347e+00
2.68584776e+00
2.71900749e+00
2.74880195e+00
2.71804810e+00
2.72892690e+00
2.60390782e+00
2.59321308e+00
2.60153913e+00
2.60605955e+00
2.54304862e+00
2.56914568e+00
2.68303347e+00
2.63753653e+00
2.72456169e+00
2.69767165e+00
2.63505602e+00
2.78428078e+00
2.68156791e+00
2.77719283e+00
2.84957528e+00
2.83273935e+00
2.88494635e+00
2.86514878e+00
2.80658388e+00
2.85747671e+00
2.86941290e+00
2.94072843e+00
2.93783259e+00
2.89801192e+00
2.95872474e+00
2.89925361e+00
2.88089275e+00
2.86855054e+00
2.86511660e+00
2.93959069e+00
2.91633964e+00
2.83360219e+00
2.88480639e+00
2.82617760e+00
2.76774335e+00
2.82224870e+00
2.80061793e+00
2.83162928e+00
2.84220171e+00
2.83228493e+00
2.80176616e+00
2.70863676e+00
2.72613001e+00
2.70752025e+00
2.70362854e+00
2.71868587e+00
2.68071342e+00
2.72295904e+00
2.66706467e+00
2.62685061e+00
2.56769228e+00
2.56778479e+00
2.55548692e+00
2.44719076e+00
2.42661428e+00
2.37416911e+00
2.39724207e+00
2.39087176e+00
2.29904318e+00
2.27865028e+00
2.24173164e+00
2.21881509e+00
2.17279577e+00
2.17840648e+00
2.16616035e+00
2.23723674e+00
2.27377486e+00
2.24240398e+00
2.26761484e+00
2.34796453e+00
2.33926058e+00
2.36588693e+00
2.46060133e+00
2.46762133e+00
2.50952196e+00
2.54901505e+00
2.53714061e+00
2.65125966e+00
2.59195065e+00
2.72380972e+00
2.67164254e+00
2.65038943e+00
2.77283049e+00
2.72668695e+00
2.78054285e+00
2.81384397e+00
2.85271931e+00
2.82666183e+00
2.89060998e+00
2.89622688e+00
2.91847944e+00
2.95469737e+00
2.91130424e+00
2.89606285e+00
2.92937922e+00
2.89869261e+00
2.93531442e+00
3.02328587e+00
3.01921749e+00
2.98418021e+00
2.95139289e+00
2.97556591e+00
2.96603251e+00
3.01036263e+00
3.04188371e+00
2.95908213e+00
2.92505336e+00
2.96429253e+00
3.03158593e+00
2.97080612e+00
2.97587991e+00
2.95390129e+00
2.87953353e+00
2.92510700e+00
2.92428231e+00
2.93543673e+00
2.91589665e+00
2.92072558e+00
2.94367957e+00
2.86497688e+00
2.84159899e+00
2.84659195e+00
2.81067300e+00
2.83492160e+00
2.77291703e+00
2.76953053e+00
2.72855091e+00
2.71566629e+00
2.66915059e+00
2.67677712e+00
2.63567686e+00
2.57887816e+00
2.63548517e+00
2.52115417e+00
2.50856543e+00
2.49545693e+00
2.45710087e+00
2.45028329e+00
2.36752129e+00
2.28050661e+00
2.25538683e+00
2.25276184e+00
2.21959281e+00
2.18175268e+00
2.13110089e+00
2.03967834e+00
2.00271702e+00
1.98061311e+00
1.90554690e+00
1.89244866e+00
1.84204578e+00
1.78433156e+00
1.75075710e+00
1.70740855e+00
1.77443087e+00
1.81602943e+00
1.87803400e+00
1.95731759e+00
1.98522520e+00
2.01868844e+00
2.04390883e+00
2.05893517e+00
2.11431718e+00
2.16580939e+00
2.24031162e+00
2.27706766e+00
2.25780606e+00
2.34669447e+00
2.28893733e+00
2.35042477e+00
2.46310592e+00
2.44865489e+00
2.50563598e+00
2.57290602e+00
2.56717038e+00
2.58243823e+00
2.64749408e+00
2.66031337e+00
2.66627741e+00
2.70298719e+00
2.73261118e+00
2.75783300e+00
2.80861115e+00
2.84250784e+00
2.78816271e+00
2.83127451e+00
2.94771981e+00
2.91245842e+00
2.89960933e+00
2.90328407e+00
2.93944526e+00
2.98694348e+00
2.98551035e+00
2.98823714e+00
2.99076724e+00
3.06295872e+00
3.07711458e+00
3.00999165e+00
3.05870891e+00
3.05439258e+00
3.09377027e+00
3.07071781e+00
3.03348231e+00
3.07834506e+00
3.10206866e+00
3.09847188e+00
3.09924269e+00
3.13612843e+00
3.14343476e+00
3.13476944e+00
3.17480612e+00
3.19563770e+00
3.20015621e+00
3.19152975e+00
3.15990114e+00
3.12763810e+00
3.18853593e+00
3.18807101e+00
3.16247606e+00
3.22218418e+00
3.16917086e+00
3.19196105e+00
3.23261023e+00
3.16944528e+00
3.19948530e+00
3.18959594e+00
3.13854980e+00
3.12999463e+00
3.11359835e+00
3.14182448e+00
3.13037348e+00
3.10823441e+00
3.16760135e+00
3.13682699e+00
3.11806774e+00
3.14809704e+00
3.11498427e+00
3.10743952e+00
3.07399559e+00
3.07040882e+00
3.04752684e+00
3.04725027e+00
3.05343699e+00
3.02870917e+00
3.00908184e+00
3.01329970e+00
3.02822685e+00
3.00648069e+00
2.97580171e+00
2.95916295e+00
2.92051578e+00
2.89066529e+00
2.88778377e+00
2.89259791e+00
2.84848189e+00
2.81386590e+00
2.83464718e+00
2.79656386e+00
2.75410318e+00
2.71699023e+00
2.72471571e+00
2.77318740e+00
2.64913344e+00
2.65609121e+00
2.65608859e+00
2.59630251e+00
2.54420066e+00
2.52939939e+00
2.49718976e+00
2.47692180e+00
2.49195266e+00
2.39794588e+00
2.36708355e+00
2.31960988e+00
2.31784105e+00
2.28005958e+00
2.25412512e+00
2.22227669e+00
2.15550566e+00
2.10264325e+00
2.07607722e+00
2.03870487e+00
2.04242802e+00
1.97404742e+00
1.88682508e+00
1.84106565e+00
1.81578040e+00
1.77001894e+00
1.71853328e+00
1.67908192e+00
1.64209175e+00
1.58633232e+00
1.50913763e+00
1.43465292e+00
1.42867410e+00
1.43766904e+00
1.49675751e+00
1.55566335e+00
1.58886349e+00
1.61481929e+00
1.69886315e+00
1.74156535e+00
1.76222932e+00
1.79580224e+00
1.84407401e+00
1.95156479e+00
1.96025634e+00
2.00459337e+00
2.04376984e+00
2.06814075e+00
2.10009527e+00
2.11178684e+00
2.15971208e+00
2.21471000e+00
2.23692155e+00
2.24416399e+00
2.27141547e+00
2.28950524e+00
2.36486149e+00
2.39221096e+00
2.40224624e+00
2.46445322e+00
2.45686364e+00
2.49854159e+00
2.54818559e+00
2.50075293e+00
2.54789734e+00
2.59029603e+00
2.58509946e+00
2.65442586e+00
2.64646745e+00
2.65581989e+00
2.71863079e+00
2.71940708e+00
2.72258759e+00
2.67613983e+00
2.72645688e+00
2.80717850e+00
2.81790018e+00
2.81255722e+00
2.80645990e+00
2.83592916e+00
2.82874751e+00
2.85409713e+00
2.88562894e+00
2.91774750e+00
2.90423679e+00
2.92308569e+00
2.96565676e+00
2.97040558e+00
2.92555499e+00
2.95343065e+00
2.98108292e+00
2.97422266e+00
3.05729222e+00
2.99212623e+00
3.03141642e+00
3.03418255e+00
2.96530533e+00
3.02009821e+00
3.04814816e+00
3.03784299e+00
3.05860567e+00
3.05577493e+00
3.06946659e+00
3.09124804e+00
3.09577298e+00
3.13443303e+00
3.12683630e+00
3.15588140e+00
3.16608691e+00
3.14802456e+00
3.13816786e+00
3.13430619e+00
3.10380459e+00
3.11961627e+00
3.16704226e+00
3.13793135e+00
3.14784646e+00
3.14180279e+00
3.16656852e+00
3.15452456e+00
3.10078812e+00
3.14607668e+00
3.10498405e+00
3.12507534e+00
3.16895151e+00
3.18227267e+00
3.15583515e+00
3.15013957e+00
3.13035083e+00
3.14431834e+00
3.17855692e+00
3.16137314e+00
3.16888213e+00
3.15213490e+00
3.14705920e+00
3.16585684e+00
3.16858983e+00
3.17206669e+00
3.18051839e+00
3.17534828e+00
3.17862606e+00
3.21249437e+00
3.18764615e+00
3.17455125e+00
3.17429280e+00
3.13153625e+00
3.13212776e+00
3.18906617e+00
3.12616420e+00
3.13544130e+00
3.15978789e+00
3.18883896e+00
3.17687607e+00
3.11757421e+00
3.14509583e+00
3.12022901e+00
3.16511345e+00
3.12346864e+00
3.10838032e+00
3.13279462e+00
3.11601305e+00
3.10028458e+00
3.14187670e+00
3.14208364e+00
3.07705522e+00
3.11648703e+00
3.10469651e+00
3.05265927e+00
3.09798717e+00
3.14994693e+00
3.15861559e+00
3.14997554e+00
3.10984206e+00
3.06774092e+00
3.06098270e+00
3.11738729e+00
3.10124421e+00
3.06706262e+00
3.09119821e+00
3.06264138e+00
3.05041432e+00
3.07376313e+00
3.01829886e+00
3.05065560e+00
3.07088351e+00
3.00279999e+00
3.03081608e+00
3.02232361e+00
3.00199080e+00
2.98872566e+00
3.01066184e+00
2.99433565e+00
3.02179384e+00
2.98372316e+00
2.97024846e+00
2.96885180e+00
2.99418116e+00
2.97005177e+00
2.95735431e+00
2.94862580e+00
2.94467258e+00
2.92220879e+00
2.95534968e+00
2.95245385e+00
2.93489456e+00
2.90395927e+00
2.84982586e+00
2.87381196e+00
2.88495588e+00
2.85267973e+00
2.82255960e+00
2.85786557e+00
2.84575701e+00
2.84638381e+00
2.83079863e+00
2.79822278e+00
2.78391838e+00
2.75849462e+00
2.76113725e+00
2.74941587e+00
2.74285722e+00
2.70960498e+00
2.69846082e+00
2.69376683e+00
2.70589423e+00
2.69646740e+00
2.67609525e+00
2.65838480e+00
2.66183496e+00
2.63518381e+00
2.59757638e+00
2.61129928e+00
2.59541726e+00
2.62947130e+00
2.56315756e+00
2.51378798e+00
2.52413344e+00
2.52316213e+00
2.50089288e+00
2.49802542e+00
2.44285011e+00
2.39472508e+00
2.38000321e+00
2.38476896e+00
2.36922479e+00
2.35646057e+00
2.31948352e+00
2.26475096e+00
2.28015351e+00
2.23581409e+00
2.23195887e+00
2.18755078e+00
2.15681720e+00
2.15146375e+00
2.10847592e+00
2.08145976e+00
2.04619312e+00
1.99729192e+00
1.99530816e+00
1.93318641e+00
1.88574159e+00
1.89201307e+00
1.88577318e+00
1.83876932e+00
1.80633914e+00
1.78028464e+00
1.71084940e+00
1.63958299e+00
1.60008538e+00
1.60742581e+00
1.60441196e+00
1.50692832e+00
1.46947062e+00
1.44147217e+00
1.41269362e+00
1.36047542e+00
1.25139761e+00
1.19557881e+00
1.15571713e+00
1.18324053e+00
1.24478400e+00
1.31003094e+00
1.37306416e+00
1.42884815e+00
1.46363676e+00
1.51923466e+00
1.56516898e+00
1.58664262e+00
1.63324010e+00
1.67480230e+00
1.72591555e+00
1.73711252e+00
1.76885319e+00
1.81404412e+00
1.80392492e+00
1.86542821e+00
1.83106685e+00
1.89527345e+00
1.93776643e+00
1.96590519e+00
1.99811077e+00
1.99605072e+00
2.00421000e+00
2.06353641e+00
2.10193539e+00
2.13266277e+00
2.15847683e+00
2.13559580e+00
2.15975928e+00
2.17218065e+00
2.19585514e+00
2.23694277e+00
2.24602556e+00
2.26097822e+00
2.28827500e+00
2.28960657e+00
2.34438682e+00
2.37196350e+00
2.36628699e+00
2.35647869e+00
2.36536098e+00
2.40052986e+00
2.41878295e+00
2.43739390e+00
2.42598581e+00
2.38859415e+00
2.46038866e+00
2.47700930e+00
2.47177744e+00
2.49783468e+00
2.50449824e+00
2.50206709e+00
2.48567271e+00
2.54462218e+00
2.52967119e+00
2.55661678e+00
2.57385278e+00
2.54147339e+00
2.56252289e+00
2.58978224e+00
2.54961801e+00
2.56921363e+00
2.62798214e+00
2.58904672e+00
2.55349684e+00
2.61683869e+00
2.62527823e+00
2.59174299e+00
2.61565781e+00
2.62394547e+00
2.63442516e+00
2.66202927e+00
2.65360451e+00
2.64342856e+00
2.64722586e+00
2.64926124e+00
2.66564083e+00
2.61965013e+00
2.66470361e+00
2.69034243e+00
2.65253234e+00
2.66889167e+00
2.67843533e+00
2.66863799e+00
2.67569757e+00
2.69556403e+00
2.69360042e+00
2.69421577e+00
2.66557598e+00
2.67961359e+00
2.71161699e+00
2.71075606e+00
2.70028210e+00
2.71052742e+00
2.70171380e+00
2.65926027e+00
2.68254685e+00
2.68346071e+00
2.72662377e+00
2.71073580e+00
2.70182061e+00
2.68765879e+00
2.68048382e+00
2.67989612e+00
2.69357347e+00
2.70008612e+00
2.65650749e+00
2.69402957e+00
2.70027995e+00
2.69928765e+00
2.72416306e+00
2.70232964e+00
2.70264721e+00
2.72923517e+00
2.72655511e+00
2.71420312e+00
2.73773646e+00
2.73192954e+00
2.74017143e+00
2.71904349e+00
2.73256755e+00
2.75221157e+00
2.72038794e+00
2.72317719e+00
2.69603992e+00
2.73494601e+00
2.72560382e+00
2.69564986e+00
2.74349713e+00
2.72313666e+00
2.70994830e+00
2.72178698e+00
2.70460010e+00
2.73008251e+00
2.72570825e+00
2.68194532e+00
2.70898867e+00
2.73500729e+00
2.73291683e+00
2.73735046e+00
2.70843863e+00
2.69170094e+00
2.69686413e+00
2.71409750e+00
2.70209575e+00
2.69470954e+00
2.72314262e+00
2.73066306e+00
2.72899914e+00
2.71121597e+00
2.71533370e+00
2.72019577e+00
2.70194626e+00
2.70242906e+00
2.68934321e+00
2.67649436e+00
2.68926334e+00
2.70315170e+00
2.70078254e+00
2.66994786e+00
2.68275881e+00
2.66984701e+00
2.68001366e+00
2.66604853e+00
2.63923359e+00
2.66829443e+00
2.68665838e+00
2.65209579e+00
2.66534877e+00
2.67624092e+00
2.67290926e+00
2.70392036e+00
2.69822645e+00
2.67802477e+00
2.67721796e+00
2.69402599e+00
2.68551469e+00
2.68385577e+00
2.70057297e+00
2.67828250e+00
2.68054843e+00
2.69712496e+00
2.70771241e+00
2.66359353e+00
2.68033576e+00
2.68886185e+00
2.65112042e+00
2.67882085e+00
2.68588257e+00
2.63987947e+00
2.67001057e+00
2.66443419e+00
2.64958334e+00
2.64591432e+00
2.64916873e+00
2.65930247e+00
2.61909795e+00
2.64886689e+00
2.65776277e+00
2.64796042e+00
2.66248894e+00
2.66038203e+00
2.62743115e+00
2.66548085e+00
2.67305589e+00
2.65296006e+00
2.63654089e+00
2.64691472e+00
2.64198041e+00
2.61168385e+00
2.60978103e+00
2.65299225e+00
2.61278462e+00
2.60716629e+00
2.58089590e+00
2.60325503e+00
2.62317181e+00
2.60548210e+00
2.60090280e+00
2.59274268e+00
2.60979509e+00
2.59425950e+00
2.57124090e+00
2.59234977e+00
2.58386540e+00
2.60400724e+00
2.59092951e+00
2.57079268e+00
2.58773708e+00
2.56913543e+00
2.57308769e+00
2.57712388e+00
2.55996370e+00
2.54928422e+00
2.57950139e+00
2.57671404e+00
2.53969932e+00
2.59293008e+00
2.60628057e+00
2.56015825e+00
2.57079220e+00
2.56591558e+00
2.55909038e+00
2.57262945e+00
2.52873707e+00
2.55263758e+00
2.57579517e+00
2.56618071e+00
2.57085466e+00
2.55008745e+00
2.56829906e+00
2.57068777e+00
2.52228808e+00
2.53701925e+00
2.53289557e+00
2.50790215e+00
2.52195764e+00
2.53496408e+00
2.52740526e+00
2.50970578e+00
2.50435019e+00
2.52973509e+00
2.52248526e+00
2.53055286e+00
2.51373124e+00
2.49412203e+00
2.52328730e+00
2.50819993e+00
2.50441241e+00
2.48972249e+00
2.48685670e+00
2.50059128e+00
2.50096631e+00
2.49687266e+00
2.49054837e+00
2.49577522e+00
2.48383760e+00
2.46348643e+00
2.48055100e+00
2.48790264e+00
2.49521160e+00
2.50524402e+00
2.48336911e+00
2.50753450e+00
2.47443795e+00
2.46082234e+00
2.49152327e+00
2.49475694e+00
2.49732327e+00
2.48921299e+00
2.45676231e+00
2.46426487e+00
2.47628951e+00
2.44383025e+00
2.45950055e+00
2.48010445e+00
2.49158430e+00
2.45536256e+00
2.46736741e+00
2.45970511e+00
2.45063281e+00
2.45363832e+00
2.44210696e+00
2.45839381e+00
2.45658612e+00
2.44685006e+00
2.43775296e+00
2.43912458e+00
2.43358517e+00
2.44738078e+00
2.44752264e+00
2.45696735e+00
2.47766352e+00
2.44612336e+00
2.43856502e+00
2.42906189e+00
2.45908213e+00
2.45712280e+00
2.42769289e+00
2.41767597e+00
2.42244744e+00
2.43027949e+00
2.42618656e+00
2.41691470e+00
2.38664818e+00
2.38949966e+00
2.38312149e+00
2.37808728e+00
2.38952875e+00
2.40799546e+00
2.41821861e+00
2.39911199e+00
2.38934159e+00
2.38134360e+00
2.39104199e+00
2.39650297e+00
2.37536097e+00
2.36535144e+00
2.41422963e+00
2.43128181e+00
2.38676739e+00
2.39361644e+00
2.37914920e+00
2.37835288e+00
2.37565374e+00
2.35721970e+00
2.36699724e+00
2.37610984e+00
2.36539197e+00
2.35944438e+00
2.35375857e+00
2.33890176e+00
2.33476686e+00
2.31425714e+00
2.31839299e+00
2.34999704e+00
2.34134674e+00
2.33045888e+00
2.30247116e+00
2.32366800e+00
2.33375716e+00
2.31743526e+00
2.29962873e+00
2.30314350e+00
2.26746583e+00
2.27497077e+00
2.29588151e+00
2.30001664e+00
2.31493020e+00
2.28143764e+00
2.26456809e+00
2.30638933e+00
2.29942322e+00
2.27637744e+00
2.26316977e+00
2.27953315e+00
2.27123094e+00
2.26008987e+00
2.25081158e+00
2.26530957e+00
2.24381971e+00
2.22783303e+00
2.23681712e+00
2.24803472e+00
2.23683167e+00
2.22850537e+00
2.23312259e+00
2.23014331e+00
2.20876455e+00
2.23712158e+00
2.22438121e+00
2.22376323e+00
2.23644686e+00
2.21749401e+00
2.22957850e+00
2.20371771e+00
2.19284558e+00
2.19268060e+00
2.20002890e+00
2.19326544e+00
2.17017984e+00
2.15706468e+00
2.18630695e+00
2.17779660e+00
2.15438914e+00
2.17894006e+00
2.18587756e+00
2.15925336e+00
2.14619470e+00
2.14250588e+00
2.13910460e+00
2.13501525e+00
2.13291502e+00
2.09581566e+00
2.09849834e+00
2.10713696e+00
2.08523393e+00
2.08596182e+00
2.05360079e+00
2.07845974e+00
2.10581136e+00
2.08040285e+00
2.05473876e+00
2.03840709e+00
2.03829336e+00
2.01775575e+00
2.02225280e+00
2.02994990e+00
2.03031206e+00
1.98879480e+00
1.99856043e+00
1.99519455e+00
1.97981596e+00
1.98228014e+00
1.95806408e+00
1.95109475e+00
1.94768381e+00
1.94881678e+00
1.93632150e+00
1.91669762e+00
1.91218781e+00
1.91422391e+00
1.88245022e+00
1.87052190e+00
1.88315248e+00
1.84646511e+00
1.84599876e+00
1.83814013e+00
1.82489491e+00
1.81233656e+00
1.79936874e+00
1.80219972e+00
1.78664422e+00
1.76334870e+00
1.75153661e+00
1.74276221e+00
1.73253500e+00
1.71211421e+00
1.69388700e+00
1.67056131e+00
1.64550471e+00
1.63268709e+00
1.64756572e+00
1.60529625e+00
1.58109260e+00
1.59213531e+00
1.58204830e+00
1.56391776e+00
1.53493285e+00
1.50287604e+00
1.49107838e+00
1.47063780e+00
1.47611547e+00
1.45575380e+00
1.40443170e+00
1.38401055e+00
1.35648036e+00
1.34779847e+00
1.31252193e+00
1.28308415e+00
1.27350843e+00
1.24208724e+00
1.23191130e+00
1.20225251e+00
1.15963197e+00
1.12732959e+00
1.08850253e+00
1.04528069e+00
9.92149353e-01
9.23140824e-01
8.79875660e-01
9.14295375e-01
9.51562822e-01
9.97205913e-01
1.06579471e+00
1.10634935e+00
1.13584995e+00
1.14060581e+00
1.18247902e+00
1.23167884e+00
1.24146748e+00
1.25086260e+00
1.27407479e+00
1.30202425e+00
1.32168400e+00
1.35020185e+00
1.38745713e+00
1.40365493e+00
1.41050601e+00
1.43790960e+00
1.44861102e+00
1.47604692e+00
1.47033107e+00
1.52347434e+00
1.53671408e+00
1.52416289e+00
1.54004204e+00
1.56771398e+00
1.57807148e+00
1.59049654e+00
1.60106480e+00
1.62332726e+00
1.64248538e+00
1.64545834e+00
1.63332665e+00
1.65538740e+00
1.66727877e+00
1.68348134e+00
1.69002438e+00
1.70195448e+00
1.71039248e+00
1.71186423e+00
1.71319067e+00
1.74407172e+00
1.75091362e+00
1.75690591e+00
1.76472104e+00
1.78593314e+00
1.78137636e+00
1.77612162e+00
1.77929580e+00
1.78697908e+00
1.80990529e+00
1.82321548e+00
1.82248437e+00
1.82978165e+00
1.82355583e+00
1.81702673e+00
1.84424019e+00
1.88127506e+00
1.85159373e+00
1.88057303e+00
1.87555361e+00
1.86676300e+00
1.87860334e+00
1.88493264e+00
1.87837183e+00
1.88201201e+00
1.87537467e+00
1.88243902e+00
1.88366163e+00
1.88103092e+00
1.88102055e+00
1.91387713e+00
1.89927709e+00
1.89678621e+00
1.89936256e+00
1.85321403e+00
1.88855088e+00
1.90857720e+00
1.89448082e+00
1.90181530e+00
1.90188837e+00
1.91584659e+00
1.93348062e+00
1.92935622e+00
1.90021396e+00
1.90561187e+00
1.91714752e+00
1.91470015e+00
1.93568242e+00
1.91299403e+00
1.90460968e+00
1.91893637e+00
1.94163430e+00
1.91396582e+00
1.91582131e+00
1.94814706e+00
1.92961073e+00
1.92381775e+00
1.92818666e+00
1.91509676e+00
1.94250715e+00
1.92565107e+00
1.94328070e+00
1.94572628e+00
1.93052709e+00
1.97688591e+00
1.93462849e+00
1.90961504e+00
1.93196690e+00
1.94482446e+00
1.94911981e+00
1.94067240e+00
1.94054699e+00
1.93603349e+00
1.94279242e+00
1.94155252e+00
1.93386853e+00
1.91911042e+00
1.93989110e+00
1.93843377e+00
1.92189419e+00
1.92544150e+00
1.93739259e+00
1.93956542e+00
1.91333342e+00
1.93048346e+00
1.91922343e+00
1.92483592e+00
1.94158900e+00
1.93882477e+00
1.92873096e+00
1.93134665e+00
1.92461288e+00
1.94281793e+00
1.94926202e+00
1.94169378e+00
1.94216871e+00
1.93270600e+00
1.94936252e+00
1.93437505e+00
1.91521764e+00
1.94341874e+00
1.93326688e+00
1.92745447e+00
1.93774498e+00
1.92576289e+00
1.93382728e+00
1.93396699e+00
1.93221080e+00
1.92780912e+00
1.92657244e+00
1.93179846e+00
1.93237138e+00
1.92812788e+00
1.94209003e+00
1.92817199e+00
1.92303944e+00
1.90947425e+00
1.91798306e+00
1.92461598e+00
1.90751910e+00
1.90381062e+00
1.92127395e+00
1.92104983e+00
1.92110515e+00
1.92580569e+00
1.93925869e+00
1.91777694e+00
1.91192460e+00
1.91185546e+00
1.90138876e+00
1.90331745e+00
1.90269172e+00
1.91435218e+00
1.88803756e+00
1.88650858e+00
1.91560388e+00
1.89496267e+00
1.87327695e+00
1.90706968e+00
1.90141928e+00
1.88364029e+00
1.90730989e+00
1.89831114e+00
1.90302277e+00
1.91607070e+00
1.89184821e+00
1.89285159e+00
1.90133572e+00
1.91553319e+00
1.91941285e+00
1.89355159e+00
1.88757634e+00
1.88969254e+00
1.88245416e+00
1.90021574e+00
1.88693273e+00
1.89962733e+00
1.88251400e+00
1.88208592e+00
1.86974680e+00
1.89467692e+00
1.88075590e+00
1.88598716e+00
1.87482429e+00
1.86574602e+00
1.88415694e+00
1.87539601e+00
1.86665928e+00
1.87864923e+00
1.87416017e+00
1.88412261e+00
1.90425587e+00
1.86372292e+00
1.87784004e+00
1.87110865e+00
1.85739720e+00
1.86092710e+00
1.85755920e+00
1.86134887e+00
1.86158431e+00
1.86473346e+00
1.85764802e+00
1.85061288e+00
1.85685432e+00
1.85396004e+00
1.84597743e+00
1.84858644e+00
1.83942318e+00
1.83877885e+00
1.85729277e+00
1.85774148e+00
1.84754455e+00
1.85169673e+00
1.84991121e+00
1.84067833e+00
1.84405828e+00
1.85078621e+00
1.83471477e+00
1.83435881e+00
1.85145807e+00
1.84394300e+00
1.84178925e+00
1.83785856e+00
1.83306801e+00
1.83230746e+00
1.83354509e+00
1.82287407e+00
1.82328093e+00
1.83585513e+00
1.83141661e+00
1.82021654e+00
1.82862902e+00
1.82406855e+00
1.81934404e+00
1.82241023e+00
1.82500887e+00
1.81270230e+00
1.81694818e+00
1.82638931e+00
1.82559669e+00
1.82415318e+00
1.80572367e+00
1.80251074e+00
1.81081188e+00
1.79534173e+00
1.77705991e+00
1.79349673e+00
1.81956244e+00
1.78929222e+00
1.79082465e+00
1.79276037e+00
1.78520656e+00
1.78401434e+00
1.78635132e+00
1.77904820e+00
1.77402616e+00
1.78101683e+00
1.77247560e+00
1.76766813e+00
1.77413595e+00
1.77604461e+00
1.77434146e+00
1.76905334e+00
1.76414442e+00
1.76551247e+00
1.78780067e+00
1.78893840e+00
1.77886367e+00
1.77704847e+00
1.78459489e+00
1.76824212e+00
1.77710295e+00
1.76878047e+00
1.78375053e+00
1.78289831e+00
1.74609959e+00
1.77006733e+00
1.77491915e+00
1.76907980e+00
1.75825238e+00
1.75461590e+00
1.79001439e+00
1.75823605e+00
1.74930501e+00
1.75703824e+00
1.76279259e+00
1.74684191e+00
1.75102079e+00
1.75742042e+00
1.75360835e+00
1.76442993e+00
1.75402713e+00
1.75176668e+00
1.74365962e+00
1.74487114e+00
1.76078522e+00
1.73134911e+00
1.74304843e+00
1.75313890e+00
1.72962356e+00
1.74189675e+00
1.72312427e+00
1.74654269e+00
1.72682834e+00
1.71088815e+00
1.72728753e+00
1.72089946e+00
1.71169591e+00
1.72977483e+00
1.72425449e+00
1.71015322e+00
1.72156334e+00
1.71035373e+00
1.71471763e+00
1.70312238e+00
1.69180727e+00
1.72231805e+00
1.71936917e+00
1.71400642e+00
1.71716273e+00
1.70421612e+00
1.69626474e+00
1.70653760e+00
1.69779384e+00
1.70180047e+00
1.71109986e+00
1.68597698e+00
1.71396804e+00
1.73355770e+00
1.71708024e+00
1.70335722e+00
1.69218087e+00
1.72276676e+00
1.71537828e+00
1.69414341e+00
1.69562852e+00
1.69881654e+00
1.70357537e+00
1.69153452e+00
1.69044352e+00
1.67767608e+00
1.67091560e+00
1.68290520e+00
1.68416941e+00
1.67245758e+00
1.67104816e+00
1.67854238e+00
1.69448960e+00
1.65246773e+00
1.66800201e+00
1.68350947e+00
1.67220700e+00
1.66824591e+00
1.67545342e+00
1.67301416e+00
1.66562450e+00
1.65609455e+00
1.66421545e+00
1.66596413e+00
1.65169954e+00
1.65501368e+00
1.67394507e+00
1.65768933e+00
1.64032876e+00
1.64830351e+00
1.67275262e+00
1.65371859e+00
1.65191042e+00
1.65731692e+00
1.65533018e+00
1.64603639e+00
1.63396585e+00
1.65238762e+00
1.65436947e+00
1.65792215e+00
1.63812292e+00
1.62038147e+00
1.63948429e+00
1.63459134e+00
1.63058746e+00
1.62847340e+00
1.61963785e+00
1.61559701e+00
1.62311137e+00
1.62120605e+00
1.61143339e+00
1.62080693e+00
1.63359940e+00
1.62231016e+00
1.60622239e+00
1.62174320e+00
1.61980629e+00
1.62650931e+00
1.62483132e+00
1.60064363e+00
1.63036859e+00
1.63192475e+00
1.62573230e+00
1.60891759e+00
1.60887599e+00
1.62493038e+00
1.61966681e+00
1.60657871e+00
1.61737454e+00
1.62242770e+00
1.62282932e+00
1.62662673e+00
1.59667921e+00
1.58647394e+00
1.61864543e+00
1.62526178e+00
1.60860467e+00
1.60081065e+00
1.60435772e+00
1.59073412e+00
1.61242211e+00
1.61176312e+00
1.57869637e+00
1.59219480e+00
1.58804917e+00
1.58060336e+00
1.59942663e+00
1.59751213e+00
1.57925737e+00
1.56743562e+00
1.60521448e+00
1.60044551e+00
1.58823562e+00
1.57951772e+00
1.57608485e+00
1.58207643e+00
1.56430113e+00
1.57870066e+00
1.57596421e+00
1.57841516e+00
1.56941378e+00
1.56254709e+00
1.58191442e+00
1.57608342e+00
1.56984389e+00
1.56337082e+00
1.55735207e+00
1.57272589e+00
1.58423126e+00
1.57678318e+00
1.54670954e+00
1.55992877e+00
1.56121659e+00
1.55981398e+00
1.56193590e+00
1.55836725e+00
1.55146873e+00
1.55266380e+00
1.57154894e+00
1.56793535e+00
1.56165230e+00
1.54785502e+00
1.56012833e+00
1.53400433e+00
1.52899170e+00
1.53756440e+00
1.55035472e+00
1.54619861e+00
1.54039705e+00
1.53436220e+00
1.52939129e+00
1.53371561e+00
1.53822076e+00
1.54913616e+00
1.54722035e+00
1.53436399e+00
1.54235780e+00
1.51930153e+00
1.53215599e+00
1.52316844e+00
1.52898800e+00
1.53614080e+00
1.53883481e+00
1.53391433e+00
1.53505027e+00
1.48946774e+00
1.51099718e+00
1.50984848e+00
1.51097214e+00
1.51705992e+00
1.51650441e+00
1.49956298e+00
1.51028681e+00
1.53216720e+00
1.53480554e+00
1.52019131e+00
1.51662886e+00
1.51428080e+00
1.50504577e+00
1.51363516e+00
1.52241755e+00
1.51792860e+00
1.51286447e+00
1.50439572e+00
1.51583350e+00
1.52385306e+00
1.50470018e+00
1.48311579e+00
1.48758054e+00
1.47887492e+00
1.48320782e+00
1.46623337e+00
1.48635900e+00
1.49734867e+00
1.47830188e+00
1.48627532e+00
1.49848187e+00
1.49741721e+00
1.48165727e+00
1.48554265e+00
1.47805893e+00
1.47725713e+00
1.47823417e+00
1.49227679e+00
1.48672020e+00
1.49052441e+00
1.48567986e+00
1.47605085e+00
1.49224377e+00
1.46644163e+00
1.45638537e+00
1.46268475e+00
1.45697379e+00
1.45216525e+00
1.45027947e+00
1.46321511e+00
1.48319936e+00
1.46953142e+00
1.46049106e+00
1.45845413e+00
1.46956420e+00
1.46683741e+00
1.46023786e+00
1.46250474e+00
1.45269108e+00
1.46471143e+00
1.45966697e+00
1.46011460e+00
1.45758104e+00
1.44054449e+00
1.43052936e+00
1.45515406e+00
1.45084310e+00
1.44310415e+00
1.45047569e+00
1.43916321e+00
1.43955338e+00
1.45552838e+00
1.44552958e+00
1.44288456e+00
1.43030858e+00
1.45050871e+00
1.44375026e+00
1.43123710e+00
1.44258189e+00
1.43760467e+00
1.44367564e+00
1.44840610e+00
1.43333197e+00
1.43175519e+00
1.43280065e+00
1.45276678e+00
1.45031393e+00
1.42676640e+00
1.43079376e+00
1.39585125e+00
1.39694488e+00
1.52786624e+00
1.33539486e+00
1.16800284e+00
1.47513795e+00
1.56612349e+00
1.42788327e+00
1.41706121e+00
1.42017770e+00
1.41920388e+00
1.41466808e+00
1.43172073e+00
1.41709542e+00
1.42172778e+00
1.41009247e+00
1.40736783e+00
1.44045126e+00
1.43126905e+00
1.42032254e+00
1.39483321e+00
1.40144742e+00
1.40031326e+00
1.38718843e+00
1.40059674e+00
1.42171669e+00
1.39638698e+00
1.40050030e+00
1.41315925e+00
1.40739131e+00
1.39527524e+00
1.39423430e+00
1.39252555e+00
1.40000892e+00
1.39848530e+00
1.38715529e+00
1.38490343e+00
1.38371217e+00
1.39280427e+00
1.38997638e+00
1.37826419e+00
1.38927352e+00
1.37145293e+00
1.37692785e+00
1.37068486e+00
1.37320662e+00
1.37470150e+00
1.38389742e+00
1.37935150e+00
1.38955331e+00
1.37608743e+00
1.37071955e+00
1.39342570e+00
1.37500167e+00
1.35830748e+00
1.37390161e+00
1.38387549e+00
1.35119641e+00
1.32945120e+00
1.35260475e+00
1.38040209e+00
1.37260187e+00
1.35942280e+00
1.36380899e+00
1.35444212e+00
1.35396516e+00
1.37055576e+00
1.35979402e+00
1.34190500e+00
1.35088861e+00
1.35380256e+00
1.36000133e+00
1.36957943e+00
1.36163056e+00
1.35631728e+00
1.36075854e+00
1.35117388e+00
1.35548544e+00
1.34773338e+00
1.33587837e+00
1.35236084e+00
1.34744394e+00
1.34289455e+00
1.34226668e+00
1.33020532e+00
1.34479630e+00
1.33702385e+00
1.32545280e+00
1.35294306e+00
1.33290398e+00
1.32852685e+00
1.33420396e+00
1.32191741e+00
1.33222878e+00
1.33463979e+00
1.33436465e+00
1.33625245e+00
1.31400669e+00
1.32498634e+00
1.32374084e+00
1.32551742e+00
1.32720280e+00
1.31903088e+00
1.33063257e+00
1.33025825e+00
1.31582355e+00
1.32529914e+00
1.33742285e+00
1.32390237e+00
1.33018410e+00
1.32351482e+00
1.31830168e+00
1.32638717e+00
1.30661178e+00
1.30082762e+00
1.31027961e+00
1.29937971e+00
1.29384923e+00
1.31462848e+00
1.31753087e+00
1.29744279e+00
1.31144392e+00
1.31737506e+00
1.28772092e+00
1.31495607e+00
1.31568754e+00
1.29865336e+00
1.28729844e+00
1.28857696e+00
1.30514729e+00
1.31031466e+00
1.29162109e+00
1.27636659e+00
1.27268362e+00
1.29803348e+00
1.28832865e+00
1.27988803e+00
1.27820230e+00
1.28426158e+00
1.30009139e+00
1.27643406e+00
1.27901924e+00
1.27729583e+00
1.27147663e+00
1.26686335e+00
1.28834927e+00
1.28067291e+00
1.28600550e+00
1.28244805e+00
1.24844527e+00
1.28030086e+00
1.27058721e+00
1.27055550e+00
1.27982783e+00
1.27371573e+00
1.28157878e+00
1.28762782e+00
1.27715099e+00
1.28784204e+00
1.27753210e+00
1.27186978e+00
1.26734304e+00
1.26168311e+00
1.28513873e+00
1.27545774e+00
1.26081920e+00
1.26945305e+00
1.25896001e+00
1.25718701e+00
1.25115144e+00
1.24898291e+00
1.24867165e+00
1.25740445e+00
1.26082039e+00
1.26244712e+00
1.25374329e+00
1.25062060e+00
1.24954569e+00
1.25412023e+00
1.26350951e+00
1.23495233e+00
1.24009192e+00
1.24666142e+00
1.25277293e+00
1.25375378e+00
1.24911046e+00
1.24661469e+00
1.22965276e+00
1.22066462e+00
1.23413146e+00
1.24013305e+00
1.25488734e+00
1.23481834e+00
1.22355485e+00
1.23528063e+00
1.23574901e+00
1.22967255e+00
1.24152470e+00
1.22868097e+00
1.22738612e+00
1.24039972e+00
1.22855353e+00
1.21910036e+00
1.21586752e+00
1.22715473e+00
1.21529281e+00
1.23392785e+00
1.22418702e+00
1.22440159e+00
1.22185993e+00
1.22193682e+00
1.22871995e+00
1.20845342e+00
1.22283196e+00
1.23498392e+00
1.23671436e+00
1.21210992e+00
1.21804380e+00
1.21144629e+00
1.20626605e+00
1.21603513e+00
1.20869112e+00
1.18899143e+00
1.20470858e+00
1.20526564e+00
1.19046962e+00
1.20292246e+00
1.19765139e+00
1.20646119e+00
1.19283009e+00
1.21183741e+00
1.21156359e+00
1.19735837e+00
1.20519316e+00
1.18905365e+00
1.19195247e+00
1.19293272e+00
1.20383942e+00
1.18014073e+00
1.19787526e+00
1.15818930e+00
1.13708210e+00
1.18549502e+00
1.20190275e+00
1.16382575e+00
1.15168631e+00
1.17667854e+00
1.17801750e+00
1.17970383e+00
1.19064927e+00
1.20190871e+00
1.20275664e+00
1.17990267e+00
1.18199289e+00
1.18726480e+00
1.18249965e+00
1.18664873e+00
1.18154967e+00
1.17601979e+00
1.18511426e+00
1.16853309e+00
1.17849338e+00
1.17466784e+00
1.16469204e+00
1.15805507e+00
1.16642678e+00
1.15650761e+00
1.15838218e+00
1.17914796e+00
1.17755580e+00
1.17481446e+00
1.15714705e+00
1.16636550e+00
1.16150451e+00
1.14207983e+00
1.16879463e+00
1.15208423e+00
1.15567207e+00
1.15732682e+00
1.13957798e+00
1.15511894e+00
1.15392327e+00
1.16225207e+00
1.14496028e+00
1.15151274e+00
1.17233598e+00
1.16450870e+00
1.14219904e+00
1.14489985e+00
1.15962172e+00
1.14598238e+00
1.15079486e+00
1.14866507e+00
1.16266847e+00
1.15122080e+00
1.15957129e+00
1.15953779e+00
1.14684629e+00
1.13771915e+00
1.14516485e+00
1.15292716e+00
1.14517033e+00
1.14426029e+00
1.13560009e+00
1.13914192e+00
1.12524605e+00
1.12450361e+00
1.13196862e+00
1.12806594e+00
1.12922657e+00
1.13138759e+00
1.13715887e+00
1.12437129e+00
1.11746252e+00
1.12149298e+00
1.13765192e+00
1.11780405e+00
1.12090492e+00
1.12788367e+00
1.13355315e+00
1.11697841e+00
1.11668837e+00
1.11545134e+00
1.14249003e+00
1.12643886e+00
1.11888790e+00
1.13722718e+00
1.12229145e+00
1.10625434e+00
1.11808407e+00
1.12605202e+00
1.11950028e+00
1.12387061e+00
1.13040888e+00
1.12453413e+00
1.12305522e+00
1.10510111e+00
1.10730970e+00
1.11412048e+00
1.10799396e+00
1.10582972e+00
1.11571813e+00
1.11191773e+00
1.10270452e+00
1.10885489e+00
1.09777558e+00
1.10330677e+00
1.11157870e+00
1.11670768e+00
1.09169495e+00
1.10927010e+00
1.10416687e+00
1.10327685e+00
1.08781350e+00
1.08528960e+00
1.09879315e+00
1.10567307e+00
1.09803581e+00
1.09533083e+00
1.09200704e+00
1.08500600e+00
1.11150110e+00
1.10816407e+00
1.09500098e+00
1.08469093e+00
1.10023749e+00
1.08980250e+00
1.09579647e+00
1.08991981e+00
1.07386744e+00
1.08133090e+00
1.07580411e+00
1.05835938e+00
1.08255041e+00
1.09485018e+00
1.08541286e+00
1.06337881e+00
1.08138764e+00
1.07732987e+00
1.07474947e+00
1.08500171e+00
1.08311224e+00
1.06827772e+00
1.06970191e+00
1.07476449e+00
1.08216381e+00
1.06955540e+00
1.06702054e+00
1.07164192e+00
1.06489372e+00
1.07753778e+00
1.06973708e+00
1.06497014e+00
1.06150377e+00
1.06338120e+00
1.07266104e+00
1.06396937e+00
1.05905271e+00
1.06914389e+00
1.05042946e+00
1.05733311e+00
1.07275999e+00
1.04853201e+00
1.06945503e+00
1.04958177e+00
1.04559672e+00
1.06174433e+00
1.06292582e+00
1.05513561e+00
1.04342198e+00
1.03759623e+00
1.05236781e+00
1.05882287e+00
1.04713988e+00
1.05615079e+00
1.03982353e+00
1.04179776e+00
1.05120516e+00
1.04817045e+00
1.04529881e+00
1.06588793e+00
1.04118264e+00
1.04002130e+00
1.04761815e+00
1.05070937e+00
1.05122626e+00
1.03038573e+00
1.03535962e+00
1.03611398e+00
1.04129815e+00
1.03652620e+00
1.01487517e+00
1.02352560e+00
1.02827740e+00
1.00000000e+00
1.02425253e+00
1.03652620e+00
1.02143109e+00
1.02237439e+00
1.01981258e+00
1.02602756e+00
1.02541304e+00
1.02056563e+00
1.03192997e+00
1.02104819e+00
1.01333046e+00
1.00795019e+00
1.01553929e+00
1.02952886e+00
1.02338850e+00
1.01856458e+00
1.00635409e+00
1.01243746e+00
1.01740026e+00
1.02228141e+00
1.01123929e+00
1.03288698e+00
1.02715957e+00
1.01013041e+00
1.01291466e+00
1.01275456e+00
1.02426398e+00
1.02243316e+00
1.01799679e+00
1.01496947e+00
1.00359643e+00
1.00899422e+00
1.01074803e+00
1.00104475e+00
9.88800466e-01
1.00536859e+00
9.94998217e-01
9.87318218e-01
1.00823760e+00
1.02583134e+00
1.01558661e+00
9.88853097e-01
9.99277711e-01
9.99773741e-01
1.00073767e+00
1.01043105e+00
9.93503809e-01
9.90941584e-01
9.89392221e-01
1.00068426e+00
9.92335320e-01
1.00034630e+00
9.84124660e-01
9.82449830e-01
9.92388427e-01
9.97595131e-01
9.92691994e-01
9.90307808e-01
9.98524368e-01
9.98787701e-01
9.99238849e-01
9.81801987e-01
9.87322688e-01
9.86732066e-01
9.89084959e-01
9.85441327e-01
9.80802178e-01
9.83552694e-01
9.66879547e-01
9.58347142e-01
9.80091453e-01
9.79494274e-01
9.80231345e-01
9.88005221e-01
9.65875983e-01
9.69847918e-01
9.71288741e-01
9.71112549e-01
9.70655560e-01
9.70187545e-01
9.79581356e-01
9.65003967e-01
9.66270328e-01
9.60206926e-01
9.61999118e-01
9.64046061e-01
9.77626920e-01
9.92627144e-01
9.87039447e-01
9.77745533e-01
9.77126002e-01
9.72449780e-01
9.75066602e-01
9.76124465e-01
9.52647388e-01
9.60614324e-01
9.56873477e-01
9.41852748e-01
1.05812442e+00
9.94544089e-01
7.87595391e-01
8.95814538e-01
1.07862937e+00
1.07841671e+00
9.67427373e-01
8.98865759e-01
8.93014908e-01
9.10688162e-01
9.56129074e-01
9.45354104e-01
9.38825071e-01
9.45836365e-01
9.35066044e-01
9.45500672e-01
9.42998767e-01
9.41081345e-01
9.27820325e-01
9.34504628e-01
9.48302209e-01
9.39988375e-01
9.37603652e-01
9.28461611e-01
9.29303586e-01
9.30042922e-01
9.35429335e-01
9.40332234e-01
9.39949274e-01
9.29398239e-01
9.35854554e-01
9.47913349e-01
9.38903511e-01
9.36943650e-01
9.25982893e-01
9.22284245e-01
9.10534382e-01
9.28038418e-01
9.21661496e-01
9.22393382e-01
9.24599051e-01
9.28405166e-01
9.10410106e-01
8.93083274e-01
9.10870850e-01
9.21488822e-01
9.07105625e-01
9.17068124e-01
9.10363793e-01
9.20897841e-01
9.14129555e-01
9.20380890e-01
9.11846280e-01
9.10490572e-01
9.16416705e-01
9.13742244e-01
9.08978879e-01
8.88491750e-01
9.00312722e-01
9.04447317e-01
9.07907367e-01
8.96415174e-01
8.83740842e-01
8.95222068e-01
9.06907499e-01
9.03162837e-01
8.99724841e-01
9.04565096e-01
8.91862273e-01
8.90550077e-01
8.94259155e-01
8.85139585e-01
8.71386588e-01
8.90541494e-01
8.84931326e-01
8.67504179e-01
8.84033740e-01
9.01115716e-01
8.84860873e-01
8.92029107e-01
8.74661803e-01
8.73368084e-01
8.83872569e-01
8.72813523e-01
8.62918079e-01
8.63159776e-01
8.70402813e-01
8.73615563e-01
8.70444894e-01
8.67766321e-01
8.55470419e-01
8.67183208e-01
8.78333449e-01
8.65361333e-01
8.65158439e-01
8.61988842e-01
8.70315492e-01
8.54263961e-01
8.59729946e-01
8.62978399e-01
8.68850768e-01
8.48776937e-01
8.50287557e-01
8.55198085e-01
8.43206346e-01
8.45386147e-01
8.34961355e-01
8.41537297e-01
8.52312386e-01
8.28672230e-01
8.38710666e-01
8.37036729e-01
8.25968623e-01
8.35176826e-01
8.33653688e-01
8.32014203e-01
8.17187965e-01
8.20064604e-01
8.19901288e-01
8.10865343e-01
8.16047490e-01
8.02551270e-01
8.03926349e-01
8.09925258e-01
8.08182478e-01
7.96575844e-01
7.89491713e-01
7.86006749e-01
7.96037555e-01
8.02063286e-01
7.96056211e-01
7.81648099e-01
7.83631563e-01
7.92601764e-01
7.65375555e-01
7.65471816e-01
7.66245246e-01
7.66173899e-01
7.73177743e-01
7.43303537e-01
7.58365571e-01
7.61931598e-01
7.56255150e-01
7.60795653e-01
7.41902471e-01
7.46926069e-01
7.23168731e-01
7.25181162e-01
7.48066545e-01
7.27302790e-01
7.11362898e-01
7.09324241e-01
7.02617049e-01
7.07836330e-01
6.99420929e-01
6.81657851e-01
6.86612129e-01
6.69119477e-01
6.69977784e-01
6.72296166e-01
6.55846775e-01
6.45561874e-01
6.35597229e-01
6.26970649e-01
6.13069177e-01
6.13531590e-01
6.17119610e-01
5.95292568e-01
5.99581361e-01
5.92417419e-01
5.72831690e-01
5.59405923e-01
5.53407192e-01
5.43477297e-01
5.19849122e-01
4.89056349e-01
4.61967438e-01
4.48044658e-01
4.32768941e-01
4.34661806e-01
4.93502647e-01
5.15871882e-01
5.21509588e-01
5.41541278e-01
5.57619929e-01
5.62982202e-01
5.77273190e-01
5.87572157e-01
5.86462438e-01
6.11288667e-01
6.11868203e-01
6.05961919e-01
6.19776189e-01
6.11295462e-01
6.28413439e-01
6.42050505e-01
6.56552374e-01
6.56401336e-01
6.73966050e-01
6.81630492e-01
6.66687787e-01
6.67891502e-01
6.67981863e-01
6.85428500e-01
6.91226542e-01
6.85084760e-01
6.80516243e-01
6.98142707e-01
7.08300412e-01
6.91266418e-01
7.02295303e-01
7.05296397e-01
7.11934388e-01
7.12246835e-01
7.02710748e-01
7.30132878e-01
7.18928039e-01
7.16150403e-01
7.19034135e-01
7.22621143e-01
7.32899725e-01
7.23003745e-01
7.33009338e-01
7.39275277e-01
7.28190482e-01
7.34684646e-01
7.54154027e-01
7.34475076e-01
7.27729499e-01
7.43040442e-01
7.46725261e-01
7.51870751e-01
7.53747642e-01
7.54955888e-01
7.55802751e-01
7.45891035e-01
7.52429783e-01
7.52704561e-01
7.51979649e-01
7.64747202e-01
7.60529935e-01
7.67558217e-01
7.50792384e-01
7.48558879e-01
7.54294276e-01
7.64436960e-01
7.66050637e-01
7.56604731e-01
7.51541436e-01
7.59162784e-01
7.50995636e-01
7.60808587e-01
7.56457984e-01
7.60560095e-01
7.64197886e-01
7.62106061e-01
7.74562597e-01
7.74715960e-01
7.71893442e-01
7.76957333e-01
7.69815326e-01
7.62814760e-01
7.61860073e-01
7.69518495e-01
7.56831467e-01
7.57108629e-01
7.66752422e-01
7.57176876e-01
7.62263596e-01
7.63943553e-01
7.57650733e-01
7.75761425e-01
7.57386684e-01
7.59097934e-01
7.62927890e-01
7.56772459e-01
7.63972521e-01
7.60591745e-01
7.62317777e-01
7.68401802e-01
7.65759408e-01
7.62821794e-01
7.55221784e-01
7.53801823e-01
7.65810072e-01
7.63715148e-01
7.57562697e-01
7.48838246e-01
7.54482508e-01
7.60726511e-01
7.49476671e-01
7.52083182e-01
7.57302880e-01
7.56106436e-01
7.61926174e-01
7.61114001e-01
7.64141440e-01
7.63048828e-01
7.59202361e-01
7.44744778e-01
7.52947330e-01
7.65080631e-01
7.51394033e-01
7.54942000e-01
7.63088226e-01
7.57944286e-01
7.47419298e-01
7.46332228e-01
7.54490554e-01
7.52185524e-01
7.48308063e-01
7.45906115e-01
7.51286983e-01
7.53652155e-01
7.51707077e-01
7.46928871e-01
7.56291926e-01
7.47950971e-01
7.48892248e-01
7.49869347e-01
7.49081135e-01
7.53054202e-01
7.56995380e-01
7.50750184e-01
7.41540253e-01
7.37708151e-01
7.36501336e-01
7.35519528e-01
7.40900934e-01
7.46097863e-01
7.40284622e-01
7.43149698e-01
7.39526093e-01
7.35803962e-01
7.38877118e-01
7.47216463e-01
7.46950090e-01
7.40295053e-01
7.51454115e-01
7.42192745e-01
7.30167031e-01
7.36555994e-01
7.36720085e-01
7.39392638e-01
7.35188425e-01
7.34550357e-01
7.33138084e-01
7.32470751e-01
7.38212049e-01
7.23848403e-01
7.32558370e-01
7.30433822e-01
7.13510096e-01
7.30208039e-01
7.34105706e-01
7.40661442e-01
7.26069808e-01
7.27956951e-01
7.28301764e-01
7.35109806e-01
7.23959684e-01
7.16237366e-01
7.19201207e-01
7.30030060e-01
7.21925199e-01
7.25875199e-01
7.33053446e-01
7.17786908e-01
7.20583797e-01
7.15463817e-01
7.18890607e-01
7.24768281e-01
7.13179648e-01
7.26471305e-01
7.15530157e-01
7.23920643e-01
7.28772879e-01
7.12304711e-01
7.14340150e-01
7.21004009e-01
7.28404582e-01
7.30306268e-01
7.28575826e-01
7.21808374e-01
7.27068424e-01
7.12870240e-01
7.15990067e-01
7.21436322e-01
7.20446229e-01
7.14501381e-01
7.06881166e-01
7.08347797e-01
7.11106420e-01
7.15894878e-01
7.18257904e-01
7.17379868e-01
7.19373643e-01
7.10665762e-01
7.03400612e-01
7.14022458e-01
7.22316504e-01
7.02352941e-01
6.96008861e-01
7.08194375e-01
7.27669179e-01
7.06928194e-01
6.98790848e-01
7.09062517e-01
7.02652454e-01
6.98687017e-01
6.97461665e-01
7.08180487e-01
7.17203379e-01
7.05464244e-01
7.01004922e-01
7.03316808e-01
7.00344861e-01
7.05462575e-01
7.04242826e-01
6.96898520e-01
6.93143964e-01
6.96286321e-01
7.00714946e-01
6.96523368e-01
7.01945603e-01
6.89593792e-01
6.84426129e-01
7.07453430e-01
7.00163484e-01
6.95478857e-01
6.85246289e-01
6.91876888e-01
7.08649099e-01
6.89133286e-01
7.00842023e-01
7.07636237e-01
6.95172608e-01
6.79750144e-01
6.92822158e-01
6.89758480e-01
6.81743860e-01
6.91323340e-01
6.95541322e-01
6.94035649e-01
6.88093722e-01
6.79114461e-01
6.93674743e-01
6.87327623e-01
6.86619878e-01
6.87500536e-01
6.88600898e-01
6.80835128e-01
6.79736197e-01
6.78237379e-01
6.79078579e-01
6.80225551e-01
6.70356750e-01
6.83908701e-01
6.81375861e-01
6.75166130e-01
6.81009829e-01
6.83811605e-01
6.81779861e-01
6.76646769e-01
6.72784388e-01
6.79298818e-01
6.88581049e-01
6.82856858e-01
6.71187997e-01
6.70635283e-01
6.65923476e-01
6.76449776e-01
6.75627291e-01
6.67077959e-01
6.74272418e-01
6.66710258e-01
6.63766801e-01
6.71605229e-01
6.72976971e-01
6.68039560e-01
6.77164972e-01
6.70692682e-01
6.70096934e-01
6.72586143e-01
6.61645532e-01
6.63088620e-01
6.67324662e-01
6.58701599e-01
6.65129781e-01
6.60410881e-01
6.59513056e-01
6.69590592e-01
6.69334590e-01
6.61156178e-01
6.68353379e-01
6.62832737e-01
6.57483518e-01
6.59330487e-01
6.62831008e-01
6.60476983e-01
6.59254611e-01
6.61927104e-01
6.46401465e-01
6.52476251e-01
6.53773606e-01
6.56071782e-01
6.48749352e-01
6.48056448e-01
6.57636583e-01
6.48092091e-01
6.51752234e-01
6.52741671e-01
6.46479249e-01
6.52141333e-01
6.51782513e-01
6.44626141e-01
6.52831137e-01
6.53463364e-01
6.58293366e-01
6.61850333e-01
6.46655917e-01
6.50845766e-01
6.52339280e-01
6.49345219e-01
6.45360351e-01
6.49202645e-01
6.41359150e-01
6.38172328e-01
6.45937800e-01
6.43392980e-01
6.45355403e-01
6.44489169e-01
6.48272336e-01
6.46384418e-01
6.38112545e-01
6.44723594e-01
6.42757595e-01
6.48760200e-01
6.42047405e-01
6.37517333e-01
6.41468942e-01
6.39973342e-01
6.28190279e-01
6.37845755e-01
6.45587623e-01
6.32262230e-01
6.42558694e-01
6.41990840e-01
6.33352220e-01
6.27963543e-01
6.38566196e-01
6.36588991e-01
6.28317535e-01
6.27125323e-01
6.30407095e-01
6.31769657e-01
6.29364073e-01
6.26802146e-01
6.35382235e-01
6.29322767e-01
6.28376961e-01
6.40993237e-01
6.22537196e-01
6.17448986e-01
6.36124492e-01
6.32081389e-01
6.20655358e-01
6.22489154e-01
6.25447333e-01
6.24102652e-01
6.26641929e-01
6.18392050e-01
6.17828131e-01
6.18341148e-01
6.15525544e-01
6.25864089e-01
6.21207416e-01
6.23620272e-01
6.20701969e-01
6.21041954e-01
6.15347326e-01
6.21480048e-01
6.28934622e-01
6.15737557e-01
6.21705472e-01
6.19001150e-01
6.20775163e-01
6.24756813e-01
6.22238457e-01
6.23313963e-01
6.14557326e-01
6.16122365e-01
6.19661868e-01
6.11460149e-01
6.12250805e-01
6.22949719e-01
6.17868066e-01
6.01418138e-01
6.10111892e-01
6.07811034e-01
6.02490962e-01
6.06966615e-01
6.14528060e-01
6.19545341e-01
6.00010991e-01
6.13836706e-01
6.30372882e-01
6.13237739e-01
6.04741156e-01
6.13287210e-01
6.04575872e-01
6.01676583e-01
6.09108031e-01
6.04766250e-01
6.04883075e-01
6.06543779e-01
6.09143555e-01
6.02948248e-01
5.98776221e-01
5.94143927e-01
5.97437561e-01
6.02315843e-01
5.99218428e-01
5.98976672e-01
6.04587257e-01
6.05161428e-01
6.10186458e-01
5.99593222e-01
5.98736644e-01
5.99568129e-01
6.01760924e-01
5.77124953e-01
5.96044123e-01
6.03275120e-01
5.96788585e-01
5.84647357e-01
6.03199363e-01
5.95942855e-01
5.93597949e-01
5.94354272e-01
5.86822808e-01
5.84515929e-01
5.81901431e-01
5.98370433e-01
6.01688802e-01
5.89977145e-01
5.85548878e-01
5.91930866e-01
5.87992132e-01
5.87114811e-01
5.87215543e-01
5.86572528e-01
5.91757774e-01
5.90510190e-01
5.92593849e-01
5.92368662e-01
5.89901865e-01
5.73027492e-01
5.76669931e-01
5.80923796e-01
5.83788753e-01
5.87095022e-01
5.95616817e-01
5.83749831e-01
5.59060812e-01
5.72585404e-01
5.85835457e-01
5.76779902e-01
5.86065292e-01
5.90587795e-01
5.77317655e-01
5.72568238e-01
5.77339709e-01
5.80103576e-01
5.72083592e-01
5.77123642e-01
5.71687579e-01
5.75825393e-01
5.72636306e-01
5.83962440e-01
5.94328463e-01
5.83268881e-01
5.66782415e-01
5.69579959e-01
5.81766844e-01
5.73376477e-01
5.70351422e-01
5.76562405e-01
5.73241591e-01
5.73975444e-01
5.71099520e-01
5.66189289e-01
5.72072923e-01
5.75921774e-01
5.75118423e-01
5.69690645e-01
5.67371607e-01
5.65991700e-01
5.71705699e-01
5.59838653e-01
5.47036827e-01
5.69967508e-01
5.70696414e-01
5.69161534e-01
5.67633390e-01
5.65847456e-01
5.74644089e-01
5.59233487e-01
5.66288829e-01
5.72428346e-01
5.59779048e-01
5.59747219e-01
5.60954630e-01
5.61580837e-01
5.50599575e-01
5.56311131e-01
5.64444423e-01
5.55007219e-01
5.56796551e-01
5.61971009e-01
5.41282117e-01
5.57230055e-01
5.60111880e-01
5.53639114e-01
5.47260761e-01
5.61965346e-01
5.54882467e-01
5.55071414e-01
5.52255571e-01
5.50749063e-01
5.55975556e-01
5.56112945e-01
5.53575695e-01
5.41774094e-01
5.43988228e-01
5.50211906e-01
5.42047381e-01
5.45574605e-01
5.48366010e-01
5.46670020e-01
5.48712611e-01
5.31683087e-01
5.46937704e-01
5.51711082e-01
5.29870033e-01
5.53700984e-01
5.46496093e-01
5.39046049e-01
5.42177975e-01
5.46915472e-01
5.46981275e-01
5.46526968e-01
5.57688057e-01
5.50296366e-01
5.44018745e-01
5.42324007e-01
5.35669088e-01
5.37373781e-01
5.45154810e-01
5.39305151e-01
5.41300833e-01
5.39072454e-01
5.43186486e-01
5.49464881e-01
5.48464954e-01
5.41402996e-01
5.36357701e-01
5.35999179e-01
5.36695600e-01
5.29866755e-01
5.23092031e-01
5.44634998e-01
5.35730660e-01
5.41036725e-01
5.44863224e-01
5.30233741e-01
5.23480415e-01
5.29275715e-01
5.32888055e-01
5.50263762e-01
5.27349889e-01
5.32209516e-01
5.39794505e-01
5.27389705e-01
5.27408481e-01
5.20062208e-01
5.31949341e-01
5.42250931e-01
5.28368652e-01
5.29411316e-01
5.23994505e-01
5.19576788e-01
5.31609952e-01
5.26898682e-01
5.28153121e-01
5.30852556e-01
5.33637583e-01
5.27195871e-01
5.20511329e-01
5.25480807e-01
5.21688402e-01
5.28680086e-01
5.15941679e-01
5.24355531e-01
5.34849584e-01
5.27217567e-01
5.27527034e-01
5.24212301e-01
5.21306872e-01
5.15890419e-01
5.24342716e-01
5.22228420e-01
5.02416551e-01
4.91207898e-01
5.24571002e-01
4.99328822e-01
4.81372058e-01
5.17734289e-01
4.99595612e-01
4.95201558e-01
5.26658475e-01
5.06202340e-01
4.96250153e-01
5.06684005e-01
5.13207197e-01
5.21178305e-01
5.08839726e-01
5.16076565e-01
5.12594044e-01
5.22225976e-01
5.12177527e-01
5.11708736e-01
5.20472467e-01
4.95019317e-01
4.93023902e-01
4.98192638e-01
5.12364805e-01
4.99058753e-01
5.08795083e-01
5.19677520e-01
5.01233995e-01
5.11315882e-01
4.97602552e-01
5.03348112e-01
5.22889018e-01
5.12503207e-01
4.97202009e-01
5.11061192e-01
5.10121942e-01
5.02307773e-01
5.13106048e-01
5.18053472e-01
5.13852894e-01
5.01862824e-01
5.00637889e-01
5.04312217e-01
5.11957586e-01
5.08826435e-01
5.00252187e-01
5.05434930e-01
4.97141212e-01
4.98199314e-01
5.06978095e-01
5.06685257e-01
4.97150064e-01
4.99746710e-01
5.06713390e-01
5.05649865e-01
5.04261792e-01
4.98308301e-01
4.98547316e-01
5.07930577e-01
4.96208221e-01
4.95569259e-01
4.99917537e-01
5.07209361e-01
4.85368580e-01
4.85461473e-01
4.95381087e-01
4.85809892e-01
4.84633565e-01
4.87490684e-01
4.84939933e-01
5.00647426e-01
4.90522683e-01
4.93778080e-01
4.94239837e-01
4.96456027e-01
5.01795173e-01
4.99957889e-01
4.85277027e-01
4.86334383e-01
4.95800465e-01
4.91018981e-01
4.82734591e-01
4.84873772e-01
4.92922932e-01
4.88555014e-01
4.80337769e-01
4.98011917e-01
5.37271321e-01
5.44514477e-01
5.06827354e-01
4.85404164e-01
4.84401703e-01
4.92748201e-01
4.92717206e-01
4.87521470e-01
4.88554090e-01
4.83252734e-01
4.81016934e-01
4.85015571e-01
4.81984288e-01
4.86149222e-01
4.90575820e-01
4.68610615e-01
4.70726907e-01
4.94076937e-01
4.91711885e-01
4.80376631e-01
4.75322723e-01
4.82142299e-01
4.88941401e-01
4.37875271e-01
4.48168427e-01
5.01790166e-01
4.87816244e-01
4.79218572e-01
4.79625642e-01
4.75022823e-01
4.70251262e-01
4.75837797e-01
4.78203475e-01
4.82604682e-01
4.79868442e-01
4.71455246e-01
4.77899224e-01
4.74887043e-01
4.59859252e-01
4.65205520e-01
4.89545912e-01
4.81636018e-01
4.77024853e-01
4.72480744e-01
4.72945333e-01
4.80212599e-01
4.69418436e-01
4.62229431e-01
4.62033898e-01
4.57929850e-01
4.65532243e-01
4.78524208e-01
4.68032360e-01
4.64759648e-01
4.65206176e-01
4.74009573e-01
4.81536776e-01
4.82847571e-01
4.71554309e-01
4.62608248e-01
4.61470008e-01
4.68418390e-01
4.61951554e-01
4.58800286e-01
4.74931568e-01
4.72131491e-01
4.58492517e-01
4.74013090e-01
4.70467895e-01
4.63325620e-01
4.60784495e-01
4.50911582e-01
4.55968469e-01
4.62721020e-01
4.62726027e-01
4.67036664e-01
4.55000073e-01
4.35579002e-01
4.36454386e-01
4.47865903e-01
4.63231087e-01
4.62003767e-01
4.59002465e-01
4.57251608e-01
4.46194410e-01
4.49052751e-01
4.61863697e-01
4.52320784e-01
4.32538986e-01
4.47133005e-01
4.63181794e-01
4.44459766e-01
4.58625406e-01
4.55507129e-01
4.56788570e-01
4.60661292e-01
4.45269823e-01
4.57404286e-01
4.69218433e-01
4.59521949e-01
4.50254947e-01
4.42483306e-01
4.49830174e-01
4.54120547e-01
4.43008780e-01
4.48210269e-01
4.51554239e-01
4.47969764e-01
4.48242337e-01
4.34426457e-01
4.43464160e-01
4.55244005e-01
4.51465249e-01
4.47388470e-01
4.52444524e-01
4.36671525e-01
4.58345354e-01
4.93499070e-01
4.93869901e-01
4.78749782e-01
4.46419090e-01
4.42612618e-01
4.51075047e-01
4.44896489e-01
4.34962183e-01
4.45828199e-01
4.45911735e-01
4.43040133e-01
4.41950798e-01
4.41746503e-01
4.37803894e-01
4.34774101e-01
4.19040084e-01
4.25273299e-01
4.67393458e-01
4.71812159e-01
4.42396253e-01
4.38908994e-01
4.44138288e-01
4.40819651e-01
4.34169918e-01
4.36290532e-01
4.46139127e-01
4.02948439e-01
3.95016164e-01
4.23808366e-01
4.34199959e-01
4.31467533e-01
4.24204409e-01
4.49399740e-01
4.31865931e-01
4.13916439e-01
4.45528388e-01
4.40634251e-01
4.34823930e-01
4.23221588e-01
4.24368411e-01
4.30962056e-01
4.35547024e-01
4.32016909e-01
4.28214163e-01
4.25358236e-01
4.30149794e-01
4.34734732e-01
4.35309827e-01
4.15098339e-01
4.20067489e-01
4.33630139e-01
4.31957692e-01
4.26564962e-01
4.29658830e-01
4.30448771e-01
4.28016484e-01
4.37297821e-01
4.33004051e-01
4.32416975e-01
4.27041858e-01
4.32406604e-01
4.27599758e-01
4.37048137e-01
4.25989211e-01
4.27901149e-01
4.16333735e-01
4.18777406e-01
4.25347894e-01
4.23421681e-01
4.30106193e-01
4.25212711e-01
4.22971815e-01
4.23299134e-01
4.16212708e-01
4.22556758e-01
4.23566937e-01
4.11593050e-01
4.22650546e-01
4.21164542e-01
4.20774877e-01
4.19506669e-01
4.16319132e-01
4.23126966e-01
4.23619837e-01
4.19960499e-01
4.14344102e-01
4.06697184e-01
4.05572742e-01
4.11187500e-01
4.16651517e-01
4.15667921e-01
4.12209511e-01
4.19689089e-01
4.12123263e-01
4.09482181e-01
4.14403856e-01
4.10499036e-01
4.08079624e-01
4.11753178e-01
4.16435599e-01
4.08375442e-01
4.13847923e-01
4.07646358e-01
4.05939221e-01
4.13921952e-01
4.18010443e-01
4.10621166e-01
4.06884253e-01
4.12336022e-01
4.08720165e-01
4.12705243e-01
4.06356335e-01
4.10133392e-01
4.09150124e-01
4.04307872e-01
4.06759292e-01
4.04043049e-01
4.09417868e-01
4.09225166e-01
4.10127401e-01
4.07704830e-01
4.02636170e-01
4.02500659e-01
4.07297283e-01
4.09769088e-01
4.10779029e-01
4.18048501e-01
4.10023332e-01
4.10040379e-01
3.98811162e-01
4.00837928e-01
4.02712286e-01
4.04007882e-01
4.03474808e-01
4.04873282e-01
4.05178756e-01
4.01810408e-01
4.03811783e-01
3.98603886e-01
3.96546096e-01
4.00826573e-01
3.95901114e-01
3.95804226e-01
3.90434265e-01
3.97007018e-01
4.02622133e-01
3.90688241e-01
3.90667647e-01
4.02746767e-01
3.90585810e-01
3.93648326e-01
3.91895443e-01
4.01323467e-01
4.03724104e-01
3.87193054e-01
3.91455114e-01
3.99406999e-01
3.86235416e-01
3.83137882e-01
3.95353854e-01
3.98886144e-01
3.94562542e-01
3.97750169e-01
3.96166831e-01
4.00050610e-01
4.00125176e-01
3.91691267e-01
3.92141163e-01
4.00542319e-01
3.98626417e-01
3.67296338e-01
3.74145716e-01
4.03934866e-01
3.93236220e-01
3.79869401e-01
3.91540021e-01
3.99278194e-01
3.84922624e-01
4.01372403e-01
3.80378664e-01
3.68655324e-01
3.92387539e-01
3.88510197e-01
3.83162737e-01
3.89229566e-01
3.78093094e-01
3.86591882e-01
3.99078757e-01
3.85899693e-01
3.86330128e-01
3.84564251e-01
3.89769554e-01
3.94943297e-01
3.89061093e-01
3.97147387e-01
3.86817694e-01
3.84874910e-01
3.83961469e-01
3.87854785e-01
3.89919579e-01
3.94104570e-01
3.99611950e-01
3.80004615e-01
3.74338865e-01
4.31880683e-01
3.98054898e-01
3.77866715e-01
3.72481704e-01
3.79777074e-01
3.95674795e-01
3.79523963e-01
3.84345949e-01
3.77262354e-01
3.76084238e-01
3.69921267e-01
3.81930798e-01
3.88282686e-01
3.77609044e-01
3.74519378e-01
3.75961959e-01
3.79119068e-01
3.76739919e-01
3.66552174e-01
3.71897340e-01
3.80223453e-01
3.81293565e-01
3.71579409e-01
3.74850571e-01
3.70484978e-01
3.85182619e-01
3.72558057e-01
3.38412642e-01
3.48259330e-01
4.02361542e-01
3.79520774e-01
3.76006365e-01
3.82045537e-01
3.69914263e-01
3.81458163e-01
3.63906085e-01
3.68586421e-01
3.71074945e-01
3.72611582e-01
3.63942385e-01
3.70452195e-01
3.80179852e-01
3.58712584e-01
3.08213949e-01
3.49145234e-01
4.06380892e-01
3.77007782e-01
3.59444171e-01
3.72478902e-01
3.86388332e-01
3.74573648e-01
3.71208519e-01
3.74549568e-01
3.79836589e-01
3.61758411e-01
3.56880099e-01
3.69987845e-01
3.70112211e-01
3.64564568e-01
3.69698972e-01
3.83819133e-01
3.45074624e-01
3.41573328e-01
3.69988650e-01
3.61981183e-01
3.64913642e-01
3.66285890e-01
3.66737485e-01
3.70227486e-01
3.57456535e-01
3.60461473e-01
3.58648926e-01
3.63242596e-01
3.64944667e-01
3.72693330e-01
3.58958930e-01
3.50167513e-01
3.68281186e-01
3.57948959e-01
3.63010466e-01
3.65889609e-01
3.40522140e-01
3.60244304e-01
3.76040012e-01
3.60669762e-01
3.55485231e-01
3.57849598e-01
3.61655295e-01
3.59670699e-01
3.56409431e-01
3.57733130e-01
3.49025577e-01
3.52967858e-01
3.56102169e-01
3.57590288e-01
3.59444559e-01
3.54486912e-01
3.56261879e-01
3.62060338e-01
3.51201773e-01
3.54149669e-01
3.57961327e-01
3.59326631e-01
3.51949751e-01
3.39188814e-01
3.57792616e-01
3.65395874e-01
3.51600498e-01
3.48784238e-01
3.48665118e-01
3.54812145e-01
3.48644912e-01
3.49927366e-01
3.60371560e-01
3.52653623e-01
3.58975559e-01
3.53778601e-01
3.51378560e-01
3.52894425e-01
3.43574882e-01
3.51336181e-01
3.50896627e-01
3.56083274e-01
3.43161643e-01
3.36428612e-01
3.54582310e-01
3.52126330e-01
3.47655833e-01
3.46828669e-01
3.32467794e-01
3.52684975e-01
3.49393547e-01
3.39034259e-01
3.48185211e-01
3.41627777e-01
3.44550371e-01
3.41920972e-01
3.42671633e-01
3.54445130e-01
3.46743762e-01
3.37913334e-01
3.38205069e-01
3.38586777e-01
3.30122560e-01
3.47135872e-01
3.55690926e-01
3.56382430e-01
3.26697469e-01
3.40842009e-01
3.39366794e-01
3.48544478e-01
3.43579382e-01
3.46696198e-01
3.44109267e-01
3.43435436e-01
3.38313162e-01
3.44151646e-01
3.46084833e-01
3.29342186e-01
3.53994966e-01
3.37150335e-01
3.33050758e-01
3.28729510e-01
3.21783602e-01
3.27061683e-01
3.49791259e-01
3.39587390e-01
3.34370106e-01
3.26555640e-01
3.35723966e-01
3.39927763e-01
3.29640061e-01
3.42050940e-01
3.35724205e-01
3.28991532e-01
3.21447045e-01
3.34916860e-01
3.40345532e-01
3.39849472e-01
3.34870070e-01
3.33317816e-01
3.26841652e-01
3.29460770e-01
3.36958021e-01
3.31738085e-01
3.32314014e-01
3.30351293e-01
3.20330977e-01
3.28914583e-01
3.27184379e-01
3.31587285e-01
3.33100051e-01
3.29475850e-01
3.26079428e-01
3.33843380e-01
3.31003636e-01
3.26275855e-01
3.22564989e-01
3.24665725e-01
3.26985568e-01
3.29009175e-01
3.32551122e-01
3.31830561e-01
3.29071820e-01
3.25586051e-01
3.28762800e-01
3.26291502e-01
3.23903292e-01
3.26025218e-01
3.23453218e-01
2.85867214e-01
3.20198327e-01
3.50201637e-01
3.30832690e-01
2.70587981e-01
3.32938671e-01
3.64599377e-01
3.35731894e-01
3.28406066e-01
2.85437435e-01
3.24332207e-01
3.41940910e-01
3.16789269e-01
3.31002444e-01
3.23576063e-01
3.14147562e-01
3.22569489e-01
3.44454795e-01
3.22907805e-01
3.18563759e-01
3.28573406e-01
3.18174660e-01
3.19477499e-01
3.21148098e-01
3.18273842e-01
3.19527358e-01
3.26517850e-01
3.19186568e-01
3.16698223e-01
3.18735063e-01
3.16969335e-01
3.43412012e-01
3.26072007e-01
2.56428480e-01
3.05611640e-01
3.48434061e-01
3.34752470e-01
2.94356078e-01
2.75592029e-01
2.97633559e-01
3.18621248e-01
3.14553797e-01
3.15777063e-01
3.22930008e-01
3.13335866e-01
3.08793902e-01
3.14833581e-01
3.10875833e-01
3.20855558e-01
3.15557659e-01
3.12104762e-01
3.07526857e-01
3.00727487e-01
2.89549917e-01
2.96846062e-01
3.11516255e-01
3.14379036e-01
3.08133185e-01
3.08849365e-01
3.05618495e-01
3.13072592e-01
3.07378083e-01
3.35763544e-01
3.09590101e-01
3.12025845e-01
3.17835361e-01
3.14024657e-01
3.09232384e-01
3.09770852e-01
2.90942609e-01
2.91947037e-01
3.27768505e-01
3.16218138e-01
3.14172238e-01
3.11900765e-01
3.02799940e-01
3.02631170e-01
3.11057478e-01
2.79615074e-01
3.09476733e-01
3.59902561e-01
3.31147194e-01
3.11793864e-01
3.08288276e-01
3.04567873e-01
2.98384070e-01
3.03271502e-01
2.99643189e-01
3.12028676e-01
3.13365698e-01
2.76887298e-01
3.02055687e-01
3.21697861e-01
3.04004639e-01
2.96348423e-01
3.00401062e-01
3.06146681e-01
2.33698055e-01
2.30835557e-01
3.29645485e-01
3.10340643e-01
2.91511267e-01
2.94158548e-01
2.99407482e-01
3.02943200e-01
2.97066063e-01
2.93799520e-01
2.97140807e-01
2.99289376e-01
2.93773443e-01
3.04428816e-01
2.94509709e-01
2.52154380e-01
2.65972614e-01
2.90559590e-01
3.14941347e-01
3.33957493e-01
3.07852745e-01
2.09509909e-01
2.59249866e-01
