1.72894478e+00
1.74475205e+00
1.58577681e+00
1.57993770e+00
1.52326310e+00
2.62149978e+00
2.34215045e+00
1.52975237e+00
2.10754204e+00
2.80672002e+00
1.97071671e+00
1.92246413e+00
1.76521420e+00
1.53584623e+00
1.53872848e+00
1.62795806e+00
1.48824525e+00
1.53573501e+00
1.77142501e+00
1.40037251e+00
1.44030690e+00
1.35142255e+00
1.84104013e+00
1.55796015e+00
1.46426845e+00
1.44094527e+00
1.39268684e+00
1.62684393e+00
2.38611960e+00
1.64651561e+00
1.78503335e+00
1.32488227e+00
1.38836479e+00
1.49137890e+00
1.49115300e+00
1.29337573e+00
1.26347661e+00
1.29902148e+00
1.57923055e+00
1.44923484e+00
1.43868589e+00
1.24649131e+00
1.32398605e+00
1.46324992e+00
1.32556891e+00
1.44638908e+00
1.49396229e+00
1.36287785e+00
1.28864551e+00
1.52256322e+00
1.32359862e+00
1.61524343e+00
1.46292698e+00
1.70199227e+00
1.79264140e+00
1.44225812e+00
1.35445654e+00
1.37094975e+00
1.56079197e+00
1.29930544e+00
1.34634864e+00
1.39270329e+00
1.49782991e+00
1.39454174e+00
1.38439178e+00
1.49836242e+00
1.47076273e+00
1.45335054e+00
1.37564898e+00
1.48199558e+00
1.37471473e+00
1.39868855e+00
1.28726172e+00
1.68502045e+00
1.69024289e+00
1.77084935e+00
1.57555306e+00
1.33641326e+00
1.26840866e+00
1.24003899e+00
1.31285727e+00
1.32515466e+00
1.56199443e+00
1.22938037e+00
1.79310787e+00
1.43587661e+00
1.26351035e+00
1.48045146e+00
1.41316092e+00
1.31774271e+00
1.24903536e+00
1.23435438e+00
1.20236945e+00
1.36709726e+00
1.07649136e+00
1.04461312e+00
1.09328949e+00
1.14654136e+00
1.37725496e+00
1.05875099e+00
1.28134036e+00
1.20966601e+00
1.16802001e+00
1.04423285e+00
1.13132751e+00
1.21286035e+00
1.96956813e+00
1.22046530e+00
1.19703662e+00
1.02480817e+00
1.31675124e+00
1.07688117e+00
1.06218159e+00
1.45986903e+00
1.18140614e+00
1.16262233e+00
1.18222511e+00
1.17313123e+00
1.33855963e+00
1.38526773e+00
1.34382057e+00
1.20203400e+00
1.33302712e+00
1.42743969e+00
1.40034831e+00
1.17801130e+00
1.26827383e+00
1.22154343e+00
1.53304565e+00
1.32197273e+00
1.26409340e+00
1.35244489e+00
1.38147521e+00
1.12858641e+00
1.31774163e+00
1.24311185e+00
1.22321200e+00
1.20551312e+00
1.44065666e+00
1.41893637e+00
1.22564864e+00
1.28666770e+00
1.20722830e+00
1.15281343e+00
1.37671721e+00
1.40649045e+00
1.25373459e+00
1.22167993e+00
1.24535179e+00
1.52535415e+00
1.17690814e+00
1.24794567e+00
1.47973454e+00
1.16979694e+00
1.31275797e+00
1.18777943e+00
1.16005647e+00
1.21749687e+00
1.24322844e+00
1.47100127e+00
1.14273548e+00
1.45202506e+00
1.26712334e+00
1.35127521e+00
1.30018222e+00
1.16750932e+00
1.17609668e+00
1.20428348e+00
1.25774610e+00
1.36016381e+00
1.20591557e+00
1.13211763e+00
1.25086260e+00
1.17524803e+00
1.04032636e+00
1.17174041e+00
1.11019409e+00
1.09650826e+00
1.19455647e+00
1.13673234e+00
9.97127295e-01
1.24089658e+00
1.14367199e+00
1.08507991e+00
9.52442765e-01
8.97382557e-01
8.82885456e-01
8.58930111e-01
9.04073775e-01
8.49464417e-01
8.80307078e-01
9.18050230e-01
1.02116108e+00
8.80758047e-01
8.87050152e-01
8.65553260e-01
9.16170955e-01
9.53881502e-01
9.57624555e-01
9.23656523e-01
9.21172619e-01
9.30141985e-01
9.86448824e-01
1.39351332e+00
1.25192451e+00
9.75751400e-01
1.10614169e+00
1.43951559e+00
1.19930291e+00
1.44178724e+00
9.99416828e-01
1.05697727e+00
1.18492258e+00
1.07500565e+00
1.19021332e+00
1.04151261e+00
1.17229724e+00
1.24207640e+00
1.21516609e+00
1.52636898e+00
1.23470712e+00
1.17085695e+00
1.13340402e+00
1.13364816e+00
1.16053605e+00
1.07341421e+00
1.10134447e+00
1.31487966e+00
1.30711114e+00
1.71233666e+00
1.31800711e+00
1.17269492e+00
1.42651820e+00
1.43064892e+00
1.24379420e+00
1.25039959e+00
1.28301680e+00
1.27418685e+00
1.40731919e+00
1.42643249e+00
1.20837200e+00
1.39814913e+00
1.59191060e+00
1.24903262e+00
1.14522147e+00
1.35053134e+00
1.20032394e+00
1.18558693e+00
1.26963294e+00
1.13455117e+00
1.42100132e+00
1.41964293e+00
1.23389387e+00
1.27178359e+00
1.21896958e+00
1.18077254e+00
1.24478877e+00
1.18503153e+00
1.48108971e+00
1.45031881e+00
1.25283515e+00
1.20390522e+00
1.30602980e+00
1.28095424e+00
1.31828237e+00
1.29410136e+00
1.23669100e+00
1.41950536e+00
1.24292171e+00
1.14138532e+00
1.23569512e+00
1.21935451e+00
1.57210922e+00
1.26444793e+00
1.33435977e+00
1.25138819e+00
1.24503458e+00
1.26158273e+00
1.25121295e+00
1.08191073e+00
1.13122749e+00
1.26473773e+00
1.16759217e+00
1.18370926e+00
1.22679031e+00
1.23556554e+00
1.05654895e+00
1.09964144e+00
1.18758941e+00
1.16251016e+00
1.03705013e+00
1.05616796e+00
1.05196369e+00
1.03873181e+00
1.06425273e+00
1.11277795e+00
1.13283002e+00
1.09952497e+00
1.07106531e+00
1.09319198e+00
1.42386627e+00
1.05835223e+00
1.30062878e+00
1.35647023e+00
1.23281991e+00
1.02135253e+00
1.02542150e+00
9.63821709e-01
9.14037585e-01
9.53469455e-01
9.52872813e-01
1.15635502e+00
9.84533846e-01
1.01157808e+00
9.35011566e-01
9.05224800e-01
1.07589650e+00
8.88194978e-01
9.48662460e-01
8.71905744e-01
8.62368703e-01
9.33290303e-01
8.12361002e-01
1.02852285e+00
8.54251385e-01
8.09630394e-01
7.78616071e-01
7.79650927e-01
8.51051569e-01
8.37355554e-01
9.21335697e-01
7.42158115e-01
7.60539889e-01
9.37731564e-01
6.40220463e-01
7.22901404e-01
7.55573869e-01
9.47517931e-01
8.54056180e-01
7.46964931e-01
7.94345140e-01
7.36805677e-01
8.49310577e-01
7.50916719e-01
7.93167531e-01
7.63867259e-01
1.01617587e+00
8.49604547e-01
9.25478339e-01
8.55088949e-01
8.46618831e-01
8.22633982e-01
8.95590305e-01
9.29144800e-01
9.30852354e-01
8.40232134e-01
8.19669902e-01
1.05219626e+00
8.86285007e-01
8.89319122e-01
9.88801241e-01
9.43271279e-01
9.25708294e-01
9.78303790e-01
9.82425451e-01
1.02015221e+00
9.43639636e-01
1.11978972e+00
1.01999629e+00
9.06193674e-01
1.24350274e+00
1.03915739e+00
1.04049790e+00
1.05031908e+00
9.65167046e-01
1.00501144e+00
9.41244245e-01
9.92075861e-01
1.10146856e+00
1.08909392e+00
9.78275716e-01
9.59356070e-01
1.03205466e+00
1.03720737e+00
1.17320490e+00
1.14973915e+00
1.11365438e+00
1.09014046e+00
1.08477783e+00
1.13038099e+00
1.07677436e+00
9.55208302e-01
1.00727594e+00
1.17266083e+00
1.01250839e+00
1.13408005e+00
1.11404788e+00
1.10709119e+00
1.10706222e+00
1.00751638e+00
1.06949282e+00
1.08713257e+00
1.00724959e+00
1.08027005e+00
1.07170355e+00
1.13265121e+00
1.12933946e+00
1.09744895e+00
1.20036066e+00
1.11184871e+00
1.11647379e+00
1.10354471e+00
1.19994831e+00
1.15430272e+00
1.17660260e+00
1.09019411e+00
1.09559596e+00
1.19601333e+00
1.04181433e+00
1.07190812e+00
1.17461646e+00
1.25766313e+00
1.10028183e+00
9.91741002e-01
1.12065434e+00
1.05174327e+00
1.17373002e+00
1.19181252e+00
1.10704708e+00
1.08552551e+00
1.03852057e+00
1.11143541e+00
1.08487725e+00
1.20670378e+00
1.27171028e+00
1.07198060e+00
1.20566130e+00
1.02314353e+00
1.08068871e+00
1.14697683e+00
1.03925431e+00
1.19409990e+00
1.11629176e+00
1.00491333e+00
1.16049540e+00
1.11441326e+00
1.06647146e+00
1.10253716e+00
9.84397948e-01
1.04077971e+00
1.08854032e+00
9.73138511e-01
1.09636199e+00
1.12782860e+00
1.05943906e+00
1.05941713e+00
1.03509581e+00
1.06248879e+00
9.60451126e-01
1.13259029e+00
1.04521251e+00
1.01109862e+00
1.05896509e+00
9.99632835e-01
9.93402183e-01
9.85576928e-01
1.07807875e+00
1.02321327e+00
1.06523633e+00
1.00536931e+00
9.34416831e-01
1.00552547e+00
1.17042780e+00
1.18337929e+00
1.18300128e+00
1.06189501e+00
9.81852591e-01
9.88290846e-01
1.02643931e+00
1.02336991e+00
9.92037714e-01
9.93608057e-01
9.87912297e-01
1.03096104e+00
1.06200397e+00
1.15209353e+00
1.10119641e+00
1.11213446e+00
9.46487486e-01
1.01274991e+00
1.02276778e+00
9.95407939e-01
9.52974677e-01
1.01093423e+00
9.63706136e-01
1.08914804e+00
1.03255999e+00
1.03499198e+00
9.17596698e-01
9.61496770e-01
1.03920782e+00
9.14552569e-01
9.34897542e-01
1.00335920e+00
9.46191490e-01
1.02191508e+00
1.05495858e+00
1.13006079e+00
1.00509596e+00
9.21723902e-01
9.65744138e-01
9.45901334e-01
9.35511112e-01
8.86322856e-01
9.77376223e-01
9.52005684e-01
1.06051600e+00
9.80718076e-01
9.56230760e-01
8.79481554e-01
8.76643360e-01
8.62311661e-01
8.46329391e-01
8.89885426e-01
8.67319822e-01
8.45077991e-01
9.72119212e-01
9.79772866e-01
9.81548250e-01
8.64731073e-01
8.61708701e-01
8.79205346e-01
9.18722212e-01
9.02716935e-01
8.15272033e-01
8.44780862e-01
9.87916470e-01
9.14084673e-01
8.17087114e-01
8.31650615e-01
8.09821367e-01
9.05338466e-01
9.70129669e-01
7.67828763e-01
7.57306337e-01
7.98220694e-01
8.10387611e-01
8.60957384e-01
8.22113514e-01
8.01930130e-01
8.53493989e-01
7.98462391e-01
7.60776281e-01
7.12481380e-01
7.22283304e-01
7.30611145e-01
8.03612828e-01
6.90874219e-01
7.26724029e-01
7.68671036e-01
6.61210179e-01
7.89395332e-01
7.50478327e-01
6.46775424e-01
6.88266039e-01
6.46538794e-01
7.70636737e-01
6.73398912e-01
6.58902645e-01
7.87826836e-01
7.20463216e-01
6.54082239e-01
5.63400209e-01
7.53839374e-01
6.77754343e-01
6.42831504e-01
5.82355380e-01
5.79461217e-01
6.36915386e-01
6.19306862e-01
5.70233047e-01
5.11197388e-01
5.20893276e-01
5.86597145e-01
6.76621199e-01
6.01605356e-01
5.70292830e-01
5.64616561e-01
7.17783093e-01
6.48394346e-01
6.02602720e-01
6.39962316e-01
6.06503367e-01
6.64602816e-01
6.53027713e-01
6.14051521e-01
7.04329312e-01
7.81597376e-01
7.15985119e-01
9.08430874e-01
7.49766469e-01
6.63312376e-01
6.63201034e-01
7.08585083e-01
6.85126960e-01
7.57212937e-01
6.86867177e-01
8.27220380e-01
7.11276412e-01
7.62451112e-01
7.08303690e-01
7.65238106e-01
7.48524070e-01
7.78827012e-01
8.01155984e-01
8.03807735e-01
7.81950533e-01
7.29633033e-01
7.09410012e-01
7.57573783e-01
8.09168041e-01
8.03262711e-01
7.00022161e-01
7.59665489e-01
7.29960322e-01
7.76772738e-01
8.33377540e-01
7.51402438e-01
6.95598185e-01
8.44652295e-01
8.55887890e-01
7.83012629e-01
7.69869268e-01
8.35426927e-01
8.26652825e-01
8.13207507e-01
8.08017373e-01
7.72576332e-01
7.85220444e-01
9.03495312e-01
8.33527327e-01
8.70092273e-01
9.40310121e-01
8.19232285e-01
8.18091750e-01
1.01407826e+00
7.72719979e-01
8.40216935e-01
8.87937188e-01
8.47586274e-01
7.99248517e-01
8.85329902e-01
8.69364738e-01
8.62605751e-01
8.53568494e-01
9.04593289e-01
8.24947715e-01
8.96327794e-01
7.90334165e-01
9.16149437e-01
7.79792249e-01
8.27020109e-01
9.09093738e-01
7.51169682e-01
8.96559894e-01
8.32393408e-01
8.29282045e-01
7.77170539e-01
8.13656688e-01
8.53179395e-01
9.57631648e-01
9.60463881e-01
8.18967223e-01
9.62078154e-01
8.54860604e-01
8.58596861e-01
9.60268438e-01
8.14119697e-01
7.44632065e-01
8.42243135e-01
8.08013499e-01
8.33033979e-01
8.04781079e-01
8.54114711e-01
8.39134216e-01
8.61748874e-01
8.42658758e-01
7.81414926e-01
8.57439637e-01
7.45704412e-01
7.75980055e-01
8.06076765e-01
8.27034950e-01
8.48167241e-01
8.01586926e-01
8.56328011e-01
8.42875302e-01
8.25883150e-01
8.29837620e-01
9.11289275e-01
8.23440015e-01
8.41813385e-01
8.36067736e-01
8.69937062e-01
8.76485646e-01
8.37078929e-01
8.23043883e-01
8.91069949e-01
8.89137268e-01
8.38174462e-01
7.85349369e-01
8.87360573e-01
8.20928335e-01
7.95528173e-01
8.26802611e-01
7.76474178e-01
8.03843081e-01
9.06773269e-01
7.20779836e-01
7.70022333e-01
8.44875932e-01
8.61500561e-01
8.17829490e-01
7.71054208e-01
7.86471367e-01
7.98237860e-01
8.07725847e-01
8.01380038e-01
8.14937532e-01
8.44575047e-01
8.27174187e-01
8.06113541e-01
7.52336264e-01
8.43765438e-01
8.47945154e-01
8.74096036e-01
8.13008130e-01
7.51884639e-01
8.19914281e-01
7.65725136e-01
8.37297738e-01
8.34944785e-01
7.47544467e-01
7.21796155e-01
8.14362466e-01
8.24337363e-01
7.37154245e-01
7.05234885e-01
7.34417260e-01
8.46086502e-01
7.15177357e-01
7.65708625e-01
8.40840578e-01
8.24007332e-01
9.65687752e-01
7.80453980e-01
7.00743020e-01
7.83213973e-01
8.58954906e-01
8.72041821e-01
8.58785808e-01
8.43878150e-01
9.08103764e-01
8.22232068e-01
8.28321695e-01
8.90867114e-01
7.56626427e-01
7.48199224e-01
8.39005888e-01
8.47072780e-01
8.76329958e-01
8.32194865e-01
7.32734501e-01
7.95431495e-01
8.29326212e-01
7.67522514e-01
7.69484520e-01
8.16079259e-01
7.50432074e-01
7.55838573e-01
7.97748327e-01
8.06198537e-01
8.01468790e-01
8.08406651e-01
8.58288407e-01
7.42426157e-01
9.62793469e-01
8.72682214e-01
7.70703673e-01
7.67021596e-01
7.76214242e-01
8.00929964e-01
6.82681024e-01
7.46443450e-01
7.97081292e-01
7.62131035e-01
7.61701941e-01
6.84725642e-01
7.46054530e-01
8.20237458e-01
7.34883666e-01
7.08575070e-01
6.99515224e-01
7.52155721e-01
8.18795085e-01
7.27126002e-01
7.88308859e-01
7.27113128e-01
8.01131248e-01
7.53088653e-01
8.02272975e-01
7.83427358e-01
7.03616798e-01
7.06594408e-01
7.47593999e-01
7.09434927e-01
7.39197314e-01
7.04265058e-01
7.47683525e-01
6.82527900e-01
7.51615465e-01
8.66728902e-01
7.37503111e-01
7.55741775e-01
7.59709656e-01
6.93600237e-01
7.21362770e-01
6.74666762e-01
6.96496248e-01
7.24627197e-01
7.67122686e-01
7.74078429e-01
7.50141323e-01
8.93240988e-01
7.58153260e-01
6.50576293e-01
7.47952819e-01
7.21991181e-01
7.31126726e-01
7.07418323e-01
7.29106367e-01
7.27797091e-01
6.71219945e-01
6.93977118e-01
7.10998595e-01
6.78799868e-01
6.86845541e-01
7.06278980e-01
6.98468328e-01
7.68462777e-01
7.16188550e-01
7.01343477e-01
6.45275056e-01
6.46401227e-01
6.44410789e-01
6.82358563e-01
7.59300411e-01
7.27030516e-01
6.84673846e-01
6.99484468e-01
6.24961019e-01
7.02477515e-01
7.25117207e-01
7.04879284e-01
7.82239676e-01
8.01669359e-01
7.69206643e-01
7.29370654e-01
6.76680982e-01
7.26584971e-01
7.21957564e-01
6.80389524e-01
6.99263930e-01
6.28155708e-01
7.21073031e-01
6.76433682e-01
6.45184577e-01
6.41351402e-01
7.00994670e-01
7.54562318e-01
7.41357386e-01
7.80274034e-01
7.18010008e-01
6.96714759e-01
6.79024577e-01
6.93291724e-01
6.80705965e-01
7.13753462e-01
6.51913524e-01
6.90327227e-01
7.23471284e-01
6.43688381e-01
7.29539514e-01
7.48012066e-01
6.38147891e-01
7.69409478e-01
7.36411393e-01
7.79731810e-01
6.56036317e-01
7.96942115e-01
6.82198346e-01
6.98080957e-01
6.75933361e-01
6.87878430e-01
7.70852804e-01
7.39318132e-01
7.16771185e-01
6.72349036e-01
6.39361024e-01
6.34088874e-01
6.44639313e-01
6.90305650e-01
7.00601757e-01
7.40363479e-01
7.11337566e-01
7.04886973e-01
6.44260108e-01
7.39228368e-01
7.38619387e-01
6.36950731e-01
7.02953815e-01
7.40099072e-01
7.34323680e-01
6.80421352e-01
7.17969120e-01
6.69430256e-01
6.57511055e-01
7.19522893e-01
6.59649909e-01
6.26048446e-01
7.02999175e-01
6.70243859e-01
6.67814314e-01
6.71058893e-01
5.89579344e-01
6.83786571e-01
6.18248343e-01
6.34590268e-01
6.85139537e-01
6.54184282e-01
7.06579089e-01
6.09362841e-01
6.30220115e-01
6.29529357e-01
6.65475488e-01
6.13117933e-01
6.31107628e-01
5.63484907e-01
6.04511321e-01
6.53573811e-01
6.45659626e-01
6.98374033e-01
6.02480054e-01
6.23515964e-01
6.96159720e-01
7.01641619e-01
6.33091509e-01
6.37275219e-01
6.34405673e-01
6.19947612e-01
6.11939847e-01
6.04589283e-01
6.88014328e-01
5.88332295e-01
5.69967568e-01
6.41737759e-01
6.15284145e-01
6.01058304e-01
6.29244030e-01
6.87009633e-01
6.34299755e-01
5.96728206e-01
6.36243820e-01
6.20969653e-01
6.15486324e-01
7.15285182e-01
5.96529782e-01
6.62555933e-01
6.45768821e-01
5.79868913e-01
6.00115240e-01
6.63292706e-01
6.54061139e-01
6.25948429e-01
5.76104820e-01
6.39630854e-01
6.23417497e-01
5.63874066e-01
6.45180523e-01
6.57928646e-01
6.10032380e-01
6.34336233e-01
6.29220247e-01
5.99228203e-01
5.72145820e-01
6.42738044e-01
6.12707675e-01
5.95404148e-01
6.48159802e-01
6.39831126e-01
5.73071003e-01
5.50173402e-01
5.94296873e-01
6.76988840e-01
6.94607437e-01
5.26762545e-01
5.37243962e-01
5.56002676e-01
5.08061409e-01
5.45669258e-01
5.83273113e-01
5.88087559e-01
5.26823521e-01
5.41562796e-01
5.90478122e-01
5.48906744e-01
5.44182897e-01
5.60834706e-01
5.28130949e-01
5.66979349e-01
5.56802809e-01
5.25224686e-01
5.33053935e-01
5.10551751e-01
5.95590770e-01
5.39260745e-01
4.94017750e-01
5.34963727e-01
5.45181751e-01
5.21802902e-01
5.44766545e-01
5.92690706e-01
5.41422784e-01
5.36335468e-01
6.02768660e-01
5.03764391e-01
4.99876708e-01
6.03767097e-01
5.67012131e-01
5.67722082e-01
4.84910220e-01
4.90995467e-01
4.82717842e-01
4.59577471e-01
4.33146119e-01
5.47224283e-01
4.74869996e-01
4.36236560e-01
4.50866789e-01
5.36508620e-01
4.63412702e-01
4.82860804e-01
4.37840283e-01
4.82043743e-01
4.85948950e-01
5.03871918e-01
4.57855701e-01
4.47007120e-01
4.71931905e-01
3.80532831e-01
4.16629195e-01
4.48359758e-01
3.92609149e-01
4.16816652e-01
4.44046259e-01
4.22548443e-01
4.00106221e-01
4.12295103e-01
3.91092896e-01
3.66180122e-01
3.52097780e-01
3.67421716e-01
4.07349139e-01
3.57461303e-01
3.78377497e-01
3.60695601e-01
3.34937930e-01
4.16244566e-01
3.60059530e-01
3.87864530e-01
4.45248187e-01
3.84254634e-01
4.15839553e-01
3.93729299e-01
3.88873070e-01
3.79797578e-01
3.83413136e-01
3.75021458e-01
3.97566080e-01
4.60325778e-01
4.65971231e-01
4.02791977e-01
4.38909262e-01
4.42685634e-01
4.48407948e-01
4.06122923e-01
4.72369254e-01
5.24740577e-01
4.43590820e-01
4.45982516e-01
4.66289073e-01
5.54217875e-01
5.48665464e-01
4.26075101e-01
5.54739058e-01
5.17621756e-01
4.77749646e-01
4.94079739e-01
5.06528378e-01
4.45826232e-01
4.64298815e-01
4.88230765e-01
4.93484288e-01
4.65889335e-01
4.72732961e-01
4.70429689e-01
4.73640829e-01
4.73208725e-01
4.91328001e-01
4.95334148e-01
5.35799205e-01
5.20142019e-01
4.75333810e-01
4.83224750e-01
4.98391360e-01
5.19144833e-01
5.76612353e-01
5.62025249e-01
5.49986243e-01
5.58106244e-01
4.80164677e-01
5.39299726e-01
6.38112307e-01
4.84583050e-01
5.97073734e-01
5.90207875e-01
5.20915508e-01
5.59863031e-01
5.45386970e-01
5.42750239e-01
5.52675247e-01
5.11606038e-01
4.93808508e-01
5.11703908e-01
5.29332340e-01
4.98791486e-01
6.29359007e-01
5.74119389e-01
4.88666177e-01
5.37299931e-01
5.04417479e-01
4.88401771e-01
5.57612538e-01
5.50343633e-01
5.24082839e-01
4.70321387e-01
5.15821397e-01
6.56253636e-01
5.83070934e-01
4.86703753e-01
5.36366224e-01
6.35634243e-01
5.21961808e-01
5.22955656e-01
4.93298203e-01
5.43111563e-01
5.35722017e-01
5.79702377e-01
5.02868116e-01
4.94905412e-01
5.92372417e-01
5.27195334e-01
5.19299626e-01
5.84118664e-01
5.05142748e-01
5.29479086e-01
5.09210944e-01
5.21857440e-01
5.02450824e-01
5.45094669e-01
6.26535535e-01
5.06472588e-01
4.81266469e-01
5.10036528e-01
5.48448265e-01
5.27069449e-01
4.97629732e-01
5.37135482e-01
4.96512383e-01
5.54498971e-01
6.24347389e-01
5.44756413e-01
5.88419974e-01
5.15407979e-01
4.92785960e-01
5.39257705e-01
5.58563769e-01
5.34873188e-01
5.10618746e-01
4.76316839e-01
5.17845809e-01
4.82820004e-01
4.70821023e-01
6.37423575e-01
5.41357994e-01
5.18450022e-01
4.73587334e-01
4.95646536e-01
5.41102231e-01
5.69845796e-01
5.42541087e-01
5.94304383e-01
4.96674299e-01
5.53811967e-01
5.37260711e-01
4.63243157e-01
5.73196113e-01
4.95810837e-01
5.16474843e-01
5.20816684e-01
5.10763705e-01
6.14785790e-01
5.27429044e-01
5.48208177e-01
5.71202874e-01
5.19627631e-01
5.23602009e-01
5.05470991e-01
5.45478404e-01
6.25644088e-01
5.45861542e-01
4.98079002e-01
4.86028463e-01
4.72153127e-01
5.14510751e-01
4.98055667e-01
5.24683058e-01
4.82365042e-01
5.27192116e-01
5.12405634e-01
5.38359284e-01
5.69580972e-01
4.98594850e-01
5.00077903e-01
5.03633201e-01
4.66729015e-01
4.84913260e-01
4.96913522e-01
4.78615820e-01
4.73453492e-01
5.00760257e-01
5.92873275e-01
4.88033265e-01
5.01018286e-01
5.36598682e-01
4.90977168e-01
5.12770951e-01
5.00692248e-01
4.74795371e-01
5.78216672e-01
5.35169482e-01
4.57048863e-01
5.17848670e-01
5.01357377e-01
5.21894336e-01
6.26970470e-01
4.72994328e-01
4.94432956e-01
5.69670439e-01
4.46239024e-01
5.46071231e-01
5.16797721e-01
5.18006921e-01
5.48212528e-01
5.21985531e-01
4.57380235e-01
5.57914138e-01
5.18900871e-01
5.67899644e-01
5.11928141e-01
5.09827375e-01
5.10652304e-01
4.70944673e-01
4.76503164e-01
5.13575971e-01
4.50876564e-01
5.31810880e-01
5.59975922e-01
4.76525426e-01
5.55056691e-01
5.31564116e-01
4.60402131e-01
4.99318719e-01
5.17853439e-01
5.35302579e-01
5.26408553e-01
4.93003666e-01
4.50910032e-01
4.69079405e-01
5.56753933e-01
5.44091105e-01
4.89848793e-01
5.40533245e-01
5.15157104e-01
5.02720177e-01
5.61143100e-01
5.80285251e-01
5.47212005e-01
4.60618287e-01
4.74545121e-01
4.68258500e-01
5.01007855e-01
5.35197318e-01
4.65497285e-01
4.81010795e-01
5.52241862e-01
5.48577607e-01
5.34123003e-01
6.29381418e-01
5.32482982e-01
5.46555281e-01
4.99096721e-01
4.89004463e-01
5.08886874e-01
4.92651761e-01
4.69590157e-01
4.32219386e-01
5.07029593e-01
4.96711105e-01
4.62056518e-01
4.86174047e-01
5.43582320e-01
4.71619815e-01
5.10764003e-01
6.29966974e-01
4.89117503e-01
5.85075676e-01
5.42639256e-01
5.23852825e-01
5.47938764e-01
5.18832088e-01
5.03315032e-01
5.17848790e-01
5.59527814e-01
4.92291033e-01
5.13311565e-01
5.19159615e-01
4.59003299e-01
5.19791305e-01
4.98446256e-01
4.89009798e-01
4.94268090e-01
4.62993652e-01
4.50534284e-01
4.58516419e-01
4.77347940e-01
4.50878173e-01
4.89105612e-01
4.67407972e-01
4.38391417e-01
4.79381651e-01
5.03011644e-01
5.15968859e-01
5.21072626e-01
5.12658894e-01
4.97938246e-01
4.39010352e-01
5.54749966e-01
5.08367538e-01
5.16346812e-01
4.73678410e-01
3.94347429e-01
4.66736913e-01
4.60941464e-01
5.25208294e-01
4.87457812e-01
4.37993467e-01
5.59663296e-01
5.07337213e-01
4.46162581e-01
4.58958715e-01
4.34966713e-01
4.59864348e-01
4.71864432e-01
5.20041168e-01
5.34078479e-01
5.11639118e-01
4.76163715e-01
4.45414245e-01
4.55974162e-01
5.43281019e-01
5.58226943e-01
4.34303522e-01
4.45430458e-01
4.87380773e-01
4.93543148e-01
5.69898188e-01
4.60823208e-01
5.43749213e-01
5.41809082e-01
4.22986329e-01
4.46495116e-01
5.20006657e-01
4.57596064e-01
4.56331730e-01
4.24170524e-01
4.49948221e-01
5.12740493e-01
4.67898607e-01
4.39527363e-01
4.36504215e-01
4.32374209e-01
4.64035213e-01
4.93207067e-01
5.11510491e-01
5.35625339e-01
4.34764415e-01
4.44423735e-01
4.28165942e-01
3.98589402e-01
4.37774152e-01
4.66201693e-01
4.54334795e-01
5.09314477e-01
5.55597961e-01
5.30133903e-01
4.92629945e-01
5.20919025e-01
5.45470476e-01
4.88011569e-01
4.28551435e-01
4.42515045e-01
5.02205729e-01
4.90220368e-01
4.68135297e-01
4.38650042e-01
4.34808820e-01
4.14401859e-01
5.47210515e-01
5.61967850e-01
4.71632093e-01
4.07996833e-01
4.52532440e-01
5.51062644e-01
4.28439468e-01
4.42260802e-01
4.99403983e-01
4.65231448e-01
4.21664447e-01
4.61650580e-01
4.78492528e-01
3.95079911e-01
4.23916966e-01
4.57086563e-01
4.61056054e-01
4.37164098e-01
4.28762496e-01
4.80725169e-01
4.27993208e-01
4.07186627e-01
4.25228059e-01
4.52819884e-01
4.03084219e-01
4.43454504e-01
4.48468447e-01
4.34510529e-01
5.32185674e-01
4.25379723e-01
4.68605995e-01
4.72741753e-01
4.47590262e-01
4.20101523e-01
4.11454022e-01
4.68508691e-01
4.41030055e-01
4.48786765e-01
4.38565850e-01
4.30840462e-01
3.97455186e-01
4.10316557e-01
4.54455942e-01
4.01203007e-01
4.29620981e-01
4.87766117e-01
4.65999335e-01
3.83307189e-01
4.50820714e-01
4.20966625e-01
4.13123161e-01
4.18834120e-01
3.53224397e-01
4.64650720e-01
4.31394637e-01
4.83997881e-01
4.21470433e-01
4.11505878e-01
4.01076645e-01
4.42641705e-01
4.96844441e-01
4.31154668e-01
5.03462434e-01
5.33697426e-01
5.00187099e-01
4.32329684e-01
4.11661357e-01
4.69981253e-01
4.86051261e-01
4.55394000e-01
4.45614010e-01
4.24173653e-01
4.02132869e-01
4.97987926e-01
4.61318940e-01
3.90393078e-01
4.36391681e-01
4.54670399e-01
4.02597636e-01
4.12201464e-01
4.53496486e-01
4.21891183e-01
3.64665866e-01
4.31456983e-01
4.39975441e-01
4.61711138e-01
4.17436153e-01
4.11594421e-01
3.89530331e-01
4.39737380e-01
4.89186883e-01
4.56712991e-01
4.47958499e-01
4.01165307e-01
4.03979808e-01
5.20434856e-01
4.34272468e-01
4.40888196e-01
4.12477493e-01
3.85767013e-01
4.35332656e-01
5.12360334e-01
5.20866454e-01
4.07943547e-01
3.94454688e-01
3.97267669e-01
3.96949351e-01
4.29635882e-01
4.33056414e-01
4.26816553e-01
3.77040744e-01
4.50553030e-01
5.10622084e-01
4.78083253e-01
3.80630136e-01
4.65185463e-01
4.44578290e-01
3.55919868e-01
3.44837666e-01
4.38701600e-01
4.40074891e-01
4.58689451e-01
4.14921254e-01
4.03149992e-01
4.00619209e-01
4.41277593e-01
4.47062790e-01
3.85917723e-01
4.18627828e-01
4.05081391e-01
3.84685189e-01
4.04058784e-01
3.95446360e-01
3.89239401e-01
4.00748849e-01
3.96332651e-01
4.02945429e-01
4.66143310e-01
3.85245085e-01
4.19195831e-01
3.93167943e-01
4.14619654e-01
4.49996799e-01
3.80015075e-01
3.54970664e-01
4.34735507e-01
4.57091182e-01
4.41401154e-01
4.35465246e-01
4.05112326e-01
3.91538739e-01
3.66370380e-01
3.95114243e-01
4.64224011e-01
4.60384071e-01
4.63544995e-01
4.14187282e-01
4.09299761e-01
4.21202570e-01
3.86068463e-01
3.87033373e-01
4.01031137e-01
4.04189914e-01
4.18981463e-01
3.31338465e-01
3.83332819e-01
4.51387405e-01
4.19984847e-01
4.20289129e-01
4.25064564e-01
4.17296827e-01
4.27911401e-01
4.31647420e-01
3.93678516e-01
4.50842857e-01
4.05131847e-01
4.51720804e-01
4.20320034e-01
4.20114100e-01
4.83342409e-01
4.05494660e-01
4.72005218e-01
3.46734583e-01
3.28949541e-01
3.74731213e-01
3.36791456e-01
3.61257941e-01
3.72024387e-01
3.90576035e-01
4.21877742e-01
3.65544617e-01
3.87764513e-01
4.08352256e-01
4.58150744e-01
4.18784827e-01
3.94992799e-01
3.74628007e-01
3.68240088e-01
3.85205865e-01
3.86176854e-01
3.91553342e-01
4.04809982e-01
4.23697531e-01
3.50661248e-01
4.37092036e-01
4.16156769e-01
3.79222900e-01
4.11584347e-01
3.91200602e-01
3.85856718e-01
3.79580379e-01
3.88486087e-01
3.25407445e-01
3.46143097e-01
4.22092885e-01
3.91158044e-01
3.93942833e-01
3.85489702e-01
4.08329159e-01
4.51341927e-01
4.84889030e-01
4.15508598e-01
4.07393783e-01
4.22855407e-01
4.63156939e-01
4.40449774e-01
3.67149383e-01
4.63093102e-01
7.03048170e-01
2.23363280e+00
1.61063445e+00
3.31304502e+00
2.74022603e+00
1.82698882e+00
1.23916662e+00
4.22994703e-01
3.85592252e-01
3.55252832e-01
3.51484567e-01
3.61699641e-01
3.86090964e-01
3.72584760e-01
3.91961306e-01
3.91897827e-01
3.55462492e-01
4.29473639e-01
4.82289165e-01
4.07093674e-01
3.15686524e-01
3.21008086e-01
3.52452785e-01
3.40358287e-01
3.55916232e-01
4.13486302e-01
3.42403173e-01
3.51170450e-01
4.29962397e-01
4.63501692e-01
4.05775458e-01
4.13334221e-01
3.50936830e-01
3.59603137e-01
4.36352789e-01
4.86454755e-01
3.92181635e-01
3.77396226e-01
3.39519411e-01
3.86269450e-01
4.84783500e-01
3.82282734e-01
3.22752863e-01
3.59082431e-01
3.65563780e-01
3.90078455e-01
4.05676335e-01
4.17106837e-01
3.78208160e-01
4.30456340e-01
4.21063155e-01
3.97242397e-01
4.04820085e-01
3.98648083e-01
3.64027947e-01
3.52846801e-01
3.68804485e-01
3.42844665e-01
5.42911589e-01
5.77543974e-01
4.06704992e-01
4.38404709e-01
3.41510534e-01
3.17950219e-01
3.47546935e-01
3.98095101e-01
3.40493530e-01
4.00379270e-01
3.94407094e-01
3.75622660e-01
3.56853485e-01
4.18139905e-01
4.44626361e-01
3.88763577e-01
3.96277696e-01
4.35746402e-01
4.09779042e-01
3.80146742e-01
3.83672774e-01
3.66226166e-01
3.93005788e-01
4.00784731e-01
3.93807650e-01
3.24010551e-01
3.47446322e-01
3.82165253e-01
3.65304410e-01
3.62549394e-01
4.22622353e-01
3.95452470e-01
3.88471991e-01
4.12147760e-01
3.57878715e-01
3.90909165e-01
4.05401140e-01
3.80204886e-01
4.12163943e-01
3.29331815e-01
3.80146503e-01
3.80964398e-01
3.55718911e-01
3.34346682e-01
3.30056667e-01
3.59571397e-01
4.18424398e-01
3.67304087e-01
3.52772355e-01
4.33802694e-01
3.88107151e-01
4.37569499e-01
3.88054639e-01
3.45393598e-01
3.93615037e-01
3.78413677e-01
3.38052839e-01
3.22332978e-01
3.25104356e-01
3.49606097e-01
3.65029782e-01
3.51443350e-01
3.08346868e-01
3.59870970e-01
3.45994085e-01
3.22024375e-01
4.11348492e-01
3.80042315e-01
3.56544197e-01
3.53670478e-01
3.22345316e-01
4.06062484e-01
4.05319750e-01
4.12777275e-01
3.97020280e-01
3.14114153e-01
3.76365691e-01
3.49439293e-01
3.80017489e-01
3.38860095e-01
3.95003915e-01
3.64446461e-01
3.41653347e-01
3.60910177e-01
3.48048329e-01
3.95812273e-01
3.29348832e-01
3.54755342e-01
4.12887901e-01
4.25230086e-01
3.67454052e-01
3.19890022e-01
4.48816240e-01
3.47142518e-01
4.03765351e-01
3.67748976e-01
3.45754415e-01
4.23055381e-01
4.00165200e-01
4.97277886e-01
3.96737337e-01
3.41969281e-01
3.92749876e-01
3.51298600e-01
3.54579121e-01
4.16928500e-01
3.39458793e-01
3.31314743e-01
4.09457028e-01
4.27392662e-01
3.29306126e-01
3.15137416e-01
3.49026769e-01
3.10717821e-01
3.27558905e-01
3.95861894e-01
3.25549155e-01
3.77105355e-01
3.73905748e-01
3.77106011e-01
3.41550916e-01
3.92758906e-01
3.14443499e-01
3.71034861e-01
3.78752202e-01
3.71033639e-01
3.58808905e-01
3.60799670e-01
4.05928820e-01
3.12270373e-01
3.08962822e-01
3.30889404e-01
3.35149169e-01
3.73878747e-01
3.69966775e-01
3.01903337e-01
3.35762084e-01
3.51445556e-01
3.12517285e-01
3.39935958e-01
3.53223085e-01
3.73169035e-01
3.18095475e-01
3.35236907e-01
3.52760047e-01
3.43433917e-01
3.39504808e-01
3.40695798e-01
3.71972471e-01
3.55782837e-01
3.84252161e-01
3.26218158e-01
3.92811090e-01
4.02497858e-01
3.27642530e-01
3.57950032e-01
3.93882841e-01
3.88644725e-01
3.97384375e-01
3.68427753e-01
3.94944131e-01
4.01540041e-01
3.47858787e-01
3.46415102e-01
2.93643653e-01
3.78989309e-01
3.60035628e-01
3.51076066e-01
3.18248391e-01
3.41352433e-01
3.43173772e-01
3.15814078e-01
3.75749886e-01
3.19719255e-01
3.23422611e-01
4.09123898e-01
3.03248078e-01
3.44756931e-01
3.88326496e-01
4.29528713e-01
4.55380887e-01
5.02979100e-01
6.46304667e-01
5.18283546e-01
6.35023057e-01
4.89291102e-01
4.27639842e-01
4.98522073e-01
3.91937494e-01
3.62328351e-01
3.23122352e-01
3.13224971e-01
3.38796228e-01
4.02749002e-01
3.19150776e-01
3.05048704e-01
4.01372552e-01
3.56230617e-01
3.14373314e-01
3.81297708e-01
3.32072318e-01
3.51394981e-01
3.01269084e-01
3.46597195e-01
3.82270485e-01
3.19572031e-01
3.82708967e-01
3.60447913e-01
3.23690444e-01
3.07721078e-01
3.61646384e-01
3.51416528e-01
3.77455592e-01
3.63991946e-01
3.90049338e-01
3.12084168e-01
3.01085621e-01
3.37343246e-01
3.55672538e-01
3.64832252e-01
3.39884967e-01
3.52072656e-01
3.46683711e-01
3.28385592e-01
3.45386982e-01
2.88811803e-01
3.37371200e-01
3.31265211e-01
3.21644425e-01
3.58728707e-01
3.10881138e-01
3.43988836e-01
3.51307541e-01
3.54716659e-01
3.76418889e-01
4.15933698e-01
3.72851253e-01
3.82858366e-01
3.85295331e-01
3.90558332e-01
3.70252043e-01
3.61465275e-01
3.91479015e-01
3.95582318e-01
3.31930816e-01
3.29143763e-01
3.60364616e-01
3.29185814e-01
3.21119636e-01
3.02674890e-01
3.11148137e-01
3.08474839e-01
3.65254015e-01
2.93457001e-01
2.77609944e-01
3.38515341e-01
3.44203830e-01
3.44731152e-01
3.30156267e-01
3.60389858e-01
3.14468175e-01
3.77157092e-01
4.03282136e-01
2.95317382e-01
2.95784622e-01
3.50990444e-01
3.09213459e-01
3.37653369e-01
3.46214265e-01
3.25635344e-01
3.20027620e-01
2.83546358e-01
3.26287657e-01
3.33239973e-01
3.63277674e-01
3.99544984e-01
3.59801978e-01
2.98963368e-01
2.83249915e-01
3.32660586e-01
3.13464969e-01
3.19449246e-01
3.30831230e-01
3.12542528e-01
3.45911473e-01
3.08095098e-01
3.02101046e-01
3.27812761e-01
3.33301216e-01
3.54235381e-01
3.20667386e-01
3.18467230e-01
3.29855025e-01
3.07132155e-01
3.45515579e-01
3.00851732e-01
3.41773540e-01
2.83696085e-01
3.76965940e-01
3.49355519e-01
3.17953557e-01
3.65127146e-01
3.53719413e-01
3.62217367e-01
3.54360610e-01
3.20026815e-01
2.98662722e-01
4.97813016e-01
2.91470140e-01
3.30763489e-01
3.28225017e-01
3.26317996e-01
3.06930572e-01
2.89250046e-01
2.92716771e-01
3.48431021e-01
3.83718103e-01
3.30126971e-01
3.15224528e-01
3.01080644e-01
2.91796803e-01
2.88098574e-01
3.33079547e-01
3.58915985e-01
2.96635717e-01
3.02887917e-01
3.12454522e-01
3.24137330e-01
2.89092332e-01
2.78646350e-01
3.47511053e-01
3.14744681e-01
3.27939481e-01
3.11460346e-01
2.69385666e-01
2.74803996e-01
3.17502916e-01
3.27312678e-01
2.81162322e-01
3.28810751e-01
3.14714670e-01
2.86124229e-01
3.06750864e-01
3.58475655e-01
2.86126226e-01
3.86495352e-01
2.97284454e-01
2.56798297e-01
2.76311874e-01
2.91203827e-01
2.92425394e-01
2.92023718e-01
2.84324586e-01
2.81636238e-01
2.91570067e-01
3.31487000e-01
3.15246284e-01
2.90478140e-01
2.77034163e-01
3.43328565e-01
2.84632623e-01
2.71595329e-01
3.00272703e-01
3.34249556e-01
3.26765090e-01
2.96443313e-01
3.24756712e-01
3.05540472e-01
2.96064109e-01
2.87740082e-01
2.68910766e-01
2.97483683e-01
2.87390172e-01
2.59120673e-01
3.10124725e-01
2.47148946e-01
0.00000000e+00
2.56484181e-01
4.02913928e-01
2.79310942e-01
2.91561991e-01
3.09676707e-01
2.98361331e-01
3.27903092e-01
3.37267667e-01
3.02154183e-01
3.17940563e-01
2.81678021e-01
2.73695618e-01
2.60264903e-01
2.81516641e-01
2.96896040e-01
2.92992920e-01
2.85042167e-01
2.71119475e-01
2.95803189e-01
3.07131201e-01
2.70227790e-01
3.01318526e-01
3.65357578e-01
2.91655332e-01
2.88044333e-01
2.90935785e-01
2.79787332e-01
3.04073900e-01
3.04695278e-01
2.96679616e-01
2.99383670e-01
3.23367745e-01
3.09130967e-01
2.80560642e-01
2.98305839e-01
3.21397960e-01
2.52881914e-01
2.56721586e-01
3.41646165e-01
3.56167316e-01
3.46415669e-01
3.39566141e-01
3.17701846e-01
3.00559849e-01
3.29744011e-01
2.81954974e-01
2.55826712e-01
3.22185218e-01
3.72461408e-01
2.87893772e-01
3.13765705e-01
3.86893362e-01
3.34716886e-01
2.84571409e-01
3.28561008e-01
3.10267150e-01
3.43277603e-01
2.84251034e-01
2.86893457e-01
3.72787505e-01
2.83804059e-01
2.55593598e-01
2.76901096e-01
2.83378333e-01
2.84138501e-01
2.89114028e-01
3.16122919e-01
3.71939301e-01
3.80570561e-01
2.97246665e-01
3.30791354e-01
2.87494302e-01
3.01791877e-01
3.29107732e-01
2.91937590e-01
3.05608213e-01
3.02290976e-01
2.78829157e-01
3.01551163e-01
3.43283683e-01
3.11503887e-01
3.19484323e-01
3.08540970e-01
2.75649011e-01
2.85995662e-01
3.05201948e-01
2.93057621e-01
3.68807793e-01
3.63942772e-01
3.45910519e-01
3.46296310e-01
3.54210645e-01
3.41750026e-01
3.70512575e-01
3.35616916e-01
4.71498281e-01
6.10944271e-01
6.63043022e-01
7.88442791e-01
7.00333953e-01
4.87855166e-01
2.96644658e-01
3.95384222e-01
4.10113305e-01
2.75944889e-01
2.87831962e-01
2.42196009e-01
2.66946286e-01
3.02260846e-01
2.48438552e-01
2.35381752e-01
3.31509292e-01
2.56954372e-01
2.66040057e-01
3.37039828e-01
3.15268666e-01
2.78425455e-01
2.62045175e-01
3.23955208e-01
2.88761944e-01
2.57849723e-01
2.86732733e-01
2.66360402e-01
2.51851022e-01
2.92205274e-01
3.35343689e-01
3.28796178e-01
3.00313920e-01
2.99373239e-01
3.00175190e-01
2.97363430e-01
2.97983885e-01
3.24625909e-01
3.07036310e-01
3.16856563e-01
2.54089683e-01
2.72960693e-01
3.08452308e-01
3.05387437e-01
3.54119360e-01
4.06271577e-01
4.50709701e-01
3.58614028e-01
3.68550539e-01
2.58613139e-01
2.46094197e-01
2.92077690e-01
3.18808943e-01
2.90014207e-01
3.25382620e-01
3.14281672e-01
2.96425551e-01
2.68323570e-01
2.36141950e-01
2.84974635e-01
2.38105178e-01
2.64425635e-01
2.74997741e-01
2.51092225e-01
2.59725273e-01
2.83855110e-01
2.33249292e-01
2.80933410e-01
3.08406085e-01
2.55453587e-01
3.24895024e-01
3.03148419e-01
2.73160100e-01
2.69016713e-01
2.74869114e-01
2.42181435e-01
2.94933677e-01
2.41564393e-01
2.04360455e-01
2.39268258e-01
2.81612843e-01
2.36567706e-01
3.28442723e-01
2.44344026e-01
2.60999113e-01
2.90940195e-01
2.62592643e-01
2.72458643e-01
2.43785411e-01
2.47598961e-01
2.73149550e-01
2.64486045e-01
2.37156644e-01
2.45026678e-01
2.61025995e-01
3.06983918e-01
3.21132272e-01
2.64304012e-01
2.44426444e-01
2.69765615e-01
2.68167794e-01
3.12682897e-01
2.71697760e-01
2.64336109e-01
2.59905607e-01
2.51213938e-01
2.82368332e-01
2.20940247e-01
2.44657829e-01
2.78119385e-01
2.73861587e-01
2.94088900e-01
2.12172568e-01
2.75146484e-01
2.39841104e-01
2.50635266e-01
2.74743378e-01
2.76443839e-01
2.86302924e-01
2.32201993e-01
3.04842740e-01
2.50344813e-01
2.34226465e-01
2.74645239e-01
2.07483456e-01
2.32491881e-01
2.35954255e-01
2.27595121e-01
2.30183348e-01
2.38179728e-01
2.51407146e-01
2.70635903e-01
2.76126564e-01
2.86362678e-01
2.49916181e-01
2.12682873e-01
2.54799664e-01
2.90753663e-01
2.54408240e-01
2.79467255e-01
2.23194808e-01
2.41919845e-01
2.35245600e-01
2.18354657e-01
1.98585004e-01
2.33607322e-01
2.67456949e-01
2.40791500e-01
2.69606650e-01
2.49267951e-01
2.29700923e-01
2.77960718e-01
2.17803895e-01
2.18901396e-01
2.65408874e-01
2.21709386e-01
2.04143703e-01
2.18216151e-01
2.46877745e-01
2.59796172e-01
2.66735315e-01
2.54080176e-01
2.35433921e-01
2.30343163e-01
2.27023900e-01
1.96523249e-01
2.90881872e-01
2.39102140e-01
2.21008927e-01
2.13293329e-01
2.25464627e-01
2.36522615e-01
2.58073986e-01
2.70018846e-01
2.41495073e-01
2.12601081e-01
2.92512119e-01
2.22184911e-01
2.78339356e-01
5.73170424e-01
3.65532964e-01
3.60709846e-01
7.60768354e-01
2.92071044e-01
2.63170600e-01
2.64321029e-01
2.76219994e-01
2.61444718e-01
2.52555668e-01
2.51527280e-01
2.38990322e-01
2.46170223e-01
2.25475624e-01
2.39201605e-01
2.68449217e-01
2.67848998e-01
2.16772571e-01
2.58740753e-01
2.25462914e-01
2.25448549e-01
2.79791683e-01
2.52121568e-01
2.40698487e-01
2.24204302e-01
2.08326265e-01
2.11608723e-01
2.45772794e-01
3.10202986e-01
2.00006634e-01
2.12181747e-01
2.38160953e-01
2.37492129e-01
2.07330763e-01
2.09595829e-01
2.64833778e-01
2.24949226e-01
2.19141290e-01
2.87398160e-01
2.50315994e-01
2.22005501e-01
2.28427663e-01
2.33406708e-01
2.41536513e-01
2.31574044e-01
2.09976599e-01
2.31789798e-01
2.65767515e-01
2.08047494e-01
2.76811332e-01
3.13127667e-01
2.16122225e-01
2.11478606e-01
2.33499825e-01
2.25842401e-01
2.30432019e-01
2.54093677e-01
2.59384125e-01
2.18500122e-01
2.07566947e-01
2.48949215e-01
2.19607294e-01
2.21639425e-01
2.57450849e-01
2.16231316e-01
2.51642764e-01
2.28388861e-01
2.03038961e-01
2.03590870e-01
2.41019383e-01
2.36022070e-01
2.29460090e-01
2.05232784e-01
2.05071315e-01
2.28297934e-01
2.35956341e-01
2.11812377e-01
2.28983611e-01
2.15317026e-01
2.20427155e-01
2.69917458e-01
3.11199248e-01
2.21274897e-01
2.40887359e-01
2.66568929e-01
2.57152796e-01
2.53073841e-01
2.78935492e-01
2.53536791e-01
2.38746449e-01
2.33292893e-01
2.05512673e-01
2.36449242e-01
2.45093226e-01
2.03278929e-01
2.53931135e-01
1.97609842e-01
2.07053810e-01
2.40867257e-01
2.10443199e-01
2.49634683e-01
3.51515889e-01
3.08766276e-01
2.40289107e-01
2.58261532e-01
2.53908813e-01
2.38268733e-01
2.12806776e-01
2.41414547e-01
2.22987473e-01
2.63732880e-01
2.94504642e-01
2.22287610e-01
2.47297689e-01
1.95200533e-01
1.99137121e-01
2.03193635e-01
1.98239103e-01
2.84461826e-01
2.56505936e-01
2.27524012e-01
2.18372941e-01
2.25219414e-01
2.12619081e-01
2.17981398e-01
2.59027719e-01
2.22485185e-01
2.11622193e-01
2.35979915e-01
2.26509482e-01
2.02538654e-01
2.13655725e-01
2.52912134e-01
2.40845397e-01
2.18469977e-01
2.02137560e-01
2.46676818e-01
2.24540278e-01
2.29994923e-01
2.16810793e-01
2.30577111e-01
2.39712745e-01
2.62808591e-01
2.24196866e-01
2.30171308e-01
2.42432207e-01
2.37726599e-01
2.61372536e-01
2.08298072e-01
2.38060057e-01
1.96544722e-01
1.99492365e-01
2.19538897e-01
2.26440862e-01
1.99276313e-01
2.31298655e-01
2.50068933e-01
1.94060802e-01
2.05905840e-01
2.35568851e-01
2.56097466e-01
2.40714878e-01
2.96942830e-01
2.20936358e-01
2.52976626e-01
2.36810938e-01
2.33050719e-01
2.69961447e-01
2.07643971e-01
2.04340547e-01
2.47762591e-01
2.43320107e-01
2.45546147e-01
2.38537237e-01
2.78689921e-01
2.66380191e-01
2.57463038e-01
2.61475921e-01
2.71302551e-01
2.28081360e-01
2.27260545e-01
2.05918118e-01
1.88788056e-01
2.10546374e-01
2.02414081e-01
2.07137465e-01
2.06433535e-01
2.48876750e-01
2.09353417e-01
2.00686321e-01
2.66659945e-01
1.94539681e-01
2.33363703e-01
2.41324946e-01
2.69293696e-01
2.68773228e-01
3.24295938e-01
2.90030360e-01
2.56151497e-01
2.88119107e-01
2.61204958e-01
2.29534730e-01
2.70599127e-01
2.42229328e-01
2.61006862e-01
3.51552010e-01
3.40508997e-01
3.24462086e-01
2.87823617e-01
2.67481536e-01
2.72460818e-01
2.79694080e-01
2.69768953e-01
2.58671016e-01
2.04906613e-01
2.10988984e-01
2.10557058e-01
2.14075476e-01
2.40304947e-01
2.55022556e-01
2.11696997e-01
2.22561851e-01
2.05093533e-01
2.10949928e-01
2.37781197e-01
2.24679932e-01
2.02341095e-01
2.33159557e-01
2.68762201e-01
2.35001549e-01
1.92321718e-01
2.42753774e-01
2.61236668e-01
2.69504875e-01
2.35941112e-01
2.13461772e-01
2.30856568e-01
1.75880656e-01
2.06092268e-01
1.88625872e-01
2.33819202e-01
2.30343610e-01
1.87653303e-01
2.02627823e-01
2.30922550e-01
2.14476839e-01
2.13851601e-01
2.22242013e-01
2.65115291e-01
2.60516524e-01
2.49844253e-01
2.21347585e-01
2.06301853e-01
2.28538722e-01
2.19165131e-01
2.06818402e-01
2.58885682e-01
2.01887235e-01
2.27233157e-01
2.46620506e-01
2.24435166e-01
2.52003998e-01
2.29308531e-01
2.16199011e-01
2.12418973e-01
2.15246886e-01
2.28113100e-01
2.24079281e-01
2.30190262e-01
2.02689633e-01
2.64303148e-01
2.20786050e-01
2.24709988e-01
2.40076184e-01
2.34803289e-01
2.06222370e-01
2.10479915e-01
1.87559560e-01
2.04242006e-01
1.90741956e-01
1.71015903e-01
2.40495905e-01
2.36233249e-01
1.82315469e-01
2.12531939e-01
2.47036293e-01
2.10939497e-01
2.33552128e-01
2.27723077e-01
2.25712270e-01
2.25621119e-01
1.96481079e-01
1.83123663e-01
2.00164184e-01
1.96704432e-01
2.21010402e-01
1.84397951e-01
1.92123771e-01
2.13176504e-01
1.90110356e-01
1.78888112e-01
1.90696701e-01
1.95433155e-01
1.98326588e-01
2.60694027e-01
2.13510066e-01
2.33931646e-01
2.29677275e-01
2.15062410e-01
2.16868177e-01
2.12258384e-01
2.10625604e-01
2.02425122e-01
1.99145272e-01
2.15436131e-01
2.44112581e-01
2.38812581e-01
2.09462583e-01
2.25708872e-01
2.07881674e-01
1.74365327e-01
2.07782671e-01
2.39269078e-01
2.31864572e-01
1.90374106e-01
2.07757086e-01
2.00317368e-01
1.90099299e-01
1.97184861e-01
1.73031077e-01
1.77524596e-01
1.76642075e-01
1.93086147e-01
1.90533891e-01
1.96658626e-01
2.11973220e-01
1.79464087e-01
1.71961084e-01
1.98475793e-01
2.05661312e-01
2.08117560e-01
1.90786734e-01
2.27366939e-01
2.14918807e-01
1.91339359e-01
2.06306517e-01
1.86653703e-01
2.10136294e-01
2.23409608e-01
2.16601476e-01
1.84270948e-01
1.89224988e-01
1.94697902e-01
1.94889292e-01
2.01491654e-01
1.72419548e-01
2.22019091e-01
2.06773996e-01
1.81924760e-01
2.02339813e-01
1.79432154e-01
2.11426973e-01
1.98241875e-01
1.73580557e-01
1.75764546e-01
1.91597417e-01
1.77937701e-01
2.18757316e-01
2.17854470e-01
1.83466345e-01
2.22489119e-01
1.81881800e-01
1.85997456e-01
1.86324701e-01
2.08855912e-01
2.01833546e-01
1.93023413e-01
1.83318779e-01
1.93503723e-01
1.95295975e-01
1.96718857e-01
1.99076295e-01
2.06291810e-01
1.90744683e-01
1.86780602e-01
2.16205508e-01
1.79656312e-01
1.89865246e-01
2.00079829e-01
2.28954121e-01
2.06314981e-01
1.97034121e-01
1.95738792e-01
1.88612938e-01
1.79741964e-01
1.90854743e-01
1.73703775e-01
1.59563214e-01
1.89113602e-01
2.05539659e-01
1.82562634e-01
2.15241522e-01
1.60506859e-01
1.71481624e-01
1.78889111e-01
2.15736747e-01
2.54016221e-01
1.79086745e-01
1.84195355e-01
1.79157987e-01
1.92491159e-01
2.17581242e-01
2.04488143e-01
1.91327676e-01
1.71002045e-01
1.81799307e-01
1.97437957e-01
1.81417823e-01
1.91402465e-01
2.02911034e-01
1.94756791e-01
1.74073607e-01
1.84058234e-01
1.98621973e-01
1.94306463e-01
2.09536970e-01
2.97674149e-01
3.19421530e-01
3.38005602e-01
3.25162470e-01
2.85311729e-01
3.39698225e-01
3.07268858e-01
2.43260309e-01
1.88500971e-01
2.32700840e-01
1.91573277e-01
1.80619508e-01
2.23124027e-01
1.73308998e-01
1.73754960e-01
1.77352428e-01
1.70122787e-01
2.10145742e-01
1.82820424e-01
1.67872667e-01
1.91812068e-01
2.99423903e-01
4.37363505e-01
4.25900102e-01
4.26022232e-01
3.03147465e-01
2.41025895e-01
2.55397290e-01
2.77610481e-01
2.03363180e-01
2.11782545e-01
2.29595065e-01
1.78350151e-01
1.92137092e-01
2.17422992e-01
1.95913538e-01
2.01135918e-01
1.91543490e-01
2.05071896e-01
2.02967256e-01
2.01507211e-01
2.23911911e-01
2.06478938e-01
1.91542327e-01
2.01838255e-01
2.54412204e-01
3.37110907e-01
3.60959858e-01
3.66435140e-01
2.46552378e-01
1.66728929e-01
1.99198887e-01
2.25595132e-01
2.12319180e-01
2.48961881e-01
2.51927674e-01
2.17749566e-01
1.90728530e-01
1.85777545e-01
2.21995994e-01
3.31434876e-01
3.41307431e-01
4.48482215e-01
3.31032008e-01
2.24334091e-01
1.91265821e-01
2.09952757e-01
2.06055313e-01
1.76688313e-01
1.68390289e-01
1.94282949e-01
2.17660397e-01
2.02021077e-01
1.95271492e-01
2.05369174e-01
2.01530859e-01
2.14300513e-01
3.39792937e-01
3.32563609e-01
3.57237130e-01
2.95476198e-01
2.18210161e-01
2.00799868e-01
1.87095582e-01
1.64195254e-01
1.77036479e-01
2.01452613e-01
2.04724967e-01
1.71292171e-01
1.67948127e-01
1.87085479e-01
2.24164546e-01
2.19953269e-01
1.91847801e-01
1.66266873e-01
1.90052688e-01
2.15637058e-01
2.64894575e-01
2.66869336e-01
2.30464339e-01
2.02239946e-01
1.77583143e-01
1.83993191e-01
1.92411050e-01
2.06215635e-01
1.64164215e-01
1.88050538e-01
2.06779703e-01
1.94777623e-01
1.57020435e-01
1.73056945e-01
2.22251132e-01
1.59665987e-01
1.66846871e-01
1.80556461e-01
1.71972901e-01
1.57886371e-01
1.95494503e-01
1.86462998e-01
1.85948938e-01
2.11897135e-01
1.63931161e-01
1.73174918e-01
2.13331744e-01
1.73638970e-01
1.60574302e-01
1.79100424e-01
1.97383955e-01
1.73025325e-01
1.66000754e-01
1.57331377e-01
1.44445807e-01
1.72739759e-01
1.78512603e-01
1.58469751e-01
2.01749846e-01
2.20217317e-01
1.85255557e-01
1.74753115e-01
1.96745008e-01
2.00067624e-01
2.04141781e-01
1.76101997e-01
2.00284913e-01
1.96462482e-01
2.03939691e-01
1.93299815e-01
1.59381241e-01
1.60137594e-01
1.88535348e-01
1.87492862e-01
1.84709728e-01
1.99057639e-01
2.09187403e-01
1.52118728e-01
1.68973371e-01
2.07906604e-01
1.58792615e-01
1.61547780e-01
1.67845994e-01
1.80574760e-01
1.93896547e-01
1.72052369e-01
1.54015735e-01
1.81138277e-01
1.98607013e-01
2.02058658e-01
2.39029229e-01
3.02018404e-01
2.59896427e-01
2.45929763e-01
2.33399987e-01
2.15932116e-01
1.67465419e-01
1.60360008e-01
1.62797675e-01
1.86385810e-01
2.01353610e-01
1.78415865e-01
1.69326127e-01
1.74592793e-01
1.56378895e-01
1.46861032e-01
1.59894153e-01
1.51117325e-01
2.22214893e-01
1.68404445e-01
1.90708831e-01
1.79107457e-01
1.74830452e-01
1.62629619e-01
1.70214280e-01
1.58156946e-01
1.77137598e-01
1.92605779e-01
2.08547324e-01
2.32039779e-01
2.14212790e-01
1.80832013e-01
1.74567387e-01
1.59934625e-01
1.77666053e-01
1.92810401e-01
1.89229041e-01
1.70319453e-01
1.72808960e-01
1.68649524e-01
1.47541583e-01
1.53328583e-01
1.86290950e-01
3.11530530e-01
3.50338936e-01
3.98087353e-01
3.81348133e-01
4.75176901e-01
4.44731802e-01
3.60079288e-01
3.78734678e-01
3.69236618e-01
3.24412256e-01
3.08596551e-01
2.33289942e-01
2.10521683e-01
1.91174105e-01
1.91133037e-01
2.15203136e-01
1.94972560e-01
2.82938480e-01
2.75536507e-01
3.08393180e-01
2.52771050e-01
2.85131902e-01
2.04223812e-01
1.85239851e-01
1.83444321e-01
1.98418275e-01
2.24104688e-01
2.30658293e-01
1.75635025e-01
1.98594674e-01
1.92967102e-01
1.85834065e-01
2.35326111e-01
1.99811563e-01
1.64073423e-01
1.82932347e-01
1.83973238e-01
1.90315157e-01
2.41335735e-01
2.11435661e-01
2.10165709e-01
1.79946840e-01
1.55687198e-01
1.66438714e-01
1.67422101e-01
1.82949275e-01
1.60055161e-01
2.02804536e-01
1.56204626e-01
1.90905705e-01
2.15404749e-01
1.74607590e-01
1.85938105e-01
1.77992195e-01
2.01528668e-01
1.62427530e-01
1.57766461e-01
1.78909019e-01
1.53804183e-01
1.92552194e-01
1.85122058e-01
1.55451030e-01
1.78011924e-01
2.00241089e-01
2.14218438e-01
2.98719972e-01
3.52878481e-01
3.54305089e-01
3.74902010e-01
3.86185318e-01
3.21023643e-01
2.27207199e-01
2.05263123e-01
1.95058703e-01
2.01306418e-01
1.90207332e-01
1.86749160e-01
1.61227047e-01
1.59862712e-01
1.54799521e-01
1.85890347e-01
1.71384811e-01
1.61688641e-01
1.55200198e-01
1.65707126e-01
2.03380972e-01
3.99035037e-01
5.53079069e-01
7.45510936e-01
6.74703181e-01
5.02306044e-01
4.02747124e-01
3.15562040e-01
2.86746621e-01
2.22174227e-01
1.99020937e-01
1.68357462e-01
1.85540855e-01
1.97818816e-01
1.80459797e-01
1.84125692e-01
2.18494728e-01
1.54849738e-01
1.93526670e-01
2.40120411e-01
2.31918231e-01
2.38645092e-01
1.68905139e-01
1.71334803e-01
1.71848536e-01
2.35561714e-01
3.80914509e-01
4.56181765e-01
3.21788251e-01
2.09911898e-01
1.65982306e-01
2.32066721e-01
1.80148467e-01
1.75060123e-01
2.30465189e-01
2.35557824e-01
2.34045938e-01
1.92417398e-01
1.79545224e-01
1.91326484e-01
2.48007074e-01
3.83421928e-01
4.20243531e-01
3.80570650e-01
2.86159486e-01
1.93284467e-01
1.56880453e-01
1.68151870e-01
1.63104326e-01
1.71639740e-01
1.66619748e-01
1.85119644e-01
1.95759267e-01
2.01629892e-01
1.86866447e-01
1.91443667e-01
1.57119393e-01
1.77534521e-01
2.86147594e-01
3.89343232e-01
4.01646942e-01
3.16397876e-01
2.82742977e-01
3.09478283e-01
2.98224568e-01
2.45328739e-01
1.85223520e-01
2.39207044e-01
2.44639844e-01
2.43557647e-01
2.31783032e-01
2.20805466e-01
1.87229514e-01
2.05296919e-01
2.60265648e-01
2.20463067e-01
1.71252280e-01
2.04587713e-01
2.24021196e-01
2.61863589e-01
2.92349398e-01
2.14578688e-01
1.87744841e-01
1.87858731e-01
1.76118582e-01
1.86765268e-01
1.66787386e-01
1.75233126e-01
2.01887026e-01
1.72070578e-01
1.86935768e-01
2.93057442e-01
5.86674750e-01
5.59609592e-01
4.36467737e-01
3.56751531e-01
2.63360023e-01
2.77475923e-01
2.51273632e-01
2.18622401e-01
1.72248751e-01
2.62540102e-01
2.25307941e-01
2.10431665e-01
1.87442183e-01
2.08380029e-01
1.65029213e-01
1.58124790e-01
1.50153220e-01
1.53459340e-01
1.79373622e-01
2.03836814e-01
2.06449986e-01
2.01975361e-01
1.89006031e-01
1.91857263e-01
1.94947988e-01
1.75398126e-01
2.20379665e-01
3.15983534e-01
1.12027395e+00
8.43976915e-01
4.14850563e-01
2.45760202e-01
1.79357678e-01
2.14797750e-01
1.52398124e-01
1.86535731e-01
2.51618534e-01
2.58660197e-01
2.33837560e-01
2.10007608e-01
1.68935940e-01
1.62789702e-01
2.03915372e-01
4.43762481e-01
4.50599611e-01
4.77160543e-01
3.67006272e-01
2.08594695e-01
1.72906920e-01
2.17425093e-01
1.70090467e-01
1.62960634e-01
1.74965784e-01
2.38761351e-01
6.06951654e-01
3.82152289e-01
3.27556014e-01
1.99320257e-01
2.11835772e-01
2.21370697e-01
3.81258994e-01
5.76083481e-01
5.41034043e-01
4.88651723e-01
2.68367141e-01
1.83902889e-01
1.59499913e-01
1.73864692e-01
1.87465996e-01
1.86476961e-01
1.75125554e-01
2.11186737e-01
1.80727229e-01
1.41258448e-01
1.55333057e-01
1.77619338e-01
2.38474041e-01
2.31866568e-01
1.55012697e-01
1.76852942e-01
2.04082504e-01
2.39949793e-01
2.51531780e-01
2.19719842e-01
1.77793041e-01
1.95153162e-01
1.63750991e-01
1.52597263e-01
1.92205042e-01
1.47774041e-01
1.80622846e-01
1.48490235e-01
1.68274224e-01
1.42837942e-01
1.47295028e-01
1.82788834e-01
1.57684252e-01
1.78153306e-01
1.63051561e-01
1.80253133e-01
1.71896026e-01
1.27984866e-01
1.53613150e-01
2.16262326e-01
2.02286884e-01
1.70186073e-01
1.56196281e-01
1.65981323e-01
1.55168816e-01
1.67012915e-01
1.94003657e-01
2.06589222e-01
1.51297778e-01
1.43113002e-01
1.33375242e-01
1.53277770e-01
1.33296877e-01
1.42249539e-01
1.61511004e-01
1.57854617e-01
1.53245255e-01
1.75678492e-01
1.61917210e-01
1.57380193e-01
1.43201023e-01
1.49516910e-01
1.63316652e-01
1.71637535e-01
1.66949481e-01
1.45748243e-01
1.57279685e-01
1.74904585e-01
1.46141574e-01
1.95754439e-01
1.39112875e-01
1.39617309e-01
1.59096703e-01
1.72232479e-01
1.42950028e-01
1.33831576e-01
1.39889523e-01
1.37511894e-01
1.87022522e-01
1.46776125e-01
1.47750169e-01
1.58204332e-01
1.55311480e-01
1.63433343e-01
1.51630089e-01
1.67558044e-01
1.46720797e-01
1.56196728e-01
1.43599913e-01
1.96149334e-01
1.81084156e-01
1.87633693e-01
1.92728713e-01
1.67668179e-01
1.39219627e-01
1.46047622e-01
1.42737985e-01
1.56227365e-01
1.42034814e-01
1.55680105e-01
1.35546759e-01
1.54063538e-01
1.31208315e-01
1.31998867e-01
1.34987533e-01
1.55147582e-01
1.66363433e-01
1.66804925e-01
1.51964545e-01
1.44970313e-01
1.61228061e-01
1.31606430e-01
1.27375141e-01
1.40954882e-01
1.59449667e-01
1.61311418e-01
1.58453390e-01
1.70143455e-01
1.51970461e-01
1.37422040e-01
1.74811691e-01
1.39979899e-01
1.63311899e-01
2.13119343e-01
1.50333822e-01
1.25451192e-01
1.38549507e-01
1.27729058e-01
1.33820891e-01
1.48695365e-01
1.42015427e-01
1.81480944e-01
2.21641555e-01
3.14818084e-01
3.13134402e-01
2.77149647e-01
3.07911098e-01
4.01184589e-01
3.65444213e-01
3.38480413e-01
2.43540734e-01
2.61832297e-01
4.14577276e-01
5.49812615e-01
3.61460596e-01
2.94299483e-01
1.76200718e-01
1.44249871e-01
1.87212959e-01
2.59211957e-01
2.86147833e-01
1.66973457e-01
1.51154235e-01
1.31492496e-01
1.24684423e-01
1.65518835e-01
1.73351854e-01
1.41982719e-01
1.52281046e-01
1.36350930e-01
1.81456253e-01
1.52888894e-01
1.44346640e-01
1.47549346e-01
1.74542502e-01
3.98742378e-01
6.82242751e-01
8.48941445e-01
6.80811822e-01
5.92064619e-01
3.76207441e-01
3.57756376e-01
3.55121285e-01
2.64360011e-01
1.58170879e-01
1.56894758e-01
2.25569725e-01
2.08325535e-01
2.20833316e-01
1.86794892e-01
2.19760105e-01
1.31998986e-01
1.40247345e-01
1.37304068e-01
1.43551022e-01
2.09087297e-01
2.74551570e-01
2.62017161e-01
2.36934587e-01
1.90010473e-01
1.32214934e-01
1.51219323e-01
1.30402669e-01
2.01663926e-01
4.51868951e-01
7.88789630e-01
6.40083969e-01
5.43925345e-01
2.62506515e-01
1.48143604e-01
1.60534889e-01
1.52640536e-01
1.90666199e-01
3.59710008e-01
2.95047581e-01
2.79373169e-01
1.80351377e-01
1.48848966e-01
1.46026403e-01
1.90281466e-01
4.28059101e-01
7.97384202e-01
6.50756419e-01
6.28806829e-01
2.64766842e-01
1.47244513e-01
1.33772090e-01
2.26595357e-01
2.08850235e-01
1.53867885e-01
1.85031533e-01
2.42929816e-01
2.63147503e-01
3.22281063e-01
2.02050403e-01
1.80525705e-01
1.25359401e-01
1.77867934e-01
4.62184280e-01
5.23876965e-01
5.93994677e-01
3.94672930e-01
2.48818994e-01
1.55269489e-01
1.47906408e-01
1.82662472e-01
1.81489423e-01
1.21435061e-01
1.44221842e-01
1.53470829e-01
1.34737611e-01
1.57218188e-01
2.06263736e-01
2.47328252e-01
2.55112648e-01
1.84377015e-01
1.49885550e-01
1.51675999e-01
2.32948571e-01
3.05500388e-01
3.89269531e-01
2.64713913e-01
2.07100257e-01
1.22134812e-01
1.38204977e-01
1.51628092e-01
1.40344948e-01
1.59412622e-01
1.33340254e-01
1.40264094e-01
1.47656873e-01
1.38970688e-01
1.53309211e-01
1.48625731e-01
1.26931995e-01
1.35173291e-01
1.64652795e-01
1.71487734e-01
1.68741092e-01
1.63912624e-01
1.97667435e-01
2.63360262e-01
2.25250900e-01
2.15643108e-01
1.65480033e-01
1.41722724e-01
1.25130922e-01
1.53444707e-01
1.49834186e-01
1.37047559e-01
1.19039044e-01
1.40414134e-01
1.32435873e-01
1.46375120e-01
1.45245954e-01
1.47739872e-01
1.44424349e-01
1.22393608e-01
1.41622290e-01
1.42366141e-01
1.47915825e-01
1.61711752e-01
1.37667626e-01
1.60179138e-01
1.51140600e-01
1.55901849e-01
1.62076533e-01
1.38171971e-01
1.79090381e-01
1.31764710e-01
1.29528731e-01
1.43518403e-01
1.44317001e-01
1.90917760e-01
1.55922756e-01
1.38768777e-01
1.54880539e-01
1.71843663e-01
2.00295910e-01
2.17339888e-01
2.37252459e-01
3.01429480e-01
2.39148870e-01
2.70348072e-01
3.09599698e-01
2.26876140e-01
2.25979745e-01
1.77567378e-01
1.78371802e-01
1.94947392e-01
1.61495939e-01
1.64746314e-01
1.95046976e-01
2.26524800e-01
2.64487535e-01
2.41580546e-01
2.44692191e-01
2.98683643e-01
2.61127055e-01
2.36139178e-01
2.29753181e-01
2.55442739e-01
2.67054856e-01
2.69669384e-01
2.30981722e-01
2.14848101e-01
1.91652328e-01
1.71208709e-01
1.94155559e-01
1.60860509e-01
1.59094930e-01
1.56758815e-01
1.66137531e-01
1.62047416e-01
1.40673608e-01
1.40762523e-01
1.38690740e-01
1.33330539e-01
1.52029157e-01
1.48331493e-01
1.40512258e-01
1.53083757e-01
1.35627642e-01
1.33347735e-01
1.18950583e-01
1.18385136e-01
1.52158692e-01
1.27391785e-01
1.31134406e-01
1.27289146e-01
1.29514128e-01
1.31032825e-01
1.62493259e-01
1.18800938e-01
1.16246194e-01
1.28607258e-01
1.15779884e-01
1.21627592e-01
1.55435294e-01
1.56969637e-01
1.35887757e-01
1.29903004e-01
1.31283313e-01
1.43863782e-01
1.48156419e-01
1.23685800e-01
1.71598822e-01
2.95367599e-01
4.47987288e-01
4.78197217e-01
4.99005616e-01
4.70021486e-01
5.57469904e-01
5.37490666e-01
4.29283798e-01
3.14454317e-01
6.10289395e-01
5.91515183e-01
5.25522351e-01
4.04626876e-01
2.03879252e-01
1.47890404e-01
2.18984514e-01
2.80366778e-01
2.23114058e-01
2.43939608e-01
1.43489227e-01
1.16914906e-01
1.31381214e-01
1.22267544e-01
1.27064094e-01
1.37601629e-01
1.52297437e-01
1.35884091e-01
1.40242547e-01
1.12233162e-01
1.51173517e-01
1.72121644e-01
1.38527960e-01
4.05426145e-01
8.61842096e-01
1.35635602e+00
8.94896507e-01
9.85877097e-01
4.69209254e-01
5.10520995e-01
5.23380160e-01
3.54716718e-01
2.92730004e-01
1.47123873e-01
1.46093652e-01
1.83241740e-01
2.62780607e-01
2.27471039e-01
1.92270055e-01
1.52804375e-01
1.35529965e-01
1.29316732e-01
1.33533806e-01
1.61310807e-01
2.83456832e-01
3.95581365e-01
3.03322971e-01
2.60088384e-01
1.77235082e-01
1.13549687e-01
1.12898275e-01
1.35640383e-01
3.10903907e-01
6.05650067e-01
1.02434456e+00
7.03554451e-01
5.47184050e-01
2.12947026e-01
1.45966649e-01
1.46801472e-01
1.60021663e-01
2.86871076e-01
4.51131761e-01
4.12125289e-01
3.31469089e-01
2.09463567e-01
1.45264119e-01
1.20128497e-01
1.92111090e-01
5.50289929e-01
1.06333840e+00
1.00408542e+00
8.68467629e-01
4.21434432e-01
1.40394807e-01
1.61810413e-01
1.25863671e-01
1.38132900e-01
1.46279797e-01
1.19370952e-01
1.75283104e-01
3.54531527e-01
3.86666834e-01
3.16947907e-01
2.81541884e-01
1.54846877e-01
1.32965520e-01
2.06711799e-01
6.07785165e-01
8.45799267e-01
6.87003255e-01
5.89027703e-01
2.47541144e-01
1.44861862e-01
1.11365631e-01
1.27145365e-01
1.68862462e-01
1.25414744e-01
1.24185584e-01
1.41906664e-01
1.41003504e-01
1.25156611e-01
1.53464913e-01
2.94756860e-01
3.94940466e-01
2.50240266e-01
2.18029678e-01
1.71144649e-01
2.21458554e-01
4.03749555e-01
5.44191420e-01
4.23543423e-01
