9.76666832e+00
6.27589655e+00
4.69552469e+00
6.75895834e+00
1.69961510e+01
1.08086338e+01
5.42252183e-01
8.62099075e+00
7.61774588e+00
1.14620066e+01
5.83977127e+00
3.23712230e+00
8.15614128e+00
6.26837254e+00
1.08962727e+01
5.13347101e+00
5.98542786e+00
6.53340149e+00
5.53484631e+00
8.01268196e+00
2.36889911e+00
-6.95031047e-01
6.07315588e+00
4.19796038e+00
8.65626621e+00
1.44436569e+01
6.59996176e+00
5.00937271e+00
6.68363285e+00
3.17375493e+00
5.01139832e+00
7.98318481e+00
4.84970272e-01
1.00267582e+01
3.71472096e+00
3.03542018e+00
3.44785547e+00
5.31523228e-02
4.29884386e+00
9.06094837e+00
4.79594898e+00
6.88197327e+00
4.45227098e+00
4.65517330e+00
9.87698746e+00
1.51735258e+00
5.31166697e+00
5.37535429e+00
5.05916500e+00
4.46671009e+00
2.74161196e+00
1.81798708e+00
4.88500506e-01
9.62737465e+00
4.65590429e+00
5.91403723e+00
8.38341427e+00
6.90286732e+00
7.67001438e+00
1.51207960e+00
1.80998778e+00
6.60784769e+00
5.83787012e+00
-1.18679082e+00
2.18625975e+00
7.46035099e+00
1.37740116e+01
5.76378155e+00
2.56457949e+00
9.14767361e+00
5.26195192e+00
4.24902964e+00
5.51435566e+00
6.64713764e+00
6.25890923e+00
1.79952848e+00
5.34331417e+00
1.04834166e+01
1.30968142e+01
9.88746452e+00
7.80887127e+00
6.44405746e+00
5.85960245e+00
3.75597382e+00
6.42135143e+00
7.82157755e+00
5.55441904e+00
1.09868078e+01
2.31197119e-01
1.12972393e+01
1.15491838e+01
4.41887999e+00
7.66047668e+00
4.24152994e+00
7.05399799e+00
3.69576716e+00
7.34315968e+00
6.35441685e+00
3.10179090e+00
9.86278629e+00
6.09417439e+00
6.80338669e+00
5.83916855e+00
4.17659092e+00
7.57450771e+00
6.40429926e+00
8.90010452e+00
8.03490829e+00
6.38900518e+00
2.94810653e+00
2.64445758e+00
7.20990753e+00
1.08922148e+01
5.81143284e+00
2.41036415e+00
-1.18152380e+00
5.96545887e+00
7.30510044e+00
5.46459675e+00
5.29439449e+00
6.33557224e+00
2.73899364e+00
3.92617559e+00
7.83995295e+00
-3.03598225e-01
1.49157467e+01
1.24374561e+01
7.24653339e+00
9.82294750e+00
4.82290030e+00
2.25459170e+00
2.58987093e+00
6.70995951e+00
9.38216877e+00
3.30944490e+00
-7.59905219e-01
5.61142588e+00
1.00947781e+01
8.69279194e+00
1.06194191e+01
9.94130898e+00
7.19589520e+00
-5.94025373e-01
6.68592453e+00
7.63528347e+00
5.11232567e+00
5.29152775e+00
5.99969816e+00
4.83407640e+00
7.92194271e+00
3.48312902e+00
2.95572460e-01
6.57220936e+00
8.02232933e+00
6.52235270e+00
1.04053593e+01
8.65545273e+00
8.83929729e+00
1.51855116e+01
8.87808132e+00
4.07893276e+00
3.61185408e+00
2.25372005e+00
3.93929660e-01
5.99579144e+00
3.45873952e+00
5.83847046e+00
5.45427322e+00
3.07041121e+00
6.80075169e+00
7.46180630e+00
7.12675619e+00
8.41336155e+00
6.13018703e+00
8.63969231e+00
7.45555401e+00
3.65509868e+00
8.23854256e+00
1.21569080e+01
2.62531400e+00
3.45870209e+00
1.75686193e+00
-7.79491282e+00
7.33891058e+00
4.92598438e+00
6.15910435e+00
6.99494648e+00
2.02755284e+00
3.72443724e+00
1.02521000e+01
4.00691891e+00
8.72068763e-01
3.28021860e+00
5.28969955e+00
4.99772692e+00
5.75107479e+00
1.66645372e+00
5.22927475e+00
5.81541872e+00
3.14231110e+00
5.65759599e-01
3.35283232e+00
8.94655418e+00
-3.79890293e-01
1.83131409e+00
5.59645462e+00
8.50943947e+00
6.63387680e+00
3.12111306e+00
3.06322718e+00
6.63392258e+00
6.98914051e+00
7.65513134e+00
-1.80791354e+00
1.02858198e+00
7.14870739e+00
8.01045704e+00
8.14487076e+00
5.36422825e+00
1.84608787e-01
6.92456532e+00
7.03319788e+00
8.36020565e+00
1.11053181e+01
8.28475571e+00
3.74137831e+00
6.69107437e+00
1.63835106e+01
1.36480103e+01
3.96421099e+00
3.86143184e+00
5.03633785e+00
4.87252235e+00
9.51127720e+00
1.05275240e+01
7.70668888e+00
8.15085411e+00
6.14360952e+00
1.12336035e+01
1.43880844e+01
7.07924509e+00
1.52545071e+00
2.97208095e+00
-9.55146194e-01
1.07350273e+01
3.87488699e+00
6.72399998e+00
1.37399626e+01
5.18397141e+00
7.23315954e+00
6.57133007e+00
4.62361431e+00
9.59830761e+00
5.61170053e+00
4.20870686e+00
2.73876143e+00
4.38568640e+00
1.08925285e+01
1.08919487e+01
8.18033409e+00
5.64354181e+00
6.44012165e+00
1.26704464e+01
7.29595327e+00
8.14320946e+00
6.31289625e+00
4.94657087e+00
1.07258806e+01
5.64779329e+00
5.25699377e+00
9.20655251e+00
1.26889877e+01
7.04590225e+00
4.70933771e+00
5.27850962e+00
8.23374367e+00
9.00330830e+00
9.20247078e+00
6.96666861e+00
4.38734579e+00
3.98013639e+00
6.07964325e+00
8.05799961e+00
1.29312840e+01
6.68252707e+00
1.43188500e+00
1.08436413e+01
8.25073814e+00
5.38619328e+00
3.80629349e+00
4.71765900e+00
5.82500029e+00
6.88018894e+00
6.89422131e+00
7.86913443e+00
1.16709499e+01
7.37512970e+00
2.34005690e+00
1.19623508e+01
1.58776760e+00
3.97924471e+00
8.15042686e+00
3.46294260e+00
7.26588583e+00
9.61681008e-01
4.13654423e+00
5.82108068e+00
7.30109501e+00
8.37220573e+00
8.45412636e+00
3.56330538e+00
4.42913389e+00
1.86306977e+00
1.90750980e+00
8.23476219e+00
7.01260471e+00
3.39189982e+00
1.33100569e+00
-4.43787479e+00
1.21274352e+00
1.32529240e+01
2.25199175e+00
1.10429955e+01
8.07065010e+00
8.25148773e+00
8.45300102e+00
5.83763361e+00
7.01226568e+00
4.89180756e+00
6.72980213e+00
6.74835682e+00
3.62630963e+00
4.74644709e+00
3.37138104e+00
1.45410156e+00
-1.11837697e+00
-2.97277063e-01
3.80982256e+00
6.39002323e+00
2.73016024e+00
1.62131083e+00
9.23872375e+00
9.31851959e+00
2.17257595e+00
5.09953785e+00
1.44288850e+00
8.34152031e+00
4.39036846e+00
5.31222534e+00
4.82181692e+00
3.32083440e+00
1.02668972e+01
7.06583118e+00
5.87023830e+00
9.66668892e+00
7.47003174e+00
4.95961094e+00
7.86838770e+00
2.17920947e+00
1.46891689e+00
1.30883574e+00
5.74102879e-01
3.64816737e+00
5.28319788e+00
8.00137901e+00
6.63490534e+00
2.98627305e+00
7.39900732e+00
1.18228617e+01
8.51193428e+00
6.67791080e+00
8.70622826e+00
7.62828588e+00
6.07039785e+00
8.47691917e+00
6.91051626e+00
6.19839907e+00
1.34406080e+01
9.50534344e+00
9.39356995e+00
1.04314165e+01
3.04749107e+00
7.13798237e+00
9.09918213e+00
8.32276344e+00
3.85548782e+00
6.17581081e+00
6.89373684e+00
7.62186193e+00
5.91666412e+00
1.08349056e+01
1.50755157e+01
7.39018488e+00
7.26614904e+00
1.02271700e+01
1.40820560e+01
1.03991718e+01
7.03898859e+00
6.94258785e+00
1.02536983e+01
6.18264437e+00
6.08881283e+00
1.20726004e+01
1.49994984e+01
8.01022243e+00
8.09867859e+00
8.55853939e+00
8.21518517e+00
8.22569466e+00
3.90706968e+00
7.15158081e+00
8.10389614e+00
1.16121960e+01
7.54504395e+00
7.46215057e+00
7.76420975e+00
5.15142727e+00
9.33202076e+00
8.77125645e+00
9.40506172e+00
9.67046928e+00
8.22605801e+00
1.09515228e+01
5.80791283e+00
7.65554905e+00
8.82434654e+00
1.13369427e+01
9.57581234e+00
7.69305420e+00
1.24488449e+01
8.73179913e+00
7.25429535e+00
3.58841825e+00
5.43889904e+00
1.30151463e+01
8.04592800e+00
1.14418287e+01
1.12706909e+01
1.03549213e+01
1.15724964e+01
1.10948524e+01
1.08488979e+01
1.10778990e+01
8.99642467e+00
8.26862907e+00
1.01618814e+01
1.06228180e+01
3.69034076e+00
6.26138401e+00
1.38527431e+01
9.76655388e+00
7.99244213e+00
1.15797520e+01
8.60819817e+00
1.12227564e+01
9.85770512e+00
1.03425884e+01
8.41862297e+00
5.38080692e+00
3.52461624e+00
4.72899485e+00
1.19626198e+01
1.45933256e+01
1.19058361e+01
8.65878010e+00
1.17088041e+01
9.02910614e+00
9.72348213e+00
6.26289845e+00
5.78134918e+00
8.78613853e+00
9.02819252e+00
9.01269722e+00
8.77273846e+00
1.13409653e+01
1.10760622e+01
6.77502537e+00
8.91902447e+00
1.19293432e+01
6.27485657e+00
6.61085987e+00
1.03542042e+01
5.23678303e+00
7.56262684e+00
8.40349197e+00
6.93850803e+00
1.01040926e+01
1.15583029e+01
1.06183071e+01
8.68240356e+00
5.62380600e+00
1.04494228e+01
8.86083794e+00
6.73908710e+00
7.72741556e+00
1.20487671e+01
8.16756630e+00
7.89933872e+00
1.21960592e+01
9.82406902e+00
3.59794760e+00
1.15886383e+01
9.42742920e+00
8.33019829e+00
9.20428562e+00
5.97907734e+00
1.14376650e+01
7.37838602e+00
1.02601824e+01
1.26895981e+01
8.81296349e+00
8.47992706e+00
9.71442223e+00
8.37943554e+00
7.28624344e+00
4.48664427e+00
7.52759647e+00
9.22116470e+00
6.98753500e+00
4.05552387e+00
8.38204193e+00
6.77647400e+00
3.88812518e+00
7.65473557e+00
8.61292076e+00
8.50459862e+00
3.35644913e+00
5.67238998e+00
7.70706081e+00
1.08459196e+01
1.26003618e+01
2.88943005e+00
2.76565504e+00
4.00142050e+00
5.46982384e+00
7.27018499e+00
6.74188709e+00
1.01684303e+01
7.61980295e+00
7.70894766e+00
6.81523371e+00
3.78802729e+00
5.07888174e+00
4.09176636e+00
5.50725985e+00
9.08325195e+00
8.98769188e+00
7.10491657e+00
1.05744848e+01
7.49010563e+00
8.20071316e+00
8.91312218e+00
8.67337704e+00
6.90562439e+00
8.10292244e+00
1.11202755e+01
5.94077730e+00
3.45577621e+00
4.63011074e+00
7.28379965e+00
7.51547623e+00
-4.13918972e-01
6.77617168e+00
4.99742413e+00
4.80739832e+00
6.14154148e+00
7.72933197e+00
8.57635880e+00
8.64776421e+00
3.30125999e+00
2.10349202e+00
4.17666435e+00
4.04865074e+00
2.40976858e+00
1.65558660e+00
3.87142372e+00
3.22851706e+00
4.82328606e+00
3.54595423e+00
1.69217145e+00
1.15193594e+00
2.22371626e+00
2.56437397e+00
7.70762920e-01
-1.91634023e+00
7.50117493e+00
8.05854702e+00
3.68933821e+00
-9.12329704e-02
1.38743207e-01
3.40956163e+00
-1.31611085e+00
4.84688282e+00
1.09464922e+01
7.08312750e+00
5.37646151e+00
6.33112812e+00
3.80282021e+00
4.29363346e+00
4.05018616e+00
4.69960308e+00
3.41674376e+00
5.45887947e+00
5.46064901e+00
3.33573151e+00
4.44379759e+00
6.25525188e+00
6.25026798e+00
5.55412769e+00
8.97081852e+00
8.05426979e+00
8.78810787e+00
6.36623001e+00
5.84795284e+00
5.94855022e+00
8.40803528e+00
1.42312469e+01
1.01052856e+01
7.33827591e+00
7.30683613e+00
5.40156412e+00
4.71980524e+00
5.69603586e+00
7.30583096e+00
7.96802139e+00
7.99199915e+00
6.65173817e+00
6.04388666e+00
8.15365028e+00
9.99043465e+00
1.17205114e+01
7.58987665e+00
2.96492076e+00
7.58894110e+00
1.11938734e+01
6.53337479e+00
8.02334690e+00
1.01231480e+01
6.90489101e+00
7.11931610e+00
9.21444321e+00
8.00815773e+00
6.90717983e+00
4.45468044e+00
5.69336939e+00
4.70092392e+00
7.33345795e+00
4.17420673e+00
7.91161871e+00
8.76914787e+00
3.77262497e+00
9.73638439e+00
5.15494108e+00
8.78291130e+00
7.54336834e+00
4.11021662e+00
7.10063314e+00
6.32867146e+00
9.26383686e+00
1.09019747e+01
1.11717587e+01
5.31992626e+00
5.15567017e+00
1.05967493e+01
1.42824478e+01
7.61676311e+00
7.00489521e+00
8.45997810e+00
1.13158207e+01
6.97897816e+00
8.14872932e+00
3.98730588e+00
3.64232135e+00
8.93763542e+00
8.18297005e+00
9.18632603e+00
8.92820072e+00
1.02185469e+01
9.60478020e+00
8.01806736e+00
5.49166870e+00
8.41753864e+00
6.63232517e+00
6.89811230e+00
6.83517838e+00
7.72815228e+00
1.17675400e+01
8.34451294e+00
1.13126030e+01
4.11183262e+00
6.56759930e+00
9.33500481e+00
7.81810141e+00
7.41573715e+00
1.14401817e+01
1.06047249e+01
9.35286903e+00
7.41816092e+00
8.11641312e+00
1.02564526e+01
9.00672150e+00
8.96122551e+00
1.19704905e+01
1.20160637e+01
8.69915485e+00
1.17473621e+01
1.16194706e+01
8.11136913e+00
5.05496311e+00
7.07549381e+00
5.78526068e+00
8.40348053e+00
1.01455526e+01
8.35693169e+00
6.86551285e+00
5.74697399e+00
6.95533085e+00
6.81733608e+00
8.88770485e+00
1.14098158e+01
1.12117491e+01
1.15400867e+01
9.23729897e+00
7.01696682e+00
7.17936325e+00
3.57853246e+00
8.13743401e+00
7.58711767e+00
6.01432562e+00
6.97387600e+00
1.11284103e+01
1.03296080e+01
1.04661093e+01
9.37566185e+00
7.93448496e+00
9.53807831e+00
1.17380266e+01
8.66969013e+00
5.93825245e+00
8.26576519e+00
1.02870436e+01
1.44459276e+01
8.80277061e+00
5.14691830e+00
4.36538410e+00
5.47653246e+00
9.26019859e+00
1.12935619e+01
8.78148842e+00
6.43818760e+00
8.13174915e+00
7.91322231e+00
7.49205256e+00
1.00949602e+01
1.02273693e+01
8.88606167e+00
7.60002899e+00
6.77120352e+00
8.63573360e+00
9.52782249e+00
7.73919201e+00
1.21318521e+01
9.37294865e+00
5.69205427e+00
9.23473358e+00
2.90187025e+00
9.88481903e+00
8.57940865e+00
1.17201128e+01
9.18779755e+00
7.80671835e+00
9.22512722e+00
8.45143223e+00
1.10460224e+01
4.09366322e+00
2.51478720e+00
9.61495209e+00
7.74640036e+00
1.03614750e+01
9.56348228e+00
9.23583031e+00
9.13159275e+00
9.79801941e+00
6.93032360e+00
1.02151041e+01
1.05471020e+01
7.25907993e+00
7.65646267e+00
7.02778149e+00
3.12803769e+00
8.54886818e+00
1.02884197e+01
6.39549446e+00
5.46502781e+00
8.86179543e+00
1.03672762e+01
5.23022318e+00
1.17058878e+01
8.68990517e+00
5.47507000e+00
1.37151155e+01
9.81729317e+00
6.72667170e+00
8.33201408e+00
7.53066111e+00
6.35949850e+00
1.17788925e+01
8.74878120e+00
9.98730183e+00
1.22213802e+01
6.33802319e+00
7.25831842e+00
1.31512089e+01
9.84628487e+00
8.10619640e+00
9.84978104e+00
1.20002222e+01
1.08656769e+01
1.21348534e+01
9.86233616e+00
8.55323029e+00
9.36011219e+00
1.00254564e+01
8.86546516e+00
1.08948565e+01
7.58232021e+00
7.78768826e+00
9.09302711e+00
1.02103319e+01
8.47069931e+00
8.56558609e+00
1.11820927e+01
8.06282043e+00
8.24790764e+00
7.07558346e+00
9.23919106e+00
1.01982222e+01
9.88144493e+00
6.58982754e+00
8.70321846e+00
6.12799168e+00
8.89154243e+00
1.16677799e+01
7.62489223e+00
9.30069637e+00
1.11951780e+01
1.04757223e+01
8.60547733e+00
9.85292339e+00
9.56095505e+00
6.57193613e+00
7.00456238e+00
8.19804573e+00
1.07851772e+01
8.77392864e+00
2.10385704e+00
1.03956699e+01
8.33384514e+00
9.52167606e+00
1.14345779e+01
9.12996864e+00
8.72574043e+00
3.16393733e+00
2.28514576e+00
7.51030254e+00
6.41108227e+00
4.98896980e+00
7.96205425e+00
7.74079132e+00
1.16177654e+01
9.34130859e+00
1.01898527e+01
9.29702759e+00
5.25292301e+00
4.20263815e+00
1.01057558e+01
8.85200024e+00
5.10156345e+00
6.81557369e+00
7.60735941e+00
7.63469172e+00
9.63147545e+00
8.02574348e+00
8.28186607e+00
1.05547647e+01
1.00789509e+01
8.27414894e+00
8.13545799e+00
6.34723663e+00
7.01461649e+00
9.05141735e+00
8.03930664e+00
6.91517019e+00
7.60481882e+00
5.46122456e+00
7.73289108e+00
9.85179329e+00
3.96684504e+00
6.66476154e+00
6.56172705e+00
1.05375357e+01
9.08317375e+00
7.66016912e+00
1.10022640e+01
4.97649908e+00
9.42217445e+00
1.15947304e+01
7.33284903e+00
6.63589716e+00
8.37352467e+00
7.61122370e+00
8.76551628e-01
5.28532219e+00
1.19276571e+01
9.57377434e+00
6.45892954e+00
4.78660679e+00
4.52882481e+00
9.56910133e+00
1.18375750e+01
8.52844334e+00
1.10799026e+01
7.94804096e+00
1.03308868e+01
9.10944557e+00
8.34132290e+00
7.03248072e+00
5.40435696e+00
1.05657034e+01
7.26960516e+00
7.44808054e+00
9.76498508e+00
5.85263348e+00
3.83529615e+00
8.98468971e+00
5.95281029e+00
5.20485592e+00
8.62543011e+00
8.94647026e+00
5.32271862e+00
8.22399712e+00
4.83083963e+00
5.17859316e+00
8.19125080e+00
7.68993092e+00
1.04752121e+01
1.08555698e+01
1.10128593e+01
8.11535645e+00
4.74420452e+00
5.58758736e+00
7.05646896e+00
9.54829979e+00
6.20473289e+00
8.12515354e+00
1.09658270e+01
1.03357449e+01
8.12000465e+00
6.21217823e+00
7.29912090e+00
3.41960788e+00
4.93658829e+00
9.39453125e+00
6.16712236e+00
5.75841427e+00
6.93852901e+00
3.59568071e+00
7.20829678e+00
1.03660898e+01
4.27142715e+00
8.55948353e+00
7.43255377e+00
6.76795959e+00
9.78737831e+00
8.43840408e+00
5.62536764e+00
1.51522188e+01
8.82991505e+00
6.48826218e+00
1.07021313e+01
1.03311481e+01
8.32079506e+00
7.99891758e+00
9.39666748e+00
8.45052338e+00
6.34348202e+00
6.26976919e+00
8.30755043e+00
7.99444485e+00
1.13674736e+01
6.02189159e+00
5.18651295e+00
7.20271397e+00
4.16270304e+00
9.24104118e+00
7.99307394e+00
4.86117268e+00
6.53040171e+00
1.14987507e+01
7.11001587e+00
1.11483555e+01
5.07028961e+00
4.04441500e+00
8.22511292e+00
6.55319834e+00
6.31008625e+00
5.00488806e+00
1.03276501e+01
9.22896385e+00
6.56440258e+00
5.30910873e+00
6.39809275e+00
7.69646978e+00
7.12674046e+00
6.23206806e+00
6.24267864e+00
5.07476330e+00
6.80231094e+00
3.63186312e+00
8.84271812e+00
7.45515537e+00
2.91681957e+00
8.73292542e+00
7.05976868e+00
3.94860387e+00
5.31050682e+00
5.16679239e+00
8.42354393e+00
9.27614880e+00
6.90117264e+00
5.91260242e+00
6.31537151e+00
5.90014172e+00
5.59508610e+00
6.81138134e+00
3.73426127e+00
4.53413343e+00
6.40597057e+00
5.11489201e+00
4.35138559e+00
8.02728939e+00
7.94568157e+00
2.11573696e+00
3.26800346e+00
4.14274120e+00
5.07722807e+00
3.60875511e+00
4.69440365e+00
7.25221729e+00
5.45297050e+00
5.24317741e+00
2.20906162e+00
1.15225959e+00
2.96871901e+00
2.80259681e+00
7.11697388e+00
1.08039112e+01
5.99887276e+00
2.96979856e+00
5.24071884e+00
5.18111420e+00
3.78759909e+00
3.29198313e+00
4.00765228e+00
4.23765564e+00
3.10822582e+00
1.01422477e+00
-5.91974616e-01
1.16107059e+00
4.89447975e+00
3.59621286e+00
5.72411537e+00
6.12612724e+00
3.12890387e+00
4.83812571e+00
4.39883947e+00
1.40494394e+00
5.81211948e+00
4.65244675e+00
2.47328234e+00
5.58139896e+00
6.55733204e+00
5.53126383e+00
8.33681107e+00
5.08567142e+00
6.18289471e+00
5.77583838e+00
3.94171023e+00
3.30725098e+00
7.09821320e+00
4.35602427e+00
6.58968735e+00
6.47900248e+00
5.07662725e+00
5.96565104e+00
2.93671012e+00
3.21171522e+00
3.02472830e+00
4.59699917e+00
4.71540976e+00
2.61071205e+00
7.84047699e+00
4.01344538e-01
3.36190677e+00
3.76524925e+00
4.97514963e+00
7.17488098e+00
7.00478506e+00
2.25338030e+00
3.78023267e+00
7.23891926e+00
7.63234997e+00
6.17345095e+00
6.41408253e+00
3.77223778e+00
6.16753721e+00
8.81781483e+00
4.89688158e+00
3.63165998e+00
3.66756868e+00
5.21854591e+00
3.50703621e+00
7.05056477e+00
9.18057346e+00
5.23858833e+00
4.95763350e+00
8.80626106e+00
1.08892117e+01
9.69564342e+00
8.53212547e+00
1.02554131e+01
5.84402037e+00
4.83923721e+00
9.13871193e+00
9.53650284e+00
6.21767330e+00
6.81895971e+00
5.30526829e+00
3.97336435e+00
7.94772434e+00
8.94099617e+00
6.90599823e+00
5.94538021e+00
1.00872126e+01
5.76716375e+00
6.20683479e+00
7.25375271e+00
7.31148148e+00
8.40903854e+00
7.63374996e+00
4.70216179e+00
6.62765980e+00
8.62590599e+00
6.17234564e+00
3.95904851e+00
5.51591063e+00
9.58769798e+00
6.57952213e+00
6.30050468e+00
8.14365196e+00
5.23485565e+00
5.23403645e+00
7.67605591e+00
5.69240332e+00
4.66293907e+00
5.97287464e+00
6.32734537e+00
6.53719854e+00
9.09771442e+00
7.93528271e+00
6.99512005e+00
7.17216492e+00
5.00856543e+00
5.63046026e+00
7.68710089e+00
7.65916300e+00
6.36979818e+00
6.90867901e+00
7.63637018e+00
5.13699389e+00
7.85556126e+00
5.45408154e+00
6.71270657e+00
6.76419830e+00
5.58487034e+00
1.00964375e+01
7.85956478e+00
7.76911068e+00
6.87162399e+00
5.89666653e+00
4.20056200e+00
8.97693729e+00
9.83828449e+00
6.81415033e+00
5.74431801e+00
7.46916580e+00
8.47141838e+00
4.54116106e+00
6.46289301e+00
6.97922993e+00
9.07318115e+00
8.15066719e+00
6.20332813e+00
1.07684536e+01
9.41122246e+00
6.99128246e+00
5.10554790e+00
6.00476170e+00
6.40313482e+00
7.12653828e+00
8.27059555e+00
7.17622757e+00
4.21568537e+00
4.38038778e+00
8.62848377e+00
5.85436535e+00
5.50617933e+00
9.54389858e+00
8.85707474e+00
7.74273968e+00
9.29373360e+00
9.24247074e+00
8.26000881e+00
6.49379253e+00
7.81550598e+00
8.60024548e+00
9.12334442e+00
1.17007809e+01
8.68544579e+00
7.37449360e+00
7.24535894e+00
7.55626535e+00
6.90415478e+00
7.02272940e+00
4.54264450e+00
8.39418411e+00
7.57001591e+00
8.11124229e+00
1.15375032e+01
7.17429876e+00
7.94651318e+00
9.49559498e+00
7.42843151e+00
5.90264654e+00
8.02247429e+00
1.09417992e+01
8.55157280e+00
6.82793903e+00
6.21141577e+00
7.78648472e+00
8.79640961e+00
5.63898516e+00
7.18200302e+00
6.63300705e+00
6.40125036e+00
8.99907970e+00
8.43629551e+00
8.94930363e+00
8.06032085e+00
9.81702900e+00
7.56957006e+00
3.31238794e+00
6.00553799e+00
4.04871655e+00
3.64474678e+00
4.49077892e+00
5.58027124e+00
8.27477455e+00
7.44305420e+00
5.50958729e+00
1.05301447e+01
5.44021893e+00
6.70039988e+00
9.49304485e+00
5.53614712e+00
9.12510872e+00
7.49447012e+00
7.49402142e+00
7.20686483e+00
6.65195751e+00
7.54549265e+00
7.44015789e+00
7.49608517e+00
7.96115017e+00
6.97958136e+00
6.77434444e+00
7.89660501e+00
7.58308172e+00
5.56309271e+00
6.25228596e+00
8.17696857e+00
7.68656635e+00
5.44661236e+00
9.57736206e+00
8.55882072e+00
9.36765957e+00
9.75337696e+00
8.12103939e+00
7.52713919e+00
7.31925678e+00
5.80533791e+00
6.46666098e+00
7.96798563e+00
6.51828384e+00
6.31133890e+00
8.69590187e+00
9.89264393e+00
8.31168747e+00
5.58057308e+00
7.83553839e+00
9.55846977e+00
5.11786604e+00
8.59328175e+00
7.40056133e+00
7.36713028e+00
7.57413387e+00
6.23752260e+00
6.41425800e+00
6.17755318e+00
6.26941347e+00
7.58836889e+00
8.93772316e+00
6.78261423e+00
6.57010365e+00
8.87347221e+00
5.30332994e+00
7.00087214e+00
8.22545242e+00
6.04016018e+00
7.99511576e+00
9.60968971e+00
5.89113045e+00
6.63939905e+00
7.80576944e+00
5.45139599e+00
7.15355778e+00
5.67503929e+00
9.60138607e+00
8.76746082e+00
6.23464203e+00
5.64312983e+00
6.01743889e+00
1.05795755e+01
8.17571545e+00
7.46539974e+00
7.67295218e+00
2.49803972e+00
6.36825895e+00
6.00927448e+00
7.27230978e+00
7.14806986e+00
5.73134995e+00
7.78600693e+00
6.16965294e+00
7.07853937e+00
8.34872055e+00
6.55164099e+00
6.89730215e+00
1.08761911e+01
7.08383179e+00
8.24764729e+00
9.39647865e+00
7.24640512e+00
5.76421642e+00
6.53267813e+00
5.48144197e+00
1.02111912e+01
7.93598080e+00
8.19859219e+00
1.02258778e+01
6.89801645e+00
8.48691845e+00
7.41456318e+00
9.13381672e+00
1.03784313e+01
8.10902977e+00
8.09947014e+00
5.37016678e+00
7.94371271e+00
9.72783756e+00
7.33346701e+00
5.20824146e+00
6.22483587e+00
9.88427925e+00
9.94913483e+00
6.23356390e+00
6.77047110e+00
8.26026630e+00
6.62982321e+00
7.92763805e+00
6.27050400e+00
6.74502802e+00
7.22733450e+00
7.52988815e+00
6.96106577e+00
5.42607117e+00
7.29087448e+00
7.03997040e+00
8.34008217e+00
8.73095894e+00
7.55451727e+00
1.12970562e+01
5.94664288e+00
9.57186031e+00
1.19941921e+01
8.01496887e+00
4.59684277e+00
9.08963966e+00
7.60946512e+00
1.00869350e+01
7.78241348e+00
5.08112860e+00
6.92565155e+00
6.60782623e+00
6.87806988e+00
5.52717972e+00
4.44714880e+00
5.08355427e+00
5.24761868e+00
5.38507366e+00
4.50004148e+00
6.78837442e+00
6.73097849e+00
6.07129383e+00
6.57084417e+00
4.93352079e+00
6.19947386e+00
4.11016321e+00
6.33932590e+00
6.76721048e+00
1.97424340e+00
4.00821352e+00
3.97113609e+00
6.03603697e+00
7.78409672e+00
8.57115173e+00
7.27632999e+00
7.50423908e+00
8.13555908e+00
7.43465662e+00
5.27025366e+00
6.76689911e+00
6.71054935e+00
6.50101757e+00
8.58197212e+00
6.58485937e+00
5.16987991e+00
5.76386118e+00
6.56402206e+00
6.84485769e+00
8.87990665e+00
7.22149277e+00
3.48828959e+00
5.33590460e+00
7.87554789e+00
4.13875866e+00
7.64206409e+00
6.95125103e+00
5.71909666e+00
9.37774277e+00
1.06543350e+01
6.28258514e+00
8.62414360e+00
7.01179409e+00
7.38213587e+00
7.12656498e+00
6.85384369e+00
9.46034431e+00
7.93233728e+00
6.13786554e+00
5.27979422e+00
5.69662476e+00
8.00860786e+00
8.71009922e+00
8.85579300e+00
6.68327332e+00
6.78431988e+00
7.83096313e+00
6.39176083e+00
2.65349746e+00
7.27569437e+00
7.96336842e+00
4.82587147e+00
4.00047255e+00
6.10289097e+00
7.75258780e+00
4.30814505e+00
5.97190046e+00
6.75655603e+00
6.29612637e+00
9.57361031e+00
6.64412403e+00
7.49384928e+00
7.94073772e+00
8.70868015e+00
6.58484745e+00
4.11587048e+00
3.04631090e+00
5.35895443e+00
6.69975901e+00
7.11867619e+00
7.05637217e+00
7.68456268e+00
7.52219677e+00
4.34422970e+00
7.47269964e+00
7.46134472e+00
5.45578861e+00
6.66057062e+00
9.15754700e+00
7.73192739e+00
5.16585302e+00
7.33347416e+00
9.58345604e+00
8.12877083e+00
5.81697178e+00
6.71967697e+00
1.18144865e+01
7.15358257e+00
3.91809988e+00
9.99410820e+00
7.66430569e+00
4.92322826e+00
3.69633293e+00
5.32083988e+00
7.42604065e+00
7.17435312e+00
7.43042231e+00
4.89254284e+00
5.76197720e+00
7.08588409e+00
7.08961391e+00
7.78664494e+00
7.28042316e+00
6.20054531e+00
4.95650339e+00
4.93259954e+00
5.53890133e+00
6.85151434e+00
8.64869404e+00
7.84023952e+00
1.03665724e+01
8.50350094e+00
5.63818741e+00
6.37974739e+00
8.78303528e+00
1.00971966e+01
8.76495266e+00
7.15519333e+00
5.77384663e+00
8.43750095e+00
7.08542871e+00
4.51300144e+00
4.53554344e+00
7.49105692e+00
8.45337677e+00
4.12846613e+00
5.20328236e+00
7.88545895e+00
4.59922504e+00
3.56485796e+00
7.52701712e+00
7.71572733e+00
5.33572435e+00
1.04096355e+01
6.45244360e+00
3.86642885e+00
3.56875563e+00
4.36353111e+00
6.28319025e+00
6.90714502e+00
8.95972443e+00
6.70157766e+00
6.36214542e+00
7.37107992e+00
5.11532974e+00
6.54180527e+00
9.55792618e+00
7.47481394e+00
5.83873034e+00
5.65456390e+00
5.98062420e+00
6.09513378e+00
1.11624165e+01
1.01501732e+01
5.50230169e+00
3.40271997e+00
4.42293262e+00
8.78075981e+00
6.85911846e+00
5.31329107e+00
6.16656733e+00
7.72414017e+00
7.24208164e+00
7.66226482e+00
2.47046781e+00
4.37749243e+00
9.25688457e+00
7.92555094e+00
6.43099976e+00
2.96818399e+00
4.75069904e+00
8.83903885e+00
7.99635935e+00
4.97306538e+00
5.76977444e+00
4.24842501e+00
7.35005665e+00
6.04088354e+00
5.74100018e+00
8.84882069e+00
6.14886332e+00
3.91866922e+00
7.14275885e+00
8.17910099e+00
7.53739309e+00
9.25734711e+00
8.50696945e+00
7.42315960e+00
7.46136093e+00
5.02055740e+00
5.37992239e+00
8.30278301e+00
6.47463703e+00
4.86322927e+00
6.74917889e+00
7.91808987e+00
5.07705116e+00
3.15257382e+00
5.46501875e+00
5.05370569e+00
2.38216496e+00
6.03005505e+00
6.59117413e+00
4.00555134e+00
9.40424919e+00
7.02766418e+00
6.45424366e+00
5.44197559e+00
3.75118828e+00
4.25406885e+00
8.36834049e+00
8.92132378e+00
6.89096355e+00
6.57364941e+00
5.48087120e+00
5.42689133e+00
6.74371862e+00
4.54378414e+00
8.88828373e+00
5.94196367e+00
2.30342913e+00
6.91477060e+00
6.06461191e+00
7.37647486e+00
5.45031261e+00
5.41957426e+00
6.92774200e+00
2.36911321e+00
3.39389563e+00
6.07967091e+00
4.37282515e+00
2.53985786e+00
5.66979408e+00
6.86784458e+00
6.94765329e+00
9.17471695e+00
1.24506989e+01
8.68014145e+00
2.97854042e+00
1.38525498e+00
6.76254559e+00
3.71629977e+00
3.86905813e+00
7.86899471e+00
7.59747791e+00
6.04255581e+00
5.35264063e+00
6.55851746e+00
5.39919233e+00
4.69445229e+00
6.96700811e+00
8.84771633e+00
6.16773462e+00
5.75641155e+00
6.16185617e+00
6.29453945e+00
4.11608219e+00
4.28782034e+00
6.73894882e+00
2.84616542e+00
4.87722683e+00
6.62250233e+00
7.60119486e+00
7.16827917e+00
4.47903538e+00
6.01275539e+00
6.88509274e+00
6.06848145e+00
5.96172428e+00
5.37113476e+00
2.64242983e+00
5.93942261e+00
7.07880878e+00
7.47072697e+00
8.61894894e+00
6.62032700e+00
4.16337109e+00
1.11591396e+01
5.60669374e+00
4.14318752e+00
8.53290844e+00
8.03669262e+00
5.59948349e+00
6.64301825e+00
3.92566824e+00
7.97459507e+00
9.06050396e+00
4.37937641e+00
8.11857510e+00
7.23371649e+00
6.88598776e+00
8.44152546e+00
7.49356556e+00
5.32157373e+00
7.93513393e+00
8.05470562e+00
8.95605278e+00
6.47534323e+00
3.33792233e+00
4.72589779e+00
5.94088507e+00
7.69466400e+00
7.77264690e+00
4.41630125e+00
4.33952379e+00
6.41340876e+00
7.31482458e+00
6.77176905e+00
9.99874401e+00
9.09758663e+00
5.97235632e+00
7.32514572e+00
6.39644003e+00
4.01952028e+00
6.08861685e+00
5.67303181e+00
2.86839437e+00
4.50471401e+00
5.53818035e+00
5.53042603e+00
6.94015789e+00
7.35197210e+00
5.88118362e+00
5.93884802e+00
9.03341484e+00
5.09365368e+00
7.49326801e+00
7.66101313e+00
7.03843403e+00
7.54413319e+00
3.51281404e+00
5.36969662e+00
7.12087250e+00
7.41948414e+00
7.90913391e+00
7.21389914e+00
6.71549606e+00
8.01285458e+00
1.68536305e+00
3.85935473e+00
8.39438725e+00
7.35722971e+00
5.87423182e+00
4.68249607e+00
3.92967486e+00
5.89038849e+00
7.02032328e+00
5.90888739e+00
8.93231964e+00
6.04916286e+00
4.01355028e+00
6.26197624e+00
7.98378134e+00
3.31278682e+00
5.49304199e+00
5.79048443e+00
5.38077784e+00
5.29822445e+00
5.62029266e+00
6.07484579e+00
8.22532940e+00
6.59028769e+00
5.40093374e+00
3.76559782e+00
4.68196964e+00
4.71170568e+00
4.39531994e+00
6.41430950e+00
5.78663349e+00
3.42752409e+00
3.15619802e+00
4.31333160e+00
7.73253393e+00
6.03854465e+00
5.87526512e+00
8.19064903e+00
7.56968927e+00
4.71164322e+00
8.72395515e+00
7.96907330e+00
6.48786783e+00
5.02571774e+00
4.92684126e+00
8.05127811e+00
4.34975767e+00
6.81485653e+00
8.14127922e+00
5.42346287e+00
4.91767740e+00
6.00533438e+00
6.74842978e+00
6.59570599e+00
6.87425852e+00
5.85680962e+00
6.40438604e+00
6.46503973e+00
4.06527853e+00
6.88051844e+00
3.45684242e+00
4.94406748e+00
8.21097279e+00
6.76002979e+00
2.31016946e+00
4.50817251e+00
4.17065144e+00
3.48296118e+00
4.67805767e+00
3.21844935e+00
5.23856306e+00
1.94777012e+00
6.40789890e+00
7.25424814e+00
5.38979435e+00
5.15932989e+00
6.44870663e+00
6.62880564e+00
7.79654217e+00
6.65563107e+00
4.76136684e+00
6.00170803e+00
5.01722622e+00
6.62266016e+00
1.99243104e+00
2.21863776e-01
4.43445683e+00
5.53389740e+00
2.03234434e+00
5.47146177e+00
3.95376348e+00
4.52180481e+00
6.26143646e+00
2.22792673e+00
8.54305935e+00
3.42657423e+00
6.20887518e+00
7.81965733e+00
5.57032681e+00
6.15601635e+00
3.31152868e+00
8.38392067e+00
7.25128794e+00
2.88793039e+00
2.29184961e+00
4.77255440e+00
1.08091187e+00
4.90379906e+00
5.16722012e+00
6.40603113e+00
7.12894917e+00
3.90795135e+00
7.04932690e+00
3.91865611e+00
4.13154173e+00
3.83230138e+00
3.45743132e+00
4.45050001e+00
4.81898546e+00
6.63776112e+00
7.08443928e+00
6.88718510e+00
6.93397284e+00
7.74232101e+00
9.42212486e+00
1.00804424e+01
4.80905628e+00
3.90675354e+00
6.70431662e+00
7.81377411e+00
4.63364124e+00
3.17770004e+00
3.45774126e+00
5.14107895e+00
5.30960417e+00
5.67660713e+00
3.74158669e+00
-1.86688769e+00
2.70583892e+00
6.25359201e+00
5.03692818e+00
4.04284811e+00
4.66384554e+00
5.44391918e+00
2.26933360e+00
6.12026739e+00
1.05341511e+01
5.58532047e+00
9.02227974e+00
4.63557625e+00
7.10666895e+00
5.32082319e+00
2.46098542e+00
7.29589701e+00
6.66379786e+00
6.44371796e+00
7.99717426e+00
7.56180859e+00
7.11008358e+00
8.01065636e+00
2.00949526e+00
3.89374232e+00
6.80087662e+00
6.75170040e+00
7.54222202e+00
7.91210270e+00
3.42540789e+00
1.97606313e+00
3.94379568e+00
5.40042400e+00
6.75722361e+00
1.03149891e+01
6.35993385e+00
6.58163977e+00
5.61538410e+00
6.27468967e+00
6.00045490e+00
4.33888245e+00
7.06629467e+00
5.35156584e+00
7.96388626e+00
7.27072382e+00
4.04711866e+00
6.26159000e+00
1.05474520e+01
5.90076733e+00
3.06097794e+00
5.41222000e+00
5.93851757e+00
5.06207895e+00
6.02164173e+00
5.73513842e+00
8.03991890e+00
8.70394897e+00
6.97714090e+00
5.23350668e+00
3.32022905e+00
4.76878262e+00
6.11933994e+00
5.79512453e+00
3.78118443e+00
5.20016718e+00
6.99596405e+00
5.89954901e+00
6.76728296e+00
6.83315659e+00
5.51028490e+00
5.36673498e+00
6.54670715e+00
2.51971626e+00
5.87795210e+00
5.98266840e+00
2.82673717e+00
9.05216312e+00
8.80355644e+00
7.03261042e+00
7.83244991e+00
4.90444088e+00
2.53781009e+00
4.62728262e+00
2.72592759e+00
1.02438116e+01
7.93591452e+00
8.17506313e+00
1.20725899e+01
7.74947977e+00
6.02485752e+00
5.96952009e+00
8.53583145e+00
5.69556522e+00
4.69418144e+00
7.13541317e+00
4.35574532e+00
4.08108425e+00
7.84502411e+00
6.45194769e+00
2.81550932e+00
6.11047077e+00
3.63785672e+00
5.55583668e+00
7.10691690e+00
4.17902279e+00
2.82845759e+00
4.25097036e+00
6.44839334e+00
2.43129158e+00
2.74588490e+00
5.90701199e+00
6.58270025e+00
5.67256784e+00
9.31889355e-01
7.67069387e+00
4.57836866e+00
1.84642696e+00
5.27872753e+00
7.00673914e+00
5.82087135e+00
3.50795674e+00
4.81997204e+00
4.35451984e+00
3.51354456e+00
5.68419981e+00
2.87879968e+00
8.47407913e+00
4.34004259e+00
3.50093007e+00
7.01086807e+00
3.94209409e+00
4.30901575e+00
7.83887625e+00
8.49552631e+00
6.91378927e+00
4.26921940e+00
2.28585720e+00
6.88896418e+00
4.73649740e+00
5.30044079e+00
8.53954506e+00
7.94872046e+00
2.90875244e+00
4.86993837e+00
2.83894277e+00
3.98778796e+00
7.81106949e+00
6.98475122e+00
3.57233739e+00
8.07936668e+00
6.96636343e+00
7.00984192e+00
3.93482828e+00
2.94080687e+00
9.65982246e+00
7.88613653e+00
4.94418621e+00
2.61250806e+00
2.61598825e+00
5.85006094e+00
8.61905098e+00
4.62483692e+00
5.72302008e+00
4.66793013e+00
5.89659595e+00
6.88290644e+00
2.81252885e+00
4.62684107e+00
5.71588326e+00
6.63567734e+00
5.87066603e+00
5.44285154e+00
6.99608517e+00
5.93532419e+00
4.16329098e+00
6.93143225e+00
7.25121927e+00
3.83739519e+00
4.14965343e+00
6.55740595e+00
7.34534550e+00
6.50885534e+00
4.04247570e+00
3.39658666e+00
6.65426493e+00
5.62135172e+00
4.34608269e+00
3.74914217e+00
5.97883320e+00
5.21791363e+00
4.37717104e+00
8.19522095e+00
7.55328226e+00
2.20266461e+00
1.00000000e+00
3.90793371e+00
1.28581381e+00
5.44962215e+00
3.42016602e+00
4.70482826e+00
6.70955420e+00
5.55490398e+00
4.07960224e+00
1.91198385e+00
2.41782761e+00
3.21434164e+00
2.74551439e+00
4.80581951e+00
6.74081326e+00
1.29025483e+00
3.62860179e+00
5.79988146e+00
4.76830196e+00
1.98146605e+00
3.38444591e+00
6.80595684e+00
4.33899021e+00
2.87740135e+00
5.69160604e+00
6.79648209e+00
3.55975723e+00
4.08042002e+00
6.20538378e+00
5.51003122e+00
5.05816174e+00
5.82820082e+00
7.73206949e+00
4.40910101e-01
4.63401842e+00
4.51763105e+00
2.99565268e+00
3.93393970e+00
4.63564396e+00
7.84384537e+00
7.71537399e+00
6.70705414e+00
4.39282513e+00
1.97242808e+00
1.85804272e+00
7.36487436e+00
3.51089215e+00
2.35706043e+00
4.47057915e+00
6.84553814e+00
4.56869936e+00
4.05731487e+00
4.52466059e+00
3.84114957e+00
4.07207966e+00
6.92658329e+00
7.34430838e+00
7.49544668e+00
4.47692585e+00
3.75383949e+00
1.31189799e+00
6.60102308e-01
5.41478968e+00
5.80989313e+00
2.04389191e+00
2.96614695e+00
5.41480160e+00
5.67409611e+00
3.70223117e+00
6.93795681e+00
2.09921670e+00
3.35052562e+00
5.94746494e+00
4.58525753e+00
4.86060286e+00
3.45130110e+00
4.21368170e+00
4.35853291e+00
2.67792296e+00
3.80754042e+00
3.46519399e+00
4.17937946e+00
8.04021549e+00
7.10541248e+00
5.37579346e+00
5.27289677e+00
7.38876247e+00
4.28827333e+00
7.38709259e+00
4.71479702e+00
9.62253958e-02
2.45801640e+00
5.89955235e+00
2.52927732e+00
5.10596275e+00
7.26902914e+00
1.89534438e+00
-1.46834469e+00
6.35479307e+00
4.58263111e+00
2.50207353e+00
-5.35548866e-01
1.88072646e+00
6.39367342e+00
5.44103909e+00
7.31275415e+00
2.48980284e+00
3.11684442e+00
4.44778442e+00
3.40210295e+00
6.29331923e+00
4.67854357e+00
3.82803965e+00
5.27562428e+00
5.82413101e+00
3.82067442e+00
3.49335337e+00
6.63032770e+00
2.51666331e+00
4.96188831e+00
6.22121620e+00
3.38027191e+00
4.28355694e+00
4.67841911e+00
7.46986675e+00
5.89538670e+00
4.35965872e+00
5.31222582e+00
4.12838840e+00
3.97839928e+00
4.86281347e+00
2.45078993e+00
1.24306297e+00
3.92682123e+00
5.76159859e+00
7.56816196e+00
3.55902815e+00
4.47287798e+00
5.57395649e+00
2.10788965e+00
3.80447507e+00
3.86858034e+00
2.75631642e+00
4.01497602e+00
2.29691792e+00
2.75737810e+00
8.05844975e+00
3.38538551e+00
5.34489489e+00
4.61858130e+00
4.32331085e+00
4.93441248e+00
1.24510157e+00
5.82045078e+00
3.68975306e+00
4.64172888e+00
4.67760944e+00
3.69110179e+00
4.59028435e+00
5.14714766e+00
4.28006792e+00
4.56387997e+00
4.63487005e+00
3.08502245e+00
1.63997233e+00
5.03549528e+00
4.24890518e+00
4.12163925e+00
3.78368378e+00
3.39620924e+00
4.73549938e+00
3.29543352e+00
4.54113007e+00
6.74208355e+00
6.11111927e+00
4.82283640e+00
6.13995028e+00
5.50049257e+00
3.93816519e+00
3.57506251e+00
1.79642105e+00
4.70119190e+00
6.67725134e+00
4.58261395e+00
4.54101515e+00
2.03198075e+00
3.38731194e+00
4.48319292e+00
2.22403598e+00
7.19391918e+00
4.47372675e+00
9.32563663e-01
3.21035910e+00
5.49701214e+00
6.14684582e+00
5.23076534e+00
4.35470772e+00
6.90503073e+00
7.22198105e+00
3.77253151e+00
3.90160942e+00
3.65570641e+00
2.59092164e+00
4.99510431e+00
4.82783222e+00
3.11888075e+00
1.94115639e+00
4.48238659e+00
4.11988640e+00
3.40065145e+00
4.41705799e+00
4.24213028e+00
2.68993855e+00
8.39601803e+00
4.42121887e+00
3.71319199e+00
4.75957870e+00
4.23801756e+00
5.37431622e+00
4.29611444e+00
4.23206949e+00
2.62246156e+00
4.38150823e-01
3.12808204e+00
1.86432004e+00
4.21971416e+00
3.77177548e+00
3.62254286e+00
3.21275377e+00
4.26549244e+00
5.47214222e+00
5.30882311e+00
2.94168019e+00
-1.53287816e+00
7.81937361e-01
5.96585321e+00
1.48942304e+00
2.51994085e+00
8.14019394e+00
6.06804943e+00
3.46713519e+00
5.04906607e+00
5.15529871e+00
1.83243787e+00
3.11906362e+00
3.90084004e+00
1.88153303e+00
1.63942203e-01
2.62710905e+00
2.46861553e+00
4.95372248e+00
4.81279850e+00
2.47918749e+00
2.20055151e+00
4.68575096e+00
4.36694050e+00
7.48117208e+00
4.97606277e+00
3.95078087e+00
4.60924053e+00
2.74923968e+00
3.03568554e+00
1.85148740e+00
4.28401661e+00
5.12365055e+00
4.02950382e+00
4.96596575e+00
5.23591757e+00
3.94527125e+00
1.27670360e+00
2.89837092e-01
1.29211700e+00
4.30286217e+00
5.25209093e+00
-9.36966300e-01
2.26379442e+00
6.72465754e+00
5.05206299e+00
2.85567641e+00
5.12827444e+00
2.47183561e+00
2.82845020e+00
3.94377661e+00
2.03671074e+00
2.44806123e+00
2.79649019e-01
3.63466716e+00
3.56112027e+00
3.80823517e+00
3.56470108e+00
3.38045549e+00
4.42280149e+00
2.19522476e+00
3.51651812e+00
5.33794069e+00
1.86732483e+00
1.03757417e+00
4.16517401e+00
2.15146017e+00
1.19793035e-01
1.67709386e+00
3.51014900e+00
3.67186594e+00
-5.60589314e-01
2.94213200e+00
4.90766239e+00
4.03938150e+00
4.43167734e+00
5.96791220e+00
6.68654108e+00
2.92608547e+00
1.93158877e+00
3.45369458e+00
4.53142071e+00
3.79363132e+00
3.13959622e+00
1.66036761e+00
5.74864578e+00
5.50878286e+00
3.73668671e+00
5.43827248e+00
4.55120850e+00
4.24619579e+00
3.74588394e+00
5.84052610e+00
5.60442162e+00
3.08902311e+00
3.84571409e+00
2.79606676e+00
3.57876825e+00
5.47117329e+00
8.00594330e+00
5.06659079e+00
3.90813708e+00
2.60015154e+00
4.04729652e+00
3.05021620e+00
2.49172091e+00
4.91898680e+00
4.73507404e+00
2.56733394e+00
3.48825073e+00
3.63517880e+00
2.98880982e+00
4.06065178e+00
5.97589588e+00
4.70115805e+00
4.18904829e+00
4.90449524e+00
5.31377983e+00
3.57861328e+00
1.58494699e+00
2.56852198e+00
5.53844881e+00
5.01311255e+00
4.85901022e+00
5.31767464e+00
3.45845532e+00
3.59518433e+00
3.71486712e+00
5.24608326e+00
4.55549431e+00
2.69391394e+00
7.50049877e+00
3.67580652e+00
5.93870211e+00
4.54674149e+00
2.46548223e+00
5.92694378e+00
3.16277051e+00
4.40719652e+00
4.01497173e+00
3.20274925e+00
1.92022097e+00
1.34228826e+00
3.30450749e+00
3.51100421e+00
3.33498502e+00
4.77886105e+00
5.26265049e+00
5.32874870e+00
2.82505846e+00
2.67983508e+00
3.89290571e+00
3.60610151e+00
1.51614571e+00
4.68533421e+00
4.43531847e+00
4.36038113e+00
4.04063129e+00
1.88469124e+00
3.83249712e+00
3.43693042e+00
3.68021393e+00
3.80431175e+00
3.76524353e+00
3.06465626e+00
3.81640887e+00
3.79058576e+00
5.79483318e+00
4.09804249e+00
4.05031967e+00
4.72114658e+00
2.23385787e+00
3.86626291e+00
6.06015778e+00
2.21576166e+00
2.73286045e-01
3.72082949e+00
6.17869568e+00
3.87904239e+00
1.67629945e+00
3.80890536e+00
3.82111979e+00
4.83621931e+00
4.20780706e+00
5.50841284e+00
7.60690928e+00
3.92378736e+00
8.78865337e+00
6.58245468e+00
3.73671913e+00
3.95491290e+00
3.27350998e+00
3.62979269e+00
4.13213444e+00
3.47326016e+00
2.37732577e+00
5.61677408e+00
2.96746707e+00
1.27488923e+00
3.31855845e+00
4.36371422e+00
3.15756726e+00
3.22262526e+00
4.21906948e+00
3.88969111e+00
5.22595119e+00
4.01214981e+00
3.87659907e+00
4.90369558e+00
2.32167864e+00
2.24183536e+00
4.04711246e+00
6.56062794e+00
5.09613800e+00
3.27340871e-01
2.96511507e+00
3.00105786e+00
1.85539854e+00
3.58816957e+00
3.85712743e+00
-1.91390252e+00
5.01515150e+00
9.60546374e-01
3.88841701e+00
5.95262337e+00
3.48036814e+00
3.75123405e+00
4.00499010e+00
3.87560725e+00
2.91484499e+00
2.84013772e+00
3.28059006e+00
3.46419024e+00
4.72869253e+00
4.28522396e+00
2.96169901e+00
4.20641375e+00
3.78167796e+00
5.58508039e-01
3.55478859e+00
3.70503736e+00
2.46855831e+00
3.94666791e+00
5.33431673e+00
1.22391927e+00
2.82134056e+00
6.19908381e+00
2.38546777e+00
2.34122181e+00
5.26490116e+00
2.86235452e+00
6.24139404e+00
6.23275471e+00
4.32706547e+00
3.34218335e+00
3.85655594e+00
4.81030226e+00
3.94380236e+00
2.14807796e+00
4.17204094e+00
5.42045927e+00
2.65419698e+00
2.92446804e+00
2.45086384e+00
3.02593350e+00
5.09497356e+00
5.05907679e+00
3.51175880e+00
5.01780748e+00
5.03009462e+00
3.30849028e+00
2.33770585e+00
2.82638717e+00
3.81709719e+00
6.19130993e+00
1.94814968e+00
3.22052383e+00
2.51536942e+00
1.12994599e+00
3.87569165e+00
4.52064943e+00
2.52674913e+00
5.18128872e+00
5.22579861e+00
2.74769616e+00
1.40183985e+00
5.18054867e+00
4.17119122e+00
2.74185085e+00
1.64608502e+00
3.60308886e+00
4.49684334e+00
1.81805229e+00
4.24827576e+00
3.21410990e+00
3.12856627e+00
3.48311567e+00
2.80433345e+00
1.83353043e+00
1.86611331e+00
2.12523890e+00
3.65051079e+00
2.93226123e+00
2.66637421e+00
6.10853434e+00
2.53369498e+00
3.89189780e-01
3.47645903e+00
2.53708434e+00
6.16224766e-01
5.18424129e+00
3.06268930e+00
2.65089035e+00
4.45653820e+00
3.74241328e+00
1.57784534e+00
3.77430463e+00
4.26283693e+00
4.08565712e+00
3.75971365e+00
3.53983045e+00
3.37484241e+00
2.07755613e+00
2.04538584e+00
3.48606920e+00
4.10222912e+00
2.95254159e+00
3.69315577e+00
5.43331242e+00
1.91030943e+00
3.29627728e+00
3.25492477e+00
1.72024381e+00
2.67681885e+00
3.21336365e+00
2.27514553e+00
3.33435750e+00
1.84887850e+00
2.23075938e+00
4.47337484e+00
3.33983731e+00
9.55586731e-01
4.07691717e+00
6.01579428e+00
4.65493488e+00
3.27040744e+00
2.90665293e+00
3.30260611e+00
3.28563166e+00
4.58404827e+00
3.36890745e+00
2.99117231e+00
4.74074316e+00
4.03696489e+00
3.10220623e+00
2.94377637e+00
2.21494699e+00
2.71563578e+00
3.23703694e+00
4.57229704e-01
1.87227941e+00
3.16238832e+00
2.62138963e+00
2.50895548e+00
2.33776689e+00
2.00835633e+00
1.31139863e+00
1.90508783e+00
3.06687880e+00
2.67777824e+00
1.70263517e+00
1.62188458e+00
2.14316440e+00
3.47281981e+00
5.01666546e+00
3.74347925e+00
2.68359470e+00
3.66005325e+00
3.93648767e+00
3.73699307e+00
4.13734293e+00
4.47992086e+00
3.08302784e+00
1.43463016e+00
2.81715822e+00
2.77096891e+00
1.79583168e+00
1.61340904e+00
3.20633459e+00
4.69318676e+00
4.01051188e+00
3.15684724e+00
3.50977206e+00
5.43977547e+00
4.78707027e+00
3.72526741e+00
4.20965481e+00
4.23340130e+00
4.35779142e+00
3.20327115e+00
2.76535606e+00
4.51288509e+00
2.29633856e+00
3.76694822e+00
3.60684538e+00
2.38311434e+00
3.42985797e+00
1.17557073e+00
3.39933276e+00
4.45544910e+00
3.48775101e+00
3.55598593e+00
4.19460583e+00
3.16975737e+00
4.18344402e+00
2.61169982e+00
2.64272046e+00
3.45961070e+00
2.41688490e+00
2.59764481e+00
3.15263128e+00
2.49840164e+00
1.27174914e+00
1.81172633e+00
3.31626773e+00
1.59702861e+00
2.05889034e+00
1.34177649e+00
2.39857745e+00
3.91114736e+00
3.22416162e+00
3.11506033e+00
4.82938194e+00
4.07097197e+00
4.33920097e+00
4.97234774e+00
2.70404339e+00
5.54710436e+00
3.12082434e+00
1.33886075e+00
3.94280696e+00
4.22677517e+00
1.09250987e+00
2.64570856e+00
2.90768957e+00
1.91953683e+00
2.46921730e+00
3.61402941e+00
3.43250132e+00
4.32508421e+00
3.07448435e+00
1.80830157e+00
8.28900933e-01
1.95667672e+00
4.61087465e+00
5.61748409e+00
2.07255006e+00
2.34670377e+00
3.27801633e+00
2.95849800e+00
3.31941485e+00
6.12841511e+00
1.65412617e+00
1.72027719e+00
2.85661817e+00
2.40977812e+00
4.40602255e+00
2.44784832e+00
1.90304732e+00
1.61914086e+00
2.99686503e+00
3.28221893e+00
1.66972005e+00
2.53509432e-01
4.15924966e-01
3.87782335e+00
4.08664227e+00
1.16884732e+00
2.95875287e+00
3.40190554e+00
2.94145584e+00
3.85565686e+00
3.42720366e+00
2.44568133e+00
3.78769732e+00
2.85844159e+00
3.06477189e+00
2.40841889e+00
2.58644414e+00
4.20373631e+00
5.43042564e+00
3.21103477e+00
4.27805948e+00
2.85154581e+00
1.43458560e-01
1.26279855e+00
3.86191893e+00
9.72711384e-01
2.40980983e+00
3.40137362e+00
3.53669667e+00
2.88945651e+00
1.70761526e+00
-2.07315832e-01
3.64730597e+00
5.16424179e+00
3.76200628e+00
2.79760456e+00
3.53603220e+00
1.94538915e+00
2.68445802e+00
3.11414576e+00
3.74217367e+00
5.38060284e+00
3.37285233e+00
-1.09394658e+00
3.18763494e-01
2.05941749e+00
3.01830077e+00
3.00239682e+00
5.49799442e+00
3.34417677e+00
2.77669454e+00
3.80680227e+00
2.83963227e+00
2.20666003e+00
4.77129078e+00
2.62918806e+00
5.75773478e+00
4.56177330e+00
2.92794728e+00
3.34699106e+00
2.86358714e+00
2.51208854e+00
3.39432597e+00
4.74328899e+00
3.84167624e+00
2.74333286e+00
3.27608180e+00
4.24046564e+00
3.60981941e+00
3.55220652e+00
2.58240652e+00
1.15435863e+00
4.30582571e+00
1.54316461e+00
-4.15571392e-01
2.97946811e+00
2.54562044e+00
7.04828560e-01
3.42152858e+00
2.88839769e+00
1.85580862e+00
2.63000607e+00
3.13359880e+00
3.55267668e+00
4.81454372e+00
1.79711342e+00
1.90720081e+00
3.83650851e+00
3.87972212e+00
3.62369919e+00
3.08102417e+00
2.28821564e+00
5.58455467e+00
3.23553896e+00
1.56977534e+00
3.50271559e+00
2.70376444e+00
3.17086744e+00
3.72663188e+00
2.10981584e+00
2.51550770e+00
4.23422050e+00
2.67106318e+00
3.34267807e+00
2.71455002e+00
3.75786591e+00
3.37112951e+00
1.70521963e+00
3.29814839e+00
4.38764668e+00
1.77279925e+00
2.50474596e+00
2.95669580e+00
1.66571271e+00
3.33725977e+00
2.61144018e+00
2.34893656e+00
1.08873296e+00
2.57116008e+00
5.13184547e+00
2.49748659e+00
2.11886573e+00
4.71011877e+00
5.38293839e+00
4.02632952e+00
2.98104954e+00
3.91979718e+00
3.99021006e+00
1.91440904e+00
1.95165443e+00
2.72595263e+00
2.33807325e+00
2.90382504e+00
3.59675455e+00
3.52701330e+00
2.50033426e+00
3.05505180e+00
4.36236858e+00
4.90635967e+00
1.11144662e+00
2.27037072e-01
1.92801785e+00
3.39299250e+00
2.89146018e+00
1.91475320e+00
1.93895435e+00
2.74377871e+00
1.97698724e+00
2.69286704e+00
4.95662546e+00
3.67406034e+00
3.85331082e+00
3.39098287e+00
4.51960373e+00
3.33123446e+00
1.29773080e+00
3.32252693e+00
3.97275209e+00
1.40209103e+00
3.93965077e+00
4.95219612e+00
1.85336518e+00
2.13090372e+00
2.74217057e+00
2.84279799e+00
2.70243168e+00
3.31054068e+00
3.73328328e+00
1.30682063e+00
1.92809796e+00
1.80988657e+00
3.03611803e+00
3.15290713e+00
2.51814723e+00
4.81553936e+00
3.77337027e+00
3.90326738e+00
4.31424999e+00
3.97110558e+00
2.76666594e+00
2.63071680e+00
2.14798856e+00
3.56255722e+00
3.63017774e+00
2.81446600e+00
2.87203646e+00
3.35288167e+00
7.24620938e-01
2.14315844e+00
2.53350687e+00
3.48145533e+00
4.68365574e+00
1.62018812e+00
2.75137568e+00
2.88749695e+00
6.58696070e-02
1.03137898e+00
4.11280966e+00
1.01650119e+00
2.28361654e+00
1.83490396e+00
2.48747015e+00
2.83999681e+00
2.28423476e+00
2.75451922e+00
1.85849607e+00
1.28080797e+00
2.28919363e+00
4.41779613e+00
9.35712934e-01
-9.17095304e-01
6.25168085e+00
4.34067249e+00
5.58084583e+00
5.94496059e+00
1.80055356e+00
1.43303132e+00
2.47356820e+00
-1.84737837e+00
1.41784549e+00
3.31067133e+00
-1.80993825e-02
5.42317581e+00
-1.29088759e+00
3.11157823e+00
3.10845470e+00
1.24732423e+00
1.04223752e+00
-2.76867636e-02
6.95346594e+00
1.14917064e+00
-1.17733836e+00
7.49464869e-01
1.24072433e+00
2.38589001e+00
3.96807730e-01
2.57304931e+00
2.13037467e+00
2.10409188e+00
3.64661407e+00
4.65025997e+00
3.81884885e+00
2.89726186e+00
2.71196699e+00
2.70139980e+00
1.72046793e+00
2.60122538e+00
2.83567595e+00
2.25802183e+00
1.00245607e+00
1.65642416e+00
3.02521014e+00
2.19526196e+00
1.01460814e+00
1.78905046e+00
2.16523409e+00
3.19868994e+00
3.84017062e+00
2.83287930e+00
2.55608606e+00
2.36841536e+00
3.95409131e+00
4.01673603e+00
2.30167985e+00
2.20794225e+00
8.84181201e-01
2.67786455e+00
4.51149225e+00
3.07098055e+00
1.57536960e+00
4.84644032e+00
3.86810994e+00
3.67586970e-01
1.94638181e+00
2.88583422e+00
3.99933004e+00
2.62645543e-01
3.58103037e+00
1.53869259e+00
8.27404678e-01
2.72820830e+00
3.49891996e+00
3.46159410e+00
3.37840605e+00
3.70310330e+00
3.29295731e+00
4.10144472e+00
5.34109211e+00
4.35785389e+00
1.89073658e+00
3.56630635e+00
4.47490644e+00
3.23663568e+00
2.42093349e+00
4.49218845e+00
2.34515619e+00
2.49849796e+00
2.86652708e+00
3.49677277e+00
4.65786266e+00
1.38129258e+00
4.55133200e+00
2.25068903e+00
9.71122384e-01
2.43857932e+00
3.40982580e+00
2.51269960e+00
3.96089101e+00
2.94612551e+00
4.15439987e+00
4.09296894e+00
1.39039993e+00
1.25486529e+00
4.10158062e+00
2.13395095e+00
2.14304781e+00
1.96300352e+00
2.40437841e+00
7.39015293e+00
2.15174842e+00
2.52213860e+00
3.91721463e+00
4.32392025e+00
3.07680750e+00
-1.07366633e+00
3.71198916e+00
3.16529226e+00
1.57399571e+00
1.58795297e+00
2.13222933e+00
1.71769559e+00
3.29343605e+00
-8.01891088e-02
1.25900817e+00
3.84213638e+00
2.55920076e+00
2.72208071e+00
2.04386282e+00
3.41230321e+00
2.97499871e+00
1.83750188e+00
3.37264180e+00
3.29533887e+00
3.12315130e+00
2.05959654e+00
2.96968699e+00
2.28220463e+00
9.47098553e-01
4.38215160e+00
3.60820723e+00
3.03499031e+00
2.74048853e+00
3.39362574e+00
3.59121656e+00
3.64929199e+00
1.98835921e+00
4.13634837e-01
1.23854256e+00
2.36683321e+00
3.68837929e+00
4.40993166e+00
3.71432948e+00
2.80667639e+00
3.37672544e+00
3.88259649e+00
2.74061728e+00
4.00515842e+00
2.36903977e+00
4.08710957e+00
2.36478329e+00
2.06622696e+00
3.65483284e+00
1.01093009e-01
2.96718526e+00
2.68331885e+00
2.41578245e+00
2.55996132e+00
2.27966213e+00
1.33854258e+00
1.63631976e+00
2.30331087e+00
3.92181730e+00
4.80735540e+00
2.03811336e+00
4.79237854e-01
7.93392658e+00
5.44349909e+00
3.38941002e+00
1.12372518e+00
-1.14401186e+00
3.99935579e+00
1.97790682e+00
8.01139832e-01
1.85736251e+00
2.99695611e+00
3.48082209e+00
3.97828674e+00
1.72115254e+00
2.42399812e+00
3.24514198e+00
3.60604405e+00
3.15751028e+00
3.24233055e+00
8.30383122e-01
3.10926795e+00
4.89662600e+00
3.39401388e+00
1.08326852e+00
9.54982877e-01
3.30923319e+00
2.03400636e+00
-4.72149998e-01
-6.87340975e-01
2.97098827e+00
3.79121470e+00
1.80749452e+00
2.87598228e+00
3.03958082e+00
2.85663080e+00
2.27435422e+00
1.98802531e+00
5.01061249e+00
4.53659916e+00
4.20389748e+00
2.97721004e+00
1.31849504e+00
2.74559212e+00
1.86286855e+00
4.13332939e+00
5.09420681e+00
4.44029665e+00
4.91978168e+00
3.17720938e+00
2.61906910e+00
2.39183998e+00
2.33158374e+00
2.56528711e+00
2.40804982e+00
1.78960478e+00
-1.66790068e+00
7.48627126e-01
2.41344309e+00
3.20637393e+00
2.99074984e+00
-8.07714283e-01
-7.55288720e-01
2.96628785e+00
5.24898243e+00
3.41430902e+00
3.80419540e+00
8.86196518e+00
-5.32076597e+00
-9.30909634e-01
3.08592606e+00
1.66838813e+00
2.48529100e+00
3.04361415e+00
4.10319757e+00
2.78083682e+00
1.11469579e+00
2.47470045e+00
4.13758039e+00
2.19053316e+00
3.09523964e+00
3.03287339e+00
5.74141502e-01
2.07251072e-01
3.66423106e+00
3.99975586e+00
2.43067265e+00
3.45835567e+00
3.09032631e+00
1.50115275e+00
1.68167305e+00
3.79105616e+00
4.32089710e+00
2.33645129e+00
2.93698764e+00
4.21287060e+00
3.56088114e+00
2.57461023e+00
3.02412820e+00
1.60043204e+00
8.02538574e-01
2.92216825e+00
4.14372158e+00
5.86021066e-01
4.18928432e+00
5.05630541e+00
2.41615391e+00
1.90055406e+00
2.67552543e+00
2.75128031e+00
4.09510565e+00
3.55631876e+00
1.82467902e+00
2.88410807e+00
5.30675268e+00
1.86470830e+00
5.33311462e+00
3.21952868e+00
2.13518596e+00
3.37080956e+00
3.66949844e+00
1.52674603e+00
4.64998055e+00
2.20005727e+00
3.03414273e+00
4.19681454e+00
2.34676933e+00
2.59507370e+00
2.42553043e+00
4.37350750e+00
2.99577188e+00
2.72159505e+00
5.22786570e+00
2.96841121e+00
3.31602979e+00
3.34565663e+00
2.27434874e+00
2.63720632e+00
3.29877663e+00
1.03739238e+00
1.87415570e-01
3.57098627e+00
3.64459276e+00
2.49699211e+00
2.58561563e+00
1.06991982e+00
9.98008728e-01
2.38873744e+00
2.30632353e+00
2.30494261e+00
3.75683331e+00
2.78030634e+00
1.86181092e+00
2.28675008e+00
2.88258386e+00
2.16478634e+00
1.62906289e+00
3.32389116e+00
2.70631695e+00
2.60832191e+00
2.72006702e+00
2.23571014e+00
1.64814019e+00
3.42149019e+00
3.13785410e+00
1.75114274e+00
2.14407682e+00
2.78388143e+00
1.88872087e+00
1.33941174e+00
3.70409012e+00
3.03137255e+00
2.60662508e+00
2.88537574e+00
2.08160973e+00
1.82284796e+00
1.96301341e+00
1.96489358e+00
2.07670736e+00
2.72773027e+00
3.22251654e+00
1.95744956e+00
3.27396631e+00
2.95532012e+00
2.90769506e+00
2.52426267e+00
1.01566780e+00
1.81266344e+00
3.81123090e+00
3.93438268e+00
3.12013769e+00
1.53759694e+00
7.10759401e-01
6.44252896e-01
1.21792769e+00
2.15017581e+00
-2.08167124e+00
-2.85885739e+00
2.43272328e+00
2.19167924e+00
1.92207968e+00
7.14410186e-01
-1.01945683e-01
3.29235125e+00
5.82991791e+00
2.42111707e+00
3.82255483e+00
3.64199251e-01
2.62218565e-01
4.00981045e+00
5.17721272e+00
2.37458634e+00
4.33268690e+00
1.41732192e+00
1.84907854e+00
2.89188623e+00
1.58885992e+00
1.07244802e+00
2.33592796e+00
2.83712029e+00
3.89683533e+00
2.30139446e+00
7.55569875e-01
3.85361290e+00
1.12378955e+00
9.07423615e-01
1.70681834e+00
2.53906679e+00
2.37510848e+00
1.72585607e+00
5.90638146e-02
-1.01421480e+01
-8.14223886e-01
1.00200100e+01
5.22735691e+00
8.13990474e-01
3.71363378e+00
4.74194860e+00
2.45416880e+00
9.26467121e-01
1.55260789e+00
3.50664139e+00
2.31457424e+00
2.08195567e+00
1.84953523e+00
2.55650043e+00
3.47225451e+00
2.31704664e+00
3.67124295e+00
4.29171324e+00
1.73518348e+00
8.05357754e-01
4.08879185e+00
5.00249958e+00
3.64324260e+00
3.43747401e+00
1.79875183e+00
-2.64170527e-01
8.02124858e-01
4.89190578e+00
4.96924162e+00
1.13648272e+00
1.40646338e+00
2.95497322e+00
1.73200572e+00
4.12108564e+00
1.39748418e+00
2.53901100e+00
4.32342291e+00
3.76250339e+00
2.53609014e+00
2.42623472e+00
3.33990622e+00
1.68502271e+00
1.37170887e+00
2.67735577e+00
1.56110609e+00
-4.28533983e+00
6.35892570e-01
3.20606160e+00
2.99228072e+00
1.91004431e+00
3.10398912e+00
4.21293831e+00
3.36930990e+00
2.15685654e+00
3.00505328e+00
2.73344994e+00
9.54165459e-01
4.84769440e+00
3.00515103e+00
3.66640544e+00
4.48583984e+00
2.22899413e+00
-3.02563995e-01
7.18805909e-01
2.59885025e+00
1.97946477e+00
2.07991695e+00
2.42647314e+00
1.41796684e+00
1.18306184e+00
1.77094686e+00
2.28542066e+00
3.38505125e+00
2.97066712e+00
1.22121239e+00
2.94939947e+00
2.35908198e+00
3.78490138e+00
3.46533465e+00
2.05446362e+00
1.46609330e+00
2.84041548e+00
-1.85540867e+00
1.93557239e+00
3.02956510e+00
2.05254126e+00
3.24232101e+00
2.27812862e+00
3.96582937e+00
4.00587082e+00
5.21820021e+00
4.37257767e+00
1.41270840e+00
3.95587873e+00
3.93945456e+00
2.19354105e+00
1.79118824e+00
1.59206319e+00
1.71432900e+00
2.79346108e+00
1.64019358e+00
1.97238326e+00
3.79046941e+00
2.69294024e+00
8.99814785e-01
3.16372681e+00
8.93240571e-01
1.64701045e+00
1.55626929e+00
2.09828401e+00
3.61191368e+00
9.72779170e-02
3.33571553e+00
3.58985209e+00
1.47652566e+00
2.15726805e+00
3.80295324e+00
3.10449243e+00
1.40155566e+00
8.98466408e-01
1.65170932e+00
2.07991004e+00
1.55981588e+00
2.19213510e+00
2.61096549e+00
2.30180311e+00
2.19230843e+00
3.44689703e+00
3.52095866e+00
9.89626050e-01
1.71449924e+00
2.78053808e+00
2.40524316e+00
2.24179411e+00
2.61067820e+00
2.20497990e+00
2.84544802e+00
2.91602373e+00
3.21062350e+00
3.02421641e+00
3.54451180e+00
3.19037104e+00
1.78318238e+00
3.50551867e+00
4.34376240e+00
3.56028557e+00
2.83939075e+00
2.37415123e+00
1.58487952e+00
1.65717542e+00
1.78045118e+00
2.17077565e+00
4.94663239e+00
4.82769585e+00
3.88976526e+00
1.38096499e+00
2.43696666e+00
3.96373487e+00
2.53200459e+00
2.04830694e+00
5.15421867e-01
3.41626048e+00
1.98439562e+00
1.72814116e-01
2.89710236e+00
2.98415279e+00
2.30249739e+00
4.39780140e+00
1.74851227e+00
1.11775374e+00
4.78813076e+00
2.37407756e+00
2.46045518e+00
3.38470149e+00
3.27217555e+00
3.04048991e+00
3.54169965e+00
2.81755924e+00
2.68688917e+00
3.05798173e+00
1.67024744e+00
2.07083631e+00
3.81042171e+00
1.69426441e+00
1.55420995e+00
2.45121527e+00
1.97409511e+00
1.92201161e+00
3.59778261e+00
3.55367041e+00
2.02044940e+00
2.66742086e+00
3.38096166e+00
3.06516480e+00
2.99907541e+00
2.46340322e+00
3.10441017e+00
1.92320037e+00
1.32478285e+00
2.07570219e+00
2.74559951e+00
3.54126096e+00
3.08535147e+00
2.90102339e+00
1.59560370e+00
8.46501470e-01
1.91712093e+00
2.04846358e+00
2.55447626e+00
1.37906456e+00
-1.34651589e+00
-1.78582883e+00
2.39465094e+00
-2.85489075e-02
-4.45472330e-01
4.59144068e+00
3.79648519e+00
1.52656770e+00
1.88638598e-01
-5.24673581e-01
-1.79992557e-01
4.21938848e+00
2.60938120e+00
9.12146926e-01
1.81602097e+00
1.86234260e+00
2.26465297e+00
-1.78129762e-01
1.85805726e+00
3.18735361e+00
1.72920871e+00
3.51742792e+00
2.90233850e+00
2.93469453e+00
2.61243296e+00
1.52411759e+00
1.47127795e+00
1.45158553e+00
2.70372725e+00
3.56830788e+00
2.97333622e+00
1.71300089e+00
-1.23749614e+00
-6.20418882e+00
-7.48062229e+00
2.70166183e+00
3.14665842e+00
-1.71715602e-01
-1.42631078e+00
2.99643469e+00
4.59120417e+00
2.56184769e+00
1.76184273e+00
2.70271921e+00
2.32604051e+00
9.23370183e-01
3.23501396e+00
2.77079391e+00
2.38752699e+00
1.77895641e+00
2.02252150e+00
3.40822673e+00
5.58405280e-01
1.12386203e+00
3.93967104e+00
4.62992430e+00
3.85529828e+00
2.39501166e+00
2.20721030e+00
1.45434344e+00
4.61088610e+00
1.60704803e+00
-7.22692966e+00
-1.41588879e+00
7.29657650e+00
5.35868168e+00
2.42927408e+00
1.35809267e+00
4.00778103e+00
2.83144212e+00
1.95442414e+00
2.07735372e+00
5.28228092e+00
4.79305935e+00
1.36185899e-01
2.37107325e+00
2.04918718e+00
4.45347834e+00
-3.66807055e+00
-7.66891479e+00
-1.61866796e+00
5.92269039e+00
2.74249339e+00
2.49097157e+00
3.46134257e+00
1.62517810e+00
9.05618668e-01
2.13108563e+00
3.24684143e+00
1.07395375e+00
-9.80165362e-01
-3.32602441e-01
1.48127401e+00
2.97032475e+00
3.05415297e+00
4.41181421e+00
2.12826109e+00
-3.35343862e+00
-2.70663500e+00
4.90212154e+00
2.99046588e+00
3.11050248e+00
3.05918717e+00
1.69666791e+00
2.29408216e+00
1.87036037e+00
3.15071177e+00
6.94715381e-01
4.62275892e-01
1.23118007e+00
1.68623388e+00
3.93340401e-02
1.23494901e-01
1.91244793e+00
3.32709169e+00
1.22463989e+00
9.45309460e-01
1.43389773e+00
-1.08714950e+00
-1.40716434e+00
3.04546213e+00
