2.14464989e+01
1.94692707e+01
7.78685665e+00
1.92297230e+01
4.09468994e+01
2.37783051e+01
1.08057489e+01
1.03367968e+01
1.99144249e+01
1.58504219e+01
1.18895578e+01
8.92473793e+00
1.03941078e+01
1.49223146e+01
1.40058165e+01
1.01060104e+01
1.44099312e+01
9.66756344e+00
6.37315559e+00
1.10761976e+01
9.62961483e+00
1.15584650e+01
1.17417917e+01
8.37078190e+00
2.03831520e+01
2.51175594e+01
8.88714600e+00
9.80230331e+00
1.12627840e+01
8.73993874e+00
1.36415319e+01
1.58278952e+01
7.81097841e+00
2.14368038e+01
1.63751564e+01
1.12008276e+01
6.49721432e+00
5.43256903e+00
1.13530226e+01
1.61700459e+01
1.04108906e+01
1.39214649e+01
9.16792011e+00
1.00826883e+01
2.06123981e+01
4.17052650e+00
1.03722439e+01
1.26959696e+01
1.45700493e+01
9.48353386e+00
1.22919922e+01
7.21404648e+00
1.72607059e+01
1.47432919e+01
9.84252739e+00
1.02158823e+01
2.04112206e+01
1.61985569e+01
1.42038927e+01
6.18105698e+00
1.13434820e+01
1.42637005e+01
9.38895512e+00
6.90033150e+00
4.75843096e+00
1.13204327e+01
2.75498066e+01
2.00367603e+01
1.38027143e+01
2.06889439e+01
1.35516920e+01
6.97386122e+00
1.16935692e+01
1.39721756e+01
9.54069614e+00
7.72097111e+00
1.07396059e+01
2.23855019e+01
2.01825905e+01
1.53983803e+01
1.20271683e+01
1.28193979e+01
9.17937374e+00
5.10694361e+00
1.11157618e+01
1.47780037e+01
9.55662251e+00
2.42066936e+01
7.27413321e+00
2.27205601e+01
2.33922424e+01
8.62250996e+00
1.07855015e+01
1.97410202e+01
1.87286739e+01
1.32846403e+01
7.19948530e+00
1.12916889e+01
1.13254976e+01
1.65498676e+01
9.46506119e+00
1.23920221e+01
8.10946846e+00
7.06659985e+00
1.49157333e+01
1.06979179e+01
1.60273933e+01
1.04421883e+01
9.53037739e+00
8.78943443e+00
1.01680899e+01
1.30153074e+01
2.17458916e+01
1.19420576e+01
7.75899220e+00
5.87856007e+00
1.44965048e+01
9.04194355e+00
7.75385809e+00
7.31188250e+00
9.20388222e+00
5.65527725e+00
6.51850080e+00
1.55256968e+01
1.54696350e+01
3.38120689e+01
2.37636452e+01
1.07169371e+01
2.89738293e+01
1.06625843e+01
1.00049343e+01
5.84249973e+00
8.72473717e+00
1.53487415e+01
8.78580761e+00
9.22295761e+00
1.45263500e+01
1.71072674e+01
1.53408632e+01
1.81939373e+01
2.01493702e+01
1.38934603e+01
1.04729414e+01
1.29926624e+01
1.40267410e+01
1.00419655e+01
1.51074371e+01
9.77897167e+00
7.31752968e+00
1.37979603e+01
4.75322008e+00
1.16164818e+01
1.12844725e+01
1.62547073e+01
1.09942217e+01
1.66361809e+01
1.65088081e+01
1.44125881e+01
2.45660877e+01
1.40770082e+01
6.07532787e+00
6.63554287e+00
1.11751823e+01
6.08982372e+00
1.11210308e+01
7.59340429e+00
9.37018013e+00
6.74705124e+00
4.44820261e+00
1.12305145e+01
1.37879887e+01
1.42737408e+01
1.62471828e+01
1.32766275e+01
1.43456860e+01
1.26835327e+01
8.50282097e+00
1.84020443e+01
2.44197235e+01
4.29587030e+00
5.59781170e+00
7.87589121e+00
2.00603447e+01
1.11661568e+01
4.46447420e+00
6.98687696e+00
8.02249241e+00
5.02870369e+00
1.22550907e+01
1.81129532e+01
6.63032436e+00
6.17220974e+00
5.21962786e+00
7.65063763e+00
9.17191601e+00
1.34817343e+01
5.05157900e+00
1.14657421e+01
9.29647541e+00
2.57247090e+00
3.38248372e+00
3.47053576e+00
1.55050344e+01
8.73645306e+00
5.18377161e+00
1.23251429e+01
1.42338419e+01
9.51140594e+00
6.01557016e+00
5.96079969e+00
1.06137896e+01
1.11985054e+01
1.79099751e+01
1.31107655e+01
3.53867626e+00
1.12056904e+01
1.40867500e+01
1.34998016e+01
8.75491428e+00
1.53848534e+01
1.09210463e+01
1.23065653e+01
1.56305923e+01
2.06791649e+01
1.56571770e+01
6.40301180e+00
1.11832380e+01
3.49389572e+01
2.42781239e+01
7.56678581e+00
1.00489111e+01
9.37421227e+00
8.23599720e+00
1.65013008e+01
1.55072803e+01
1.28236427e+01
1.59511003e+01
9.57209778e+00
1.93174686e+01
2.72339878e+01
1.25570583e+01
7.08708715e+00
9.67580414e+00
1.18462448e+01
2.24788551e+01
1.25199728e+01
1.36710501e+01
2.69696445e+01
1.35177832e+01
9.90899563e+00
7.20700121e+00
1.00275135e+01
1.19671822e+01
8.68196583e+00
1.51855373e+01
1.02074890e+01
8.62715435e+00
1.86993942e+01
2.06477261e+01
1.20940065e+01
5.88515997e+00
1.01430779e+01
2.31113682e+01
1.26413164e+01
1.19678049e+01
9.53450394e+00
7.50572252e+00
1.78973370e+01
9.51062107e+00
1.18944597e+01
2.24401970e+01
1.96042309e+01
1.22378569e+01
6.45701170e+00
6.31497860e+00
1.20356512e+01
1.97429390e+01
1.66635513e+01
6.87909842e+00
8.64408875e+00
1.11277704e+01
1.14119625e+01
1.52707491e+01
2.04968491e+01
7.31627750e+00
8.30261326e+00
2.37239819e+01
1.64209290e+01
8.12535572e+00
8.51189041e+00
1.44135408e+01
1.05837784e+01
1.00303068e+01
9.78604507e+00
1.54630775e+01
1.87856941e+01
1.22842331e+01
1.16292515e+01
2.35610676e+01
5.47210884e+00
6.19369698e+00
1.97249374e+01
5.58863211e+00
1.14918804e+01
1.16627264e+01
5.42740631e+00
8.62238407e+00
1.24309959e+01
1.24385872e+01
1.42866173e+01
7.78037214e+00
5.32539892e+00
6.48895836e+00
6.46246386e+00
1.30750904e+01
1.25384226e+01
4.78461790e+00
6.29751396e+00
2.18913975e+01
4.92798281e+00
3.49419289e+01
8.96302700e+00
1.66307354e+01
1.25612030e+01
1.86442471e+01
2.05481396e+01
7.21095085e+00
1.17950420e+01
1.14634953e+01
1.41576500e+01
9.81916046e+00
6.48653173e+00
1.14245148e+01
8.42772007e+00
1.81136310e+00
4.98368788e+00
3.39884329e+00
6.97404385e+00
6.82107306e+00
2.19313002e+00
7.61175013e+00
1.58900518e+01
1.62214565e+01
8.15109825e+00
9.89611912e+00
7.65328693e+00
1.33317614e+01
5.70780706e+00
8.16751575e+00
1.01708012e+01
5.12635803e+00
1.82550850e+01
8.80234337e+00
6.78026485e+00
1.83190365e+01
1.97639637e+01
1.01238127e+01
1.48314314e+01
4.60142517e+00
3.75738955e+00
6.67225599e+00
4.89888811e+00
5.57732344e+00
9.15660763e+00
1.33446903e+01
1.22242994e+01
4.78952837e+00
9.85768414e+00
1.76482220e+01
1.47086029e+01
1.42117119e+01
1.36236753e+01
1.27401476e+01
7.46378756e+00
1.03801079e+01
1.63049011e+01
1.28613462e+01
1.99925117e+01
1.48167973e+01
1.45045137e+01
1.98972759e+01
8.10451508e+00
1.01199150e+01
1.55989285e+01
9.58613682e+00
7.19061279e+00
1.01391754e+01
9.74760914e+00
1.61385422e+01
1.02870007e+01
2.25248451e+01
2.70344467e+01
8.88329220e+00
1.27426405e+01
1.72896633e+01
2.57627468e+01
2.23104877e+01
1.22519894e+01
1.20004883e+01
2.13523426e+01
8.31032753e+00
1.23503160e+01
2.41643925e+01
2.82076111e+01
1.59030695e+01
1.41775751e+01
1.59860477e+01
1.96034527e+01
1.35311832e+01
7.75707436e+00
1.33848381e+01
1.49294786e+01
2.21698284e+01
1.52111292e+01
1.32580929e+01
1.25607204e+01
1.00541592e+01
1.60060329e+01
1.49205608e+01
1.68158035e+01
1.44849806e+01
1.66461449e+01
1.70772324e+01
1.24043694e+01
1.43382912e+01
1.96045723e+01
2.05256195e+01
1.58642731e+01
1.24395266e+01
2.40206547e+01
1.47768154e+01
1.16230659e+01
6.64920092e+00
6.71333265e+00
2.46252747e+01
1.56733971e+01
2.68985558e+01
2.10270596e+01
2.06892967e+01
2.49712563e+01
2.14690609e+01
1.81722050e+01
2.02719765e+01
1.71997528e+01
1.73337975e+01
1.98242245e+01
1.70551434e+01
5.41475582e+00
8.52441406e+00
2.04683189e+01
1.62127361e+01
1.82097759e+01
3.10926666e+01
1.58916368e+01
2.01591644e+01
1.85203781e+01
1.84124241e+01
1.63956985e+01
9.44376278e+00
7.88691235e+00
8.30108547e+00
1.67882671e+01
2.97966099e+01
2.52419624e+01
1.42059259e+01
2.07774200e+01
1.50797348e+01
1.37144356e+01
1.02485218e+01
1.08243303e+01
1.78436260e+01
1.37917871e+01
1.56256781e+01
1.51266727e+01
2.12048607e+01
1.88360500e+01
9.43002415e+00
1.43567410e+01
1.79738998e+01
9.98008823e+00
1.18362799e+01
1.69159069e+01
8.26933289e+00
1.18602114e+01
1.65422325e+01
1.31815557e+01
1.75854759e+01
1.84659519e+01
1.83223114e+01
1.62779217e+01
8.35187531e+00
2.22869453e+01
1.85159321e+01
9.88562679e+00
1.27380600e+01
2.33535366e+01
1.00615940e+01
1.08244696e+01
2.53937874e+01
1.99094219e+01
5.55419493e+00
2.05290375e+01
1.76961613e+01
1.60685005e+01
1.27315817e+01
1.20035467e+01
2.30883865e+01
1.03004799e+01
2.21770020e+01
2.39938908e+01
1.43601961e+01
1.27141113e+01
1.80330048e+01
1.45435820e+01
1.15126972e+01
5.16248846e+00
1.19244432e+01
1.85034332e+01
1.56420393e+01
8.12535667e+00
1.28824072e+01
9.84991169e+00
8.68199158e+00
1.49127617e+01
1.80279331e+01
1.45138102e+01
7.36344576e+00
9.62788105e+00
1.24555836e+01
1.92808208e+01
2.90872879e+01
5.96188784e+00
1.04202843e+01
9.40072918e+00
1.01868830e+01
1.52462416e+01
9.38717365e+00
1.85324135e+01
1.65500336e+01
1.21881084e+01
1.13168898e+01
7.58810568e+00
1.00723753e+01
1.12632151e+01
1.02449770e+01
1.81714764e+01
1.46463909e+01
1.29361238e+01
2.38685570e+01
1.25998993e+01
1.25788250e+01
2.01303101e+01
1.37565002e+01
1.36993065e+01
1.90902958e+01
1.88483334e+01
8.17700195e+00
8.65250111e+00
8.61967373e+00
1.04696865e+01
1.67251759e+01
7.83433580e+00
1.33260803e+01
9.42706585e+00
8.02342796e+00
8.50893211e+00
1.20691814e+01
1.73575764e+01
1.61416855e+01
2.60561514e+00
3.38965058e+00
3.63296056e+00
5.40780735e+00
5.71766996e+00
1.64595592e+00
3.55335140e+00
4.97514486e+00
7.34488201e+00
5.48130465e+00
3.71220922e+00
6.56635332e+00
2.98789549e+00
5.16850805e+00
7.01137877e+00
1.04610605e+01
1.41616888e+01
1.28045816e+01
1.05550680e+01
4.72216129e+00
6.51166105e+00
4.93287659e+00
7.91312075e+00
6.60617018e+00
1.83270435e+01
9.52414799e+00
7.39195728e+00
1.11236238e+01
5.11728334e+00
7.86890507e+00
1.46605873e+01
6.30488110e+00
3.56222773e+00
9.27117825e+00
8.75258160e+00
4.78357172e+00
5.47832203e+00
9.05008316e+00
9.89447975e+00
6.65265703e+00
1.38227758e+01
1.27753716e+01
2.00634098e+01
1.19801979e+01
1.00618830e+01
1.17356377e+01
1.76020718e+01
2.66800175e+01
1.96460228e+01
1.38528709e+01
1.25881958e+01
6.57486391e+00
5.38035583e+00
8.61133385e+00
1.08931570e+01
1.53065500e+01
1.47141399e+01
1.02138233e+01
1.06373081e+01
1.24761086e+01
1.64185486e+01
2.10688629e+01
1.33654900e+01
9.12084484e+00
9.98729229e+00
2.01255322e+01
1.21804390e+01
1.37461243e+01
2.01856422e+01
1.25723925e+01
1.29261074e+01
2.20547161e+01
1.84254074e+01
9.48191357e+00
6.55187511e+00
1.07141037e+01
9.48657608e+00
1.06856155e+01
1.00909204e+01
1.48344746e+01
1.78574886e+01
5.89867926e+00
1.86781158e+01
7.31756306e+00
2.15254536e+01
1.94910316e+01
8.77428150e+00
1.02398224e+01
7.46869135e+00
1.47355299e+01
2.33632412e+01
1.98764877e+01
8.37434196e+00
7.61127853e+00
1.77860069e+01
2.91128883e+01
1.08150120e+01
1.38277121e+01
1.45965118e+01
1.87468910e+01
1.04341564e+01
1.56391706e+01
8.23143578e+00
4.59314966e+00
1.45850439e+01
1.49921398e+01
1.94859123e+01
1.62649708e+01
1.62186909e+01
2.00566139e+01
1.81802788e+01
8.35613251e+00
1.49301023e+01
1.37371264e+01
1.13730211e+01
1.17964487e+01
1.68090801e+01
2.37803345e+01
1.48440704e+01
2.08975468e+01
8.07242489e+00
1.15766268e+01
2.22820778e+01
1.43907099e+01
1.18315954e+01
2.61648960e+01
1.98743267e+01
1.61799030e+01
1.30169954e+01
1.62340336e+01
2.24948044e+01
1.65963173e+01
1.69583054e+01
2.47767620e+01
2.36241817e+01
1.37420750e+01
2.04344387e+01
2.33705635e+01
1.37559652e+01
7.77423000e+00
1.25192099e+01
9.90238762e+00
1.45383387e+01
2.33654118e+01
2.22012119e+01
1.56663189e+01
1.25729504e+01
1.15149937e+01
9.60570240e+00
1.68606186e+01
2.11188126e+01
2.10900688e+01
2.02915039e+01
1.60510597e+01
1.07079906e+01
1.27709379e+01
1.31697245e+01
1.52374067e+01
1.30731506e+01
9.52044296e+00
1.07735596e+01
2.15653973e+01
2.10729809e+01
1.89241085e+01
1.63365917e+01
1.56017027e+01
1.94882660e+01
2.34241772e+01
1.84512806e+01
1.43960152e+01
1.72524986e+01
1.73927994e+01
2.59170837e+01
1.34290218e+01
8.27849483e+00
6.50086880e+00
9.49302864e+00
2.19773712e+01
2.04421139e+01
1.24265604e+01
1.01086550e+01
1.42412481e+01
1.09186697e+01
1.13648853e+01
1.82737770e+01
1.85661469e+01
1.88941612e+01
1.26243076e+01
1.10711098e+01
1.35261927e+01
1.70801640e+01
1.33484669e+01
2.10947876e+01
1.51621971e+01
9.23464870e+00
1.73489399e+01
1.17675228e+01
1.70298061e+01
1.50769119e+01
2.05076103e+01
2.04469776e+01
1.08053102e+01
1.46049490e+01
1.59385138e+01
2.11358585e+01
8.26574612e+00
7.10180712e+00
1.60965900e+01
1.22841444e+01
2.06097431e+01
1.74711742e+01
1.58115978e+01
1.86969967e+01
1.71029396e+01
1.29663515e+01
2.02996292e+01
1.80257816e+01
1.21634541e+01
1.30484171e+01
1.19483833e+01
8.02696609e+00
1.59408646e+01
1.78003769e+01
1.11409950e+01
9.26496983e+00
1.51660528e+01
1.99203320e+01
7.87316513e+00
2.61602249e+01
1.38871784e+01
7.15721893e+00
2.78504925e+01
1.90994415e+01
1.30663395e+01
1.48827667e+01
1.43118248e+01
1.38736820e+01
2.08145485e+01
1.33531008e+01
1.62916584e+01
2.07581902e+01
1.13133430e+01
1.27825050e+01
2.51485710e+01
1.75288982e+01
1.35711126e+01
1.92116165e+01
2.12860622e+01
2.35603428e+01
2.65122719e+01
1.76416702e+01
1.58872480e+01
1.76661911e+01
1.72563362e+01
1.54329901e+01
2.03775959e+01
1.25810175e+01
1.44906311e+01
1.57828074e+01
1.78917866e+01
1.65120182e+01
1.59511948e+01
2.21582298e+01
1.30619259e+01
1.42075891e+01
1.46088657e+01
1.49452324e+01
2.11056976e+01
2.09919891e+01
7.10106611e+00
1.40107498e+01
1.04877110e+01
1.48218479e+01
2.33996525e+01
1.35577936e+01
1.88569145e+01
2.21525288e+01
1.77768879e+01
1.53400364e+01
1.91304665e+01
1.87594986e+01
1.22463465e+01
1.24116926e+01
1.31861963e+01
1.94585629e+01
1.62679863e+01
8.34642601e+00
1.80826817e+01
1.54538813e+01
1.79258575e+01
2.45642376e+01
1.74275036e+01
1.37143240e+01
7.71597815e+00
4.48589468e+00
1.26064520e+01
1.03806982e+01
8.07433319e+00
1.55235443e+01
1.18418732e+01
1.79586487e+01
1.79669514e+01
1.59932032e+01
1.65233727e+01
9.57800961e+00
6.58861017e+00
1.93722095e+01
1.80151215e+01
8.53087139e+00
1.22599468e+01
1.37382164e+01
1.33175735e+01
1.57303228e+01
1.59867182e+01
1.48674946e+01
1.91619949e+01
2.02025337e+01
1.73316269e+01
1.37689552e+01
9.78476620e+00
1.12065325e+01
1.69868011e+01
1.50230904e+01
1.17755651e+01
1.60962429e+01
1.03568182e+01
1.21451769e+01
2.08093987e+01
7.48366213e+00
1.00832672e+01
1.36272888e+01
2.11349564e+01
1.63001080e+01
1.05604782e+01
2.35893536e+01
1.02850409e+01
1.83615646e+01
2.00641918e+01
9.92992115e+00
8.79482841e+00
1.57966986e+01
1.47917900e+01
9.57730579e+00
8.94376755e+00
2.72874336e+01
1.89334755e+01
8.54536724e+00
6.63736629e+00
5.76947689e+00
1.68977337e+01
2.54065552e+01
1.63633823e+01
2.11294384e+01
1.43695660e+01
2.14405727e+01
2.18423386e+01
1.30717049e+01
9.19123459e+00
9.44043446e+00
2.12643414e+01
1.19583282e+01
1.18728514e+01
1.80295582e+01
9.61836910e+00
5.24141073e+00
1.62613716e+01
9.41791821e+00
6.40151262e+00
1.29820328e+01
1.63982983e+01
9.84575176e+00
1.46742687e+01
9.04036427e+00
9.44536781e+00
1.47453489e+01
1.26515341e+01
2.18718281e+01
2.24282665e+01
2.08936386e+01
1.37029743e+01
7.38000584e+00
9.34834003e+00
1.15561628e+01
1.77861843e+01
8.57351971e+00
1.27499828e+01
2.04991894e+01
1.85734539e+01
1.38441582e+01
1.27807608e+01
1.20667229e+01
5.98598337e+00
6.59545898e+00
1.61693707e+01
9.01083946e+00
6.73421574e+00
1.13905077e+01
7.31662512e+00
1.35988531e+01
2.26735535e+01
6.61732149e+00
1.49572496e+01
1.33567371e+01
1.29990406e+01
1.88763523e+01
1.55376730e+01
7.69585514e+00
3.22290611e+01
1.77130756e+01
1.35494375e+01
2.22039261e+01
1.74769478e+01
1.56388664e+01
1.45340881e+01
1.62939739e+01
1.58000784e+01
1.11199865e+01
1.10962934e+01
1.48490372e+01
1.33205471e+01
1.97405186e+01
1.31963768e+01
7.13184929e+00
1.28896036e+01
6.76880598e+00
1.58644991e+01
1.74682636e+01
8.29049587e+00
1.11380777e+01
2.51289253e+01
1.18358650e+01
2.42411976e+01
8.01357746e+00
6.45455933e+00
1.65171909e+01
1.05497885e+01
1.29183912e+01
9.31643772e+00
1.91452312e+01
1.78871403e+01
8.30245209e+00
7.25145006e+00
9.59751511e+00
1.12005405e+01
1.07567177e+01
1.01913891e+01
8.97235680e+00
5.93183184e+00
1.40255375e+01
5.38630772e+00
1.71471519e+01
1.05614681e+01
4.36830282e+00
1.53012714e+01
1.21724081e+01
7.88845491e+00
1.00874128e+01
9.27147293e+00
1.56856232e+01
2.04132919e+01
1.35981464e+01
1.11676340e+01
1.41805887e+01
1.12229948e+01
1.20509481e+01
1.51319208e+01
4.27662086e+00
6.07222748e+00
1.06994600e+01
7.53282261e+00
5.30620480e+00
1.67467651e+01
1.79741554e+01
5.07260227e+00
5.20722389e+00
5.93005991e+00
8.99799156e+00
5.49311161e+00
7.01642084e+00
1.11814461e+01
9.18537140e+00
8.55803585e+00
3.66061759e+00
5.35605526e+00
4.30107260e+00
2.74654961e+00
1.31166821e+01
1.84511871e+01
1.04059114e+01
2.47029114e+00
1.01445494e+01
8.49896717e+00
6.61984730e+00
3.09217525e+00
5.47712135e+00
6.03057384e+00
3.86606050e+00
3.43824577e+00
1.21442728e+01
4.23529291e+00
8.57866383e+00
4.96600914e+00
1.29392920e+01
1.19350414e+01
6.11457443e+00
8.95218086e+00
8.43266106e+00
2.30029964e+00
1.08521185e+01
8.74707317e+00
3.99929500e+00
1.24076777e+01
1.66461449e+01
1.10836554e+01
1.82353878e+01
8.14915562e+00
1.00505180e+01
1.15564375e+01
5.39843988e+00
3.47716117e+00
1.29274559e+01
7.20146894e+00
1.19222679e+01
1.15662622e+01
8.33337879e+00
1.01311340e+01
3.89574766e+00
4.14252281e+00
3.23553395e+00
6.28190613e+00
6.21837378e+00
9.64345932e+00
1.27759037e+01
5.57626247e+00
4.44622135e+00
7.24092197e+00
8.16100216e+00
1.40058231e+01
1.34518814e+01
5.57586765e+00
5.09662056e+00
1.20386353e+01
1.29614305e+01
9.74094772e+00
1.11258984e+01
7.48598433e+00
1.33551826e+01
1.42439528e+01
5.91228247e+00
5.89788628e+00
6.99075460e+00
8.20073032e+00
6.64756489e+00
1.13287144e+01
1.61968994e+01
7.55217123e+00
7.84807777e+00
1.87858849e+01
2.72672386e+01
1.79692192e+01
1.38759155e+01
2.24506683e+01
1.06045113e+01
6.96522570e+00
1.97013988e+01
1.65593243e+01
8.63020229e+00
1.11897402e+01
8.06764317e+00
5.32145309e+00
1.31312418e+01
1.65740719e+01
1.10655088e+01
8.65764332e+00
1.74398823e+01
1.12300968e+01
8.98917484e+00
1.10713711e+01
1.31277943e+01
1.57675657e+01
1.27538548e+01
7.96709061e+00
1.18526917e+01
1.46572647e+01
1.19634094e+01
7.50417471e+00
8.85840988e+00
1.93801327e+01
1.25765009e+01
1.07833014e+01
1.41585512e+01
1.09787769e+01
1.07287302e+01
1.38886461e+01
9.45716476e+00
7.79343462e+00
1.05234718e+01
1.02865915e+01
1.04626379e+01
1.69584560e+01
1.40443277e+01
1.17919550e+01
1.18305073e+01
9.71702862e+00
8.17867565e+00
1.26176100e+01
1.33327074e+01
9.56481552e+00
1.16326065e+01
1.73327408e+01
8.31723404e+00
1.14373913e+01
8.85087967e+00
1.08026524e+01
1.07686749e+01
8.13255119e+00
2.11594276e+01
1.35211325e+01
1.26412182e+01
1.20497999e+01
9.02654934e+00
7.02149248e+00
1.57191868e+01
2.05558281e+01
1.07476435e+01
8.74361897e+00
1.49037714e+01
1.76121902e+01
5.58710289e+00
1.03220072e+01
1.27221699e+01
1.66151161e+01
1.51305246e+01
9.62456989e+00
2.17835903e+01
1.98185940e+01
1.04891968e+01
6.47026014e+00
9.05924034e+00
1.22453537e+01
1.40798311e+01
1.97247715e+01
1.57007914e+01
6.19423771e+00
7.91053772e+00
1.77310448e+01
1.04105434e+01
7.90222311e+00
2.00958977e+01
1.73222466e+01
1.12082558e+01
1.71466618e+01
1.93854046e+01
1.37887287e+01
1.17453232e+01
1.73252831e+01
1.85580540e+01
1.62451210e+01
2.19342823e+01
1.85150051e+01
2.04649715e+01
1.81054859e+01
1.24801970e+01
9.65401268e+00
1.24548416e+01
8.55543327e+00
1.45580883e+01
1.52099476e+01
1.32798567e+01
2.56381912e+01
1.31796541e+01
1.37705488e+01
1.61533356e+01
1.35376844e+01
1.06287794e+01
1.30464983e+01
2.00252972e+01
1.39600143e+01
1.17981958e+01
1.13414326e+01
1.39921741e+01
1.75529194e+01
1.01756954e+01
1.12828064e+01
1.04125996e+01
1.24554987e+01
1.52566280e+01
1.38886204e+01
1.63894367e+01
1.04429178e+01
1.92643356e+01
1.24834309e+01
5.76623487e+00
1.06847677e+01
6.92171335e+00
7.68694496e+00
6.75677729e+00
1.03615150e+01
1.50651255e+01
1.29668446e+01
8.36551952e+00
1.87898617e+01
7.19906807e+00
9.98152828e+00
1.80489120e+01
8.85719872e+00
1.81658573e+01
1.42462215e+01
1.37216654e+01
1.25106173e+01
1.18107424e+01
1.44834728e+01
1.63056850e+01
1.35936499e+01
1.33183069e+01
1.37656164e+01
1.44794865e+01
1.67603588e+01
1.54516039e+01
8.77738762e+00
9.36533165e+00
1.66507530e+01
1.59185352e+01
8.50661945e+00
1.89915695e+01
1.67550926e+01
1.87437611e+01
1.77266560e+01
1.49405727e+01
1.38751354e+01
1.42032919e+01
1.09464989e+01
1.23988047e+01
1.27391338e+01
9.80624390e+00
1.02746067e+01
1.77149067e+01
2.07018948e+01
1.41055183e+01
1.15108500e+01
1.69221611e+01
1.77196712e+01
6.84789753e+00
1.66216030e+01
1.32181282e+01
1.20364180e+01
1.44041767e+01
1.02132053e+01
1.03363085e+01
1.09126825e+01
9.37664986e+00
1.47270517e+01
1.72770424e+01
1.18201866e+01
1.09739971e+01
1.61078701e+01
8.92965031e+00
1.15996351e+01
1.68805389e+01
1.32238808e+01
1.67813206e+01
1.94382858e+01
1.20863209e+01
1.28918972e+01
1.51776495e+01
1.01044989e+01
1.44495344e+01
8.84957123e+00
1.94495182e+01
1.86143818e+01
1.03087034e+01
9.45390987e+00
1.03426571e+01
2.14065228e+01
1.38165569e+01
1.39821844e+01
1.41655426e+01
5.27471876e+00
1.37181892e+01
9.58676147e+00
1.43483658e+01
1.35713129e+01
1.13238096e+01
1.62318573e+01
9.58718586e+00
1.25528336e+01
1.57899399e+01
1.03600464e+01
1.21687317e+01
2.48102303e+01
1.50264673e+01
1.60695152e+01
2.12588882e+01
1.51235542e+01
8.78608322e+00
9.83569813e+00
7.86635017e+00
1.94305382e+01
1.18697720e+01
1.40017300e+01
1.96888485e+01
1.26937809e+01
1.85538063e+01
1.19808702e+01
1.98680592e+01
2.00178299e+01
1.40542107e+01
1.69604816e+01
1.02989569e+01
1.58244381e+01
1.85366306e+01
1.33895674e+01
8.58860493e+00
1.13693838e+01
2.24679642e+01
1.92568550e+01
8.50098228e+00
1.22901802e+01
1.69514294e+01
1.28758907e+01
1.38760147e+01
1.10200462e+01
1.07845688e+01
1.22159185e+01
1.35680227e+01
1.40366583e+01
9.59981060e+00
1.26370459e+01
1.27366571e+01
1.72986584e+01
1.82153606e+01
1.18707237e+01
2.45469418e+01
1.19895487e+01
1.82677689e+01
2.54663086e+01
1.58813143e+01
5.97421455e+00
1.84883842e+01
1.60479679e+01
1.90320244e+01
1.37488861e+01
8.06088924e+00
1.14657898e+01
1.20566397e+01
1.23796206e+01
8.79171848e+00
7.09227514e+00
8.39906693e+00
8.37809753e+00
1.03736563e+01
8.79671192e+00
9.56358624e+00
1.19348698e+01
1.25810623e+01
1.12653227e+01
6.72948170e+00
1.11637306e+01
6.93443012e+00
1.09694023e+01
1.36103115e+01
3.91852427e+00
8.49130249e+00
6.64101839e+00
9.26299381e+00
1.54218855e+01
1.73713284e+01
1.35766430e+01
1.25887680e+01
1.35851107e+01
1.17911472e+01
1.15702000e+01
1.33289061e+01
1.24724789e+01
1.29064455e+01
1.44837551e+01
1.15241566e+01
1.13891745e+01
1.16515656e+01
1.08032198e+01
1.26652184e+01
1.56854639e+01
1.15416183e+01
5.58645821e+00
8.45439625e+00
1.58539934e+01
6.51521397e+00
1.29528389e+01
1.23391323e+01
1.02993565e+01
1.62611446e+01
2.08543072e+01
1.26780787e+01
1.67999325e+01
1.46137152e+01
1.26380959e+01
1.20447464e+01
1.16773977e+01
1.60946159e+01
1.47231178e+01
1.00197887e+01
8.61513805e+00
8.25634289e+00
1.49503832e+01
1.80657845e+01
1.64420300e+01
1.32633801e+01
1.14946690e+01
1.31995916e+01
1.20421686e+01
3.50853515e+00
1.47960033e+01
1.64278259e+01
1.16898336e+01
8.29721737e+00
1.15368948e+01
1.42746668e+01
5.61954498e+00
1.00565786e+01
1.08260975e+01
1.16443930e+01
2.01570606e+01
1.14392700e+01
1.40835552e+01
1.51400795e+01
1.34733734e+01
1.14527330e+01
9.00824738e+00
4.70465755e+00
1.01618996e+01
1.27150888e+01
1.21608315e+01
1.25937557e+01
1.72444782e+01
1.63410206e+01
7.47803974e+00
1.53598986e+01
1.54706764e+01
7.22569323e+00
1.17734776e+01
2.13778439e+01
1.22437897e+01
9.77846622e+00
1.41693954e+01
1.76449833e+01
1.50401821e+01
1.18754416e+01
1.24288540e+01
2.16641121e+01
1.34808493e+01
6.83865118e+00
2.05264683e+01
1.49298906e+01
7.19022036e+00
5.55179024e+00
9.73509026e+00
1.47924137e+01
1.51421080e+01
1.48119860e+01
8.60457802e+00
1.14279242e+01
1.37952747e+01
1.19848375e+01
1.51587095e+01
1.40157804e+01
1.11947689e+01
7.17873335e+00
8.45528603e+00
1.20785933e+01
1.36827917e+01
1.41420040e+01
1.75225258e+01
2.00469131e+01
1.57015314e+01
9.85199547e+00
9.54894257e+00
1.59269409e+01
2.03037891e+01
1.86696892e+01
1.14237976e+01
9.01321125e+00
1.66219673e+01
1.27428703e+01
6.17100239e+00
5.20903492e+00
1.52110062e+01
1.84829063e+01
6.27971458e+00
9.97423172e+00
1.56540480e+01
6.74174404e+00
6.05207396e+00
1.29032097e+01
1.33691568e+01
7.91413450e+00
2.10933666e+01
1.45443268e+01
5.80557442e+00
4.56471539e+00
5.65324545e+00
1.18042955e+01
1.91621799e+01
1.68969746e+01
1.20203342e+01
1.25115709e+01
1.53070850e+01
8.49011326e+00
1.22619123e+01
1.85370274e+01
1.80518684e+01
1.17970495e+01
8.52412891e+00
9.91456032e+00
1.08100386e+01
2.32736874e+01
2.10932713e+01
9.14649010e+00
6.01693678e+00
7.62953043e+00
1.58685551e+01
1.35483446e+01
8.46380806e+00
9.15231514e+00
1.43956518e+01
1.39480381e+01
1.53689013e+01
3.24661303e+00
6.44586277e+00
2.01928291e+01
1.43455629e+01
1.35566454e+01
4.99236393e+00
7.94454479e+00
1.81462440e+01
1.83778000e+01
8.69242859e+00
1.02988253e+01
4.83895922e+00
1.30187492e+01
1.27701540e+01
8.99016666e+00
1.61569061e+01
9.87219715e+00
6.53911638e+00
1.41367607e+01
1.52093315e+01
1.24160166e+01
1.54565897e+01
1.64030304e+01
1.76965675e+01
1.45360909e+01
8.81225014e+00
9.69376945e+00
1.60887833e+01
1.38323917e+01
1.09798422e+01
1.35935125e+01
1.42715101e+01
8.93247986e+00
4.09019041e+00
7.56156826e+00
6.69883060e+00
3.67256975e+00
9.37882710e+00
1.06231852e+01
4.88563681e+00
2.14913750e+01
1.38041649e+01
1.16955271e+01
1.05738420e+01
7.57732821e+00
1.03435612e+01
1.74534187e+01
1.59152756e+01
1.53100147e+01
1.35783710e+01
9.76646042e+00
9.29139042e+00
1.43873043e+01
8.16197300e+00
1.66785393e+01
1.14913359e+01
2.85767651e+00
1.19795494e+01
9.93582821e+00
1.98494282e+01
1.21632042e+01
1.18860598e+01
1.25803194e+01
5.53830957e+00
6.45697784e+00
1.28444023e+01
7.06753588e+00
6.63889885e+00
1.13850098e+01
1.13687639e+01
1.51754789e+01
1.69425793e+01
1.69237938e+01
1.06544209e+01
1.12699461e+01
1.02643499e+01
1.10832052e+01
4.87924337e+00
1.06525249e+01
1.50736256e+01
1.25545292e+01
1.24815636e+01
1.02033138e+01
1.26535149e+01
1.03369904e+01
8.19485664e+00
1.18212070e+01
1.60121727e+01
1.33270226e+01
1.05369940e+01
1.05490532e+01
9.69058323e+00
7.56710386e+00
9.36367226e+00
1.24932766e+01
8.33960819e+00
1.02659054e+01
1.33902521e+01
1.51883564e+01
1.71911430e+01
9.08473778e+00
1.00615149e+01
1.14439535e+01
1.03849907e+01
9.73685837e+00
9.92223549e+00
5.33059120e+00
1.26373549e+01
1.55615406e+01
1.54737654e+01
1.51105738e+01
1.17756929e+01
5.99664545e+00
2.15614052e+01
1.28408356e+01
8.22754669e+00
1.68446503e+01
1.72011890e+01
1.02749357e+01
1.18173084e+01
9.77579975e+00
1.54011612e+01
1.83497219e+01
8.07128525e+00
1.59180756e+01
1.50106955e+01
1.29808846e+01
1.44685802e+01
1.32458401e+01
8.46499252e+00
1.76904793e+01
1.40952387e+01
1.59444981e+01
1.22263288e+01
4.84779501e+00
6.66474295e+00
9.97145844e+00
2.01538525e+01
1.49481106e+01
8.61508083e+00
8.06864834e+00
9.00354195e+00
1.35856171e+01
1.42384882e+01
2.00256329e+01
1.58495903e+01
9.56462479e+00
1.55300360e+01
1.22919750e+01
6.66750288e+00
1.40538664e+01
1.11499977e+01
4.70428562e+00
7.07059479e+00
8.17115211e+00
9.06738472e+00
1.35282030e+01
1.47457762e+01
1.13135338e+01
1.13680191e+01
1.53180380e+01
9.56244564e+00
1.37135725e+01
1.38450823e+01
1.20495939e+01
1.46540604e+01
6.15706396e+00
9.05030251e+00
1.13788462e+01
1.34238138e+01
1.52392273e+01
1.26219444e+01
1.08832073e+01
1.38117390e+01
2.91514516e+00
5.29748440e+00
2.10185833e+01
1.63216381e+01
1.01762571e+01
9.37678528e+00
6.84424496e+00
9.38920021e+00
1.27374945e+01
1.13787699e+01
1.89918823e+01
1.03487120e+01
4.18854809e+00
1.24338694e+01
1.59045858e+01
3.80571342e+00
1.11765862e+01
9.40302658e+00
8.01323128e+00
9.43947029e+00
9.84766579e+00
9.51467133e+00
1.50825377e+01
1.28638849e+01
6.79547262e+00
4.97465372e+00
7.13225985e+00
7.63101864e+00
7.61172676e+00
1.30129128e+01
9.45028305e+00
5.74900961e+00
4.23518372e+00
6.67601633e+00
1.65539951e+01
1.10525236e+01
1.07299509e+01
1.61073246e+01
1.60237255e+01
1.18161173e+01
1.90096779e+01
1.42586679e+01
1.36789322e+01
9.73246002e+00
8.95273685e+00
1.71896534e+01
8.74974823e+00
1.54393911e+01
1.44610806e+01
8.47519016e+00
6.73075247e+00
1.00610552e+01
1.37698536e+01
1.44784336e+01
1.20900688e+01
1.01061296e+01
1.10061846e+01
1.27050076e+01
7.80203342e+00
9.94312954e+00
4.22887468e+00
7.69785070e+00
1.83741093e+01
1.18152609e+01
1.02920322e+01
6.45892000e+00
6.51235008e+00
5.90784597e+00
1.08415022e+01
6.31532431e+00
9.32431507e+00
2.45423913e+00
9.48694420e+00
1.29118395e+01
1.07433224e+01
9.78342247e+00
1.15150747e+01
1.19778986e+01
1.55112257e+01
1.28032894e+01
8.86309147e+00
1.17023325e+01
9.35109138e+00
1.56759682e+01
3.05469918e+00
2.99182868e+00
1.08052387e+01
1.29064293e+01
4.51918793e+00
1.11254015e+01
6.97423935e+00
7.35418653e+00
1.28600903e+01
1.64969802e+00
1.37788019e+01
5.39030075e+00
9.60128403e+00
1.15893345e+01
8.87704468e+00
9.39012718e+00
6.13511229e+00
1.75981865e+01
1.39156427e+01
2.85319114e+00
4.02654457e+00
9.83075047e+00
5.99974489e+00
8.20399857e+00
8.69278240e+00
1.21519251e+01
1.36028795e+01
4.57961750e+00
1.28077803e+01
6.09852028e+00
5.93681717e+00
6.04713440e+00
6.36149406e+00
7.56491470e+00
1.07578554e+01
1.21296988e+01
1.37442999e+01
1.44260893e+01
1.35593281e+01
1.31447706e+01
1.93736954e+01
1.76043282e+01
1.10540829e+01
8.66749477e+00
1.12900763e+01
1.43126850e+01
1.03098335e+01
5.88533163e+00
7.59974432e+00
8.41749382e+00
6.87344027e+00
9.92123318e+00
3.77449083e+00
1.05368719e+01
4.94754887e+00
1.24148073e+01
1.13946705e+01
9.88414288e+00
7.89477825e+00
8.92728424e+00
3.32242060e+00
1.34935751e+01
2.58377323e+01
1.32956486e+01
1.72303982e+01
7.80694151e+00
1.32615080e+01
1.07823000e+01
5.75380898e+00
1.69241562e+01
1.39098721e+01
1.09671659e+01
1.19346914e+01
1.25109835e+01
1.40779772e+01
1.44002666e+01
3.84972501e+00
6.98548794e+00
1.29653177e+01
1.31497040e+01
1.54878826e+01
1.92952805e+01
7.62495756e+00
2.08089447e+00
7.35927200e+00
8.27556705e+00
1.10145254e+01
2.14625301e+01
1.10505810e+01
9.49027824e+00
8.70668507e+00
9.12878895e+00
9.21928978e+00
8.35402203e+00
1.35684528e+01
8.75804901e+00
1.55863028e+01
1.32439327e+01
5.36918783e+00
1.46477633e+01
2.52097435e+01
8.35415554e+00
3.38260126e+00
7.85882044e+00
1.16292534e+01
1.17131910e+01
1.29269524e+01
9.57102966e+00
1.64783916e+01
1.87647285e+01
1.12893543e+01
6.27909660e+00
4.43557453e+00
8.64844036e+00
1.54788332e+01
1.06787777e+01
5.30131483e+00
8.83379078e+00
1.18753557e+01
1.38795061e+01
1.65513401e+01
1.36130915e+01
7.56794977e+00
7.87197590e+00
1.37387276e+01
3.80638885e+00
1.07140083e+01
9.28106403e+00
4.73290157e+00
1.95332394e+01
1.65049152e+01
1.05802765e+01
1.43973255e+01
8.69796848e+00
4.33022356e+00
1.40927744e+01
4.30800295e+00
2.18603592e+01
1.23002768e+01
1.40414286e+01
2.02759686e+01
1.27310133e+01
1.24166241e+01
9.59275532e+00
1.48637123e+01
6.01020336e+00
5.64639235e+00
1.22613153e+01
8.80413342e+00
7.78302336e+00
1.74630947e+01
1.32287407e+01
3.06514263e+00
9.27412510e+00
5.43872643e+00
1.21126328e+01
1.33024292e+01
7.94919348e+00
3.57506871e+00
6.84940529e+00
1.44699650e+01
3.49070573e+00
4.05143881e+00
9.86489010e+00
1.16371012e+01
9.11417389e+00
6.87107563e+00
1.55251436e+01
6.45759344e+00
6.14334965e+00
8.57740498e+00
1.24607162e+01
1.11954432e+01
5.10771465e+00
1.12275515e+01
8.42870998e+00
4.00813818e+00
8.47815323e+00
4.15207863e+00
1.69682980e+01
8.38811016e+00
5.55990076e+00
1.27778940e+01
5.19374800e+00
5.35408831e+00
1.36358957e+01
1.80096111e+01
1.41775112e+01
5.57232380e+00
1.57213271e+00
1.34254789e+01
5.47624540e+00
1.30443840e+01
2.18812313e+01
1.56009226e+01
5.96367311e+00
7.59534264e+00
3.86710548e+00
7.08352470e+00
1.62606297e+01
1.46358089e+01
3.68614316e+00
1.58292685e+01
1.50149002e+01
1.22491322e+01
4.29847813e+00
3.66543269e+00
2.02432003e+01
1.42354097e+01
8.73137283e+00
3.75114632e+00
4.53526020e+00
1.27564268e+01
1.98057461e+01
6.10135460e+00
8.38686180e+00
6.39154482e+00
1.13623123e+01
1.58550205e+01
4.16841221e+00
6.35493135e+00
1.21262398e+01
1.18023624e+01
1.04796085e+01
1.30394955e+01
1.70172291e+01
1.28050032e+01
6.25790930e+00
1.36086435e+01
1.63325748e+01
7.68847990e+00
4.70298529e+00
1.00454979e+01
1.55657415e+01
1.34212818e+01
7.20269203e+00
5.82091236e+00
1.21293821e+01
1.15556736e+01
9.15831661e+00
5.47767639e+00
7.78948689e+00
9.56626034e+00
6.96332026e+00
1.65706024e+01
1.50323591e+01
2.13771009e+00
0.00000000e+00
5.28550339e+00
3.02608633e+00
7.93876505e+00
4.95838404e+00
9.80303192e+00
1.34240971e+01
1.03865337e+01
7.03109789e+00
2.28177023e+00
2.12325740e+00
5.07409334e+00
5.37997866e+00
7.41015196e+00
1.12733278e+01
4.17564869e+00
4.80890131e+00
1.10408812e+01
8.14407253e+00
1.53167272e+00
3.69648671e+00
1.21764288e+01
9.37582779e+00
3.74230146e+00
8.76177216e+00
1.42678242e+01
5.92404699e+00
7.16708040e+00
1.31249390e+01
1.09551144e+01
6.03386545e+00
9.41003036e+00
2.08885956e+01
6.40244341e+00
6.85606098e+00
6.27635241e+00
2.62716293e+00
5.55364084e+00
6.57231426e+00
1.39372311e+01
1.69421883e+01
1.28869915e+01
5.50813150e+00
5.46008444e+00
4.28260660e+00
1.72609215e+01
4.12855816e+00
1.60313892e+00
8.22593403e+00
1.14863997e+01
6.79664564e+00
7.32901049e+00
6.15205574e+00
4.12391901e+00
6.90335703e+00
1.35864925e+01
1.34461184e+01
1.49115257e+01
8.80628395e+00
4.86734486e+00
1.95909846e+00
5.12220955e+00
8.91905594e+00
1.05616970e+01
3.45859313e+00
2.81351209e+00
9.70169163e+00
1.03333855e+01
1.00714006e+01
1.60896320e+01
3.60437274e+00
4.02646685e+00
1.18551960e+01
8.40320873e+00
5.20211840e+00
3.67043853e+00
7.78737688e+00
7.23671532e+00
3.47101712e+00
5.59028006e+00
7.06622314e+00
7.33937216e+00
1.54736099e+01
1.42958651e+01
9.06165695e+00
9.54278088e+00
1.33958273e+01
7.24353027e+00
1.58742218e+01
7.31133699e+00
4.79870987e+00
3.54661036e+00
1.20284863e+01
3.12451553e+00
7.91925240e+00
1.34626884e+01
4.54993200e+00
5.16759300e+00
1.14529762e+01
7.35482597e+00
4.03767061e+00
6.18432379e+00
3.40827107e+00
1.11052103e+01
1.09137630e+01
1.60776920e+01
2.23246241e+00
3.56132865e+00
7.42505264e+00
7.81668234e+00
1.43096285e+01
9.73096657e+00
9.61093330e+00
1.03709555e+01
9.64446259e+00
6.72799587e+00
6.31086683e+00
1.13375397e+01
2.67213655e+00
8.49957752e+00
9.31442642e+00
3.80103564e+00
1.10115309e+01
7.91497946e+00
1.41788559e+01
9.52130890e+00
5.50328636e+00
7.92101240e+00
6.32393789e+00
6.46196842e+00
8.65952015e+00
3.57860398e+00
2.78373814e+00
5.75936937e+00
9.89231491e+00
1.60797596e+01
4.98150063e+00
6.05447531e+00
7.24724865e+00
4.64106989e+00
8.88309288e+00
5.79789352e+00
5.03633499e+00
6.51040220e+00
4.32880497e+00
4.78146601e+00
1.92211914e+01
4.56708384e+00
9.23326111e+00
7.45672655e+00
6.64089966e+00
8.47149467e+00
4.53635693e+00
1.14928055e+01
6.09350729e+00
8.04116058e+00
9.54325294e+00
6.59407902e+00
8.27460957e+00
7.01551008e+00
5.61557245e+00
5.83528328e+00
8.54358387e+00
5.35117722e+00
6.78708553e+00
9.16275787e+00
6.27722883e+00
6.05711317e+00
5.28717184e+00
4.93885183e+00
9.67131710e+00
4.80323648e+00
8.55141163e+00
1.24504814e+01
1.30692825e+01
1.07853851e+01
9.72344589e+00
9.38235188e+00
6.47054005e+00
5.36585379e+00
2.69418907e+00
6.02689838e+00
1.33672667e+01
7.75836945e+00
8.79028988e+00
3.55468512e+00
6.60538721e+00
1.00200834e+01
2.61588812e+00
1.46812887e+01
5.65751743e+00
3.42375612e+00
6.40785074e+00
1.00063467e+01
1.29822445e+01
1.13787689e+01
9.26429653e+00
1.47670784e+01
1.54347734e+01
8.79235649e+00
5.85607338e+00
6.44008255e+00
4.86108780e+00
9.99143410e+00
1.04880257e+01
3.72295690e+00
2.94295287e+00
8.16185951e+00
5.81565666e+00
4.67402315e+00
6.96776962e+00
6.96462107e+00
3.15036511e+00
1.92757816e+01
9.39998150e+00
5.42963219e+00
6.75881243e+00
7.38066912e+00
9.67946434e+00
8.54325676e+00
8.38194180e+00
5.76293993e+00
1.72569835e+00
4.52780294e+00
2.98496747e+00
9.65414810e+00
3.68379188e+00
6.49716139e+00
4.27463150e+00
5.36272001e+00
8.56487370e+00
8.41414738e+00
3.09564328e+00
1.01849852e+01
4.75046062e+00
9.44127083e+00
2.49134231e+00
3.55510044e+00
1.72872562e+01
1.29619589e+01
6.17203283e+00
8.36880207e+00
7.83488083e+00
3.74947405e+00
5.17693281e+00
7.10644865e+00
2.41281009e+00
2.62772417e+00
2.58027291e+00
2.64943576e+00
8.12432480e+00
9.29517078e+00
3.57283926e+00
2.54175138e+00
9.20112038e+00
8.43824196e+00
1.71195984e+01
1.02684584e+01
5.66085005e+00
8.55177307e+00
4.02655077e+00
4.92192841e+00
2.54877567e+00
6.17462444e+00
9.39864159e+00
7.37047911e+00
9.62864208e+00
9.85860157e+00
7.47146988e+00
1.95399392e+00
5.50334501e+00
1.87742519e+00
8.76360798e+00
9.56363869e+00
5.21591949e+00
2.74062228e+00
1.39691696e+01
1.07764416e+01
5.26670504e+00
1.07563791e+01
3.71984816e+00
7.01744509e+00
7.39968920e+00
3.27108335e+00
5.19050837e+00
2.94624233e+00
7.24071121e+00
8.46059036e+00
6.17730045e+00
7.11099482e+00
8.22543240e+00
8.97911739e+00
4.00501394e+00
9.72430134e+00
1.11347294e+01
1.71381617e+00
1.76737893e+00
8.20545673e+00
2.68395734e+00
3.95901418e+00
2.15899587e+00
7.20272112e+00
5.42096472e+00
6.67883587e+00
5.00579023e+00
9.99416637e+00
8.40223408e+00
7.91499090e+00
9.68422318e+00
1.29012756e+01
4.55385828e+00
2.36513114e+00
4.84045506e+00
5.74860907e+00
4.16986418e+00
3.38476777e+00
3.15494299e+00
1.03779049e+01
1.20726223e+01
5.35532236e+00
1.29427204e+01
7.90987873e+00
6.57335472e+00
6.60788298e+00
1.15938168e+01
1.17772255e+01
3.83233261e+00
5.61221123e+00
3.17051053e+00
5.25977850e+00
1.38358612e+01
1.76987572e+01
9.17906380e+00
8.26551247e+00
4.59163141e+00
7.63814211e+00
6.72100258e+00
4.18004465e+00
8.44705772e+00
9.56827259e+00
3.42479968e+00
5.97678804e+00
7.26658010e+00
4.74194574e+00
6.66132689e+00
1.24935169e+01
9.00166416e+00
8.01229572e+00
9.72256660e+00
9.40173244e+00
4.79614258e+00
1.66725135e+00
4.18812275e+00
1.02875118e+01
1.00473795e+01
8.22360992e+00
9.69304180e+00
5.93718481e+00
6.20283413e+00
6.75931549e+00
1.01762066e+01
1.00438890e+01
3.23361731e+00
1.67607117e+01
7.50045919e+00
1.15226679e+01
8.95064640e+00
2.93011904e+00
1.23789463e+01
4.93163109e+00
7.64415359e+00
8.63512039e+00
5.49172735e+00
2.12065792e+00
4.03517866e+00
4.67902136e+00
6.79708385e+00
7.81056738e+00
8.05333805e+00
7.47466803e+00
7.38761568e+00
2.93774700e+00
2.82759619e+00
8.82078743e+00
5.46150732e+00
1.63440239e+00
7.86180782e+00
6.73257542e+00
9.49761868e+00
5.75547028e+00
1.82116449e+00
6.96617556e+00
4.42367458e+00
5.77813148e+00
5.83347178e+00
6.06756067e+00
5.75813723e+00
5.43702412e+00
5.83681440e+00
1.32848425e+01
7.37087202e+00
7.79466534e+00
7.63738728e+00
3.10840631e+00
5.43393373e+00
1.03873100e+01
2.90746021e+00
1.61494613e+00
7.13581371e+00
1.23764982e+01
7.38812971e+00
3.73522711e+00
7.66246128e+00
7.77685308e+00
8.39669991e+00
9.86776257e+00
9.36545181e+00
1.53752918e+01
5.19212103e+00
2.08180809e+01
1.09080677e+01
7.08261776e+00
7.39815235e+00
4.71379423e+00
5.45235014e+00
6.96752739e+00
4.83127689e+00
3.09492540e+00
1.16367970e+01
3.79500318e+00
1.48442590e+00
6.40423870e+00
8.97837925e+00
4.75374651e+00
4.93261337e+00
7.98314476e+00
7.50876999e+00
8.55349922e+00
7.78825617e+00
7.88939571e+00
8.95269203e+00
3.42720151e+00
3.05306458e+00
7.97181749e+00
1.45114126e+01
1.03019037e+01
4.78975105e+00
3.60411525e+00
4.22515106e+00
2.53766441e+00
5.85564184e+00
7.46770334e+00
1.24764948e+01
9.91334057e+00
2.05695391e+00
4.65542269e+00
1.21148930e+01
7.72070789e+00
7.19259119e+00
6.98743725e+00
8.08838177e+00
5.00335884e+00
4.12974072e+00
6.11868811e+00
4.37591648e+00
8.23078537e+00
1.04470243e+01
4.89684296e+00
6.64664030e+00
9.65971279e+00
1.64348710e+00
7.19513702e+00
7.74306870e+00
4.13144875e+00
6.99748993e+00
1.02493382e+01
1.90023673e+00
4.10947657e+00
1.27476845e+01
4.04542065e+00
3.13686681e+00
9.90791130e+00
3.66752124e+00
1.14274988e+01
1.22942677e+01
7.59321356e+00
4.76280117e+00
5.81871128e+00
9.35302544e+00
7.15893555e+00
2.39031792e+00
9.36168003e+00
1.06705227e+01
3.20684671e+00
3.39980578e+00
3.89383054e+00
5.06815672e+00
1.19761429e+01
9.93684578e+00
4.22194910e+00
9.57917595e+00
1.07258110e+01
5.79974556e+00
5.50175238e+00
5.05490398e+00
6.21835089e+00
1.42199688e+01
3.76614189e+00
4.58398962e+00
2.77704954e+00
1.52944791e+00
8.12357235e+00
8.79562569e+00
3.72947741e+00
8.54271793e+00
1.11430473e+01
4.30782843e+00
1.49170077e+00
1.14794331e+01
8.32892132e+00
5.01065731e+00
2.64878917e+00
6.43886566e+00
7.95475960e+00
4.04843473e+00
9.15844345e+00
7.35127544e+00
5.77041245e+00
7.14698029e+00
5.54974222e+00
2.03562689e+00
3.52044988e+00
2.91723442e+00
5.97578907e+00
4.77514696e+00
3.93034101e+00
1.04851561e+01
2.53574467e+00
3.03807044e+00
5.59792328e+00
3.85267591e+00
4.33180332e+00
1.01520023e+01
4.26690531e+00
3.61810660e+00
8.08126736e+00
7.66341782e+00
1.17737687e+00
5.53730679e+00
5.81024933e+00
7.36968565e+00
6.27904272e+00
6.48711300e+00
7.18506718e+00
2.35043216e+00
2.25599599e+00
5.63839912e+00
6.71846628e+00
4.52878618e+00
5.48204422e+00
9.59727669e+00
2.06739354e+00
5.93410492e+00
4.19472218e+00
2.39529848e+00
3.21847939e+00
4.59490395e+00
2.22045255e+00
4.50814676e+00
3.21150303e+00
4.08079624e+00
7.78952503e+00
5.12136936e+00
2.60615659e+00
7.66822004e+00
1.25934296e+01
9.41317368e+00
5.29999590e+00
5.03165770e+00
5.35163593e+00
6.44145727e+00
8.70107937e+00
6.56448936e+00
4.32170582e+00
8.68750000e+00
6.59881592e+00
4.70935154e+00
3.30746651e+00
1.91974413e+00
3.46310258e+00
5.24370003e+00
2.37124443e+00
1.89406526e+00
4.68559313e+00
5.90866470e+00
4.02842283e+00
3.17697549e+00
2.76721883e+00
2.29872990e+00
2.48338461e+00
5.13004827e+00
4.26507330e+00
1.99877417e+00
2.61473155e+00
2.74683690e+00
7.18834877e+00
8.65624619e+00
5.39505434e+00
3.40790296e+00
5.87318993e+00
9.23142052e+00
7.76115608e+00
7.97388458e+00
9.79404831e+00
6.21810150e+00
1.66796100e+00
5.04985332e+00
4.22224760e+00
1.89826465e+00
1.88844383e+00
5.80243206e+00
8.42099953e+00
8.57052422e+00
4.70100737e+00
4.66469002e+00
1.02543831e+01
1.00000200e+01
6.75897980e+00
6.16857195e+00
7.69260597e+00
7.48447227e+00
4.59960127e+00
4.08203220e+00
8.37199974e+00
3.47599626e+00
5.71866655e+00
7.07643795e+00
3.88794804e+00
3.98607898e+00
2.87995028e+00
5.32139063e+00
8.17452908e+00
6.01189375e+00
6.37000465e+00
8.33890152e+00
4.92185354e+00
6.02274513e+00
3.54441166e+00
2.59957719e+00
4.49679422e+00
3.82991457e+00
4.84539270e+00
6.37422609e+00
2.97029448e+00
3.69880080e+00
2.73204541e+00
6.56980371e+00
3.09986401e+00
2.88325906e+00
1.96268737e+00
2.75749874e+00
5.77668905e+00
4.49108505e+00
3.90362930e+00
9.87635803e+00
7.81070709e+00
7.65787649e+00
9.87212753e+00
4.22021818e+00
1.33434801e+01
4.48154545e+00
2.00718260e+00
7.04901886e+00
9.16936493e+00
1.03565955e+00
4.46104670e+00
4.81847763e+00
2.83097339e+00
3.40953135e+00
5.52380419e+00
5.37280703e+00
7.23929548e+00
6.21397257e+00
2.28355289e+00
2.98982716e+00
2.57022071e+00
9.09798336e+00
1.22485209e+01
3.45686483e+00
3.74507737e+00
7.43211317e+00
6.20042896e+00
5.81934690e+00
1.43434486e+01
3.85481691e+00
3.46281075e+00
4.04816246e+00
3.17515135e+00
8.33400917e+00
3.07359123e+00
3.59925127e+00
3.22274470e+00
6.22445011e+00
4.65816975e+00
2.01724887e+00
1.74600911e+00
1.51195610e+00
7.49745989e+00
7.30557871e+00
2.21231747e+00
4.73920059e+00
4.75905561e+00
5.92232990e+00
7.79642439e+00
4.74441242e+00
2.99020481e+00
8.83801460e+00
4.13000059e+00
3.66771364e+00
3.90877533e+00
3.23501849e+00
7.88265133e+00
9.71752357e+00
3.92909503e+00
7.80683851e+00
7.48181295e+00
2.35450768e+00
2.47585917e+00
7.36689472e+00
1.72616136e+00
5.02594423e+00
8.74396038e+00
7.23117208e+00
4.12035084e+00
2.87244844e+00
4.00212526e+00
7.55673504e+00
1.13696756e+01
6.83616543e+00
3.68045592e+00
4.34987068e+00
1.88998783e+00
4.01234961e+00
4.52415323e+00
6.74571991e+00
1.00619259e+01
5.41520405e+00
1.17752619e+01
2.94238758e+00
7.14467716e+00
4.57316446e+00
4.30522728e+00
1.36649923e+01
4.36866713e+00
4.71761084e+00
6.48663139e+00
4.72231722e+00
3.08333611e+00
7.63599348e+00
3.37850380e+00
1.13694286e+01
8.79852390e+00
3.71303010e+00
4.84839249e+00
6.47526026e+00
4.51549721e+00
7.85718679e+00
8.19786644e+00
5.61772680e+00
5.75258207e+00
6.75222921e+00
7.79763222e+00
5.82902384e+00
8.25953388e+00
4.65328121e+00
2.51241970e+00
9.62653828e+00
3.64303255e+00
4.17439938e+00
3.26238918e+00
4.21981144e+00
1.51656175e+00
5.93832016e+00
3.82512069e+00
1.26614034e+00
4.30615091e+00
6.32782078e+00
6.09342194e+00
8.83396149e+00
1.95928729e+00
4.70708132e+00
6.88787556e+00
6.51985645e+00
6.38127995e+00
7.43801022e+00
3.69875717e+00
1.00763130e+01
4.84495640e+00
2.24865913e+00
6.86002827e+00
3.40908837e+00
6.26401186e+00
6.73360586e+00
2.47442746e+00
2.99419975e+00
9.86119747e+00
5.49746275e+00
5.75405312e+00
4.51078749e+00
7.22201872e+00
7.11869764e+00
3.61831784e+00
6.00512266e+00
9.70830250e+00
2.70492959e+00
4.27740192e+00
5.92279911e+00
2.88423848e+00
4.09414911e+00
3.36806107e+00
6.21109915e+00
1.41624320e+00
2.87096667e+00
9.82656765e+00
2.83366752e+00
2.43262744e+00
9.33950138e+00
1.03291550e+01
6.99557686e+00
6.46169710e+00
7.50573778e+00
7.46587420e+00
4.17750120e+00
3.56220722e+00
4.46398354e+00
3.95990396e+00
4.25695181e+00
9.81323624e+00
4.80565071e+00
3.39561176e+00
7.46872902e+00
1.05268698e+01
1.08660030e+01
1.47336960e+00
3.41300821e+00
2.33793259e+00
5.33577156e+00
8.26115227e+00
2.56822205e+00
2.31564474e+00
4.41265440e+00
2.33873415e+00
4.15652227e+00
1.00900793e+01
7.52574205e+00
6.57074022e+00
6.58497000e+00
9.36789036e+00
6.56561661e+00
1.48909974e+00
5.29316854e+00
7.46983624e+00
1.56964803e+00
7.34758425e+00
9.76622677e+00
2.35985422e+00
4.23573399e+00
4.25323486e+00
5.45337534e+00
5.20775604e+00
8.00560379e+00
9.46212482e+00
2.40228081e+00
4.09782124e+00
4.41345310e+00
7.16048479e+00
6.69373846e+00
4.72846842e+00
1.08173246e+01
7.90160179e+00
6.27101374e+00
9.18683052e+00
7.65382481e+00
3.54453802e+00
4.90053225e+00
3.24772239e+00
6.51181841e+00
6.37021732e+00
4.76653433e+00
5.41687632e+00
4.76656437e+00
2.87994981e+00
2.60881925e+00
3.56510234e+00
6.03283548e+00
8.82190132e+00
3.53301239e+00
4.50951719e+00
4.14093971e+00
4.41770506e+00
1.55086470e+00
8.82114506e+00
1.75931466e+00
5.03500605e+00
2.39591813e+00
2.37679243e+00
4.43335152e+00
4.02659512e+00
4.45665693e+00
2.20417452e+00
2.15808845e+00
4.93180704e+00
8.21308422e+00
1.81217694e+00
6.57066822e+00
1.41890821e+01
5.82361174e+00
1.14539652e+01
1.60348682e+01
3.68139482e+00
2.69918537e+00
3.33642578e+00
1.28074312e+01
2.73786592e+00
5.53026581e+00
3.72711182e+00
1.47320585e+01
8.63701820e+00
5.59492874e+00
4.52777147e+00
3.46821427e+00
2.31801653e+00
2.49153614e+00
1.65461006e+01
2.94899344e+00
5.81541109e+00
1.82767653e+00
3.30506468e+00
2.43265367e+00
5.67029190e+00
4.43556404e+00
4.27125216e+00
2.69961286e+00
7.68233109e+00
9.85805511e+00
7.47982740e+00
5.40880489e+00
4.94939232e+00
4.81213522e+00
5.62045813e+00
5.59620857e+00
6.40033197e+00
3.80219054e+00
1.76686120e+00
2.76747227e+00
5.14983225e+00
4.75019789e+00
1.94362426e+00
1.64682686e+00
3.48366761e+00
5.84506512e+00
7.90446901e+00
5.34647417e+00
3.72423959e+00
3.43707156e+00
7.15608597e+00
8.07909489e+00
3.35781240e+00
2.28111720e+00
1.63411868e+00
3.96976900e+00
9.90061665e+00
5.74290276e+00
2.14058781e+00
1.09727020e+01
7.08429909e+00
2.99478054e+00
3.69377446e+00
6.54058123e+00
4.48963785e+00
1.99214339e+00
6.41626549e+00
2.27514219e+00
1.63362420e+00
4.85049057e+00
7.21095133e+00
7.13799191e+00
5.64447117e+00
5.88389921e+00
6.33494091e+00
8.75094509e+00
1.15703230e+01
8.77092361e+00
3.43943143e+00
6.73577547e+00
1.03392611e+01
5.84629107e+00
3.27569985e+00
6.59342957e+00
4.03867054e+00
4.88514471e+00
5.93329477e+00
6.23864079e+00
7.99235964e+00
4.13654661e+00
8.47590351e+00
5.48243332e+00
9.78282034e-01
3.64843464e+00
7.70120096e+00
2.77236009e+00
7.52103519e+00
4.87576485e+00
8.72051334e+00
9.21744823e+00
2.85880828e+00
1.78009379e+00
8.24684715e+00
2.93679047e+00
2.37828970e+00
2.87313461e+00
6.61057043e+00
1.56825829e+01
3.30064583e+00
5.00655651e+00
7.09708023e+00
7.96577978e+00
5.98289013e+00
4.17252302e+00
7.21225214e+00
4.00189590e+00
1.78517473e+00
3.97307730e+00
2.78951645e+00
1.57096505e+00
6.80698967e+00
3.47679067e+00
2.09816504e+00
5.20547533e+00
5.16848803e+00
5.01136303e+00
3.14434719e+00
5.64458179e+00
3.61393404e+00
3.17803454e+00
7.43765211e+00
7.66717577e+00
4.97636318e+00
3.57761836e+00
4.66730261e+00
3.67511320e+00
1.00141013e+00
8.67185211e+00
4.93829727e+00
4.48700094e+00
4.03701115e+00
6.19692469e+00
8.17447662e+00
6.69947290e+00
2.65440536e+00
3.85615993e+00
1.41299808e+00
4.29741716e+00
6.06327534e+00
9.60706520e+00
6.51445866e+00
4.19407368e+00
6.16072941e+00
6.94920301e+00
6.59297514e+00
8.36911774e+00
3.37861729e+00
9.94765568e+00
4.55209255e+00
2.57343435e+00
6.95622015e+00
3.44621825e+00
5.10929537e+00
3.59313250e+00
3.32519627e+00
4.43284559e+00
3.01390743e+00
1.08426785e+00
2.49127555e+00
3.09559321e+00
7.64932108e+00
9.52301216e+00
3.81681132e+00
4.56187201e+00
1.70720215e+01
1.13828306e+01
6.09275913e+00
2.96345234e+00
6.42371035e+00
9.75955582e+00
3.06847954e+00
6.45659208e-01
3.06162477e+00
5.58313274e+00
7.17884016e+00
1.04514542e+01
2.58461118e+00
3.37424254e+00
6.78610229e+00
6.52175474e+00
5.92864513e+00
8.13807678e+00
1.19443715e+00
6.60046816e+00
1.00236320e+01
5.92528009e+00
1.45565522e+00
2.26503086e+00
5.08241224e+00
2.66062641e+00
3.15119624e+00
7.01620293e+00
7.70134354e+00
1.02904663e+01
2.57889915e+00
5.88001919e+00
6.00286198e+00
4.42054796e+00
4.86382389e+00
1.72972226e+00
9.06392384e+00
1.09326124e+01
1.03686457e+01
5.83530998e+00
1.75094247e+00
4.10347891e+00
6.50915623e+00
5.34229279e+00
1.45048723e+01
1.47708502e+01
8.58785439e+00
6.50509644e+00
4.42890453e+00
4.37564993e+00
4.24733496e+00
3.30320978e+00
2.55191040e+00
1.64813602e+00
6.89286709e+00
1.76650131e+00
6.41950798e+00
7.28886271e+00
4.85524082e+00
2.90710092e+00
3.81547594e+00
5.74255705e+00
1.26811762e+01
9.02297783e+00
9.40503216e+00
2.20942459e+01
1.79232216e+01
4.92214870e+00
5.49770069e+00
2.12457275e+00
3.64449191e+00
6.37648487e+00
7.34382915e+00
4.51401997e+00
1.91465044e+00
3.33260489e+00
9.51613140e+00
3.18095088e+00
6.01873732e+00
6.32701540e+00
2.71421361e+00
1.74844503e+00
9.23786068e+00
7.33186102e+00
5.30297375e+00
6.65258741e+00
5.35447359e+00
1.78801727e+00
1.93061781e+00
8.40175438e+00
1.18463945e+01
4.44603157e+00
5.78631926e+00
9.52021599e+00
6.88665152e+00
5.60112190e+00
6.23889637e+00
1.56369114e+00
1.07701838e+00
5.54695320e+00
7.54215622e+00
2.55384493e+00
8.39779186e+00
1.21282778e+01
5.18209124e+00
2.10593176e+00
5.95317507e+00
5.54199839e+00
1.08051605e+01
7.85198498e+00
2.13795471e+00
5.94201469e+00
1.28740835e+01
2.90813994e+00
1.34630442e+01
7.10330439e+00
3.39042974e+00
7.44890594e+00
7.36529970e+00
1.96279740e+00
1.12803335e+01
2.80145860e+00
6.15342331e+00
1.06470490e+01
4.01504230e+00
5.57674694e+00
3.79637909e+00
9.68252659e+00
5.98165464e+00
5.26862860e+00
1.16873484e+01
5.01509809e+00
6.43824387e+00
5.93909645e+00
4.51794815e+00
4.86617184e+00
5.84335232e+00
2.21926141e+00
4.30436182e+00
7.12606430e+00
8.13210392e+00
4.99274635e+00
5.76598310e+00
1.43081224e+00
1.94411480e+00
4.74958181e+00
5.62209082e+00
5.22478867e+00
5.94299316e+00
5.21262455e+00
3.67618012e+00
3.33141041e+00
4.81880283e+00
3.69980717e+00
2.91507363e+00
6.86904526e+00
4.67909575e+00
4.09304953e+00
5.01206064e+00
3.74361038e+00
2.50939465e+00
7.33357716e+00
6.70032644e+00
2.81951737e+00
3.05975270e+00
4.23773623e+00
2.61973095e+00
1.45062089e+00
7.40755033e+00
5.75184250e+00
6.14637232e+00
6.77695084e+00
4.08215523e+00
3.32818484e+00
2.85797715e+00
2.63073015e+00
4.55801249e+00
5.78226137e+00
4.28257275e+00
2.92731667e+00
8.26566505e+00
6.08407736e+00
5.50295258e+00
4.63369656e+00
1.08720064e+00
2.49745822e+00
9.35767841e+00
7.34434557e+00
4.90488815e+00
2.32992959e+00
1.86383593e+00
8.10063064e-01
1.27203155e+00
3.88983321e+00
7.40168142e+00
1.19290733e+01
3.28012800e+00
5.37545156e+00
2.81461978e+00
3.23622751e+00
9.15432072e+00
5.68835068e+00
1.61106300e+01
4.28868198e+00
6.66261196e+00
4.60438204e+00
5.22394371e+00
8.79157257e+00
1.49472799e+01
4.10352564e+00
1.18838568e+01
1.53794801e+00
2.27146268e+00
7.06263542e+00
2.12894320e+00
1.23349357e+00
5.12522268e+00
5.02093935e+00
6.72267056e+00
3.65857553e+00
1.28575850e+00
8.54507542e+00
1.76892841e+00
1.14590502e+00
2.65677476e+00
4.02745581e+00
4.18694496e+00
2.01387215e+00
1.19073200e+00
3.32103081e+01
8.52179527e+00
2.47022953e+01
1.05164785e+01
4.86587811e+00
6.78424406e+00
9.44391441e+00
4.66997528e+00
1.83645117e+00
2.59250569e+00
9.04038715e+00
5.14502716e+00
3.04205322e+00
3.04171801e+00
5.31890202e+00
7.05316305e+00
5.58879232e+00
7.43634224e+00
8.40226936e+00
2.70411539e+00
1.51228249e+00
6.78456116e+00
9.83203602e+00
9.29360580e+00
8.31950569e+00
2.39793110e+00
3.74586272e+00
1.69836128e+00
1.17466364e+01
6.45100021e+00
5.69903183e+00
2.90752053e+00
4.80899143e+00
2.22537446e+00
9.62795544e+00
2.32239747e+00
6.86757135e+00
9.27946091e+00
7.71374846e+00
6.05887413e+00
3.54008532e+00
7.18759060e+00
2.29156423e+00
3.85529256e+00
1.13910370e+01
3.57953715e+00
1.74432373e+01
1.95015323e+00
6.95745850e+00
4.48915052e+00
3.16248512e+00
5.69929981e+00
9.43280315e+00
8.32098103e+00
4.86187983e+00
6.71838856e+00
4.78449774e+00
1.06095195e+00
1.07108784e+01
6.74816751e+00
6.91542959e+00
1.10008478e+01
7.58224916e+00
3.12478185e+00
1.43683326e+00
6.26467848e+00
4.99132252e+00
4.75364113e+00
5.07657909e+00
3.54722428e+00
2.76374722e+00
3.18093419e+00
4.63967323e+00
7.60774326e+00
5.69718409e+00
1.91276085e+00
6.90696049e+00
4.04660654e+00
8.23881054e+00
8.77218533e+00
4.09499502e+00
2.52449083e+00
4.09906769e+00
7.40189123e+00
6.20039225e+00
7.21547747e+00
3.17777181e+00
6.11279011e+00
6.55499601e+00
9.55292034e+00
7.55921316e+00
1.05320206e+01
9.43062782e+00
1.83470452e+00
6.16725683e+00
7.81778049e+00
4.29556417e+00
3.85317278e+00
4.33540058e+00
2.57801056e+00
3.78416276e+00
3.49597073e+00
4.72112799e+00
7.61204576e+00
5.02605724e+00
1.06681001e+00
8.54863167e+00
1.14427757e+00
2.31020522e+00
2.27988100e+00
4.25997591e+00
7.35525799e+00
1.58036506e+00
6.18671560e+00
5.69069242e+00
1.62853372e+00
3.53543448e+00
9.01823997e+00
6.84349060e+00
1.69665182e+00
1.31287491e+00
2.68463016e+00
3.45976090e+00
1.98231697e+00
3.55829382e+00
5.66218281e+00
4.54793549e+00
4.27069616e+00
7.78795767e+00
9.21011353e+00
8.57978046e-01
3.13590288e+00
6.14339495e+00
4.37502146e+00
3.74279690e+00
5.80785799e+00
5.04395247e+00
7.37579155e+00
5.43467236e+00
5.76823473e+00
6.70194626e+00
5.93410873e+00
5.58463478e+00
4.32110214e+00
8.01786518e+00
8.77581310e+00
7.86541271e+00
9.44116020e+00
5.68748426e+00
5.27781200e+00
3.70618892e+00
3.19542241e+00
5.87330103e+00
1.06775570e+01
1.23865347e+01
7.06367350e+00
2.73377275e+00
6.23010063e+00
1.05825319e+01
6.22613144e+00
4.88402653e+00
1.32637954e+00
8.25339127e+00
3.57951689e+00
2.26722503e+00
6.34772062e+00
7.50516129e+00
3.86403298e+00
8.63464069e+00
4.67734146e+00
3.42626572e+00
9.70247555e+00
2.81812835e+00
5.46384859e+00
7.02257776e+00
6.05854511e+00
6.71288395e+00
8.67332077e+00
4.80141115e+00
5.28422832e+00
6.48974133e+00
3.07550502e+00
4.25288677e+00
9.56549740e+00
2.67691898e+00
2.88143063e+00
5.87413549e+00
2.39074612e+00
2.30369854e+00
8.84469032e+00
7.29622936e+00
4.61680651e+00
6.76311588e+00
7.17196512e+00
6.40836620e+00
5.89284086e+00
4.19475937e+00
6.58615685e+00
2.67043328e+00
1.83143282e+00
2.95436406e+00
5.47787571e+00
6.57237625e+00
6.48500633e+00
6.68151045e+00
2.30157471e+00
9.82279956e-01
3.64082217e+00
3.66939473e+00
5.69494200e+00
2.41779804e+00
5.42443705e+00
5.68892241e+00
3.67339110e+00
2.43786669e+00
7.56879711e+00
1.00262165e+01
1.10057268e+01
2.61872840e+00
2.11363387e+00
8.29936886e+00
7.17779875e+00
9.11948204e+00
6.74540854e+00
2.01779675e+00
4.46566772e+00
2.69338226e+00
4.97346687e+00
2.62157011e+00
2.46866465e+00
7.22198057e+00
4.13403463e+00
7.55273390e+00
5.33126974e+00
5.76772928e+00
5.92269135e+00
4.03542137e+00
2.17734194e+00
2.61719942e+00
4.26154852e+00
7.06340075e+00
6.28575420e+00
1.73812544e+00
5.35052252e+00
1.30297108e+01
2.79735622e+01
9.34997082e+00
7.02652502e+00
1.42558980e+00
4.67892218e+00
4.64962006e+00
9.57129478e+00
5.82346201e+00
4.35564041e+00
6.25779104e+00
4.67184496e+00
2.88207889e+00
5.70294380e+00
4.27952623e+00
4.62731886e+00
5.15380430e+00
3.58598256e+00
7.10236359e+00
1.48392653e+00
1.51676762e+00
5.44808912e+00
1.03788586e+01
8.99629974e+00
4.71731663e+00
4.05407572e+00
2.96850801e+00
1.16108046e+01
3.15761638e+00
2.35331783e+01
1.14351435e+01
2.03389378e+01
1.68807793e+01
3.71685863e+00
2.25259089e+00
8.88609028e+00
6.46680212e+00
4.83663750e+00
6.03552103e+00
1.00911198e+01
1.23496752e+01
1.30806375e+00
6.23494482e+00
4.22792006e+00
9.41413116e+00
1.28037128e+01
2.80754662e+01
4.43034220e+00
1.66371651e+01
5.63528490e+00
5.38005161e+00
5.82986307e+00
1.64556718e+00
1.58462656e+00
3.91451383e+00
7.75913382e+00
1.61668503e+00
5.04310608e+00
2.72729373e+00
3.99920416e+00
6.36409616e+00
4.93474340e+00
8.11689377e+00
3.90773654e+00
8.90935040e+00
9.53446674e+00
1.35242682e+01
7.10337210e+00
8.02229404e+00
6.59989166e+00
3.46322703e+00
4.43919468e+00
3.15600133e+00
6.96208429e+00
1.78124261e+00
3.15972066e+00
2.86203909e+00
2.95628214e+00
9.70209002e-01
3.72676945e+00
4.88026810e+00
6.23371220e+00
3.65109825e+00
1.98974788e+00
1.86344671e+00
5.69358110e+00
3.87105250e+00
4.57685804e+00
