1.79191506e+00
1.73756611e+00
1.71821690e+00
1.76881635e+00
1.72841406e+00
1.80376935e+00
1.77913666e+00
1.78542221e+00
1.75295866e+00
1.77182913e+00
1.75543141e+00
1.81886816e+00
1.78871834e+00
1.66908157e+00
1.72671306e+00
1.57791507e+00
1.72020912e+00
1.80060470e+00
1.76879072e+00
1.79760158e+00
1.72637331e+00
1.67282212e+00
1.73774624e+00
1.66152835e+00
1.64576364e+00
1.67035830e+00
1.68782568e+00
1.70836866e+00
1.63414311e+00
1.59575248e+00
1.62211704e+00
1.65101254e+00
1.75653005e+00
1.71397233e+00
1.63824606e+00
1.74558306e+00
1.78424609e+00
1.59670532e+00
1.62828720e+00
1.71582580e+00
1.62007630e+00
1.60365343e+00
1.62381542e+00
1.63694382e+00
1.70340514e+00
1.62773263e+00
1.62697721e+00
1.62403786e+00
1.58941007e+00
1.64937282e+00
1.76318431e+00
1.67668426e+00
1.67264640e+00
1.57462645e+00
1.62038970e+00
1.63468385e+00
1.58763123e+00
1.66002667e+00
1.70449865e+00
1.66786361e+00
1.62388003e+00
1.61576343e+00
1.61479008e+00
1.59328735e+00
1.57815433e+00
1.50948083e+00
1.66799223e+00
1.57169795e+00
1.56456494e+00
1.57009125e+00
1.52986693e+00
1.47653735e+00
1.48634601e+00
1.49978733e+00
1.59512925e+00
1.57939386e+00
1.50894058e+00
1.53803289e+00
1.49367249e+00
1.48119128e+00
1.53019619e+00
1.58254480e+00
1.47901595e+00
1.44590068e+00
1.51506543e+00
1.50440288e+00
1.48810577e+00
1.41982722e+00
1.41888201e+00
1.54105985e+00
1.46306169e+00
1.41005230e+00
1.43620229e+00
1.41169894e+00
1.43974090e+00
1.38525629e+00
1.41529417e+00
1.47516882e+00
1.38170207e+00
1.36432397e+00
1.41681397e+00
1.41752112e+00
1.41337895e+00
1.40651011e+00
1.42112505e+00
1.40252101e+00
1.38334239e+00
1.40292811e+00
1.42429733e+00
1.35864949e+00
1.33840668e+00
1.38935661e+00
1.38147855e+00
1.39067543e+00
1.48725188e+00
1.38533819e+00
1.44142497e+00
1.40906227e+00
1.41533470e+00
1.43876421e+00
1.44127107e+00
1.44925499e+00
1.44065619e+00
1.46372414e+00
1.54238153e+00
1.54534674e+00
1.43108106e+00
1.43976378e+00
1.46692955e+00
1.41414487e+00
1.48026884e+00
1.48613250e+00
1.45599425e+00
1.37847733e+00
1.45235944e+00
1.44993508e+00
1.43863344e+00
1.47643256e+00
1.44898057e+00
1.49948728e+00
1.46416938e+00
1.43956423e+00
1.43160987e+00
1.46483421e+00
1.42279160e+00
1.40849578e+00
1.44480908e+00
1.47078097e+00
1.42655528e+00
1.40065718e+00
1.42934120e+00
1.38545144e+00
1.34194231e+00
1.33372426e+00
1.32473791e+00
1.35082471e+00
1.40049469e+00
1.35793340e+00
1.42630482e+00
1.43829298e+00
1.38745379e+00
1.32640266e+00
1.39512384e+00
1.35362566e+00
1.33919406e+00
1.32807255e+00
1.30910528e+00
1.30090415e+00
1.32082331e+00
1.37513196e+00
1.35956371e+00
1.27487075e+00
1.26797104e+00
1.28825331e+00
1.27106059e+00
1.27858925e+00
1.30181348e+00
1.25338507e+00
1.30496085e+00
1.31057036e+00
1.22506952e+00
1.23079896e+00
1.24716675e+00
1.23341298e+00
1.21326184e+00
1.17413676e+00
1.19609344e+00
1.19728565e+00
1.16109419e+00
1.15845621e+00
1.11973870e+00
1.13269186e+00
1.12912607e+00
1.16226113e+00
1.15768063e+00
1.18000650e+00
1.20807302e+00
1.19160688e+00
1.17024267e+00
1.18101430e+00
1.17459321e+00
1.18227839e+00
1.18053329e+00
1.20353591e+00
1.20363748e+00
1.23413301e+00
1.23144042e+00
1.24377537e+00
1.21009016e+00
1.22239256e+00
1.20501900e+00
1.20883894e+00
1.21530700e+00
1.27906704e+00
1.33653760e+00
1.24388754e+00
1.25772572e+00
1.24339771e+00
1.25544202e+00
1.28386891e+00
1.26906192e+00
1.25792599e+00
1.26939631e+00
1.32856119e+00
1.32442296e+00
1.24864435e+00
1.31231606e+00
1.31714475e+00
1.25274539e+00
1.33528268e+00
1.28798664e+00
1.31597805e+00
1.29397404e+00
1.31126344e+00
1.36199903e+00
1.30982542e+00
1.36464047e+00
1.27909315e+00
1.32019424e+00
1.31805682e+00
1.36360371e+00
1.36949396e+00
1.27774239e+00
1.28954351e+00
1.30191827e+00
1.28619528e+00
1.27546585e+00
1.30857468e+00
1.30087554e+00
1.28420281e+00
1.29709077e+00
1.30791175e+00
1.31263244e+00
1.28440559e+00
1.26801050e+00
1.27013016e+00
1.26600504e+00
1.30753660e+00
1.32259262e+00
1.29111993e+00
1.29421878e+00
1.32791054e+00
1.31777334e+00
1.29943669e+00
1.25733042e+00
1.28409600e+00
1.27569067e+00
1.33534837e+00
1.29585278e+00
1.23239732e+00
1.30271864e+00
1.28496051e+00
1.28749609e+00
1.25050557e+00
1.26119530e+00
1.29133475e+00
1.28344893e+00
1.26539779e+00
1.29548979e+00
1.25131571e+00
1.23350418e+00
1.27407444e+00
1.26344502e+00
1.27802181e+00
1.27460384e+00
1.27099979e+00
1.30293953e+00
1.23992407e+00
1.23291743e+00
1.25129950e+00
1.21898353e+00
1.20752037e+00
1.24086142e+00
1.21242380e+00
1.21593785e+00
1.21729171e+00
1.20757806e+00
1.18090677e+00
1.17669940e+00
1.16121638e+00
1.16943288e+00
1.20663059e+00
1.16142464e+00
1.13262308e+00
1.16384125e+00
1.12509251e+00
1.14477849e+00
1.10648584e+00
1.11196995e+00
1.16490722e+00
1.10656488e+00
1.07386816e+00
1.08216107e+00
1.08108032e+00
1.05948484e+00
1.02719080e+00
1.02352059e+00
1.05372846e+00
1.04258823e+00
1.03595269e+00
1.03759789e+00
1.06048763e+00
9.94230032e-01
9.95125651e-01
9.71813023e-01
9.99027967e-01
9.83888388e-01
9.49072897e-01
9.49353635e-01
9.56197977e-01
9.26817298e-01
9.32060719e-01
9.39497411e-01
9.31615889e-01
9.34624910e-01
9.67700541e-01
9.75501060e-01
9.58374023e-01
9.28354621e-01
9.41279650e-01
9.37229872e-01
9.19736326e-01
9.38921630e-01
9.39176202e-01
9.43435013e-01
9.48327959e-01
9.73800182e-01
1.00093341e+00
9.91034091e-01
9.72211540e-01
9.95313644e-01
9.88446057e-01
9.84765649e-01
9.80230987e-01
1.00050843e+00
1.02649200e+00
1.00727642e+00
1.01723778e+00
1.00435245e+00
1.00043416e+00
1.01517498e+00
1.07501340e+00
1.02873611e+00
1.02117646e+00
1.04155076e+00
1.04895580e+00
1.06399322e+00
1.03407609e+00
1.04259229e+00
1.06878960e+00
1.08155215e+00
1.06504989e+00
1.06424141e+00
1.06875408e+00
1.07560921e+00
1.06527328e+00
1.05662954e+00
1.10309350e+00
1.06631315e+00
1.08994246e+00
1.09309220e+00
1.10814035e+00
1.11224365e+00
1.10755539e+00
1.11151850e+00
1.10596228e+00
1.10640013e+00
1.12454379e+00
1.11315429e+00
1.10516489e+00
1.10592628e+00
1.10457242e+00
1.06259859e+00
1.12363100e+00
1.14461076e+00
1.13473070e+00
1.13141274e+00
1.10295165e+00
1.09537065e+00
1.10955679e+00
1.12472260e+00
1.12685859e+00
1.10332847e+00
1.09686589e+00
1.09098697e+00
1.10378861e+00
1.11137962e+00
1.11857259e+00
1.12307012e+00
1.11463821e+00
1.13253391e+00
1.14771068e+00
1.13496935e+00
1.12442553e+00
1.11018300e+00
1.10426128e+00
1.09491599e+00
1.08060527e+00
1.09758866e+00
1.11894095e+00
1.08766115e+00
1.10826695e+00
1.13174844e+00
1.09787571e+00
1.07102370e+00
1.10494280e+00
1.06958318e+00
1.07894707e+00
1.10634720e+00
1.12141645e+00
1.10276651e+00
1.09272182e+00
1.05943358e+00
1.08304060e+00
1.08683932e+00
1.05713010e+00
1.09626925e+00
1.08804715e+00
1.08037102e+00
1.13165510e+00
1.09795332e+00
1.09775269e+00
1.11797881e+00
1.09257340e+00
1.09345615e+00
1.06746280e+00
1.07233250e+00
1.07112694e+00
1.08606505e+00
1.09044933e+00
1.07209229e+00
1.06512868e+00
1.06402028e+00
1.07718349e+00
1.09260082e+00
1.08299959e+00
1.09500527e+00
1.06759465e+00
1.06385553e+00
1.07693470e+00
1.06919277e+00
1.06609666e+00
1.05889213e+00
1.05117786e+00
1.05107605e+00
1.06842566e+00
1.05206871e+00
1.04670560e+00
1.04738843e+00
1.02052379e+00
1.03280842e+00
1.04381824e+00
1.05433941e+00
1.04429257e+00
1.02481472e+00
1.06323195e+00
1.05421126e+00
1.04620969e+00
1.04426074e+00
1.01768732e+00
1.02107048e+00
1.01860523e+00
1.01538348e+00
1.02672911e+00
1.01376617e+00
1.01033235e+00
1.04458225e+00
1.06642842e+00
1.04410148e+00
1.00192630e+00
1.02999783e+00
1.05157721e+00
1.03829288e+00
1.05452251e+00
9.98115599e-01
1.01047313e+00
1.01439095e+00
9.96355653e-01
1.01037014e+00
9.74356651e-01
9.97212172e-01
1.01762104e+00
1.00017238e+00
9.85886872e-01
9.96344745e-01
1.00226760e+00
9.88680542e-01
9.83472109e-01
1.00275660e+00
9.92711365e-01
9.82356369e-01
9.67998922e-01
9.98668730e-01
9.76884067e-01
9.40744817e-01
9.41437185e-01
9.74612713e-01
9.75308180e-01
9.71951246e-01
9.76196766e-01
9.51486528e-01
9.44710135e-01
9.74502504e-01
9.44502413e-01
9.67549801e-01
9.57519352e-01
9.41123486e-01
9.46915448e-01
9.17797863e-01
9.16089654e-01
9.22972381e-01
9.37122107e-01
9.06542957e-01
9.02663291e-01
9.21845317e-01
9.39992249e-01
9.45021987e-01
9.25271451e-01
9.25971210e-01
9.28097665e-01
8.90125453e-01
9.08215523e-01
8.81498694e-01
8.71135056e-01
9.28803980e-01
9.01273131e-01
8.78478944e-01
8.76672029e-01
8.56570482e-01
8.63008440e-01
8.70364904e-01
8.69863808e-01
8.54388773e-01
8.20012212e-01
8.48511100e-01
8.21112812e-01
8.38450193e-01
8.30384910e-01
8.11407506e-01
8.07647347e-01
8.14467847e-01
8.17544520e-01
7.89420843e-01
7.91109800e-01
7.96764195e-01
7.77228773e-01
7.70422816e-01
7.64320612e-01
7.37573504e-01
7.63676643e-01
7.35142291e-01
7.19867885e-01
7.21988499e-01
7.05986142e-01
7.35073388e-01
7.10695267e-01
7.06541181e-01
7.32652128e-01
6.94532514e-01
6.94328308e-01
7.35148430e-01
7.43803740e-01
7.38853276e-01
7.08338737e-01
7.16657043e-01
6.94384992e-01
7.03646004e-01
6.97243512e-01
7.15029418e-01
7.09576726e-01
7.04944551e-01
7.26182282e-01
7.18760848e-01
7.24680364e-01
7.36308873e-01
7.13236392e-01
7.64015973e-01
7.68883824e-01
7.73707747e-01
7.80168414e-01
7.67739296e-01
7.68188000e-01
7.65155137e-01
7.47241855e-01
7.69895732e-01
7.42587030e-01
7.54909754e-01
7.86764383e-01
7.92985141e-01
8.01260769e-01
7.98981249e-01
7.72213221e-01
7.82056689e-01
8.24237406e-01
8.00512195e-01
8.00900221e-01
7.96132863e-01
7.75810063e-01
8.21105301e-01
8.28832924e-01
8.00652027e-01
8.21570575e-01
8.18886876e-01
7.98640311e-01
8.20512414e-01
8.22482586e-01
8.31908703e-01
8.28922153e-01
8.37767065e-01
8.18635643e-01
8.01064610e-01
8.22199762e-01
8.27866793e-01
8.23071599e-01
8.23706746e-01
8.17164838e-01
8.34588051e-01
8.50308418e-01
8.20929170e-01
8.36161554e-01
8.48705471e-01
8.43341351e-01
8.19931149e-01
8.05271864e-01
8.25031638e-01
8.29127908e-01
8.20029497e-01
8.34989965e-01
8.32877576e-01
8.17949414e-01
8.53209555e-01
8.49712491e-01
8.53912354e-01
8.28942716e-01
8.14131975e-01
8.35461318e-01
8.20479512e-01
8.13521922e-01
8.33447278e-01
8.39460015e-01
8.22283208e-01
8.43304455e-01
8.28084171e-01
8.12146187e-01
7.97972560e-01
8.16081226e-01
8.10316980e-01
8.01364064e-01
8.08105528e-01
8.13772261e-01
8.06424260e-01
8.11700404e-01
8.37487757e-01
8.14082026e-01
8.18871140e-01
8.23298514e-01
8.33173990e-01
8.13024104e-01
8.33389044e-01
8.20413530e-01
8.10923100e-01
8.21674049e-01
8.11639607e-01
7.98059583e-01
8.02849412e-01
8.26017737e-01
8.06793392e-01
7.96549141e-01
8.25060129e-01
8.20807517e-01
7.99140692e-01
8.19141328e-01
8.07180285e-01
8.18196356e-01
8.29707086e-01
8.06627274e-01
8.03535938e-01
8.01639795e-01
8.07820082e-01
8.04819584e-01
8.06232393e-01
8.07033420e-01
8.00038695e-01
8.12945008e-01
7.99766183e-01
7.93543696e-01
8.19939911e-01
8.23762834e-01
8.07137311e-01
7.81885624e-01
8.02104533e-01
8.00096333e-01
8.17639947e-01
8.09218228e-01
8.04710865e-01
8.00080180e-01
8.04617703e-01
8.01223993e-01
8.09906363e-01
8.04344118e-01
7.96001792e-01
8.19157302e-01
7.96858549e-01
7.93028116e-01
8.05882156e-01
8.10006738e-01
8.01554143e-01
7.80347884e-01
7.78712034e-01
7.93425262e-01
7.92978883e-01
7.75374472e-01
7.74492204e-01
8.11940074e-01
8.05127501e-01
7.99113393e-01
7.90476799e-01
7.84054697e-01
7.81921625e-01
7.64153600e-01
7.88326919e-01
7.86157429e-01
7.59470761e-01
7.73476839e-01
7.81258106e-01
7.86856532e-01
7.68951654e-01
7.81816483e-01
7.68941045e-01
7.70735383e-01
7.57585645e-01
7.75349200e-01
7.47495115e-01
7.46429145e-01
7.64956653e-01
7.65006363e-01
7.64112234e-01
7.61863947e-01
7.76704013e-01
7.64594972e-01
7.61124730e-01
7.71384418e-01
7.85918295e-01
7.70454764e-01
7.56486356e-01
7.66100585e-01
7.87704408e-01
7.47550309e-01
7.67496407e-01
7.55918562e-01
7.57780075e-01
7.53053784e-01
7.51536727e-01
7.61205018e-01
7.51129627e-01
7.43719280e-01
7.67485142e-01
7.57012784e-01
7.32094228e-01
7.49236166e-01
7.14302123e-01
7.49070287e-01
7.48776972e-01
7.24829376e-01
7.26715863e-01
7.34914482e-01
7.51678526e-01
7.33461082e-01
7.25817323e-01
7.48222053e-01
7.37315416e-01
7.21575797e-01
7.51174152e-01
7.41473198e-01
7.21935570e-01
7.37613082e-01
7.42306888e-01
7.37110794e-01
7.24900842e-01
7.24856734e-01
7.21964419e-01
7.25643933e-01
7.31154859e-01
7.31740475e-01
7.31873155e-01
7.28208184e-01
7.31577337e-01
7.04253197e-01
7.36233830e-01
7.28061020e-01
7.16849148e-01
7.32253075e-01
7.16983616e-01
7.15311468e-01
7.05288947e-01
7.15251207e-01
7.20483780e-01
7.01158822e-01
7.13449657e-01
7.19338179e-01
7.01263905e-01
7.05176532e-01
7.35205591e-01
7.08509922e-01
7.12757528e-01
6.96490526e-01
7.02795744e-01
7.14774489e-01
7.30105698e-01
7.05263197e-01
7.03408718e-01
6.91793382e-01
7.09495306e-01
6.99421227e-01
6.91348016e-01
6.86961174e-01
6.75709784e-01
6.89385235e-01
6.95799410e-01
6.91831350e-01
7.02455342e-01
6.84465587e-01
6.86164379e-01
6.73806727e-01
6.65857017e-01
6.75774693e-01
6.77675784e-01
7.01118827e-01
6.98128581e-01
6.92941010e-01
6.86874270e-01
6.83443308e-01
7.00598538e-01
7.17727363e-01
6.88564301e-01
6.71126246e-01
6.76619828e-01
6.76981926e-01
6.82213664e-01
7.01075852e-01
6.91424012e-01
6.68834031e-01
6.67226911e-01
6.65144324e-01
6.64334118e-01
6.79506302e-01
6.77318037e-01
6.89478874e-01
6.83879197e-01
6.57542229e-01
6.58749342e-01
6.81384265e-01
6.60210013e-01
6.65985405e-01
6.81560040e-01
6.78740144e-01
6.71221852e-01
6.40479982e-01
6.65984333e-01
6.68179393e-01
6.53769255e-01
6.70052052e-01
6.66425467e-01
6.71896100e-01
6.61102414e-01
6.57390654e-01
6.70493305e-01
6.47981226e-01
6.55953646e-01
6.58538938e-01
6.41850770e-01
6.40690804e-01
6.54920936e-01
6.44568026e-01
6.49048626e-01
6.33257568e-01
6.57133400e-01
6.58004940e-01
6.42264783e-01
6.43400967e-01
6.50514543e-01
6.53545558e-01
6.47308648e-01
6.57239377e-01
6.42114937e-01
6.41901135e-01
6.56377614e-01
6.36331856e-01
6.51808381e-01
6.38790667e-01
6.27832949e-01
6.40291214e-01
6.24018371e-01
6.20474637e-01
6.53626502e-01
6.53170586e-01
6.42787516e-01
6.56095147e-01
6.31577551e-01
6.35070920e-01
6.26357496e-01
6.31937623e-01
6.26764417e-01
6.21032119e-01
6.16077006e-01
6.36568725e-01
6.27978146e-01
6.18008614e-01
6.01571143e-01
6.08907700e-01
6.19447351e-01
6.35597587e-01
6.18215382e-01
6.17926002e-01
6.15297139e-01
6.15490675e-01
6.23609245e-01
6.23172164e-01
6.13399982e-01
6.11185133e-01
6.08887494e-01
6.08839452e-01
6.05875134e-01
6.05550587e-01
6.00554168e-01
5.88287055e-01
5.88040233e-01
6.01823449e-01
6.20036304e-01
5.88253558e-01
5.91737330e-01
5.81139028e-01
6.00326657e-01
6.31315112e-01
5.95255911e-01
6.01394713e-01
5.92361808e-01
5.97956836e-01
6.03465676e-01
5.83853126e-01
5.99111080e-01
6.04785621e-01
5.97982705e-01
5.96222460e-01
5.94074786e-01
5.83939493e-01
5.98705173e-01
6.14207566e-01
5.92226982e-01
5.77798069e-01
5.81214309e-01
5.92548966e-01
5.82292140e-01
5.66083729e-01
5.74885726e-01
5.78766465e-01
5.72684586e-01
5.69099367e-01
5.84025979e-01
5.69340050e-01
5.64436376e-01
5.87240100e-01
5.64112008e-01
5.75374603e-01
5.75137079e-01
5.66511929e-01
5.69831550e-01
5.82443595e-01
5.79445362e-01
5.76234758e-01
5.63704848e-01
5.65159857e-01
5.55941105e-01
5.58779716e-01
5.76258063e-01
5.62020600e-01
5.52973330e-01
5.64513803e-01
5.56375325e-01
5.53785026e-01
5.52134693e-01
5.50043166e-01
5.53855419e-01
5.35316408e-01
5.40333569e-01
5.48916638e-01
5.42352319e-01
5.61897695e-01
5.40870428e-01
5.33967197e-01
5.50387979e-01
5.40116668e-01
5.37836373e-01
5.56735933e-01
5.54024935e-01
5.29645622e-01
5.11005044e-01
5.34303367e-01
5.27287781e-01
5.25720417e-01
5.22469103e-01
5.21635056e-01
5.32608449e-01
5.23348093e-01
5.18097162e-01
5.35930037e-01
5.08749485e-01
5.10427177e-01
4.90529388e-01
5.14045835e-01
4.95167673e-01
5.02020061e-01
5.19017875e-01
4.96960372e-01
5.07766485e-01
5.02398551e-01
4.87110674e-01
4.92374331e-01
5.00126958e-01
5.11919916e-01
5.00962853e-01
4.96623635e-01
4.95629162e-01
4.93078917e-01
4.88220334e-01
4.89848197e-01
4.68620449e-01
4.80225235e-01
4.68140423e-01
4.62447822e-01
4.79552537e-01
4.68067497e-01
4.60166663e-01
4.53383327e-01
4.64581758e-01
4.76172298e-01
4.55256730e-01
4.46757942e-01
4.57554340e-01
4.48479861e-01
4.31772351e-01
4.33768362e-01
4.42825854e-01
4.11566257e-01
4.09790158e-01
4.28351134e-01
4.43967015e-01
4.41298455e-01
4.24130172e-01
4.15747285e-01
4.11745697e-01
4.27275658e-01
5.33630848e-01
9.62187529e-01
1.06697106e+00
4.46352929e-01
4.18359846e-01
4.45227236e-01
4.17172819e-01
4.11677539e-01
4.27065790e-01
4.18715268e-01
4.10598248e-01
4.09017950e-01
4.15683389e-01
4.33067650e-01
4.22254682e-01
4.11295235e-01
4.36423868e-01
4.26261276e-01
4.36482817e-01
4.32734221e-01
4.27908033e-01
4.42657918e-01
4.34282243e-01
4.42077875e-01
4.54971850e-01
4.24818933e-01
4.34204280e-01
4.46966082e-01
4.43781316e-01
4.89952475e-01
4.40057307e-01
4.56894785e-01
4.67842281e-01
4.56373543e-01
4.46718663e-01
4.52240109e-01
4.63543564e-01
4.57923293e-01
4.52653676e-01
4.57214206e-01
4.46662366e-01
4.66970801e-01
4.70828116e-01
4.65591401e-01
4.73672211e-01
4.55180794e-01
4.64406520e-01
4.45315599e-01
4.52481776e-01
4.86420721e-01
4.49860662e-01
4.55890715e-01
4.53011096e-01
4.59302187e-01
4.55220073e-01
4.69124287e-01
4.48436409e-01
4.58721697e-01
4.71704692e-01
4.78174537e-01
4.92234468e-01
4.70779657e-01
4.62549239e-01
4.67025310e-01
4.66785282e-01
4.62785900e-01
4.78153437e-01
4.67566609e-01
4.84952271e-01
4.65035856e-01
4.65387046e-01
4.60103601e-01
4.73033816e-01
4.77181941e-01
4.58757848e-01
4.50475484e-01
4.53103513e-01
4.64378715e-01
4.55570281e-01
4.66666877e-01
4.51597273e-01
4.54251498e-01
4.60545570e-01
4.56892550e-01
4.45859790e-01
4.59833443e-01
4.82799768e-01
4.76150542e-01
4.71341014e-01
4.51015711e-01
4.63142842e-01
4.55887645e-01
4.66936052e-01
4.55022305e-01
4.53091741e-01
4.60025787e-01
4.55777884e-01
4.57752585e-01
4.64384586e-01
4.46105510e-01
4.67770278e-01
4.70311433e-01
4.49039280e-01
4.67545450e-01
4.49513882e-01
4.49626952e-01
4.54675287e-01
4.54466432e-01
4.52100903e-01
4.58986580e-01
4.51429427e-01
4.41315502e-01
4.57393676e-01
4.42263901e-01
4.73115891e-01
4.74158973e-01
4.41024125e-01
4.64570820e-01
4.71646726e-01
4.55862314e-01
4.61944342e-01
4.53754842e-01
4.55946892e-01
4.53264952e-01
4.47260618e-01
4.51777935e-01
4.35871571e-01
4.44064438e-01
4.43053722e-01
4.70315427e-01
4.56712008e-01
4.48121667e-01
4.47523922e-01
4.50150311e-01
4.46521550e-01
4.33883995e-01
4.25603926e-01
4.30861920e-01
4.44932193e-01
4.52822268e-01
4.54223156e-01
4.26326066e-01
4.36090469e-01
4.47467595e-01
4.43556041e-01
4.21460181e-01
4.32551295e-01
4.52495128e-01
4.28510189e-01
4.39054906e-01
4.56185818e-01
4.53727037e-01
4.44182545e-01
4.43829954e-01
4.44082409e-01
4.51482981e-01
4.56683308e-01
4.18306202e-01
4.39202189e-01
4.38496500e-01
4.44476694e-01
4.43679184e-01
4.51418668e-01
4.34383452e-01
4.19451207e-01
4.45362717e-01
4.44570154e-01
4.14614677e-01
4.31743950e-01
4.41490412e-01
4.16120261e-01
4.30525422e-01
4.45630252e-01
4.23552036e-01
4.30551708e-01
4.37119156e-01
4.25944477e-01
4.32137012e-01
4.33438450e-01
4.55548823e-01
4.22481924e-01
4.17497694e-01
4.08104867e-01
4.12495077e-01
4.24400896e-01
4.17062163e-01
4.14595395e-01
4.20880795e-01
4.23487008e-01
4.22816336e-01
4.28605348e-01
4.10081148e-01
3.99382353e-01
4.21585709e-01
4.13066596e-01
4.34121549e-01
4.32019442e-01
4.14574027e-01
4.12290871e-01
4.21360254e-01
3.96636158e-01
4.10165757e-01
4.26102608e-01
4.10932392e-01
4.17392761e-01
4.16829586e-01
4.11430568e-01
4.25858408e-01
4.24109578e-01
4.05021727e-01
4.11977142e-01
4.13775206e-01
4.11802322e-01
4.10866886e-01
4.01838571e-01
4.18276697e-01
4.14386660e-01
4.10120457e-01
3.98716658e-01
4.25101280e-01
3.97922158e-01
4.07533735e-01
4.13394004e-01
4.00393426e-01
4.06409264e-01
4.08290893e-01
4.00090218e-01
3.95415217e-01
4.35388535e-01
4.00184214e-01
3.86270195e-01
4.28320080e-01
4.05772150e-01
4.05472457e-01
4.02026147e-01
3.98912460e-01
3.91957730e-01
4.04020309e-01
4.29408580e-01
4.14622337e-01
4.10466671e-01
3.94519150e-01
4.09789592e-01
4.19642329e-01
3.99174750e-01
4.03888702e-01
4.10014272e-01
3.97794873e-01
3.98140222e-01
4.04724449e-01
3.94373596e-01
4.04466152e-01
3.86256486e-01
3.89508873e-01
4.02771026e-01
3.84619385e-01
4.03515667e-01
3.93838853e-01
3.83133084e-01
3.82965744e-01
4.06827599e-01
3.93186092e-01
3.88543427e-01
3.85508716e-01
3.86234730e-01
3.84952277e-01
4.05245960e-01
3.94472748e-01
3.77608836e-01
3.93932343e-01
3.94054860e-01
3.79565418e-01
3.86159688e-01
3.75117272e-01
3.83332282e-01
3.74004573e-01
3.78702372e-01
3.82755578e-01
3.68607849e-01
3.94808948e-01
3.85327280e-01
3.70107204e-01
3.84937763e-01
3.58386666e-01
3.79175574e-01
3.71797323e-01
3.83352011e-01
3.81503224e-01
3.78083646e-01
3.64178091e-01
3.73685658e-01
3.87577236e-01
3.73851717e-01
3.78351659e-01
3.83912712e-01
3.75705421e-01
3.74795020e-01
3.72536063e-01
3.71361852e-01
3.67539734e-01
3.66160125e-01
3.68439376e-01
3.78481448e-01
3.57932448e-01
3.53839308e-01
3.69989991e-01
3.60806108e-01
3.61446023e-01
3.62109929e-01
3.63164186e-01
3.71105641e-01
3.47995639e-01
3.59206378e-01
3.63874346e-01
3.58158529e-01
3.62387568e-01
3.59921306e-01
3.68894637e-01
3.77526343e-01
3.78398389e-01
3.69733512e-01
3.71911794e-01
3.73117149e-01
3.56136680e-01
3.64199609e-01
3.66534919e-01
3.43436778e-01
3.71955991e-01
3.69234681e-01
3.52147043e-01
3.59023571e-01
3.55197012e-01
3.76446605e-01
3.52757394e-01
3.54272693e-01
3.68129283e-01
3.71623278e-01
3.81123126e-01
3.61852407e-01
3.59236777e-01
3.63505334e-01
3.53870600e-01
3.58732790e-01
3.54589850e-01
3.34212691e-01
3.53523314e-01
3.50956619e-01
3.38330418e-01
3.72775793e-01
3.69372040e-01
3.45553070e-01
3.57748657e-01
3.55295271e-01
3.30823720e-01
3.45953614e-01
3.52543980e-01
3.63328487e-01
3.50218266e-01
3.45001578e-01
3.39870661e-01
3.53042811e-01
3.53345841e-01
3.51032674e-01
3.53092343e-01
3.31886798e-01
3.30336958e-01
3.44377965e-01
3.38096678e-01
3.23627323e-01
3.36291850e-01
3.53057384e-01
3.45468462e-01
3.32117617e-01
3.46490949e-01
3.36610198e-01
3.40985239e-01
3.33021551e-01
3.34716141e-01
3.56547296e-01
3.52902859e-01
3.49126846e-01
3.25673074e-01
3.54743958e-01
3.43261987e-01
3.22333962e-01
3.51878047e-01
3.38837355e-01
3.24677378e-01
3.34249854e-01
3.33786488e-01
3.32053363e-01
3.36202234e-01
3.55970472e-01
3.47687602e-01
3.26305032e-01
3.40163201e-01
3.45903397e-01
3.41736972e-01
3.38876516e-01
3.39560062e-01
3.28741372e-01
3.27184111e-01
3.20542306e-01
3.32190126e-01
3.42262059e-01
3.20999235e-01
3.30057919e-01
3.22325140e-01
3.23926657e-01
3.29645276e-01
3.44907522e-01
3.21419120e-01
3.13185364e-01
3.10339302e-01
3.23649317e-01
3.10131669e-01
3.19572836e-01
3.30698252e-01
3.28798771e-01
3.25976372e-01
3.23579341e-01
3.23276043e-01
3.08686614e-01
3.40259254e-01
3.28804344e-01
3.19096446e-01
3.25387001e-01
3.19451392e-01
3.12790751e-01
3.29732269e-01
3.15301448e-01
3.17900747e-01
3.28866631e-01
3.15362155e-01
3.08891177e-01
3.24161232e-01
3.32745880e-01
3.29562396e-01
3.15607309e-01
3.21730912e-01
3.05835843e-01
3.07020634e-01
3.23888123e-01
3.23648632e-01
3.21057320e-01
3.18498999e-01
3.09034914e-01
3.14064384e-01
2.99504966e-01
3.09705019e-01
3.22158635e-01
3.09665561e-01
3.11022401e-01
3.13513100e-01
3.13648075e-01
3.04250449e-01
3.07356209e-01
3.20135832e-01
3.06496710e-01
2.99531579e-01
3.02566767e-01
3.15202564e-01
3.16547453e-01
3.03123772e-01
3.04867834e-01
3.15368176e-01
3.06913048e-01
2.94139117e-01
2.94683158e-01
3.15814078e-01
3.16316426e-01
2.85923600e-01
2.91491002e-01
2.99174190e-01
3.09878498e-01
3.01869541e-01
2.96154886e-01
3.06537539e-01
3.01354289e-01
3.00427020e-01
3.12498450e-01
3.21304888e-01
3.09794754e-01
3.00204456e-01
3.13743114e-01
3.01112413e-01
2.94723183e-01
2.94674635e-01
2.97179431e-01
3.03859979e-01
3.06772828e-01
3.01971644e-01
2.99363643e-01
2.95054138e-01
3.00876170e-01
3.11545908e-01
3.03397030e-01
2.99223393e-01
3.11826706e-01
2.95734674e-01
2.87313581e-01
2.93809772e-01
3.09006631e-01
2.82210559e-01
2.81210631e-01
2.99566358e-01
3.04732084e-01
3.04206133e-01
2.99827218e-01
3.05293590e-01
2.96627402e-01
2.82714605e-01
2.89808810e-01
3.02022666e-01
2.91933537e-01
2.91395217e-01
2.98348814e-01
2.97773182e-01
2.90341169e-01
2.93090045e-01
2.84850568e-01
2.89838582e-01
2.86776423e-01
2.93286622e-01
2.87875146e-01
2.85870761e-01
2.82464623e-01
3.06693465e-01
2.96621889e-01
2.78359503e-01
2.84207821e-01
3.01877558e-01
2.79987007e-01
2.72443473e-01
2.66901672e-01
2.88590640e-01
2.91772693e-01
2.83523291e-01
3.04089189e-01
2.86298901e-01
2.67904758e-01
2.67271340e-01
2.74942398e-01
2.69800156e-01
2.78125256e-01
2.78734803e-01
2.84540892e-01
2.90246964e-01
2.73595870e-01
2.83351630e-01
2.79739559e-01
2.73662716e-01
2.94780254e-01
2.79441565e-01
2.79675752e-01
2.80669183e-01
2.75937408e-01
2.71831959e-01
2.64879733e-01
2.84613878e-01
2.75326580e-01
2.73745447e-01
2.58292705e-01
2.76288897e-01
2.84911305e-01
2.80527294e-01
2.60740042e-01
2.63059109e-01
2.73088157e-01
2.76087940e-01
2.86504269e-01
2.76991457e-01
2.72353023e-01
2.72666186e-01
2.81802475e-01
2.96125710e-01
2.72968113e-01
2.53869355e-01
2.71132797e-01
2.78442651e-01
2.85944402e-01
2.76335567e-01
2.58589059e-01
2.62774020e-01
2.95059472e-01
2.64781266e-01
2.57567823e-01
2.75729120e-01
2.79538006e-01
2.61416256e-01
2.55476147e-01
2.55247891e-01
2.86367625e-01
2.70643979e-01
3.56921792e-01
1.18038082e+00
1.07046545e+00
1.72386539e+00
1.41052711e+00
1.06611609e+00
6.86756909e-01
2.74661243e-01
2.66293705e-01
2.54810274e-01
2.44406313e-01
2.82208532e-01
2.69451320e-01
2.67634779e-01
2.70048708e-01
2.67184287e-01
2.74112940e-01
2.66521960e-01
2.59237081e-01
2.63383925e-01
2.56056666e-01
2.52507508e-01
2.51476318e-01
2.56268650e-01
2.42863804e-01
2.39937052e-01
2.69030094e-01
2.58646756e-01
2.51932204e-01
2.55700618e-01
2.62713939e-01
2.61756033e-01
2.61003196e-01
2.59268761e-01
2.51022935e-01
2.63226748e-01
2.61585623e-01
2.54872143e-01
2.59274930e-01
2.38064185e-01
2.52321273e-01
2.64663577e-01
2.47198746e-01
2.46031016e-01
2.61677176e-01
2.62269735e-01
2.47987971e-01
2.59467870e-01
2.60605276e-01
2.63296217e-01
2.42524892e-01
2.50299633e-01
2.55983621e-01
2.42742077e-01
2.61108160e-01
2.69377917e-01
2.62078762e-01
2.66874760e-01
2.66281992e-01
2.45982021e-01
2.59539872e-01
2.50968665e-01
2.63551801e-01
2.68090069e-01
2.59566337e-01
2.40784898e-01
2.50378251e-01
2.49294192e-01
2.41644487e-01
2.56712198e-01
2.51967102e-01
2.48425916e-01
2.44574144e-01
2.58781761e-01
2.44205549e-01
2.29499832e-01
2.72745371e-01
2.60504484e-01
2.32269093e-01
2.64999300e-01
2.39741281e-01
2.45627910e-01
2.38007516e-01
2.46066153e-01
2.35885158e-01
2.35696256e-01
2.51124561e-01
2.72964418e-01
2.45172545e-01
2.59691179e-01
2.50407040e-01
2.53165364e-01
2.37825245e-01
2.56657481e-01
2.61177868e-01
2.54921287e-01
2.41618663e-01
2.34430730e-01
2.47144312e-01
2.55043447e-01
2.46832818e-01
2.49841988e-01
2.54640609e-01
2.36176044e-01
2.30510816e-01
2.52925217e-01
2.59303570e-01
2.46483445e-01
2.29344428e-01
2.65902191e-01
2.53210008e-01
2.33156919e-01
2.39670083e-01
2.48758882e-01
2.47849107e-01
2.40095422e-01
2.30124384e-01
2.36039147e-01
2.33601227e-01
2.40841299e-01
2.47990817e-01
2.26324081e-01
2.29256168e-01
2.38579005e-01
2.34377414e-01
2.30082035e-01
2.29115874e-01
2.32961416e-01
2.26918116e-01
2.21186265e-01
2.47555554e-01
2.40184158e-01
2.38937095e-01
2.30367124e-01
2.26149261e-01
2.43616059e-01
2.40745246e-01
2.50290960e-01
2.36997545e-01
2.56627381e-01
2.40621731e-01
2.22299129e-01
2.35434085e-01
2.37970427e-01
2.31690094e-01
2.37368941e-01
2.19080374e-01
2.45675191e-01
2.42928237e-01
2.48580649e-01
2.31956840e-01
2.52467066e-01
2.48804018e-01
2.44949445e-01
2.52332240e-01
2.32330203e-01
2.34347984e-01
2.46539190e-01
2.12882519e-01
2.19470322e-01
2.24738017e-01
2.24154353e-01
2.47757703e-01
2.25529656e-01
2.59318024e-01
2.29793981e-01
2.29055122e-01
2.30490655e-01
2.26172090e-01
2.34092563e-01
2.25006983e-01
2.28254572e-01
2.29370341e-01
2.19440073e-01
2.09450051e-01
2.25422651e-01
2.33575627e-01
2.06062466e-01
2.25868374e-01
2.41193414e-01
2.50428915e-01
2.25262150e-01
2.36687452e-01
2.28342205e-01
2.35733658e-01
2.28784502e-01
2.28502408e-01
2.36728773e-01
2.34275505e-01
2.15990707e-01
2.38532171e-01
2.26523086e-01
2.10211471e-01
2.42331252e-01
2.26553395e-01
2.40023121e-01
2.25963637e-01
2.30096102e-01
2.23499522e-01
2.31094867e-01
2.14244902e-01
2.07910001e-01
2.14488760e-01
2.22768575e-01
2.21177697e-01
2.29569852e-01
2.30052993e-01
2.18217432e-01
2.23860830e-01
2.19916776e-01
2.23819166e-01
2.19277754e-01
2.13949591e-01
2.07009435e-01
2.21795186e-01
2.26250365e-01
2.15086833e-01
2.04952642e-01
2.07710683e-01
2.20967501e-01
2.12285250e-01
2.12418407e-01
2.11542785e-01
2.27995723e-01
2.34000847e-01
2.16278598e-01
2.24816903e-01
2.29568735e-01
2.36537009e-01
2.30047375e-01
2.40473658e-01
2.33347535e-01
2.01084852e-01
2.18196094e-01
2.08848059e-01
2.05416992e-01
2.30977461e-01
2.21947193e-01
2.72909880e-01
2.92323321e-01
3.93358409e-01
3.29326570e-01
3.20721895e-01
3.13402891e-01
2.72316158e-01
3.08710754e-01
2.70111293e-01
2.08545208e-01
2.00082108e-01
2.11592615e-01
2.02094629e-01
2.04869270e-01
2.16774032e-01
2.17530549e-01
2.15168551e-01
2.07826361e-01
2.18332514e-01
2.11391613e-01
2.04303116e-01
2.24530175e-01
2.34256938e-01
2.06905097e-01
2.07112119e-01
2.10898593e-01
2.05504760e-01
2.00035378e-01
2.26184189e-01
2.14555725e-01
1.99834317e-01
2.15499163e-01
2.04140678e-01
2.00787425e-01
2.24674270e-01
2.13602409e-01
1.93440869e-01
1.96625873e-01
2.34473243e-01
2.07641929e-01
2.15581387e-01
1.92200899e-01
2.20555261e-01
2.03559473e-01
2.08192274e-01
1.94751740e-01
2.10727602e-01
2.12863639e-01
2.01545373e-01
2.10305154e-01
2.22399712e-01
2.04256132e-01
2.03058302e-01
2.09776595e-01
2.03804925e-01
2.18226954e-01
2.05569327e-01
1.97874576e-01
2.12471381e-01
1.92228705e-01
2.09524766e-01
2.04531029e-01
1.94488958e-01
2.11584970e-01
2.03515664e-01
2.15183586e-01
2.14456812e-01
1.89118207e-01
1.84376583e-01
2.01822981e-01
1.82763591e-01
1.99888512e-01
2.10127711e-01
1.98421240e-01
2.01556936e-01
2.07992271e-01
2.01118439e-01
2.02566236e-01
1.90277293e-01
2.03189135e-01
1.97017238e-01
2.08401710e-01
1.91768736e-01
2.09444240e-01
2.16354251e-01
2.05230579e-01
2.18382522e-01
1.93431199e-01
2.00046003e-01
2.01476723e-01
1.97590619e-01
2.04291373e-01
2.24773690e-01
1.89414859e-01
1.99970558e-01
1.96749792e-01
2.04375669e-01
2.06557944e-01
2.07409441e-01
1.92192569e-01
1.81839496e-01
1.92758203e-01
1.94677383e-01
1.91530064e-01
1.96247101e-01
1.94455877e-01
2.06140459e-01
2.07293496e-01
2.09156826e-01
1.98423311e-01
2.03039318e-01
2.12373510e-01
1.93139479e-01
2.05745071e-01
1.91689163e-01
1.97424203e-01
2.07384124e-01
1.92657128e-01
2.03538433e-01
1.86064303e-01
1.95598826e-01
1.93807736e-01
1.80218786e-01
1.87218532e-01
1.81431815e-01
1.94956258e-01
1.86495081e-01
1.88766927e-01
1.83937892e-01
1.94492608e-01
1.83361307e-01
1.77415073e-01
1.78188682e-01
1.91574857e-01
2.10977063e-01
1.83317512e-01
1.84973478e-01
1.71100393e-01
1.67124480e-01
1.79045752e-01
1.83364645e-01
1.87656015e-01
1.66285083e-01
1.79532081e-01
1.76191404e-01
1.82419032e-01
1.88900769e-01
1.87123939e-01
1.74169675e-01
1.84291556e-01
1.81433916e-01
1.97132111e-01
1.85598314e-01
1.74351335e-01
1.73751712e-01
1.90761700e-01
1.99356094e-01
1.87992394e-01
1.77797005e-01
1.92374900e-01
1.80781588e-01
1.92568287e-01
1.74465552e-01
1.82341427e-01
1.83750823e-01
1.87990487e-01
1.76900029e-01
1.75511032e-01
1.88233882e-01
1.79630205e-01
1.71186715e-01
1.85279518e-01
2.03018442e-01
1.79659396e-01
1.67060196e-01
1.75217181e-01
1.86503768e-01
1.71774805e-01
1.76807866e-01
1.73326343e-01
2.03460768e-01
1.69322953e-01
1.86252132e-01
1.81543544e-01
1.74419880e-01
1.70084208e-01
1.81179255e-01
1.82151347e-01
1.73564672e-01
1.63683608e-01
1.72968492e-01
1.63317710e-01
1.75134107e-01
1.67025849e-01
1.97462320e-01
1.59918919e-01
0.00000000e+00
1.61630914e-01
1.88182235e-01
1.49810210e-01
1.71573877e-01
1.72929898e-01
1.82612464e-01
1.67234585e-01
1.88851953e-01
1.69881701e-01
1.75730810e-01
1.85015187e-01
1.75667226e-01
1.76986381e-01
1.70627713e-01
1.61056280e-01
1.98174551e-01
1.76515386e-01
1.71607181e-01
1.70182198e-01
1.84048817e-01
1.83623031e-01
1.74910411e-01
1.70182809e-01
1.76577389e-01
1.58386186e-01
1.62760526e-01
1.71682909e-01
1.69942230e-01
1.73429847e-01
1.74061999e-01
1.91990614e-01
1.86028212e-01
1.64723426e-01
1.61689743e-01
1.83594808e-01
1.60531819e-01
1.58515528e-01
1.65123001e-01
1.73466563e-01
2.01218203e-01
1.80970713e-01
1.68990120e-01
1.73615351e-01
1.82629392e-01
1.67536572e-01
1.57511234e-01
1.67231694e-01
1.58572659e-01
1.68029979e-01
1.66731909e-01
1.80164516e-01
1.83187291e-01
1.85546860e-01
1.94585249e-01
1.77497983e-01
1.65008143e-01
1.88274056e-01
1.88928396e-01
1.81998387e-01
1.70365706e-01
1.65824994e-01
1.68487504e-01
1.63268626e-01
1.80300370e-01
1.68491453e-01
1.57530785e-01
1.56773970e-01
1.73447788e-01
2.02394888e-01
1.96091115e-01
1.87980279e-01
1.75624132e-01
1.66157410e-01
1.70560136e-01
1.72220796e-01
1.69687659e-01
1.59473687e-01
1.52801469e-01
1.71890721e-01
1.73080161e-01
1.65176883e-01
1.75840870e-01
1.74679801e-01
1.56841218e-01
1.56478047e-01
1.54081181e-01
1.67661101e-01
1.69347316e-01
1.78935230e-01
1.81714654e-01
1.94220662e-01
1.84057742e-01
1.74994394e-01
1.76765531e-01
1.82291880e-01
2.89392173e-01
4.57028210e-01
6.05607629e-01
4.86051470e-01
3.89763564e-01
5.32127917e-01
2.22342193e-01
2.48581752e-01
2.28626877e-01
1.78448275e-01
1.62867665e-01
1.68426290e-01
1.66537344e-01
1.70279384e-01
1.72141761e-01
1.86972156e-01
1.74279571e-01
1.61912441e-01
1.66602880e-01
1.72717363e-01
1.78652257e-01
1.53264970e-01
1.65143758e-01
1.85180202e-01
1.88368559e-01
1.81462854e-01
1.69596016e-01
1.76064566e-01
1.67693272e-01
1.69038489e-01
1.74844190e-01
1.64410844e-01
1.71107471e-01
1.61092013e-01
1.66131392e-01
1.66057080e-01
1.64472923e-01
1.84536576e-01
1.64792299e-01
1.74802244e-01
1.81173712e-01
1.61160201e-01
1.75432235e-01
1.82077825e-01
2.10835785e-01
2.38420546e-01
2.14856789e-01
2.42566869e-01
2.03901783e-01
1.68506742e-01
1.64441720e-01
1.72504425e-01
1.57197610e-01
1.62680864e-01
1.67811304e-01
1.67231396e-01
1.72135904e-01
1.65714726e-01
1.70496315e-01
1.63541973e-01
1.62402585e-01
1.68987468e-01
1.75995350e-01
1.68843850e-01
1.42960817e-01
1.69953272e-01
1.60706669e-01
1.47715822e-01
1.68136433e-01
1.54635444e-01
1.64996460e-01
1.60059676e-01
1.51921496e-01
1.57272354e-01
1.72063187e-01
1.69689506e-01
1.70116127e-01
1.64788797e-01
1.44857317e-01
1.61201999e-01
1.66683093e-01
1.56640500e-01
1.56597897e-01
1.67468429e-01
1.56844378e-01
1.49442777e-01
1.63551688e-01
1.72333762e-01
1.65271059e-01
1.59067020e-01
1.82304412e-01
1.55406147e-01
1.51872456e-01
1.68934301e-01
1.67532459e-01
1.58611104e-01
1.48256958e-01
1.67530507e-01
1.60973847e-01
1.68613836e-01
1.58112571e-01
1.63579911e-01
1.60682201e-01
1.52469188e-01
1.59618109e-01
1.69498861e-01
1.56105623e-01
1.64983496e-01
1.69050336e-01
1.58577800e-01
1.71747252e-01
1.53193265e-01
1.56136930e-01
1.54114157e-01
1.63381279e-01
1.67698264e-01
1.51534706e-01
1.63548633e-01
1.70380697e-01
1.59599066e-01
1.63839653e-01
1.57401532e-01
1.60039529e-01
1.62810311e-01
1.58865646e-01
1.55948043e-01
1.52666494e-01
1.65061206e-01
1.52047202e-01
1.61035299e-01
1.60102442e-01
1.61977842e-01
1.62897423e-01
1.64188236e-01
1.60534918e-01
1.65969968e-01
1.70550451e-01
1.59963027e-01
1.58115804e-01
1.71017662e-01
1.54516160e-01
1.60762355e-01
1.58859923e-01
1.60034001e-01
1.54003367e-01
1.49338737e-01
1.43225610e-01
1.57194868e-01
1.62840948e-01
1.48412064e-01
1.59254521e-01
1.70437679e-01
1.71334952e-01
1.56345665e-01
1.62809610e-01
1.52962282e-01
1.50925606e-01
1.60086632e-01
1.63137972e-01
1.61356464e-01
1.67916134e-01
1.66234821e-01
1.62426725e-01
1.58230066e-01
1.51806116e-01
1.61784753e-01
1.47220954e-01
1.70203567e-01
1.73739552e-01
1.83201820e-01
2.78348118e-01
2.42197052e-01
2.04613075e-01
1.70054197e-01
1.73049867e-01
1.60864800e-01
1.58019513e-01
1.73569888e-01
2.75281101e-01
5.98197460e-01
9.04870152e-01
7.09724665e-01
3.47527921e-01
1.99642017e-01
1.90017268e-01
1.65452018e-01
1.56030774e-01
1.49820656e-01
1.54908627e-01
1.79932639e-01
1.59294263e-01
1.66929975e-01
1.95520923e-01
2.84987748e-01
3.19893271e-01
2.28816748e-01
1.70983940e-01
1.72635570e-01
1.58105850e-01
1.47611961e-01
1.63046792e-01
1.60528600e-01
1.55510396e-01
1.55718431e-01
1.62476137e-01
1.57194033e-01
1.56765893e-01
1.59542963e-01
1.53964743e-01
1.45407334e-01
1.51299611e-01
1.56377107e-01
1.54133141e-01
1.53283954e-01
1.57336712e-01
1.54240087e-01
1.56266287e-01
1.44074365e-01
1.47702366e-01
1.61097914e-01
1.49346888e-01
1.47285655e-01
1.50126010e-01
1.53703660e-01
1.50694743e-01
1.61967561e-01
1.59588009e-01
1.52210519e-01
1.57829776e-01
1.45972073e-01
1.46792278e-01
1.53728932e-01
1.42184049e-01
1.50442719e-01
1.38465613e-01
1.49633825e-01
1.52203143e-01
1.47002116e-01
1.46403760e-01
1.40718266e-01
1.41506299e-01
1.54127523e-01
1.56650022e-01
1.48105785e-01
1.43646657e-01
1.39853522e-01
1.57032833e-01
1.42164186e-01
1.35518759e-01
1.38101846e-01
1.50817022e-01
1.53025761e-01
1.31720871e-01
1.52271703e-01
1.48747504e-01
1.45098493e-01
1.57725602e-01
1.44075751e-01
1.51768699e-01
1.46648630e-01
1.40493780e-01
1.46160305e-01
1.58239827e-01
1.49950206e-01
1.45595551e-01
1.48855224e-01
1.46491304e-01
1.55456051e-01
1.48423105e-01
1.37876332e-01
1.34794667e-01
1.38688967e-01
1.48102373e-01
1.47429273e-01
1.44984961e-01
1.40582278e-01
1.40226975e-01
1.38449550e-01
1.50151774e-01
1.66778192e-01
2.18681678e-01
2.43006334e-01
1.86493129e-01
1.71008646e-01
1.42288253e-01
1.44245729e-01
1.46407947e-01
1.34485796e-01
1.58935130e-01
1.79511726e-01
2.53673106e-01
2.11826593e-01
1.54845640e-01
1.43468663e-01
1.53035104e-01
1.36642471e-01
1.47482067e-01
1.44690096e-01
1.37334689e-01
1.52884841e-01
1.52048141e-01
1.29296333e-01
1.32082671e-01
1.42929107e-01
1.44043848e-01
1.44225419e-01
1.48056269e-01
1.34985700e-01
1.41209766e-01
1.41481251e-01
1.46048412e-01
1.47343025e-01
1.48360401e-01
1.33079499e-01
1.49841249e-01
1.45754814e-01
1.53718218e-01
1.50976971e-01
1.33815199e-01
1.42368466e-01
1.44471645e-01
1.47309422e-01
1.28554255e-01
1.53027058e-01
3.31631601e-01
1.58900395e-01
1.48840114e-01
1.49754271e-01
1.28534093e-01
1.45728916e-01
1.51579052e-01
1.40484497e-01
1.38392955e-01
1.54327437e-01
1.40033185e-01
1.34204656e-01
1.34383529e-01
1.31510422e-01
1.35477558e-01
1.51792720e-01
1.43070891e-01
1.45262718e-01
1.41025737e-01
1.49261296e-01
1.37518868e-01
1.27585471e-01
1.38927102e-01
1.40937015e-01
1.40846178e-01
1.46490052e-01
1.61021218e-01
2.63010919e-01
2.67941892e-01
2.19214588e-01
2.08077520e-01
1.62784308e-01
1.54530689e-01
1.65717721e-01
1.51530653e-01
1.42439082e-01
1.38941526e-01
1.50159255e-01
1.61184177e-01
1.39190659e-01
1.37879148e-01
1.37690648e-01
1.37161061e-01
1.37867630e-01
1.39772475e-01
1.50310338e-01
1.45615414e-01
1.43452764e-01
1.46511361e-01
1.72207132e-01
2.04415917e-01
2.07142055e-01
2.03788415e-01
1.69334576e-01
1.63352653e-01
1.67498901e-01
1.51456088e-01
1.49454966e-01
1.48245052e-01
1.47237912e-01
1.43822253e-01
1.39871106e-01
1.36047468e-01
1.52551040e-01
1.55809879e-01
1.39985472e-01
1.49188906e-01
1.46437660e-01
1.41258195e-01
1.43344000e-01
1.44511327e-01
1.45649821e-01
1.56289846e-01
1.50499597e-01
1.54531643e-01
1.82836339e-01
1.73479348e-01
1.47428155e-01
1.36671916e-01
1.48435608e-01
1.55399397e-01
1.53293237e-01
1.54223233e-01
1.58614323e-01
1.44899413e-01
1.48259938e-01
1.52673736e-01
1.75235793e-01
1.71033770e-01
1.73836127e-01
1.53063700e-01
1.46911681e-01
1.51703805e-01
1.57801837e-01
1.36973470e-01
1.37794733e-01
1.34403974e-01
1.49021432e-01
1.54179052e-01
1.48029625e-01
1.46475941e-01
1.44565940e-01
1.52674437e-01
1.60806805e-01
1.79454505e-01
1.83644220e-01
1.62813932e-01
1.55689269e-01
1.57367006e-01
1.47965044e-01
1.35807559e-01
1.37031108e-01
1.47785798e-01
1.49867937e-01
1.34600133e-01
1.32914871e-01
1.42233476e-01
1.44407764e-01
1.51327208e-01
1.44483566e-01
1.60201833e-01
1.53664947e-01
1.49560332e-01
1.46559253e-01
1.54996917e-01
1.51204824e-01
1.41323328e-01
1.44717142e-01
1.30199060e-01
1.36029437e-01
1.38342023e-01
1.57525942e-01
1.48806259e-01
1.37906790e-01
1.36753261e-01
1.37224019e-01
1.42268762e-01
1.45041972e-01
1.41749993e-01
1.43616959e-01
1.34127766e-01
1.41937271e-01
1.42822802e-01
1.51181698e-01
1.42448083e-01
1.27568454e-01
1.40955836e-01
1.45153075e-01
1.34056300e-01
1.32469013e-01
1.51852041e-01
1.41374454e-01
1.40772387e-01
1.43768102e-01
1.39404356e-01
1.35403156e-01
1.35051370e-01
1.28540382e-01
1.42731905e-01
1.39420286e-01
1.37746856e-01
1.42912969e-01
1.52530760e-01
1.47274807e-01
1.54621482e-01
1.58547640e-01
1.41002566e-01
1.49206042e-01
1.41628578e-01
1.44713789e-01
1.42823815e-01
1.38557985e-01
1.46052182e-01
1.40676826e-01
1.44262403e-01
1.34886876e-01
1.33178487e-01
1.47143796e-01
1.32543385e-01
1.39011055e-01
1.38011202e-01
1.49658963e-01
1.34603798e-01
1.39728770e-01
1.39902651e-01
1.41516149e-01
1.44982845e-01
1.38541549e-01
1.36287704e-01
1.42264605e-01
1.43060192e-01
1.46222413e-01
1.38717771e-01
1.33022904e-01
1.34428889e-01
1.44427344e-01
1.41605869e-01
1.47515357e-01
1.36096090e-01
1.29027396e-01
1.40456080e-01
1.48811579e-01
1.40865982e-01
1.37880027e-01
1.34163156e-01
1.56866774e-01
1.49656788e-01
1.33416787e-01
1.42121062e-01
1.39997751e-01
1.34658232e-01
1.32626981e-01
1.40470624e-01
1.37877300e-01
1.39472023e-01
1.41729638e-01
1.33984044e-01
1.43390134e-01
1.40879586e-01
1.44844249e-01
1.58637419e-01
1.43101707e-01
1.47182912e-01
1.43224388e-01
1.42045259e-01
1.55245051e-01
1.42417744e-01
1.34710729e-01
1.38640910e-01
1.32743776e-01
1.33532599e-01
1.44164339e-01
1.42737746e-01
1.37004822e-01
1.35838792e-01
1.34547368e-01
1.44164756e-01
1.31332606e-01
1.33783132e-01
1.30962312e-01
1.49009183e-01
1.43246606e-01
1.40048847e-01
1.51727363e-01
1.46806315e-01
1.47304147e-01
1.43428102e-01
1.45919889e-01
1.49540767e-01
1.48896679e-01
1.47258788e-01
1.47007987e-01
1.38933197e-01
1.30363286e-01
1.36263818e-01
1.46195561e-01
1.50248989e-01
1.45538315e-01
1.36131003e-01
1.38563275e-01
1.38326690e-01
1.29660845e-01
1.40812621e-01
1.39288887e-01
1.47577479e-01
1.42746940e-01
1.40531674e-01
1.32985145e-01
1.35463834e-01
1.39817566e-01
1.44135132e-01
1.31771639e-01
1.40672192e-01
1.50374964e-01
1.44161314e-01
1.37927338e-01
1.36630401e-01
1.49113864e-01
1.52001917e-01
1.51008084e-01
1.65114313e-01
2.03210026e-01
2.20349774e-01
2.24323869e-01
2.16461450e-01
2.39816919e-01
2.12688282e-01
1.79737091e-01
1.62646323e-01
1.49751648e-01
1.57168716e-01
1.52000263e-01
1.57592699e-01
1.47420004e-01
1.39406860e-01
1.28997654e-01
1.28971666e-01
1.39121339e-01
1.53884128e-01
1.49784565e-01
1.47346199e-01
1.51271001e-01
1.85435429e-01
2.51027972e-01
2.84527451e-01
2.85721481e-01
2.09309995e-01
1.87923387e-01
1.85974225e-01
1.91871166e-01
1.66941077e-01
1.54858291e-01
1.41845852e-01
1.41294613e-01
1.48907900e-01
1.54319793e-01
1.45731643e-01
1.46432817e-01
1.47345081e-01
1.67956218e-01
1.67873397e-01
1.63169697e-01
1.61359906e-01
1.47228420e-01
1.42228022e-01
1.45758659e-01
2.00033292e-01
2.55633116e-01
2.26978511e-01
2.53665358e-01
1.88419729e-01
1.48993224e-01
1.45994231e-01
1.49394080e-01
1.58877999e-01
1.71391875e-01
1.62925228e-01
1.74698174e-01
1.53078690e-01
1.52881742e-01
1.71522394e-01
2.36503720e-01
2.53502309e-01
2.69452065e-01
2.31310546e-01
1.69216007e-01
1.41962379e-01
1.46879166e-01
1.51016727e-01
1.49189368e-01
1.41740501e-01
1.54081792e-01
1.72810525e-01
1.83279812e-01
2.11985573e-01
2.44972035e-01
2.66562819e-01
2.21295968e-01
2.35482246e-01
2.11110756e-01
2.25016415e-01
1.96250007e-01
1.61041170e-01
1.42454475e-01
1.44612268e-01
1.53123274e-01
1.42363086e-01
1.42466947e-01
1.50515199e-01
1.48282692e-01
1.46540135e-01
1.55225247e-01
1.54178172e-01
1.65560916e-01
1.61871344e-01
1.51133657e-01
1.61732972e-01
1.88590035e-01
1.94517702e-01
1.77989766e-01
1.74969047e-01
1.56128779e-01
1.44345835e-01
1.47665292e-01
1.41579956e-01
1.46528706e-01
1.39926806e-01
1.48361430e-01
1.41539618e-01
1.45067260e-01
1.43894687e-01
1.44157916e-01
1.50383994e-01
1.51873276e-01
1.48883194e-01
1.52147472e-01
1.54244602e-01
1.57207608e-01
1.61501214e-01
1.64297357e-01
1.73105538e-01
1.59708798e-01
1.52313426e-01
1.41683415e-01
1.40742168e-01
1.45599917e-01
1.58446655e-01
1.53644428e-01
1.42728060e-01
1.57492295e-01
1.50794670e-01
1.48219526e-01
1.50491253e-01
1.51203915e-01
1.52202591e-01
1.44017428e-01
1.51657492e-01
1.58096865e-01
1.57624364e-01
1.65599883e-01
1.57884464e-01
1.55170888e-01
1.55070752e-01
1.70635909e-01
1.62349582e-01
1.65850550e-01
1.61237121e-01
1.60693213e-01
1.58735037e-01
1.66949630e-01
1.52155399e-01
1.53706476e-01
1.49388954e-01
1.53067872e-01
1.54135525e-01
1.49157479e-01
1.47935584e-01
1.43603057e-01
1.46179080e-01
1.51773244e-01
1.46760359e-01
1.51773512e-01
1.42416120e-01
1.58227399e-01
1.54766485e-01
1.46547824e-01
1.42989874e-01
1.67652905e-01
1.82079509e-01
2.11397409e-01
1.95456192e-01
1.85963854e-01
1.72622204e-01
1.67253047e-01
1.73527628e-01
1.56147838e-01
1.52228564e-01
1.47118062e-01
1.54604614e-01
1.50687248e-01
1.44577533e-01
1.52602717e-01
1.47242993e-01
1.50413245e-01
1.52655631e-01
1.55579254e-01
1.51090950e-01
1.54312119e-01
1.55889630e-01
1.55186802e-01
1.51843935e-01
1.53067812e-01
1.54224455e-01
1.46862194e-01
1.59960955e-01
1.66302934e-01
1.90794453e-01
2.02633262e-01
1.93035305e-01
1.78274602e-01
1.54062435e-01
1.50721774e-01
1.52196616e-01
1.50768951e-01
1.49188176e-01
1.57811895e-01
1.60972163e-01
1.48056254e-01
1.49804994e-01
1.47318602e-01
1.74603343e-01
2.03219891e-01
2.47322679e-01
2.79957414e-01
2.71209657e-01
2.90716171e-01
3.48867834e-01
2.51767755e-01
2.40481213e-01
2.24680752e-01
2.10234612e-01
1.98779419e-01
1.75533399e-01
1.77024737e-01
1.64370298e-01
1.67632088e-01
1.74277142e-01
1.77157626e-01
2.00355232e-01
2.43130028e-01
2.15000778e-01
1.90974683e-01
1.84421599e-01
1.60841182e-01
1.64358526e-01
1.65809408e-01
1.58887491e-01
1.64536893e-01
1.78962857e-01
1.68900579e-01
1.44922301e-01
1.56085953e-01
1.73568115e-01
1.62812665e-01
1.61277324e-01
1.63812712e-01
1.48600638e-01
1.59313753e-01
1.72481909e-01
1.61952958e-01
1.54965892e-01
1.58825710e-01
1.56684384e-01
1.47662953e-01
1.47678033e-01
1.45717725e-01
1.47798702e-01
1.50003970e-01
1.51777044e-01
1.52700424e-01
1.47224292e-01
1.47032127e-01
1.45646289e-01
1.48234949e-01
1.47450671e-01
1.48830980e-01
1.48880035e-01
1.48426801e-01
1.43879563e-01
1.49441212e-01
1.58042297e-01
1.50617138e-01
1.48799658e-01
1.45830572e-01
1.41527563e-01
1.74616322e-01
2.14016765e-01
2.61696160e-01
2.56227881e-01
2.87917584e-01
2.97702104e-01
2.17144400e-01
1.76193386e-01
1.55764267e-01
1.69322088e-01
1.65448889e-01
1.51213512e-01
1.51056096e-01
1.55464694e-01
1.53477997e-01
1.52626440e-01
1.55920550e-01
1.51514322e-01
1.49710476e-01
1.46627024e-01
1.46399766e-01
1.66019171e-01
2.61785448e-01
3.24455798e-01
3.59350443e-01
2.38683522e-01
1.74703315e-01
1.78996265e-01
1.80139482e-01
1.94820344e-01
1.81218833e-01
1.61852568e-01
1.54932186e-01
1.48520455e-01
1.57237515e-01
1.59328356e-01
1.54713944e-01
1.55899882e-01
1.61262438e-01
1.65928021e-01
1.63088500e-01
1.66398495e-01
1.59212410e-01
1.51121020e-01
1.40426844e-01
1.57375216e-01
2.16751650e-01
2.40064144e-01
2.57494330e-01
2.18270198e-01
1.76851854e-01
1.53327227e-01
1.47374555e-01
1.55907273e-01
1.62562221e-01
1.84136286e-01
1.85207680e-01
1.76055685e-01
1.67107016e-01
1.48930997e-01
1.47814855e-01
1.96771100e-01
2.83368021e-01
3.02533597e-01
2.77569383e-01
2.10284650e-01
1.68027014e-01
1.50144786e-01
1.51055083e-01
1.52170271e-01
1.46047831e-01
1.46397769e-01
1.68623358e-01
1.87667921e-01
1.92730904e-01
1.78003743e-01
1.63725555e-01
1.57089442e-01
1.69997737e-01
2.75587380e-01
3.18910778e-01
3.27342123e-01
2.76350200e-01
2.35867083e-01
2.00158924e-01
2.14332223e-01
1.83684736e-01
1.66906327e-01
1.75299376e-01
1.87884361e-01
2.01157331e-01
2.07016066e-01
1.80874527e-01
1.63698450e-01
1.72707528e-01
1.93979293e-01
1.86549634e-01
1.67516157e-01
1.57227546e-01
2.12967232e-01
2.11350441e-01
2.34146342e-01
1.96929395e-01
1.66192234e-01
1.62829563e-01
1.53985053e-01
1.48069397e-01
1.58847257e-01
1.63425505e-01
1.60942972e-01
1.62854820e-01
1.57756984e-01
3.05334210e-01
3.79482001e-01
4.23226088e-01
3.45409006e-01
2.57695109e-01
2.27344736e-01
2.23714769e-01
2.17879802e-01
1.82501704e-01
1.66201666e-01
1.87923282e-01
1.93434402e-01
2.09243894e-01
1.88674062e-01
1.61397785e-01
1.57502308e-01
1.55156553e-01
1.54027402e-01
1.51444390e-01
1.59788966e-01
1.72906101e-01
1.79302379e-01
1.84866145e-01
2.61917651e-01
1.69551224e-01
1.66046008e-01
1.58594966e-01
1.72558337e-01
2.66071767e-01
2.81313807e-01
3.50199342e-01
2.87308514e-01
2.01697558e-01
1.62708536e-01
1.59634769e-01
1.64328784e-01
1.81122631e-01
1.96412221e-01
2.12656230e-01
1.96138427e-01
1.68647334e-01
1.58105642e-01
1.63436964e-01
1.86424583e-01
2.89590269e-01
3.20762634e-01
3.51491213e-01
2.52813369e-01
1.83869660e-01
1.60036489e-01
1.71516880e-01
1.62075937e-01
1.70255557e-01
1.64697886e-01
1.66257381e-01
1.71370685e-01
2.11881489e-01
2.31116429e-01
1.94074705e-01
1.81222469e-01
1.83859587e-01
2.34406531e-01
3.19317698e-01
3.44776869e-01
3.39611620e-01
2.06390083e-01
1.78085744e-01
1.66939661e-01
1.71454176e-01
1.56594336e-01
1.42717123e-01
1.55657694e-01
1.57299370e-01
1.58781335e-01
1.60277978e-01
1.66901991e-01
1.76645502e-01
1.65914103e-01
1.83983937e-01
1.72039732e-01
1.65377378e-01
1.76196605e-01
1.92875758e-01
2.06265390e-01
1.82990909e-01
1.68796107e-01
1.61885858e-01
1.62634179e-01
1.53826147e-01
1.61018804e-01
1.60858601e-01
1.61661252e-01
1.53346643e-01
1.59063667e-01
1.67320728e-01
1.53034955e-01
1.61261484e-01
1.63380414e-01
1.63119152e-01
1.66130796e-01
1.64434999e-01
1.65848330e-01
1.57769725e-01
1.68753400e-01
1.84869245e-01
1.71346515e-01
1.66851148e-01
1.68407992e-01
1.62603602e-01
1.57263935e-01
1.52605250e-01
1.56126291e-01
1.58981264e-01
1.56448662e-01
1.50791988e-01
1.54467404e-01
1.66944042e-01
1.68410182e-01
1.64504439e-01
1.53783664e-01
1.56955197e-01
1.57496974e-01
1.64635256e-01
1.70433670e-01
1.57093391e-01
1.62090421e-01
1.62500560e-01
1.71208143e-01
1.72863156e-01
1.70912430e-01
1.62868306e-01
1.53867140e-01
1.54093727e-01
1.64719999e-01
1.61395743e-01
1.62908450e-01
1.56232223e-01
1.65595904e-01
1.64658442e-01
1.54132962e-01
1.54761568e-01
1.58814982e-01
1.53680116e-01
1.67123184e-01
1.66521281e-01
1.63173884e-01
1.74702272e-01
1.62615091e-01
1.60353497e-01
1.64179653e-01
1.62118986e-01
1.73284769e-01
1.61311820e-01
1.64665788e-01
1.61869064e-01
1.61934689e-01
1.59326985e-01
1.62645161e-01
1.65599391e-01
1.62431434e-01
1.59101948e-01
1.58691153e-01
1.58505440e-01
1.67415455e-01
1.62936941e-01
1.65261552e-01
1.58113778e-01
1.58845782e-01
1.59780875e-01
1.55490801e-01
1.56480387e-01
1.66748002e-01
1.69248953e-01
1.64888054e-01
1.65337235e-01
1.59352168e-01
1.61898091e-01
1.57621875e-01
1.65589646e-01
1.62351400e-01
1.65924534e-01
1.69307828e-01
1.71419159e-01
1.74514472e-01
1.64872214e-01
1.62765920e-01
1.60307422e-01
1.56772301e-01
1.75417036e-01
1.68773323e-01
2.90452182e-01
1.75404355e-01
1.63491651e-01
1.61344290e-01
1.69652984e-01
1.66995585e-01
1.86512649e-01
2.01688856e-01
2.51133442e-01
2.84155756e-01
2.19123259e-01
2.65997797e-01
2.74950564e-01
3.31388086e-01
2.70208925e-01
2.13770702e-01
2.60527134e-01
2.89520949e-01
3.49696398e-01
3.11290860e-01
2.21880585e-01
1.76092878e-01
1.65704474e-01
1.78692371e-01
1.93493500e-01
1.94462985e-01
1.89375952e-01
2.13075638e-01
1.64416686e-01
1.68512225e-01
1.60681903e-01
1.66468650e-01
1.54953659e-01
1.53974235e-01
1.64217383e-01
1.60155669e-01
1.60506919e-01
1.65752903e-01
1.65217862e-01
1.70283079e-01
3.03502530e-01
5.51452279e-01
5.56820869e-01
5.35391867e-01
4.02632475e-01
2.75588781e-01
2.90494442e-01
2.98953563e-01
2.22397774e-01
1.69909477e-01
1.60023808e-01
1.77341700e-01
1.97316021e-01
1.87998205e-01
1.76730290e-01
1.72223151e-01
1.64928630e-01
1.61030009e-01
1.63418487e-01
1.66476995e-01
1.83912799e-01
2.21315205e-01
2.43534148e-01
2.17181832e-01
1.71558931e-01
1.68750092e-01
1.63294345e-01
1.59336835e-01
1.86173603e-01
3.08170706e-01
4.71224993e-01
4.32783604e-01
3.53512615e-01
2.12095410e-01
1.63223147e-01
1.62215590e-01
1.61541060e-01
1.89669445e-01
2.27083042e-01
2.79645681e-01
2.33841941e-01
2.08864376e-01
1.73353121e-01
1.64392531e-01
1.93703309e-01
3.71347338e-01
5.30061781e-01
5.17080367e-01
4.20230746e-01
2.20833942e-01
1.63691834e-01
1.62012368e-01
1.61378026e-01
1.58150554e-01
1.65415019e-01
1.78080782e-01
1.87739328e-01
2.36345798e-01
2.70371377e-01
2.29149848e-01
1.81580171e-01
1.54225692e-01
1.77926466e-01
3.46545845e-01
3.32664371e-01
4.05509889e-01
3.19718719e-01
1.90265745e-01
1.57953620e-01
1.64505288e-01
1.64409429e-01
1.57258183e-01
1.61815673e-01
1.61784604e-01
1.55273587e-01
1.57356888e-01
1.57949746e-01
1.70236990e-01
1.99748039e-01
2.18959346e-01
1.89182296e-01
1.58287615e-01
1.64442301e-01
2.15380996e-01
2.56237149e-01
2.58607924e-01
2.20764697e-01
1.83978751e-01
1.60460845e-01
1.59260765e-01
1.63167208e-01
1.60715193e-01
1.57008410e-01
1.55925825e-01
1.70469716e-01
1.67830244e-01
1.55678302e-01
1.59896553e-01
1.64963767e-01
1.60193413e-01
1.67263269e-01
1.68650508e-01
1.84987634e-01
1.63198799e-01
1.53593257e-01
1.63603112e-01
1.87961981e-01
1.97739959e-01
1.93085700e-01
1.64247736e-01
1.56406522e-01
1.65297031e-01
1.64634541e-01
1.62907302e-01
1.63869813e-01
1.67031884e-01
1.65189639e-01
1.61307022e-01
1.63718432e-01
1.61842868e-01
1.59489617e-01
1.68858409e-01
1.62294298e-01
1.56504840e-01
1.63248673e-01
1.63221732e-01
1.64509431e-01
1.76873565e-01
1.69277936e-01
1.61220938e-01
1.62050292e-01
1.64895728e-01
1.72597438e-01
1.67809680e-01
1.65452972e-01
1.61381721e-01
1.65154979e-01
1.63825005e-01
1.68490574e-01
1.82838053e-01
1.65786013e-01
1.83217496e-01
1.91856310e-01
1.92914158e-01
1.93921894e-01
2.11913273e-01
2.26195902e-01
2.22826481e-01
2.30895296e-01
2.23385245e-01
2.21083999e-01
2.13964105e-01
2.03238085e-01
1.88225314e-01
1.77520335e-01
1.72511414e-01
1.83574989e-01
1.86005935e-01
2.08037749e-01
1.96393207e-01
2.04682723e-01
2.24635169e-01
2.22449139e-01
2.09849432e-01
2.07345515e-01
2.04950258e-01
1.98690221e-01
2.14268789e-01
2.04799101e-01
1.87151745e-01
1.96892977e-01
1.93121895e-01
1.88320249e-01
1.79443747e-01
1.91714704e-01
1.74624503e-01
1.69477195e-01
1.74470872e-01
1.65733323e-01
1.60717249e-01
1.70285150e-01
1.69518903e-01
1.75766483e-01
1.60829365e-01
1.68171063e-01
1.74496874e-01
1.67975277e-01
1.71171919e-01
1.69721857e-01
1.73848748e-01
1.70905843e-01
1.67781770e-01
1.66568846e-01
1.76566154e-01
1.64874375e-01
1.62158966e-01
1.62226260e-01
1.59219518e-01
1.64642245e-01
1.71577305e-01
1.64329454e-01
1.66054249e-01
1.68163612e-01
1.65565625e-01
1.63023487e-01
1.69208467e-01
1.74687624e-01
1.60868227e-01
1.56333044e-01
1.65489167e-01
1.65003166e-01
1.80858001e-01
2.45084211e-01
3.16706628e-01
3.45064372e-01
2.99831390e-01
3.71692508e-01
4.20973897e-01
3.59796077e-01
2.54328609e-01
2.34449148e-01
3.84122193e-01
4.52999741e-01
3.95619154e-01
2.83607423e-01
1.82328478e-01
1.63432971e-01
1.86573371e-01
2.34042421e-01
2.32242465e-01
2.09799349e-01
1.71691924e-01
1.65332258e-01
1.66736126e-01
1.64851785e-01
1.55511037e-01
1.58893555e-01
1.68386087e-01
1.74718425e-01
1.72204539e-01
1.67717159e-01
1.66314304e-01
1.71063870e-01
1.66103154e-01
3.32055956e-01
6.04256451e-01
8.91920328e-01
8.83651197e-01
5.63299716e-01
3.44781965e-01
3.10903043e-01
3.70709985e-01
3.36635739e-01
2.33819887e-01
1.75469950e-01
1.70451924e-01
1.85269535e-01
1.96340203e-01
2.05952838e-01
1.84720710e-01
1.67130426e-01
1.67815760e-01
1.68212727e-01
1.63031876e-01
1.78167686e-01
2.34608650e-01
2.70556778e-01
2.68063098e-01
1.97558179e-01
1.66834921e-01
1.65792227e-01
1.59283504e-01
1.75912708e-01
3.11262995e-01
4.73288447e-01
5.72454035e-01
6.40408158e-01
3.35647255e-01
1.89305037e-01
1.72116995e-01
1.71412885e-01
1.84639603e-01
2.45564207e-01
3.34463149e-01
3.28900844e-01
2.49943674e-01
1.79218739e-01
1.58660382e-01
1.73279777e-01
1.83023095e-01
4.85555023e-01
7.18056262e-01
6.29761577e-01
5.14092982e-01
2.77316093e-01
1.74554095e-01
1.64292037e-01
1.69065088e-01
1.74721152e-01
1.72651678e-01
1.72835588e-01
1.83742687e-01
2.70063072e-01
2.83482343e-01
2.74441659e-01
2.20533058e-01
1.70584381e-01
1.67262554e-01
2.18214303e-01
5.19975245e-01
6.24954104e-01
5.84535062e-01
3.94196510e-01
2.05819592e-01
1.70764551e-01
1.54824570e-01
1.62602961e-01
1.73886910e-01
1.67559534e-01
1.61835119e-01
1.67010769e-01
1.60384238e-01
1.65518865e-01
1.85425371e-01
2.27155939e-01
2.92524070e-01
2.60816604e-01
1.86425015e-01
2.03486994e-01
2.36034825e-01
3.35419178e-01
4.12434846e-01
3.61745447e-01
