1.97738731e+00
1.95308459e+00
1.93075907e+00
1.92694843e+00
2.00348568e+00
1.92547023e+00
1.99868774e+00
2.10130978e+00
1.96389341e+00
2.07943726e+00
2.13027978e+00
2.06460905e+00
2.08780074e+00
2.11499643e+00
2.02583981e+00
2.07964253e+00
2.08290601e+00
2.08695054e+00
2.13701940e+00
2.10301757e+00
2.09926391e+00
2.12601185e+00
2.11075568e+00
2.04982233e+00
2.11356187e+00
2.10678887e+00
2.10302186e+00
2.10849118e+00
1.98939252e+00
2.08125472e+00
2.10189605e+00
1.96137440e+00
2.02915311e+00
1.96430027e+00
1.97203648e+00
2.01140976e+00
1.97210073e+00
1.94086981e+00
1.91395497e+00
1.91286814e+00
1.83561528e+00
1.84090841e+00
1.77907956e+00
1.75548828e+00
1.77238286e+00
1.77694249e+00
1.74172854e+00
1.80482495e+00
1.91346288e+00
1.89724386e+00
1.91314960e+00
1.92889702e+00
2.00629449e+00
2.06875396e+00
2.04034090e+00
2.01889920e+00
2.00669765e+00
1.96178019e+00
2.08441186e+00
2.05803227e+00
2.05031872e+00
2.13395810e+00
2.12322807e+00
2.14530492e+00
2.19201493e+00
2.15297604e+00
2.09211802e+00
2.12287378e+00
2.09691644e+00
2.12981129e+00
2.17408776e+00
2.11987209e+00
2.09056330e+00
2.09571171e+00
2.09587455e+00
2.09926891e+00
2.05386329e+00
2.08595753e+00
2.17063618e+00
2.13357162e+00
2.05513787e+00
2.03114963e+00
2.00260639e+00
2.03953838e+00
2.04522204e+00
2.01871490e+00
1.96522975e+00
1.92690194e+00
1.94294155e+00
1.92739534e+00
1.92737424e+00
1.85672104e+00
1.77590382e+00
1.87430465e+00
1.82176518e+00
1.74069202e+00
1.72933888e+00
1.67390287e+00
1.66486287e+00
1.64178193e+00
1.55667150e+00
1.49469221e+00
1.47793162e+00
1.45898330e+00
1.45920610e+00
1.40001476e+00
1.42651021e+00
1.54321015e+00
1.63715780e+00
1.61183476e+00
1.64324689e+00
1.76418114e+00
1.78636897e+00
1.77532649e+00
1.78518796e+00
1.83370256e+00
1.83801568e+00
1.91248024e+00
2.00169849e+00
1.93267715e+00
1.97987568e+00
1.97940743e+00
2.02082109e+00
2.06790519e+00
2.02013803e+00
2.05052543e+00
2.13661289e+00
2.13444543e+00
2.16987300e+00
2.17737770e+00
2.16579461e+00
2.16103864e+00
2.12654972e+00
2.18533492e+00
2.23965311e+00
2.17059994e+00
2.21379018e+00
2.17968011e+00
2.23237014e+00
2.23869038e+00
2.21715450e+00
2.22877336e+00
2.23551679e+00
2.22161031e+00
2.25375915e+00
2.17082429e+00
2.22123599e+00
2.23209453e+00
2.22434330e+00
2.23656106e+00
2.21646190e+00
2.23393345e+00
2.18838191e+00
2.21160340e+00
2.23059106e+00
2.14813828e+00
2.17308044e+00
2.20376325e+00
2.14994216e+00
2.16172862e+00
2.17992663e+00
2.17624235e+00
2.13377309e+00
2.11288953e+00
2.07947254e+00
2.11685228e+00
2.11999869e+00
2.05506539e+00
2.03644896e+00
1.98699868e+00
2.00355935e+00
1.95719898e+00
1.91718674e+00
1.91624439e+00
1.88742554e+00
1.92276418e+00
1.85310900e+00
1.84943116e+00
1.83491910e+00
1.76593673e+00
1.72683334e+00
1.68828356e+00
1.64923477e+00
1.64292192e+00
1.61629283e+00
1.57729268e+00
1.50785446e+00
1.47682881e+00
1.43265164e+00
1.37188685e+00
1.32974160e+00
1.25888491e+00
1.16520381e+00
1.08994055e+00
1.11285985e+00
1.19441736e+00
1.22004437e+00
1.28759694e+00
1.33605051e+00
1.38716507e+00
1.46547139e+00
1.51137114e+00
1.55951929e+00
1.59186625e+00
1.64092529e+00
1.63206863e+00
1.69319689e+00
1.72058177e+00
1.71359789e+00
1.76841807e+00
1.81781375e+00
1.87577331e+00
1.84147274e+00
1.87872624e+00
1.92882550e+00
1.99470365e+00
1.99857700e+00
2.01055574e+00
2.02604318e+00
2.01922870e+00
2.07680607e+00
2.09708571e+00
2.09472561e+00
2.11623049e+00
2.09209871e+00
2.15843487e+00
2.13145137e+00
2.13254404e+00
2.24907064e+00
2.21151710e+00
2.22263670e+00
2.23413110e+00
2.22616315e+00
2.26835561e+00
2.28786445e+00
2.24761605e+00
2.33035111e+00
2.34742951e+00
2.28460002e+00
2.29399729e+00
2.32127786e+00
2.36434770e+00
2.30952859e+00
2.28432441e+00
2.38399673e+00
2.34428239e+00
2.32834291e+00
2.33009982e+00
2.36086917e+00
2.35003233e+00
2.34191489e+00
2.36716938e+00
2.34793639e+00
2.37316012e+00
2.37670660e+00
2.37903428e+00
2.34857392e+00
2.37502646e+00
2.41044259e+00
2.41767597e+00
2.38915515e+00
2.36600018e+00
2.36264014e+00
2.35312223e+00
2.39332414e+00
2.38949561e+00
2.33999538e+00
2.34139824e+00
2.38761902e+00
2.39880657e+00
2.36851478e+00
2.33490705e+00
2.37873197e+00
2.33862090e+00
2.35476089e+00
2.35076356e+00
2.35381961e+00
2.35368872e+00
2.30144930e+00
2.33180141e+00
2.35600424e+00
2.34633517e+00
2.30528545e+00
2.31630206e+00
2.36290550e+00
2.35104394e+00
2.32270193e+00
2.27535677e+00
2.26660204e+00
2.22763395e+00
2.20926309e+00
2.23329568e+00
2.22222137e+00
2.22529697e+00
2.17950749e+00
2.19314432e+00
2.16944909e+00
2.19324899e+00
2.13919163e+00
2.08472562e+00
2.09048319e+00
2.05906510e+00
2.05530834e+00
2.08215022e+00
2.01049900e+00
1.99858618e+00
1.97385836e+00
2.01885319e+00
1.96328771e+00
1.95506179e+00
1.93077457e+00
1.86438215e+00
1.85164213e+00
1.88605547e+00
1.83281136e+00
1.75400126e+00
1.75850415e+00
1.73616993e+00
1.69101596e+00
1.69307065e+00
1.66746938e+00
1.63543236e+00
1.59055102e+00
1.54823232e+00
1.49417913e+00
1.43988919e+00
1.42821145e+00
1.37783003e+00
1.34632945e+00
1.31305707e+00
1.24305093e+00
1.19265068e+00
1.11975193e+00
1.05900371e+00
9.66565847e-01
9.27120268e-01
9.40644085e-01
1.00370908e+00
1.07426345e+00
1.12793267e+00
1.20490730e+00
1.28488779e+00
1.31158841e+00
1.38732195e+00
1.40565121e+00
1.43772745e+00
1.44821966e+00
1.47744179e+00
1.54951966e+00
1.56485486e+00
1.61251438e+00
1.61475873e+00
1.64792359e+00
1.67543077e+00
1.73220706e+00
1.73260617e+00
1.75130761e+00
1.79096150e+00
1.81404793e+00
1.86366272e+00
1.86054683e+00
1.85581970e+00
1.87948298e+00
1.93984020e+00
1.96175528e+00
1.96400332e+00
2.00091386e+00
2.02817130e+00
1.99788773e+00
2.00937557e+00
2.01481748e+00
2.04161096e+00
2.04588866e+00
2.06813431e+00
2.11700487e+00
2.09114814e+00
2.12573934e+00
2.18667960e+00
2.13471150e+00
2.15729070e+00
2.15172553e+00
2.15886331e+00
2.22712731e+00
2.21570730e+00
2.15613842e+00
2.21193290e+00
2.22970366e+00
2.24315286e+00
2.28890252e+00
2.25538015e+00
2.25626683e+00
2.27178550e+00
2.28645062e+00
2.28853750e+00
2.26485610e+00
2.30727100e+00
2.29444480e+00
2.28246498e+00
2.28656864e+00
2.28856015e+00
2.35626626e+00
2.32793522e+00
2.31844330e+00
2.33800769e+00
2.34172392e+00
2.35896039e+00
2.37615347e+00
2.35354328e+00
2.31935287e+00
2.33864808e+00
2.36460042e+00
2.40134501e+00
2.38716412e+00
2.38456440e+00
2.39369869e+00
2.38117695e+00
2.39176226e+00
2.38948870e+00
2.37496018e+00
2.40577626e+00
2.39661312e+00
2.35228014e+00
2.36992455e+00
2.38116837e+00
2.39269543e+00
2.35192084e+00
2.36836410e+00
2.37005591e+00
2.39913940e+00
2.39090729e+00
2.41680741e+00
2.41124296e+00
2.38873935e+00
2.43307161e+00
2.41850686e+00
2.41021895e+00
2.42193127e+00
2.43816423e+00
2.38075876e+00
2.41798449e+00
2.41052032e+00
2.38213062e+00
2.43592477e+00
2.42393088e+00
2.36148667e+00
2.41389060e+00
2.44710636e+00
2.39840221e+00
2.38435626e+00
2.42571163e+00
2.39274645e+00
2.38941145e+00
2.38936472e+00
2.39581895e+00
2.41545296e+00
2.42833996e+00
2.40505648e+00
2.38670254e+00
2.39209652e+00
2.39143777e+00
2.38574219e+00
2.32914662e+00
2.36602259e+00
2.39806581e+00
2.39091468e+00
2.36338806e+00
2.34366512e+00
2.37548590e+00
2.34796810e+00
2.33711600e+00
2.36204386e+00
2.36576962e+00
2.34137511e+00
2.39637113e+00
2.36947513e+00
2.35206056e+00
2.38189340e+00
2.33186007e+00
2.39009452e+00
2.37988114e+00
2.36069632e+00
2.38139176e+00
2.37916303e+00
2.37402844e+00
2.32517433e+00
2.33796573e+00
2.32188702e+00
2.32569528e+00
2.30790734e+00
2.29657817e+00
2.29903698e+00
2.29604721e+00
2.34867811e+00
2.32040429e+00
2.29225707e+00
2.32063127e+00
2.32135105e+00
2.28972268e+00
2.30618167e+00
2.28342247e+00
2.29233766e+00
2.30639267e+00
2.26203799e+00
2.27080345e+00
2.26085806e+00
2.25596237e+00
2.26619697e+00
2.27690291e+00
2.29519439e+00
2.24068666e+00
2.21517777e+00
2.19754577e+00
2.21945906e+00
2.19995522e+00
2.21634483e+00
2.21387267e+00
2.18792820e+00
2.18760395e+00
2.20102596e+00
2.18399024e+00
2.15460801e+00
2.15614486e+00
2.10734439e+00
2.14070773e+00
2.12504172e+00
2.11031890e+00
2.11133981e+00
2.09227705e+00
2.11562014e+00
2.09019232e+00
2.05698609e+00
2.06771827e+00
2.09000778e+00
2.04771352e+00
2.03532958e+00
2.02189851e+00
2.01950574e+00
2.01229429e+00
2.00232029e+00
2.03352523e+00
1.98312986e+00
1.95020330e+00
1.94408000e+00
1.93511546e+00
1.91274750e+00
1.88645542e+00
1.91481853e+00
1.90237844e+00
1.86522710e+00
1.83259213e+00
1.80809927e+00
1.81516111e+00
1.79668772e+00
1.75731432e+00
1.74798882e+00
1.71522367e+00
1.70473170e+00
1.73868799e+00
1.66381443e+00
1.64567482e+00
1.65660238e+00
1.61242747e+00
1.58441699e+00
1.55478776e+00
1.53502774e+00
1.50126374e+00
1.46672475e+00
1.44762087e+00
1.40613949e+00
1.39655888e+00
1.31725800e+00
1.29479122e+00
1.27492654e+00
1.25398600e+00
1.19993603e+00
1.11847377e+00
1.10369790e+00
1.04984367e+00
9.71403658e-01
9.03730631e-01
8.48083258e-01
8.19402158e-01
8.24688733e-01
8.95829916e-01
9.60458338e-01
1.03145969e+00
1.08704042e+00
1.15073955e+00
1.16781569e+00
1.21340978e+00
1.25920212e+00
1.26340294e+00
1.33145297e+00
1.37570560e+00
1.39231837e+00
1.42700911e+00
1.48083723e+00
1.51780212e+00
1.50075257e+00
1.52415049e+00
1.54229403e+00
1.54945862e+00
1.59183013e+00
1.63960147e+00
1.63538814e+00
1.65303493e+00
1.62698221e+00
1.69222534e+00
1.74216998e+00
1.73545313e+00
1.70919085e+00
1.75325060e+00
1.77569914e+00
1.78758931e+00
1.80363238e+00
1.81447613e+00
1.85389531e+00
1.84046555e+00
1.83649814e+00
1.87971187e+00
1.88807595e+00
1.88416743e+00
1.89518094e+00
1.90897632e+00
1.93007588e+00
1.94072080e+00
1.93806696e+00
1.93794668e+00
1.94973326e+00
1.94532669e+00
1.94834971e+00
1.98784649e+00
2.02089047e+00
2.00264835e+00
1.98223758e+00
2.01434827e+00
2.02122521e+00
2.03710127e+00
2.03043294e+00
2.02965260e+00
2.03982949e+00
2.02905416e+00
2.03397655e+00
2.04858565e+00
2.06833100e+00
2.06480098e+00
2.05764103e+00
2.02706861e+00
2.04098034e+00
2.07357216e+00
2.09248734e+00
2.07588744e+00
2.09073997e+00
2.09737039e+00
2.10099745e+00
2.08245611e+00
2.07437682e+00
2.08268571e+00
2.13590002e+00
2.10858727e+00
2.12511063e+00
2.11939931e+00
2.11209583e+00
2.09183931e+00
2.11027598e+00
2.09617257e+00
2.11743379e+00
2.09985113e+00
2.11332846e+00
2.11576962e+00
2.10602546e+00
2.15777874e+00
2.10694504e+00
2.13082504e+00
2.15214133e+00
2.12031388e+00
2.11693788e+00
2.14964652e+00
2.12081027e+00
2.11132622e+00
2.15287471e+00
2.14630866e+00
2.12896657e+00
2.10833645e+00
2.13745856e+00
2.14030600e+00
2.13807702e+00
2.14126921e+00
2.14666986e+00
2.12147045e+00
2.12176752e+00
2.12640381e+00
2.14780831e+00
2.12137866e+00
2.13492608e+00
2.14771819e+00
2.12302470e+00
2.17235160e+00
2.17290735e+00
2.18145585e+00
2.15964913e+00
2.13071394e+00
2.15675950e+00
2.13962960e+00
2.15160203e+00
2.15912366e+00
2.16661549e+00
2.19319057e+00
2.15424895e+00
2.15793920e+00
2.13537765e+00
2.15599537e+00
2.14911675e+00
2.14054489e+00
2.17128539e+00
2.15906692e+00
2.15741634e+00
2.15625596e+00
2.14317536e+00
2.16601944e+00
2.15396762e+00
2.16051769e+00
2.15647817e+00
2.14734197e+00
2.18059921e+00
2.17408752e+00
2.16186357e+00
2.16661382e+00
2.17645621e+00
2.16041493e+00
2.15408325e+00
2.16882229e+00
2.16491532e+00
2.15532684e+00
2.14849830e+00
2.14132619e+00
2.11844325e+00
2.14539146e+00
2.15567255e+00
2.15735149e+00
2.14402533e+00
2.15693760e+00
2.15080023e+00
2.12524700e+00
2.12758756e+00
2.12981224e+00
2.15861416e+00
2.15790653e+00
2.11555457e+00
2.11502910e+00
2.11969852e+00
2.12119603e+00
2.10332704e+00
2.12504053e+00
2.14550853e+00
2.16886163e+00
2.13777924e+00
2.12265944e+00
2.11723232e+00
2.12606454e+00
2.13697910e+00
2.12372613e+00
2.14869094e+00
2.14813709e+00
2.14572620e+00
2.16865325e+00
2.16503954e+00
2.14364195e+00
2.13658690e+00
2.15151787e+00
2.12376881e+00
2.13234949e+00
2.11431336e+00
2.10729575e+00
2.13757205e+00
2.12760615e+00
2.11457467e+00
2.11913443e+00
2.13318515e+00
2.13927126e+00
2.14331651e+00
2.09845114e+00
2.12085819e+00
2.12840891e+00
2.08284569e+00
2.14522290e+00
2.14316082e+00
2.11199069e+00
2.13423967e+00
2.15265012e+00
2.14784074e+00
2.08738875e+00
2.12891555e+00
2.12792420e+00
2.10465908e+00
2.11734796e+00
2.11178708e+00
2.08711410e+00
2.07849264e+00
2.13634133e+00
2.11985326e+00
2.06133676e+00
2.07932973e+00
2.10976958e+00
2.10112858e+00
2.08318996e+00
2.08877945e+00
2.08686519e+00
2.09088159e+00
2.07492518e+00
2.06363392e+00
2.07841897e+00
2.07554460e+00
2.08234596e+00
2.06098223e+00
2.06527734e+00
2.07431340e+00
2.06655049e+00
2.06872654e+00
2.07377100e+00
2.10315704e+00
2.05820942e+00
2.07001376e+00
2.05610371e+00
2.06349206e+00
2.08613110e+00
2.04968810e+00
2.05550480e+00
2.08132124e+00
2.07374740e+00
2.06394076e+00
2.06699872e+00
2.03814411e+00
2.04821396e+00
2.07203531e+00
2.04011035e+00
2.04157662e+00
2.05135322e+00
2.05040503e+00
2.07379889e+00
2.04602718e+00
2.03487420e+00
2.06480765e+00
2.03422236e+00
2.02518296e+00
2.04070616e+00
2.04818416e+00
2.04402852e+00
2.04567885e+00
2.04688287e+00
2.02761650e+00
2.02412605e+00
2.02415419e+00
2.05584455e+00
2.04218817e+00
2.03597331e+00
2.02509618e+00
2.03093004e+00
2.01932168e+00
2.01727414e+00
2.02264118e+00
2.02254701e+00
2.04028249e+00
2.01280975e+00
2.02224994e+00
2.02524090e+00
2.00798893e+00
2.01551700e+00
2.02595377e+00
2.00187445e+00
2.01630688e+00
2.01674414e+00
2.04804254e+00
2.02067327e+00
2.00251150e+00
2.00191474e+00
2.00119591e+00
1.99976695e+00
2.03375483e+00
2.00611925e+00
1.99055529e+00
2.03792357e+00
1.98221362e+00
2.01017594e+00
1.99896538e+00
1.97461879e+00
2.01378250e+00
2.01580977e+00
2.01374125e+00
1.99024498e+00
2.01507068e+00
2.03068447e+00
1.98972595e+00
1.98459291e+00
1.96626043e+00
1.97898901e+00
1.99001312e+00
2.01143169e+00
1.99388313e+00
1.98226547e+00
1.97287285e+00
1.99692380e+00
2.01942420e+00
1.99922550e+00
1.96243143e+00
1.98091578e+00
1.97763836e+00
1.97204089e+00
1.97259331e+00
1.96854556e+00
1.97611737e+00
1.95140493e+00
1.94941294e+00
1.96814036e+00
1.96245503e+00
1.97183609e+00
1.95133829e+00
1.95224655e+00
1.95835102e+00
1.94724691e+00
1.93959618e+00
1.93304074e+00
1.93760836e+00
1.94696879e+00
1.95709300e+00
1.96876097e+00
1.97540510e+00
1.95120919e+00
1.93567288e+00
1.94401050e+00
1.97764468e+00
1.96415722e+00
1.94056654e+00
1.96589923e+00
1.91177452e+00
1.93383980e+00
1.96086764e+00
1.93135118e+00
1.91552174e+00
1.91919363e+00
1.92667532e+00
1.91226053e+00
1.92874861e+00
1.92262077e+00
1.93845975e+00
1.92981637e+00
1.92247307e+00
1.92766201e+00
1.91371012e+00
1.88591921e+00
1.90051079e+00
1.91341901e+00
1.89970744e+00
1.91310310e+00
1.87352896e+00
1.88442230e+00
1.88011026e+00
1.87438738e+00
1.87508821e+00
1.85691464e+00
1.87081766e+00
1.85232496e+00
1.86722565e+00
1.86176872e+00
1.85560310e+00
1.85885358e+00
1.85738611e+00
1.87298024e+00
1.85232317e+00
1.83923459e+00
1.85545659e+00
1.84821093e+00
1.84964144e+00
1.83917892e+00
1.82973397e+00
1.82521260e+00
1.84263337e+00
1.81830752e+00
1.83427775e+00
1.82242167e+00
1.79851341e+00
1.83224821e+00
1.84154975e+00
1.81387508e+00
1.79509747e+00
1.79980767e+00
1.79338729e+00
1.80551922e+00
1.80465651e+00
1.78788722e+00
1.79555023e+00
1.78984749e+00
1.78808177e+00
1.77317619e+00
1.77852476e+00
1.78633869e+00
1.75975943e+00
1.76396644e+00
1.76777112e+00
1.74370813e+00
1.74421930e+00
1.75240660e+00
1.75580335e+00
1.73356783e+00
1.73280728e+00
1.73645699e+00
1.73017621e+00
1.71553922e+00
1.71242249e+00
1.72555387e+00
1.69582224e+00
1.68985093e+00
1.68595326e+00
1.71219170e+00
1.69217753e+00
1.66999447e+00
1.64884150e+00
1.65938640e+00
1.68027413e+00
1.63329268e+00
1.62880015e+00
1.62094653e+00
1.65236974e+00
1.63312924e+00
1.62821090e+00
1.62237477e+00
1.60140109e+00
1.56819916e+00
1.57037497e+00
1.59293282e+00
1.56337237e+00
1.57530355e+00
1.56373930e+00
1.54333603e+00
1.53121233e+00
1.53875971e+00
1.53562784e+00
1.50881338e+00
1.50054562e+00
1.48432815e+00
1.47329640e+00
1.46288311e+00
1.46200299e+00
1.42369163e+00
1.41543555e+00
1.42686379e+00
1.40934896e+00
1.39317048e+00
1.37784851e+00
1.35936904e+00
1.34503639e+00
1.31979358e+00
1.31893170e+00
1.31915784e+00
1.27966595e+00
1.24388838e+00
1.24737954e+00
1.23421729e+00
1.21545029e+00
1.20336020e+00
1.17362511e+00
1.14011514e+00
1.12113357e+00
1.10236156e+00
1.07313001e+00
1.04551983e+00
1.02391660e+00
9.72446024e-01
9.27034199e-01
8.96081984e-01
8.49562466e-01
7.81784236e-01
7.29744971e-01
6.82394743e-01
6.98327959e-01
7.58376360e-01
8.13429058e-01
8.65350544e-01
9.28935468e-01
9.65077996e-01
9.82384086e-01
1.01234031e+00
1.04361868e+00
1.06919563e+00
1.09210730e+00
1.12171721e+00
1.15201628e+00
1.17184210e+00
1.17285049e+00
1.20517707e+00
1.21505690e+00
1.23405814e+00
1.25879025e+00
1.26894975e+00
1.28700531e+00
1.30026913e+00
1.31726205e+00
1.34451663e+00
1.37063062e+00
1.36691415e+00
1.36751223e+00
1.38260639e+00
1.40887845e+00
1.39884710e+00
1.39470005e+00
1.41259944e+00
1.42937219e+00
1.42317426e+00
1.44165802e+00
1.46146810e+00
1.47323596e+00
1.49469995e+00
1.51031756e+00
1.47337389e+00
1.48070943e+00
1.52435768e+00
1.51168168e+00
1.49625409e+00
1.51175570e+00
1.53879881e+00
1.50366700e+00
1.54200053e+00
1.55433393e+00
1.53780353e+00
1.56195080e+00
1.56502378e+00
1.56668162e+00
1.57560086e+00
1.58624041e+00
1.57710648e+00
1.58887744e+00
1.59917259e+00
1.59228361e+00
1.60059690e+00
1.59375381e+00
1.59729719e+00
1.62019622e+00
1.62017071e+00
1.60135853e+00
1.62375569e+00
1.63956821e+00
1.62831736e+00
1.62504578e+00
1.62259674e+00
1.62247574e+00
1.63505733e+00
1.62623453e+00
1.63515651e+00
1.65298927e+00
1.62433195e+00
1.62288475e+00
1.63663530e+00
1.65791059e+00
1.64287686e+00
1.62711287e+00
1.63570023e+00
1.63953781e+00
1.63986051e+00
1.63754916e+00
1.62312365e+00
1.64408004e+00
1.65743864e+00
1.64580071e+00
1.65390980e+00
1.67191589e+00
1.68229663e+00
1.65890932e+00
1.67306292e+00
1.66880643e+00
1.66210830e+00
1.66727269e+00
1.68149912e+00
1.68182325e+00
1.68562770e+00
1.65893590e+00
1.65870750e+00
1.68178332e+00
1.66411483e+00
1.64375985e+00
1.66913223e+00
1.65506256e+00
1.66346288e+00
1.68116462e+00
1.67612123e+00
1.68277407e+00
1.68841743e+00
1.66756070e+00
1.66381156e+00
1.65619349e+00
1.67923856e+00
1.69589889e+00
1.68985856e+00
1.67196321e+00
1.67393351e+00
1.65710652e+00
1.65851510e+00
1.65936327e+00
1.66135144e+00
1.67293310e+00
1.68384469e+00
1.67557025e+00
1.64234424e+00
1.64933312e+00
1.68434060e+00
1.68087757e+00
1.65552533e+00
1.66969478e+00
1.68149042e+00
1.68013453e+00
1.67505252e+00
1.68352687e+00
1.66213655e+00
1.67576683e+00
1.68360448e+00
1.66510010e+00
1.67674649e+00
1.64399612e+00
1.65378726e+00
1.65593004e+00
1.65461016e+00
1.67883182e+00
1.67660558e+00
1.67160487e+00
1.68182230e+00
1.66397750e+00
1.66258001e+00
1.68550229e+00
1.68458295e+00
1.65741014e+00
1.66779017e+00
1.65070343e+00
1.63688862e+00
1.68201828e+00
1.66655076e+00
1.65899205e+00
1.67935860e+00
1.66984451e+00
1.66206813e+00
1.66703105e+00
1.63358307e+00
1.65680230e+00
1.67402315e+00
1.64450753e+00
1.66123247e+00
1.67483747e+00
1.64795482e+00
1.66061032e+00
1.67868924e+00
1.66552842e+00
1.64636374e+00
1.64793384e+00
1.68184078e+00
1.65471756e+00
1.63845217e+00
1.64532745e+00
1.65365791e+00
1.65456772e+00
1.66140819e+00
1.66999102e+00
1.62732017e+00
1.63407505e+00
1.66541255e+00
1.64604115e+00
1.64761209e+00
1.65740955e+00
1.65373039e+00
1.67505229e+00
1.65970719e+00
1.63144863e+00
1.65501261e+00
1.61780202e+00
1.63901222e+00
1.62250090e+00
1.64979780e+00
1.66026735e+00
1.63710105e+00
1.63583601e+00
1.62635052e+00
1.61693001e+00
1.62572145e+00
1.65883946e+00
1.65506446e+00
1.64324987e+00
1.63079250e+00
1.61224699e+00
1.60951722e+00
1.64292598e+00
1.65984297e+00
1.61396062e+00
1.62444341e+00
1.63717878e+00
1.62410545e+00
1.62549102e+00
1.62782180e+00
1.62026739e+00
1.63343430e+00
1.61330974e+00
1.62376904e+00
1.61612809e+00
1.59994853e+00
1.62979388e+00
1.62927020e+00
1.61370730e+00
1.62577939e+00
1.63525379e+00
1.64078283e+00
1.62314153e+00
1.61987031e+00
1.61732471e+00
1.62306738e+00
1.63436699e+00
1.62406158e+00
1.61220121e+00
1.61409795e+00
1.60994840e+00
1.61549616e+00
1.61526299e+00
1.61424971e+00
1.61804497e+00
1.61532819e+00
1.60315704e+00
1.61189270e+00
1.60564959e+00
1.60793734e+00
1.59970164e+00
1.63242221e+00
1.61102343e+00
1.59265947e+00
1.59595573e+00
1.58877718e+00
1.60836458e+00
1.60374844e+00
1.59586060e+00
1.60610378e+00
1.59857035e+00
1.58042061e+00
1.58431590e+00
1.58371699e+00
1.59300184e+00
1.58243287e+00
1.58858573e+00
1.57684088e+00
1.55265033e+00
1.58885109e+00
1.58255732e+00
1.58803022e+00
1.58211970e+00
1.56500554e+00
1.56648648e+00
1.56397891e+00
1.55765581e+00
1.56948102e+00
1.57491696e+00
1.56864119e+00
1.56067240e+00
1.55576062e+00
1.57731664e+00
1.56361544e+00
1.56317329e+00
1.58128774e+00
1.57587695e+00
1.58335114e+00
1.55749714e+00
1.56987345e+00
1.54017413e+00
1.55047786e+00
1.57218969e+00
1.55227053e+00
1.57605791e+00
1.57513726e+00
1.55903089e+00
1.54561985e+00
1.54721797e+00
1.55573702e+00
1.56894481e+00
1.57141125e+00
1.56245124e+00
1.55963290e+00
1.53855824e+00
1.56217563e+00
1.54789209e+00
1.53767824e+00
1.56096411e+00
1.55114663e+00
1.53858769e+00
1.57513630e+00
1.57865107e+00
1.55930316e+00
1.53926325e+00
1.54104960e+00
1.54154313e+00
1.54008591e+00
1.57232046e+00
1.54638743e+00
1.52376831e+00
1.55262196e+00
1.54577684e+00
1.53526890e+00
1.53500712e+00
1.53439593e+00
1.54705501e+00
1.54742765e+00
1.52038419e+00
1.52166831e+00
1.51370168e+00
1.53174126e+00
1.55501831e+00
1.53303874e+00
1.51152802e+00
1.51779985e+00
1.53169250e+00
1.53032255e+00
1.51741207e+00
1.52049494e+00
1.52664387e+00
1.51176107e+00
1.51055956e+00
1.52809668e+00
1.51776206e+00
1.51285517e+00
1.52297628e+00
1.51623809e+00
1.50791848e+00
1.50079691e+00
1.50172532e+00
1.52746844e+00
1.53810358e+00
1.53698349e+00
1.52100873e+00
1.51658809e+00
1.50212324e+00
1.49807465e+00
1.50287104e+00
1.51961219e+00
1.49654663e+00
1.49721479e+00
1.50593078e+00
1.49853206e+00
1.50188720e+00
1.51032138e+00
1.47981751e+00
1.48534477e+00
1.48914945e+00
1.50077808e+00
1.51604998e+00
1.49615550e+00
1.49651539e+00
1.49216425e+00
1.49690938e+00
1.50821888e+00
1.49512470e+00
1.49576390e+00
1.49620867e+00
1.48267663e+00
1.46876979e+00
1.50657511e+00
1.51225710e+00
1.48475409e+00
1.49182844e+00
1.46945345e+00
1.48633468e+00
1.49131954e+00
1.48280704e+00
1.46852887e+00
1.47764277e+00
1.47693944e+00
1.47254181e+00
1.46544063e+00
1.48223317e+00
1.47313237e+00
1.47000396e+00
1.46923971e+00
1.45779598e+00
1.46258283e+00
1.46817827e+00
1.46507025e+00
1.46570444e+00
1.44481134e+00
1.45988345e+00
1.46169281e+00
1.46840096e+00
1.45875621e+00
1.47068822e+00
1.45420730e+00
1.42882681e+00
1.47400177e+00
1.45635688e+00
1.47822297e+00
1.47592545e+00
1.46092236e+00
1.46623766e+00
1.47723198e+00
1.45995760e+00
1.45965767e+00
1.47176743e+00
1.46023524e+00
1.45154738e+00
1.45610607e+00
1.44980550e+00
1.47022247e+00
1.45757532e+00
1.46341980e+00
1.47465312e+00
1.46822751e+00
1.45291960e+00
1.45440054e+00
1.44851220e+00
1.44497061e+00
1.45169568e+00
1.44364023e+00
1.44244659e+00
1.45182085e+00
1.44189739e+00
1.44919205e+00
1.44707298e+00
1.44311702e+00
1.44312036e+00
1.43801820e+00
1.44746172e+00
1.45522296e+00
1.44348109e+00
1.42264163e+00
1.44285822e+00
1.44445312e+00
1.43282592e+00
1.40748608e+00
1.42081177e+00
1.43301785e+00
1.42213583e+00
1.42234218e+00
1.41785443e+00
1.40925741e+00
1.42510176e+00
1.42978096e+00
1.41942310e+00
1.41064060e+00
1.43497586e+00
1.42357254e+00
1.39685965e+00
1.41085041e+00
1.40148139e+00
1.41650212e+00
1.39992344e+00
1.40293002e+00
1.43763113e+00
1.42662024e+00
1.42618322e+00
1.41942072e+00
1.41121149e+00
1.40272999e+00
1.40771878e+00
1.41170359e+00
1.41440713e+00
1.43045092e+00
1.40669084e+00
1.39720500e+00
1.41670179e+00
1.41150105e+00
1.41635728e+00
1.41175175e+00
1.40369654e+00
1.40372002e+00
1.39729035e+00
1.39557540e+00
1.41748035e+00
1.40118647e+00
1.40821159e+00
1.39607716e+00
1.39731324e+00
1.41690552e+00
1.39092922e+00
1.39450479e+00
1.39524508e+00
1.38401258e+00
1.38740003e+00
1.39607275e+00
1.38711131e+00
1.38264227e+00
1.38764024e+00
1.39205897e+00
1.38705420e+00
1.39404917e+00
1.37910795e+00
1.37332678e+00
1.37461221e+00
1.39525270e+00
1.37288284e+00
1.37182570e+00
1.38311350e+00
1.39536750e+00
1.39120471e+00
1.37347233e+00
1.38312209e+00
1.39369810e+00
1.36744535e+00
1.38722813e+00
1.37586999e+00
1.37404490e+00
1.37321365e+00
1.37709594e+00
1.36731112e+00
1.38190699e+00
1.34272528e+00
1.36137450e+00
1.38429666e+00
1.36064935e+00
1.37052834e+00
1.38078988e+00
1.36655533e+00
1.35655129e+00
1.36817265e+00
1.36117351e+00
1.36377680e+00
1.35054803e+00
1.35367882e+00
1.35282946e+00
1.34736836e+00
1.36118364e+00
1.36037576e+00
1.35515594e+00
1.35146737e+00
1.34826481e+00
1.35044813e+00
1.34739506e+00
1.35398221e+00
1.34238172e+00
1.34043777e+00
1.34422493e+00
1.35093415e+00
1.36572266e+00
1.36876178e+00
1.35425544e+00
1.33537972e+00
1.34132373e+00
1.34077275e+00
1.34210432e+00
1.33962774e+00
1.35777366e+00
1.35678446e+00
1.34139538e+00
1.34437549e+00
1.35036540e+00
1.34463656e+00
1.33705878e+00
1.33585346e+00
1.32060349e+00
1.33434761e+00
1.32670283e+00
1.33599818e+00
1.33805966e+00
1.32446754e+00
1.32537878e+00
1.32622373e+00
1.33721530e+00
1.33392990e+00
1.32954347e+00
1.32636857e+00
1.33341527e+00
1.32768595e+00
1.32896030e+00
1.32753432e+00
1.32146060e+00
1.31705964e+00
1.32326138e+00
1.31531417e+00
1.32091725e+00
1.33266783e+00
1.30651712e+00
1.20726085e+00
1.27449608e+00
1.38371003e+00
1.35963976e+00
1.28332436e+00
1.30708873e+00
1.31390369e+00
1.31212950e+00
1.32435608e+00
1.31857133e+00
1.30167568e+00
1.29860604e+00
1.30413425e+00
1.31535566e+00
1.32568753e+00
1.31687462e+00
1.30437040e+00
1.30259776e+00
1.30688953e+00
1.31599045e+00
1.30664468e+00
1.30758226e+00
1.31399465e+00
1.28972769e+00
1.30668080e+00
1.31168699e+00
1.28772020e+00
1.29764795e+00
1.30205774e+00
1.30961919e+00
1.32476866e+00
1.28822744e+00
1.26506901e+00
1.29028714e+00
1.30625772e+00
1.30291700e+00
1.29477525e+00
1.28880739e+00
1.29909492e+00
1.30200565e+00
1.26993418e+00
1.28988636e+00
1.29487538e+00
1.28109336e+00
1.27939975e+00
1.28488791e+00
1.30003643e+00
1.28608429e+00
1.26657093e+00
1.27138054e+00
1.28355765e+00
1.29180789e+00
1.27684391e+00
1.27229416e+00
1.25177062e+00
1.27550006e+00
1.28351033e+00
1.27474010e+00
1.27092540e+00
1.25532162e+00
1.25788343e+00
1.27227461e+00
1.25932109e+00
1.26638043e+00
1.26942277e+00
1.27487814e+00
1.24954212e+00
1.24844348e+00
1.25275886e+00
1.24097145e+00
1.26556027e+00
1.27693725e+00
1.25924420e+00
1.26995933e+00
1.28100717e+00
1.26403034e+00
1.25899017e+00
1.26401770e+00
1.27160561e+00
1.26582479e+00
1.25970733e+00
1.25699699e+00
1.27865791e+00
1.27362549e+00
1.25532794e+00
1.24465227e+00
1.25395286e+00
1.25001252e+00
1.23094618e+00
1.22432256e+00
1.23162353e+00
1.23866844e+00
1.23817277e+00
1.24852610e+00
1.24014580e+00
1.24242854e+00
1.25952685e+00
1.24992645e+00
1.24049854e+00
1.24812102e+00
1.25346613e+00
1.24347770e+00
1.24714613e+00
1.24577379e+00
1.23964989e+00
1.22637057e+00
1.22509563e+00
1.23570013e+00
1.22936583e+00
1.23782587e+00
1.24369979e+00
1.22294629e+00
1.24228013e+00
1.21639001e+00
1.23021460e+00
1.23357522e+00
1.23851228e+00
1.24879444e+00
1.22711301e+00
1.22378755e+00
1.23379207e+00
1.21866715e+00
1.21619713e+00
1.22023118e+00
1.21782506e+00
1.21675384e+00
1.22973609e+00
1.21646309e+00
1.19628060e+00
1.21351671e+00
1.20577431e+00
1.20307124e+00
1.21692133e+00
1.19918430e+00
1.20412230e+00
1.20451176e+00
1.19189179e+00
1.21167850e+00
1.22082603e+00
1.22544754e+00
1.21927309e+00
1.20302951e+00
1.21753073e+00
1.19739962e+00
1.19831419e+00
1.21138704e+00
1.21450675e+00
1.19617927e+00
1.19330323e+00
1.21102536e+00
1.20603335e+00
1.20045340e+00
1.20144415e+00
1.20508444e+00
1.19343615e+00
1.20286787e+00
1.19643211e+00
1.19765484e+00
1.21659982e+00
1.21032596e+00
1.20204806e+00
1.19602120e+00
1.19473779e+00
1.20178676e+00
1.20258856e+00
1.20539463e+00
1.21373832e+00
1.17298234e+00
1.18510664e+00
1.19380713e+00
1.18541420e+00
1.19195139e+00
1.18920732e+00
1.18526351e+00
1.18897164e+00
1.19896662e+00
1.17784166e+00
1.17825544e+00
1.18181300e+00
1.17562532e+00
1.18394804e+00
1.18666053e+00
1.16142178e+00
1.16624153e+00
1.16689599e+00
1.17209041e+00
1.19052827e+00
1.17305446e+00
1.17526436e+00
1.17116296e+00
1.17340231e+00
1.16309595e+00
1.17217600e+00
1.16741610e+00
1.15554595e+00
1.15307248e+00
1.16982758e+00
1.17201877e+00
1.17552578e+00
1.16836274e+00
1.16352201e+00
1.15770578e+00
1.14844716e+00
1.14506233e+00
1.15646744e+00
1.18409801e+00
1.17478275e+00
1.13803506e+00
1.14809787e+00
1.16715837e+00
1.16320980e+00
1.16060460e+00
1.15997660e+00
1.14792240e+00
1.18328655e+00
1.16177857e+00
1.14958715e+00
1.15131319e+00
1.17363846e+00
1.16210186e+00
1.14736855e+00
1.15921772e+00
1.13891518e+00
1.13523626e+00
1.14402497e+00
1.12302482e+00
1.13610411e+00
1.15684080e+00
1.13970089e+00
1.15350044e+00
1.14569831e+00
1.14391828e+00
1.16143572e+00
1.14740276e+00
1.15000141e+00
1.15903652e+00
1.16021490e+00
1.13119805e+00
1.09197664e+00
1.12957656e+00
1.13286316e+00
1.13550687e+00
1.11289680e+00
1.09501696e+00
1.12139380e+00
1.14051640e+00
1.12953722e+00
1.12661779e+00
1.13468027e+00
1.11924541e+00
1.12775326e+00
1.13891387e+00
1.12823927e+00
1.11311805e+00
1.11052322e+00
1.11881351e+00
1.12736905e+00
1.13907373e+00
1.13415694e+00
1.12588191e+00
1.11678946e+00
1.10972571e+00
1.12047589e+00
1.11282265e+00
1.11273015e+00
1.12879646e+00
1.13405681e+00
1.12493849e+00
1.09851789e+00
1.11484671e+00
1.11464310e+00
1.11346138e+00
1.11504030e+00
1.11859131e+00
1.11701095e+00
1.11857903e+00
1.10621881e+00
1.11693490e+00
1.12437642e+00
1.10572362e+00
1.11314380e+00
1.09751105e+00
1.08764124e+00
1.09123254e+00
1.10848379e+00
1.10758793e+00
1.10368812e+00
1.10316133e+00
1.10153818e+00
1.10745347e+00
1.09414756e+00
1.09259653e+00
1.11029279e+00
1.10195982e+00
1.09763885e+00
1.09942997e+00
1.10842085e+00
1.11396778e+00
1.10571659e+00
1.09153485e+00
1.09542191e+00
1.10698080e+00
1.09724641e+00
1.08861017e+00
1.08771384e+00
1.09419644e+00
1.10051203e+00
1.09533966e+00
1.07943428e+00
1.09656584e+00
1.09903824e+00
1.07430673e+00
1.07804835e+00
1.08202839e+00
1.09496129e+00
1.09909415e+00
1.06924438e+00
1.08215821e+00
1.08634543e+00
1.07477951e+00
1.08493185e+00
1.08130240e+00
1.09754324e+00
1.09858620e+00
1.07756662e+00
1.09043062e+00
1.08470964e+00
1.08284998e+00
1.06648576e+00
1.07086265e+00
1.07261717e+00
1.06158376e+00
1.09289396e+00
1.11156273e+00
1.06640160e+00
1.07701004e+00
1.07495511e+00
1.06350267e+00
1.06404328e+00
1.07353115e+00
1.07667077e+00
1.07292974e+00
1.05528021e+00
1.06997550e+00
1.08242762e+00
1.06934178e+00
1.06775367e+00
1.08288133e+00
1.06848621e+00
1.04956329e+00
1.05103481e+00
1.05513835e+00
1.04719865e+00
1.07589006e+00
1.06383049e+00
1.06802607e+00
1.06724441e+00
1.04679000e+00
1.06050479e+00
1.05522013e+00
1.04952705e+00
1.03749537e+00
1.04834080e+00
1.05681336e+00
1.05062795e+00
1.04583395e+00
1.05380869e+00
1.06174290e+00
1.06863081e+00
1.06989527e+00
1.05352402e+00
1.06587172e+00
1.04265487e+00
1.03059781e+00
1.04502177e+00
1.06976211e+00
1.05561566e+00
1.04697311e+00
1.04477227e+00
1.03171051e+00
1.03336835e+00
1.05799234e+00
1.04696381e+00
1.04903197e+00
1.05338109e+00
1.03218770e+00
1.02212083e+00
1.04304457e+00
1.04126334e+00
1.03842878e+00
1.04148149e+00
1.03543305e+00
1.04393613e+00
1.03980470e+00
1.02128804e+00
1.01822269e+00
1.03892875e+00
1.04020011e+00
1.02796662e+00
1.01622665e+00
1.02539492e+00
1.02306390e+00
1.02827156e+00
1.03751969e+00
1.02624655e+00
1.01154888e+00
1.02225196e+00
1.01167893e+00
1.01608133e+00
1.03255236e+00
1.02157414e+00
1.00951183e+00
1.02033055e+00
1.01535654e+00
1.01151669e+00
1.01816666e+00
1.03228736e+00
1.01824284e+00
1.02482164e+00
1.02325666e+00
1.01950538e+00
1.02788723e+00
1.02213538e+00
1.02493107e+00
1.02616680e+00
1.00235188e+00
1.01750171e+00
1.02220011e+00
1.00264633e+00
1.00201094e+00
9.98940110e-01
1.00126755e+00
1.00000000e+00
1.00053704e+00
9.90486681e-01
9.94077086e-01
1.00047255e+00
9.94783044e-01
9.94157434e-01
1.01621139e+00
1.01209724e+00
1.00792587e+00
1.00256360e+00
1.00920188e+00
1.00836647e+00
1.00408649e+00
9.98012900e-01
1.00240397e+00
1.00939071e+00
1.00299489e+00
9.76464331e-01
9.79826748e-01
1.00856721e+00
9.95818555e-01
9.83234823e-01
9.98360872e-01
9.96954203e-01
9.89210188e-01
9.84695673e-01
9.90456939e-01
9.87509012e-01
9.96638298e-01
9.91940916e-01
1.00328362e+00
9.90220964e-01
9.77101505e-01
1.00461328e+00
9.75141585e-01
9.72560942e-01
9.94655430e-01
9.81001079e-01
9.87913072e-01
9.90655124e-01
9.68202651e-01
9.92830873e-01
9.87629950e-01
9.66067374e-01
9.71903622e-01
9.78753865e-01
9.78286743e-01
9.56809819e-01
9.65514719e-01
9.77068841e-01
9.62412834e-01
9.64585364e-01
9.90086913e-01
9.64889526e-01
9.58075941e-01
9.92798865e-01
9.65341985e-01
9.81468618e-01
9.69579697e-01
9.49719012e-01
9.68983829e-01
9.77413356e-01
9.40992177e-01
9.72434998e-01
9.60084379e-01
9.62143004e-01
9.82224524e-01
9.72568154e-01
9.63279128e-01
9.62589264e-01
9.53720808e-01
9.58390653e-01
9.59823012e-01
9.58159506e-01
9.48967397e-01
9.60379064e-01
9.46172714e-01
9.52962101e-01
9.49180067e-01
9.52319682e-01
9.55407560e-01
9.34623778e-01
9.41287279e-01
9.43489790e-01
9.57234621e-01
9.58866179e-01
9.42686439e-01
9.72719789e-01
9.61769700e-01
9.46361780e-01
9.70122695e-01
9.66997147e-01
9.63310838e-01
9.43096101e-01
9.25732613e-01
9.24336851e-01
9.35694635e-01
9.61597681e-01
9.58806574e-01
9.12015378e-01
8.87844861e-01
9.19594407e-01
9.66045022e-01
9.59918737e-01
9.32682216e-01
9.26960349e-01
9.30425406e-01
9.40222204e-01
9.40902472e-01
9.34431493e-01
9.26402032e-01
9.36699152e-01
9.35851693e-01
9.31307733e-01
9.38174069e-01
9.35567498e-01
9.30301666e-01
9.26413536e-01
9.19890642e-01
9.11526144e-01
9.30312693e-01
9.35775340e-01
9.11671400e-01
9.25563097e-01
9.22031641e-01
9.14801598e-01
9.18235779e-01
9.02820230e-01
9.16435838e-01
9.31801617e-01
9.38627005e-01
9.18521881e-01
9.12471175e-01
9.16291833e-01
9.10704613e-01
9.18524027e-01
9.12667811e-01
9.20240402e-01
9.18623924e-01
8.95410895e-01
9.12991285e-01
9.20400679e-01
9.06629622e-01
8.95189285e-01
8.95643055e-01
9.06830966e-01
9.20122206e-01
9.17114973e-01
9.03794050e-01
9.01852787e-01
9.16515708e-01
9.15353715e-01
9.17919397e-01
8.89777422e-01
8.93824041e-01
9.10430372e-01
8.99590075e-01
8.95973802e-01
8.91024947e-01
8.89884055e-01
8.91305745e-01
8.92574310e-01
8.86069536e-01
8.91707242e-01
8.92751098e-01
8.93134058e-01
8.97583425e-01
8.97927701e-01
8.94170761e-01
8.89875770e-01
8.86747360e-01
8.90009880e-01
8.87756944e-01
8.84982288e-01
8.79216254e-01
8.69073451e-01
8.83791864e-01
8.67225230e-01
8.71525943e-01
8.79401207e-01
8.61249566e-01
8.62849414e-01
8.70485842e-01
8.69696259e-01
8.67276251e-01
8.64675343e-01
8.77303064e-01
8.57801795e-01
8.56591403e-01
8.66866052e-01
8.50356340e-01
8.60437751e-01
8.68030906e-01
8.51893067e-01
8.51581335e-01
8.49863768e-01
8.59815836e-01
8.50704014e-01
8.35614026e-01
8.45079064e-01
8.60868454e-01
8.47709060e-01
8.62010598e-01
8.64392340e-01
8.46187532e-01
8.28777075e-01
8.41622293e-01
8.55358303e-01
8.38426054e-01
8.35358679e-01
8.46348763e-01
8.26600492e-01
8.24684381e-01
8.27719927e-01
8.24288964e-01
8.29788983e-01
8.23584557e-01
8.21414709e-01
8.19993794e-01
8.02231252e-01
8.11157405e-01
8.07913840e-01
8.04332495e-01
8.12748671e-01
8.00935388e-01
7.97142446e-01
8.03440034e-01
7.93170929e-01
7.84474134e-01
7.97620833e-01
7.91936934e-01
7.68804014e-01
7.77258694e-01
7.78603554e-01
7.79721022e-01
7.77156651e-01
7.72803545e-01
7.65819192e-01
7.66258955e-01
7.60964930e-01
7.57883966e-01
7.59487569e-01
7.58148372e-01
7.36538827e-01
7.43169546e-01
7.35605001e-01
7.28267610e-01
7.22431421e-01
7.14931130e-01
7.24741757e-01
7.12397158e-01
7.09068716e-01
7.02889681e-01
7.06154823e-01
6.89657509e-01
6.90290272e-01
6.85985506e-01
6.75389290e-01
6.63936555e-01
6.61679685e-01
6.51419878e-01
6.44892693e-01
6.44042969e-01
6.28151655e-01
6.15764380e-01
6.08557642e-01
5.98019660e-01
5.82375109e-01
5.72745442e-01
5.64666510e-01
5.47041655e-01
5.24417341e-01
5.14366508e-01
4.74220455e-01
4.35577005e-01
3.98870289e-01
3.91671479e-01
4.45388347e-01
4.78486985e-01
4.94937152e-01
5.29978573e-01
5.37856638e-01
5.44138670e-01
5.75101197e-01
5.79690576e-01
5.76848269e-01
5.89263797e-01
6.19387329e-01
6.15793228e-01
6.19157076e-01
6.38240933e-01
6.47976160e-01
6.51487112e-01
6.48703635e-01
6.60403013e-01
6.65305376e-01
6.74382031e-01
6.86968327e-01
6.82231367e-01
6.91757143e-01
6.95814669e-01
6.85294926e-01
6.89335525e-01
7.00888455e-01
7.04008102e-01
7.06319869e-01
7.07651794e-01
7.16602623e-01
7.25798547e-01
7.33505428e-01
7.19940484e-01
7.20629275e-01
7.18441248e-01
7.20651388e-01
7.32427418e-01
7.39707351e-01
7.35180914e-01
7.33820021e-01
7.40320623e-01
7.41280019e-01
7.38820612e-01
7.32269287e-01
7.48018265e-01
7.34348893e-01
7.43322313e-01
7.56438017e-01
7.52462447e-01
7.54912555e-01
7.55588472e-01
7.58823574e-01
7.56586611e-01
7.56100237e-01
7.65125692e-01
7.57921457e-01
7.58879066e-01
7.71506369e-01
7.77773321e-01
7.73328006e-01
7.73104846e-01
7.50778913e-01
7.62217164e-01
7.78778672e-01
7.65881538e-01
7.69230127e-01
7.64910638e-01
7.70510256e-01
7.63052583e-01
7.71118701e-01
7.73865640e-01
7.74596930e-01
7.75740087e-01
7.75118887e-01
7.71736681e-01
7.69227386e-01
7.80104399e-01
7.71108031e-01
7.56327391e-01
7.78166771e-01
7.75406122e-01
7.83226550e-01
7.85176516e-01
7.83176243e-01
7.61000276e-01
7.75734007e-01
7.71576524e-01
7.73485363e-01
7.82656312e-01
7.74346590e-01
7.67765939e-01
7.73030698e-01
7.69101560e-01
7.80247629e-01
7.73364484e-01
7.67871320e-01
7.85742700e-01
7.86022961e-01
7.87913561e-01
7.83829331e-01
7.72225142e-01
7.70781577e-01
7.84108937e-01
7.72666991e-01
7.67694116e-01
7.78270960e-01
7.78279126e-01
7.79421270e-01
7.79348969e-01
7.69439876e-01
7.80885637e-01
7.72858024e-01
7.64137506e-01
7.71398544e-01
7.69594371e-01
7.65532434e-01
7.76581943e-01
7.79287398e-01
7.81249106e-01
7.75000930e-01
7.64187753e-01
7.67089903e-01
7.85608530e-01
7.76857972e-01
7.66988754e-01
7.56163955e-01
7.73797750e-01
7.77347803e-01
7.73856580e-01
7.67261744e-01
7.58103132e-01
7.60999501e-01
7.58596599e-01
7.74076700e-01
7.62278140e-01
7.63707519e-01
7.63680995e-01
7.63971150e-01
7.65632808e-01
7.66425669e-01
7.60514200e-01
7.51599133e-01
7.59243071e-01
7.62390196e-01
7.59077013e-01
7.57024527e-01
7.68792331e-01
7.61775970e-01
7.56268263e-01
7.62316108e-01
7.44109213e-01
7.59770572e-01
7.63096869e-01
7.62383461e-01
7.64323950e-01
7.54198015e-01
7.64714837e-01
7.43965924e-01
7.50772715e-01
7.58873343e-01
7.52696395e-01
7.55981684e-01
7.60792673e-01
7.48314857e-01
7.41073251e-01
7.56952524e-01
7.59747088e-01
7.56818235e-01
7.56810606e-01
7.50426292e-01
7.49227464e-01
7.48160362e-01
7.45964646e-01
7.34320283e-01
7.40608156e-01
7.51812935e-01
7.54586399e-01
7.58804739e-01
7.48445153e-01
7.46463239e-01
7.48268545e-01
7.50924110e-01
7.49347329e-01
7.49983251e-01
7.39688694e-01
7.38958538e-01
7.46987522e-01
7.36556828e-01
7.44562149e-01
7.44599938e-01
7.48154044e-01
7.55408645e-01
7.34802067e-01
7.22125709e-01
7.06507981e-01
7.26518452e-01
7.43876696e-01
7.45481312e-01
7.46612191e-01
7.47458696e-01
7.40937293e-01
7.41893530e-01
7.48967767e-01
7.37410307e-01
7.31420338e-01
7.32002318e-01
7.35699713e-01
7.41945624e-01
7.33295679e-01
7.29284525e-01
7.24323332e-01
7.31538832e-01
7.49613583e-01
7.39621758e-01
7.36625731e-01
7.40851939e-01
7.35958040e-01
7.25796282e-01
7.34094024e-01
7.36214221e-01
7.33680487e-01
7.34305561e-01
7.25075901e-01
7.29951680e-01
7.35782802e-01
7.26138055e-01
7.14344144e-01
7.21060991e-01
7.27443874e-01
7.20535219e-01
7.19564617e-01
7.32192039e-01
7.40739763e-01
7.18847394e-01
7.25987613e-01
7.15200305e-01
7.18564510e-01
7.23363400e-01
7.24763632e-01
7.19269991e-01
7.22323358e-01
7.10698485e-01
7.26092875e-01
7.29068518e-01
7.16898561e-01
7.29291022e-01
7.33688116e-01
7.06556797e-01
7.09562302e-01
7.20731378e-01
7.16494381e-01
7.13589966e-01
7.11673319e-01
7.14520633e-01
7.07894683e-01
7.16730237e-01
7.19845831e-01
7.23729968e-01
7.25972950e-01
7.12246060e-01
7.07430303e-01
7.09530413e-01
7.11345673e-01
7.07251966e-01
7.17082083e-01
7.05478013e-01
7.08435357e-01
7.13327944e-01
7.01831758e-01
7.00418532e-01
7.10166693e-01
7.15892434e-01
7.11779296e-01
7.07292318e-01
7.11940825e-01
7.10767686e-01
7.08985627e-01
7.04735458e-01
7.05496371e-01
7.09675789e-01
7.04818666e-01
7.03841269e-01
7.08262026e-01
7.03955948e-01
7.02848494e-01
7.04541624e-01
6.91400468e-01
6.96604431e-01
7.05793858e-01
7.00169504e-01
7.00319231e-01
7.02048242e-01
7.00434029e-01
6.98998928e-01
6.83206022e-01
7.00338304e-01
7.01221883e-01
6.94568276e-01
6.88744783e-01
6.93352163e-01
6.98346376e-01
6.95887864e-01
7.03281164e-01
6.90831900e-01
6.83818877e-01
6.93047941e-01
6.91469729e-01
6.92630589e-01
6.94825888e-01
6.93160713e-01
6.93575859e-01
7.01212227e-01
6.89683497e-01
6.84820712e-01
6.86891913e-01
6.83546305e-01
6.86140954e-01
6.97615445e-01
6.90957665e-01
6.91880941e-01
6.90407634e-01
6.84829295e-01
6.89325392e-01
6.93700850e-01
6.86432004e-01
6.91799283e-01
6.80440962e-01
6.76462531e-01
6.80485487e-01
6.91035032e-01
6.89429045e-01
6.82206154e-01
6.83228970e-01
6.82730615e-01
6.82199478e-01
6.73585713e-01
6.80434465e-01
6.76272273e-01
6.78954244e-01
6.72486901e-01
6.79083586e-01
6.80415154e-01
6.72007501e-01
6.75645351e-01
6.83573842e-01
6.78869665e-01
6.75181210e-01
6.79848611e-01
6.74446166e-01
6.71027124e-01
6.70197725e-01
6.72358572e-01
6.72207773e-01
6.64369941e-01
6.70105636e-01
6.83002234e-01
6.59126222e-01
6.50247753e-01
6.65786564e-01
6.73987925e-01
6.69770002e-01
6.66375697e-01
6.75499201e-01
6.64049387e-01
6.60289228e-01
6.76694930e-01
6.68680727e-01
6.62648380e-01
6.64639235e-01
6.58016026e-01
6.56176686e-01
6.67320669e-01
6.68037474e-01
6.63721442e-01
6.68034613e-01
6.71065569e-01
6.62473381e-01
6.57636583e-01
6.51840150e-01
6.69692874e-01
6.66733503e-01
6.56605005e-01
6.60366654e-01
6.52384043e-01
6.60158455e-01
6.67409360e-01
6.57106459e-01
6.56091452e-01
6.58657610e-01
6.55528545e-01
6.61591649e-01
6.53438091e-01
6.56449437e-01
6.62021875e-01
6.55692518e-01
6.41031563e-01
6.57775700e-01
6.62903249e-01
6.40040874e-01
6.47104025e-01
6.57750964e-01
6.53108239e-01
6.54295862e-01
6.63884819e-01
6.48344696e-01
6.42982244e-01
6.45075202e-01
6.44440889e-01
6.45248652e-01
6.45887256e-01
6.44270837e-01
6.46116078e-01
6.44957721e-01
6.48955405e-01
6.47564530e-01
6.48873091e-01
6.46519482e-01
6.48336172e-01
6.52130544e-01
6.39526427e-01
6.31369531e-01
6.36624217e-01
6.43472910e-01
6.39302373e-01
6.24733567e-01
6.16517305e-01
6.22435331e-01
6.25851154e-01
6.28744721e-01
6.38180256e-01
6.36346221e-01
6.36179864e-01
6.36632383e-01
6.25392199e-01
6.30202055e-01
6.38011515e-01
6.29219472e-01
6.28548086e-01
6.33021176e-01
6.31504774e-01
6.40340745e-01
6.34905815e-01
6.25337362e-01
6.29905581e-01
6.26828074e-01
6.21732414e-01
6.35750473e-01
6.33015394e-01
6.25271320e-01
6.41686559e-01
6.29274368e-01
6.30655229e-01
6.31719768e-01
6.26705229e-01
6.28679156e-01
6.36374295e-01
6.23794556e-01
6.31318092e-01
6.34749472e-01
6.26449823e-01
6.19391620e-01
6.33649170e-01
6.20011866e-01
6.33866727e-01
6.25819623e-01
6.17973864e-01
6.26257241e-01
6.28200769e-01
6.23859465e-01
6.35048449e-01
5.96214473e-01
6.03214502e-01
6.23170733e-01
6.15593672e-01
6.16406620e-01
6.14368975e-01
6.16835892e-01
6.26006722e-01
6.17505252e-01
6.12873495e-01
6.21255875e-01
6.16266847e-01
6.24695837e-01
6.37906790e-01
6.20178521e-01
6.05638325e-01
6.11229479e-01
6.15851581e-01
6.17761016e-01
6.02128267e-01
6.02228105e-01
6.09198511e-01
6.12015665e-01
6.29427731e-01
6.13448083e-01
6.02437615e-01
6.22273862e-01
6.05288684e-01
6.12673938e-01
6.16258740e-01
6.07991636e-01
6.09396696e-01
6.02065563e-01
6.12265348e-01
6.10508859e-01
6.08053803e-01
5.98751366e-01
5.99609196e-01
6.15692556e-01
6.09668076e-01
6.09517276e-01
6.06975079e-01
6.14731550e-01
6.15011036e-01
6.10596240e-01
6.15738630e-01
6.03857458e-01
6.03220224e-01
5.93188226e-01
5.77314854e-01
5.84717572e-01
6.05250776e-01
5.92891693e-01
6.03821039e-01
5.97031176e-01
6.00450575e-01
6.05435669e-01
5.97660661e-01
5.95563293e-01
5.98654449e-01
5.99463522e-01
5.99758625e-01
6.00778222e-01
5.99624574e-01
6.08778298e-01
5.99150360e-01
5.91235697e-01
5.97928882e-01
6.01190507e-01
5.90256989e-01
5.86813390e-01
5.84748566e-01
5.88658988e-01
5.86397946e-01
5.87166607e-01
5.92813730e-01
5.95078588e-01
5.85574150e-01
5.91723561e-01
5.80019295e-01
5.80943048e-01
6.00942433e-01
5.96434832e-01
5.77477455e-01
5.79580367e-01
5.87695539e-01
5.89218020e-01
5.89055896e-01
5.87910533e-01
5.91079473e-01
5.83585560e-01
5.77103496e-01
5.85147679e-01
5.85630536e-01
5.74906290e-01
5.88451684e-01
5.82654774e-01
5.77998936e-01
5.77559829e-01
5.82079053e-01
5.77381074e-01
5.78817308e-01
5.87108910e-01
5.78312814e-01
5.83443105e-01
5.85303128e-01
5.84465027e-01
5.80682814e-01
5.77159047e-01
5.79258859e-01
5.74667811e-01
5.75726330e-01
5.79552710e-01
5.77796161e-01
5.76534033e-01
5.82294881e-01
5.80862880e-01
5.78757465e-01
5.63519478e-01
5.82270205e-01
5.78832865e-01
5.66715300e-01
5.67666113e-01
5.70693851e-01
5.70119619e-01
5.77565134e-01
5.76377094e-01
5.71928918e-01
5.73813379e-01
5.70850909e-01
5.70859015e-01
5.78366101e-01
5.73533654e-01
5.68119287e-01
5.57977617e-01
5.68183482e-01
5.72452962e-01
5.65558910e-01
5.56104183e-01
5.61845541e-01
5.73024809e-01
5.69218397e-01
5.66394389e-01
5.59390008e-01
5.63569665e-01
5.69600403e-01
5.64091504e-01
5.58436453e-01
5.62677622e-01
5.51722586e-01
5.54602087e-01
5.67039251e-01
5.64433634e-01
5.69920123e-01
5.66206753e-01
5.64225852e-01
5.63897908e-01
5.60376048e-01
5.58577418e-01
5.54508269e-01
5.65841913e-01
5.53567350e-01
5.52012026e-01
5.47532976e-01
5.44953287e-01
5.73857963e-01
5.77080786e-01
5.69253743e-01
5.55086911e-01
5.51816404e-01
5.51723957e-01
5.44135869e-01
5.57152271e-01
5.62568128e-01
5.60612321e-01
5.52794695e-01
5.44567943e-01
5.49045026e-01
5.36989093e-01
5.62220454e-01
5.67973197e-01
5.43603659e-01
5.38684666e-01
5.37272215e-01
5.55530608e-01
5.41752398e-01
5.63975573e-01
5.46290100e-01
5.42805612e-01
5.54186583e-01
5.47478735e-01
5.59420347e-01
5.38422108e-01
5.40150404e-01
5.55040538e-01
5.42049289e-01
5.30180037e-01
5.60451746e-01
5.44867516e-01
5.51419497e-01
5.61783731e-01
5.44115484e-01
5.42755485e-01
5.51591218e-01
5.48479915e-01
5.48002243e-01
5.46960890e-01
5.40235400e-01
5.50033629e-01
5.32602727e-01
5.32670557e-01
5.42979956e-01
5.40445387e-01
5.44341207e-01
5.45338571e-01
5.42711914e-01
5.39841294e-01
5.36669493e-01
5.40983438e-01
5.33998787e-01
5.49429476e-01
5.44747412e-01
5.43709815e-01
5.42061329e-01
5.36705256e-01
5.30480683e-01
5.32220542e-01
5.48628747e-01
5.30509472e-01
5.20007133e-01
5.38503766e-01
5.21443427e-01
5.26446402e-01
5.36541879e-01
5.29779613e-01
5.21208584e-01
5.08098722e-01
5.20037234e-01
5.29177547e-01
5.24550974e-01
5.36732435e-01
5.35881639e-01
5.24113119e-01
5.28845847e-01
5.25631428e-01
5.28667390e-01
5.23186505e-01
5.24210870e-01
5.38438678e-01
5.17747402e-01
4.93558586e-01
4.99414176e-01
5.30262232e-01
5.27556479e-01
5.20886540e-01
5.27403116e-01
5.17776906e-01
5.20372391e-01
5.25734305e-01
5.23460627e-01
5.23291647e-01
5.24147511e-01
5.24578035e-01
5.15540361e-01
5.19376338e-01
5.14192998e-01
5.13429523e-01
5.16311347e-01
5.14035285e-01
5.36364257e-01
5.25457740e-01
5.12067914e-01
5.15295744e-01
5.19785643e-01
4.97432023e-01
4.96353060e-01
5.21993220e-01
5.19020498e-01
5.17039537e-01
5.21141946e-01
5.14347970e-01
5.20174265e-01
4.97471541e-01
5.07319748e-01
5.18979847e-01
5.14246941e-01
5.21425068e-01
5.15546918e-01
5.07644415e-01
5.03953576e-01
5.08112073e-01
5.02922535e-01
5.08406103e-01
5.12264609e-01
5.12413383e-01
5.18329740e-01
5.19479930e-01
5.14509618e-01
5.09806573e-01
5.12174368e-01
5.14337718e-01
5.06056309e-01
5.03623605e-01
5.05481422e-01
5.20832121e-01
5.30855238e-01
5.00752211e-01
4.73688692e-01
4.84190971e-01
4.97431934e-01
4.93359178e-01
4.90677536e-01
4.98270988e-01
5.03017008e-01
5.09449899e-01
5.21391094e-01
4.90943223e-01
5.04491329e-01
5.04829049e-01
5.14209211e-01
5.06448209e-01
5.01206636e-01
5.04977942e-01
5.06021619e-01
5.04490316e-01
4.94233310e-01
4.85177338e-01
4.86949444e-01
4.84218001e-01
4.91913140e-01
5.02839684e-01
5.00322342e-01
4.86574680e-01
4.97567624e-01
5.07340252e-01
4.94019389e-01
5.04001141e-01
5.04470527e-01
4.96093184e-01
4.93204027e-01
4.60784882e-01
4.82326627e-01
4.91898090e-01
4.85616237e-01
4.89669442e-01
4.76896554e-01
4.85313147e-01
5.05395472e-01
4.92942691e-01
4.94372874e-01
4.93049324e-01
4.89947051e-01
4.85561252e-01
4.92656112e-01
4.85553563e-01
4.82771397e-01
4.94192511e-01
4.93653774e-01
4.93111044e-01
4.88260537e-01
4.92654234e-01
4.88337487e-01
4.82523650e-01
4.87083703e-01
4.83784765e-01
4.91748244e-01
4.98725414e-01
4.99441624e-01
4.90154386e-01
4.86277670e-01
4.78315920e-01
4.88512516e-01
4.77931410e-01
4.86146569e-01
4.91807163e-01
4.78408426e-01
4.78510976e-01
4.69980747e-01
4.74782497e-01
4.83077735e-01
4.81300265e-01
4.84156877e-01
4.83354121e-01
4.75636601e-01
4.69095141e-01
4.70606536e-01
4.58078474e-01
4.71498579e-01
4.78422552e-01
4.84978467e-01
4.77732182e-01
4.76826459e-01
4.85204577e-01
4.88022298e-01
4.43499923e-01
4.55938786e-01
4.65149701e-01
4.84443694e-01
4.86233264e-01
4.78762925e-01
4.68874574e-01
4.48306561e-01
4.44443882e-01
4.67807859e-01
4.79451299e-01
4.68807220e-01
4.80440527e-01
4.82204258e-01
4.70781714e-01
4.73647475e-01
4.70257163e-01
4.79462534e-01
4.78449434e-01
4.74750161e-01
4.73657042e-01
4.66554344e-01
4.73932266e-01
4.76308227e-01
4.71828938e-01
4.60914701e-01
4.59666133e-01
4.60872561e-01
4.71432477e-01
4.62256789e-01
4.68959630e-01
4.64640349e-01
4.60866839e-01
4.65810865e-01
4.62791920e-01
4.65065360e-01
4.70998496e-01
4.65646386e-01
4.69336241e-01
4.72153455e-01
4.69062448e-01
4.62588698e-01
4.61391836e-01
4.71222520e-01
4.69330877e-01
4.67803091e-01
4.64882940e-01
4.59009200e-01
4.63053107e-01
4.52155977e-01
4.53715682e-01
4.67587113e-01
4.60600078e-01
4.60250825e-01
4.67883080e-01
4.67647284e-01
4.63975698e-01
4.58954632e-01
4.56383675e-01
4.65786278e-01
4.68105674e-01
4.55978960e-01
4.60790455e-01
4.57338363e-01
4.56647962e-01
4.62962985e-01
4.49064910e-01
4.60526824e-01
4.59936917e-01
4.55052733e-01
4.58961576e-01
4.60681051e-01
4.51769233e-01
4.48724091e-01
4.65939790e-01
4.62824464e-01
4.54658628e-01
4.49718982e-01
4.54002470e-01
4.64111596e-01
4.55687404e-01
4.48233396e-01
4.50612456e-01
4.54602987e-01
4.50568944e-01
4.51840311e-01
4.61653531e-01
4.52988446e-01
4.46881592e-01
4.50609028e-01
4.52403188e-01
4.48814899e-01
4.46823210e-01
4.48489398e-01
4.53529924e-01
4.51139182e-01
4.48285788e-01
4.49588299e-01
4.50878263e-01
4.34698880e-01
4.37358290e-01
4.56010789e-01
4.43385303e-01
4.47526574e-01
4.43013191e-01
4.46594208e-01
4.41033393e-01
4.39040840e-01
4.44574803e-01
4.35953349e-01
4.39208686e-01
4.41901505e-01
4.47309881e-01
4.54042226e-01
4.46426570e-01
4.51248139e-01
4.49591547e-01
4.42775816e-01
4.38676327e-01
4.36181188e-01
4.43723321e-01
4.41820264e-01
4.37350929e-01
4.36077982e-01
4.33073789e-01
4.39596772e-01
4.30117905e-01
4.41339195e-01
4.48398143e-01
4.40240353e-01
4.36979562e-01
4.30738807e-01
4.37391967e-01
4.35763001e-01
4.44159418e-01
4.41669345e-01
4.42744911e-01
4.35233086e-01
4.31282252e-01
4.34153527e-01
4.33375567e-01
4.42707628e-01
4.42465097e-01
4.36964542e-01
4.37122464e-01
4.25356179e-01
4.33011025e-01
4.21780705e-01
4.31957990e-01
4.21742141e-01
4.32963818e-01
4.18777436e-01
4.35265750e-01
4.14079964e-01
4.15641606e-01
4.41720694e-01
4.35430974e-01
4.26634520e-01
4.32936221e-01
4.20557052e-01
4.27458316e-01
4.37794775e-01
4.22816396e-01
4.29418564e-01
4.24042195e-01
4.23407376e-01
4.32523906e-01
4.37916666e-01
4.28728580e-01
4.25154090e-01
4.34308618e-01
4.33229476e-01
4.31664675e-01
4.25757319e-01
4.20049399e-01
3.62369210e-01
4.24298376e-01
4.06552225e-01
4.10065442e-01
4.18719471e-01
4.13832098e-01
4.30315375e-01
4.20276850e-01
4.18290883e-01
4.20248389e-01
4.24078941e-01
4.12927121e-01
4.19451058e-01
4.14017707e-01
4.13456470e-01
4.21638310e-01
4.17697161e-01
4.29722697e-01
4.19976681e-01
4.12799180e-01
4.20222014e-01
4.23649609e-01
4.19424146e-01
4.22661096e-01
4.19392377e-01
4.17121053e-01
4.28686887e-01
4.06636685e-01
4.16645616e-01
4.21622097e-01
3.88369441e-01
4.09537405e-01
4.14370090e-01
4.10750479e-01
4.14990067e-01
4.18559909e-01
4.07692432e-01
4.05099005e-01
4.03857231e-01
4.12413329e-01
4.08780694e-01
4.21209127e-01
4.08244997e-01
4.15074140e-01
3.95577550e-01
3.69350791e-01
3.82651418e-01
3.90392482e-01
4.05369103e-01
4.07369733e-01
4.13255513e-01
4.16631430e-01
4.15041476e-01
4.06090826e-01
4.15998727e-01
4.11074549e-01
4.14114386e-01
4.11629647e-01
4.15733427e-01
4.06080514e-01
4.09145266e-01
4.05572236e-01
3.80175859e-01
3.84025306e-01
4.06269163e-01
4.06033546e-01
4.08430010e-01
4.09377486e-01
4.06141490e-01
4.01246250e-01
4.04702842e-01
4.12853926e-01
4.03674036e-01
4.08527404e-01
4.08219248e-01
4.05618757e-01
4.06349778e-01
3.85278672e-01
4.03412253e-01
4.01174098e-01
4.05629754e-01
4.03946370e-01
3.93840611e-01
3.93853575e-01
4.03687835e-01
3.86269093e-01
3.99219304e-01
3.99306655e-01
3.99839908e-01
3.97907704e-01
4.00669932e-01
4.02218908e-01
3.98351848e-01
3.93908858e-01
3.88874561e-01
3.99481565e-01
3.91613185e-01
4.01722729e-01
4.04475510e-01
4.02112842e-01
4.01957601e-01
3.88944119e-01
3.96723777e-01
3.97892565e-01
3.88178825e-01
3.93109709e-01
3.93111229e-01
3.96242261e-01
3.92873943e-01
4.00276303e-01
4.04144078e-01
3.95433068e-01
3.95360917e-01
3.99342030e-01
3.96551341e-01
3.97332370e-01
3.90220284e-01
3.93378288e-01
3.92285168e-01
3.90960425e-01
3.90625745e-01
3.87798816e-01
3.88641804e-01
3.92132640e-01
3.88568193e-01
3.85967731e-01
3.79978269e-01
3.74876112e-01
3.80948842e-01
3.93019229e-01
3.93873602e-01
3.87458801e-01
3.84080797e-01
3.95261586e-01
3.93343419e-01
3.81567687e-01
3.85461211e-01
3.85766804e-01
3.83003831e-01
3.92976791e-01
3.87540787e-01
3.84480000e-01
3.87384593e-01
3.76334548e-01
3.99978936e-01
3.91256809e-01
3.55754137e-01
3.66887778e-01
3.77756149e-01
3.87057513e-01
3.81509751e-01
3.74877363e-01
3.88563812e-01
3.83761406e-01
3.76478463e-01
3.84265870e-01
3.82216632e-01
3.74399841e-01
3.79776955e-01
3.89099419e-01
3.86198968e-01
3.57532263e-01
3.74507159e-01
3.71520698e-01
3.77571493e-01
3.64412665e-01
3.73013377e-01
3.76024544e-01
3.75171185e-01
3.67101401e-01
3.72718692e-01
3.80590796e-01
3.71727467e-01
3.85425448e-01
3.80757511e-01
3.70353907e-01
3.74452412e-01
3.73705178e-01
3.66094321e-01
3.63789380e-01
3.70586276e-01
3.77610654e-01
3.69145125e-01
3.72439206e-01
3.71025950e-01
3.69402319e-01
3.64233017e-01
3.71830463e-01
3.72835517e-01
3.70150656e-01
3.80867183e-01
3.69114608e-01
3.78403932e-01
3.80357444e-01
3.71942431e-01
3.72008920e-01
3.74256134e-01
3.74766439e-01
3.68070573e-01
3.72650892e-01
3.73821706e-01
3.71551007e-01
3.68785411e-01
3.67163360e-01
3.69816512e-01
3.70593905e-01
3.72628659e-01
3.65705222e-01
3.65260243e-01
3.58409464e-01
3.67823243e-01
3.68239760e-01
3.66322696e-01
3.86131555e-01
3.66605580e-01
3.34820718e-01
3.66364032e-01
3.31924796e-01
3.51531148e-01
3.67620111e-01
3.67717564e-01
3.84062558e-01
3.37686509e-01
3.37762803e-01
3.58224362e-01
3.72077942e-01
3.54881942e-01
3.57614338e-01
3.60010356e-01
3.56573313e-01
3.58873188e-01
3.65702599e-01
3.59735042e-01
3.54576707e-01
3.64465356e-01
3.70752156e-01
3.60305578e-01
3.56336713e-01
3.64700496e-01
3.61784160e-01
3.58503431e-01
3.57960373e-01
3.68958980e-01
3.33832473e-01
2.99961358e-01
3.82530242e-01
3.58808786e-01
3.27423781e-01
3.27793062e-01
3.35319787e-01
3.36999297e-01
3.62069011e-01
3.55324775e-01
3.50547224e-01
3.56220126e-01
3.47895056e-01
3.53172690e-01
3.51844758e-01
3.50382686e-01
3.56654227e-01
3.51239920e-01
3.48419458e-01
3.45226109e-01
3.47232133e-01
3.50328714e-01
3.52331996e-01
3.48985940e-01
3.59899491e-01
3.47822785e-01
3.48878026e-01
3.56491834e-01
3.59291583e-01
3.53224725e-01
3.46986920e-01
3.37162197e-01
3.30438495e-01
3.34514588e-01
3.43491137e-01
3.51399153e-01
3.49333972e-01
3.45995754e-01
3.42978686e-01
3.56235057e-01
3.38451087e-01
3.49454820e-01
3.44252318e-01
3.47443819e-01
3.50155592e-01
3.53982419e-01
3.29167306e-01
3.48854423e-01
3.36178511e-01
3.17082435e-01
3.41110289e-01
3.45145434e-01
3.55160505e-01
3.55874032e-01
3.48999947e-01
3.45892817e-01
3.40542883e-01
3.44624192e-01
3.19340199e-01
3.32211971e-01
3.82425189e-01
3.41681689e-01
3.41738254e-01
3.51510406e-01
3.38530093e-01
3.17542821e-01
3.07596803e-01
3.77831638e-01
3.44451010e-01
3.33866417e-01
3.41340303e-01
3.47031504e-01
3.44653010e-01
3.48107845e-01
3.41845751e-01
3.36498618e-01
3.43670219e-01
3.45120311e-01
3.35200965e-01
3.45399022e-01
3.26336265e-01
3.24274331e-01
3.10380399e-01
3.33236009e-01
3.64919394e-01
3.63478035e-01
3.32562089e-01
3.24244291e-01
3.05340677e-01
