3.14339280e-01
3.08975369e-01
2.68847018e-01
3.52681965e-01
3.23664129e-01
3.45488250e-01
3.19635421e-01
3.70795548e-01
3.87817830e-01
3.70651305e-01
2.86812961e-01
3.30034912e-01
3.72631669e-01
2.77769297e-01
3.61745059e-01
3.60366255e-01
2.98504859e-01
3.62824559e-01
3.31470191e-01
3.29026908e-01
3.73977751e-01
3.48407626e-01
3.08685720e-01
3.39397371e-01
3.79969895e-01
3.03467155e-01
3.34879965e-01
3.24380249e-01
3.62213105e-01
3.50412339e-01
2.99917519e-01
3.31392616e-01
3.46783280e-01
3.36771131e-01
3.00410122e-01
3.04839522e-01
3.31566125e-01
3.20807308e-01
3.09489846e-01
2.98968375e-01
3.10643613e-01
2.81193435e-01
3.03775281e-01
3.25688958e-01
2.81917036e-01
3.10813159e-01
3.38380277e-01
3.19964617e-01
2.75004417e-01
3.03243816e-01
2.98077613e-01
2.99109071e-01
3.13306928e-01
2.35263795e-01
3.52995604e-01
3.35550696e-01
3.48824888e-01
3.23973089e-01
2.76097238e-01
3.47411215e-01
3.38841796e-01
3.13194424e-01
3.33834678e-01
3.26485783e-01
3.09819669e-01
2.80582786e-01
3.87118965e-01
3.26489031e-01
3.35568547e-01
3.20165277e-01
3.02025795e-01
3.19232970e-01
3.60448927e-01
3.44114900e-01
3.11140716e-01
3.39684397e-01
3.71108919e-01
3.07220042e-01
3.21565211e-01
3.15305829e-01
3.58706713e-01
3.84412736e-01
3.74203235e-01
2.92258650e-01
2.95843422e-01
3.33945483e-01
2.77034163e-01
3.05655688e-01
2.69287527e-01
2.62063265e-01
2.57198334e-01
3.24562848e-01
3.16545427e-01
2.36780405e-01
2.20613942e-01
2.38934368e-01
2.89991409e-01
2.69683599e-01
2.49604568e-01
2.40356177e-01
2.72494018e-01
2.72930056e-01
2.70927817e-01
2.58443981e-01
2.41011456e-01
2.72883713e-01
2.68335819e-01
2.89781034e-01
2.24406108e-01
2.44130954e-01
2.94440717e-01
2.83924878e-01
2.81127214e-01
3.06057781e-01
3.21200073e-01
2.87713319e-01
3.19492817e-01
2.84512788e-01
2.43639350e-01
3.05297643e-01
3.29277933e-01
2.81156421e-01
2.70983249e-01
3.24577779e-01
3.54268432e-01
3.00852180e-01
2.96166003e-01
3.03873539e-01
2.91412681e-01
3.25424522e-01
3.19119275e-01
3.30131352e-01
3.62180263e-01
3.53993952e-01
3.09938967e-01
3.28765720e-01
3.36877108e-01
3.22080940e-01
3.38270068e-01
3.09731573e-01
3.11296850e-01
3.38299543e-01
2.98871875e-01
2.71395355e-01
3.20692956e-01
3.32254231e-01
2.88654566e-01
3.20433617e-01
3.41483414e-01
3.68201733e-01
2.94365168e-01
2.55003124e-01
2.79824257e-01
3.00390393e-01
3.02998811e-01
3.04131389e-01
3.25238764e-01
3.09468329e-01
3.07303727e-01
3.26046914e-01
3.01058769e-01
2.81724662e-01
2.82938659e-01
3.02014083e-01
2.79584557e-01
2.62381941e-01
2.63162136e-01
2.95284241e-01
2.84639806e-01
2.43756607e-01
2.79794306e-01
2.87067294e-01
2.56850779e-01
2.58221000e-01
2.43346840e-01
2.48460099e-01
2.54174262e-01
2.20974550e-01
2.11620271e-01
2.20539644e-01
2.27655157e-01
2.15958640e-01
2.46495977e-01
2.10922778e-01
1.94442168e-01
1.97135836e-01
2.22742811e-01
2.09757030e-01
2.20892042e-01
1.91316620e-01
1.71850264e-01
2.16052040e-01
1.99208707e-01
1.97641462e-01
1.97125077e-01
1.59776151e-01
2.38062680e-01
2.31598452e-01
1.88922003e-01
2.33357877e-01
1.98581263e-01
2.13577941e-01
2.20665082e-01
1.87015772e-01
2.49829203e-01
2.74646431e-01
2.50851870e-01
2.37047851e-01
2.83062398e-01
2.68853396e-01
2.37089932e-01
2.42568478e-01
2.62179226e-01
2.67041057e-01
2.85649896e-01
2.33502612e-01
2.63926715e-01
2.27641344e-01
2.59621918e-01
2.89371580e-01
2.98430413e-01
3.03841501e-01
3.13646466e-01
2.56105483e-01
2.41566166e-01
3.11332524e-01
3.64493221e-01
2.87027270e-01
3.02628160e-01
3.06858957e-01
2.90203094e-01
2.99463958e-01
2.88158536e-01
3.09695572e-01
2.87196815e-01
2.79551059e-01
2.75281936e-01
2.78216004e-01
3.34627420e-01
3.06074530e-01
2.63125032e-01
3.18610787e-01
3.23168695e-01
3.79121751e-01
3.11824232e-01
3.23226035e-01
3.13980430e-01
2.95353681e-01
3.02371293e-01
3.21168184e-01
3.10381562e-01
3.36411119e-01
2.97703415e-01
3.00345391e-01
3.08601081e-01
2.98545957e-01
3.11471522e-01
3.07982951e-01
2.92095751e-01
2.70870000e-01
2.68174618e-01
3.25180143e-01
3.07999909e-01
3.08276534e-01
3.72568876e-01
3.15685093e-01
2.74512231e-01
2.80065000e-01
3.13153714e-01
2.61864364e-01
2.78668344e-01
3.00554603e-01
2.72669405e-01
3.19319010e-01
3.06826472e-01
3.32320064e-01
2.82846630e-01
2.80009806e-01
2.94440866e-01
2.95862645e-01
3.02586019e-01
2.92730331e-01
2.86001951e-01
2.86675513e-01
2.93057859e-01
2.86861867e-01
2.65675128e-01
3.11183721e-01
2.87734896e-01
2.69521654e-01
2.83506066e-01
2.87390083e-01
2.71996498e-01
2.57090122e-01
2.59057879e-01
2.44630456e-01
2.52670854e-01
2.60373265e-01
2.64251679e-01
2.67670661e-01
2.82749385e-01
2.76725441e-01
2.39446357e-01
2.63956904e-01
2.69724458e-01
2.65220731e-01
2.49992847e-01
2.27570921e-01
2.67424196e-01
2.56232738e-01
2.11832017e-01
2.08938062e-01
1.85346469e-01
2.16282606e-01
2.12332338e-01
2.09761605e-01
2.31395841e-01
2.53010720e-01
2.36245483e-01
2.03514710e-01
1.98913381e-01
2.08103493e-01
1.90755665e-01
1.92943081e-01
1.81930795e-01
2.01043785e-01
1.75194591e-01
1.42115489e-01
1.62063926e-01
1.73472837e-01
1.64129943e-01
1.60103381e-01
1.82222709e-01
1.36448830e-01
1.34228423e-01
1.68716908e-01
1.70495138e-01
1.79751664e-01
2.00424626e-01
1.93648905e-01
1.80541500e-01
1.82763815e-01
1.95537627e-01
1.81541637e-01
1.97451174e-01
1.98376432e-01
2.07683533e-01
2.23415256e-01
2.00312719e-01
1.88382879e-01
2.08322078e-01
2.03951105e-01
2.00186670e-01
2.27995470e-01
1.84681818e-01
2.43060991e-01
2.38663509e-01
2.12421134e-01
2.11860612e-01
2.32219830e-01
2.52488852e-01
2.37641647e-01
2.41836935e-01
2.05016240e-01
2.12553129e-01
2.60218024e-01
2.13973209e-01
2.49413967e-01
2.09679127e-01
2.25006551e-01
2.66494155e-01
2.50310570e-01
2.69354105e-01
2.36287609e-01
2.38515615e-01
2.67029047e-01
2.88338095e-01
2.87306815e-01
2.36160249e-01
2.30021909e-01
2.68716455e-01
2.50314742e-01
2.25768298e-01
2.87682295e-01
2.50741959e-01
2.60328114e-01
3.01878035e-01
2.53802985e-01
2.26793110e-01
2.19570398e-01
2.87675381e-01
2.21958965e-01
2.74444491e-01
2.81463146e-01
2.41376594e-01
2.41598859e-01
2.63995409e-01
2.89232105e-01
2.61842012e-01
2.78405964e-01
2.81429410e-01
2.87330955e-01
2.72174269e-01
2.33235806e-01
2.32836023e-01
2.26402849e-01
2.66549855e-01
2.90371746e-01
2.44443119e-01
2.70034343e-01
2.73464262e-01
2.61471331e-01
2.66430587e-01
2.76509494e-01
2.63192862e-01
2.46326059e-01
2.66346186e-01
2.61362195e-01
2.47801438e-01
2.57372290e-01
2.68136919e-01
2.74533153e-01
2.54444778e-01
2.66145587e-01
2.72539079e-01
2.69392103e-01
2.64026672e-01
2.44643927e-01
2.72424608e-01
2.70855784e-01
2.46800199e-01
2.56741345e-01
2.60193229e-01
2.39283279e-01
2.57803112e-01
2.67413050e-01
2.64639497e-01
2.77468145e-01
2.77870029e-01
2.54139990e-01
2.62888730e-01
2.73285210e-01
2.48519510e-01
2.75821865e-01
2.75572896e-01
2.63872921e-01
2.61223853e-01
2.70442873e-01
2.77025312e-01
2.40513489e-01
2.67126977e-01
2.60045707e-01
2.75785118e-01
2.65285254e-01
2.43418097e-01
2.51223117e-01
2.73657292e-01
2.74327725e-01
2.60829747e-01
2.63225734e-01
2.57029921e-01
2.67701447e-01
2.81564832e-01
2.60398060e-01
2.72661537e-01
2.66031921e-01
2.68330604e-01
2.64572889e-01
2.50489384e-01
2.78276235e-01
2.56554186e-01
2.56113201e-01
2.38852829e-01
2.50180125e-01
2.52098680e-01
2.87663281e-01
2.53964096e-01
2.69878596e-01
2.53182322e-01
2.59103507e-01
2.79203147e-01
2.17219248e-01
2.31251001e-01
2.43559122e-01
2.47798860e-01
2.69181967e-01
2.50299096e-01
2.66430646e-01
2.57600427e-01
2.37233669e-01
2.53068030e-01
2.71520704e-01
2.46457294e-01
2.58439004e-01
2.55850226e-01
2.34248504e-01
2.37997949e-01
2.53344655e-01
2.60718137e-01
2.28846848e-01
2.24343777e-01
2.67115563e-01
2.56844103e-01
2.28196695e-01
2.28628948e-01
2.25215092e-01
2.21174821e-01
2.39269391e-01
2.51272917e-01
2.32838392e-01
2.36653477e-01
2.35234752e-01
2.34703541e-01
2.43580014e-01
2.35541910e-01
2.36285448e-01
2.50616252e-01
2.21749008e-01
1.91192523e-01
2.51355857e-01
2.43641213e-01
1.93340570e-01
2.48853415e-01
2.22333834e-01
2.12964714e-01
2.19280422e-01
2.17515707e-01
2.20716819e-01
2.14397386e-01
1.88897178e-01
1.98030397e-01
2.32124373e-01
2.15943396e-01
2.25471348e-01
2.10976094e-01
2.00975195e-01
2.05115691e-01
1.94513604e-01
2.03464776e-01
1.99165195e-01
2.12506458e-01
1.98931783e-01
1.84676766e-01
1.79149792e-01
1.94088116e-01
1.82945028e-01
1.70248106e-01
2.03664765e-01
1.62716314e-01
1.52867854e-01
2.20834851e-01
1.75101742e-01
1.81649119e-01
1.87156171e-01
1.77557811e-01
1.91047162e-01
1.88012898e-01
1.63011551e-01
1.90946579e-01
1.66872367e-01
1.73304811e-01
1.85044751e-01
1.70551464e-01
1.80659220e-01
1.33088842e-01
1.68191373e-01
1.59009159e-01
1.65639356e-01
1.71577320e-01
1.48842841e-01
1.60567582e-01
1.61366045e-01
1.62117049e-01
1.41756862e-01
1.24820448e-01
1.30398244e-01
1.28261983e-01
1.20291546e-01
1.01313733e-01
1.17832348e-01
1.29476339e-01
1.09801985e-01
1.24211237e-01
1.35848179e-01
1.59607425e-01
1.31925225e-01
1.37003154e-01
1.53981999e-01
1.55385330e-01
1.47965685e-01
1.34075552e-01
1.66589901e-01
1.50547788e-01
1.60635263e-01
1.54530719e-01
1.58726677e-01
1.67724565e-01
1.84286520e-01
1.65249318e-01
1.83104113e-01
1.72137097e-01
1.84998095e-01
1.83276519e-01
1.82273835e-01
1.80317640e-01
1.59369946e-01
1.63493693e-01
1.52791411e-01
1.66227773e-01
1.94274262e-01
1.91844195e-01
1.74346134e-01
1.83073744e-01
1.70468614e-01
1.64165646e-01
1.71812117e-01
1.65786490e-01
1.72334194e-01
1.85691282e-01
1.87609598e-01
1.87849388e-01
1.66015700e-01
1.80396974e-01
1.98906869e-01
1.82175174e-01
1.96714133e-01
1.76578999e-01
1.77208319e-01
2.01146618e-01
2.03901172e-01
1.94138363e-01
1.92853123e-01
1.90871000e-01
1.72396615e-01
1.83481425e-01
1.86722308e-01
1.93478107e-01
1.88809007e-01
1.85827032e-01
1.82402819e-01
1.90042272e-01
1.87985480e-01
2.09563926e-01
2.05049291e-01
2.30909795e-01
2.00051129e-01
1.75284863e-01
1.97650462e-01
1.83930337e-01
1.78230003e-01
1.88490450e-01
2.20237494e-01
1.89287826e-01
1.76153153e-01
2.11822659e-01
2.01892346e-01
2.14880824e-01
1.99842080e-01
1.58400923e-01
1.99272305e-01
2.16725856e-01
2.11334139e-01
1.99079230e-01
1.88528731e-01
1.86345235e-01
2.02207744e-01
1.91434950e-01
1.82636142e-01
1.86943993e-01
2.01542988e-01
1.94417179e-01
1.86862007e-01
1.98207214e-01
2.27726996e-01
1.79899350e-01
1.98836386e-01
2.34031111e-01
2.00614214e-01
2.18543500e-01
2.10781202e-01
1.97749898e-01
2.20311731e-01
2.18538210e-01
2.19977096e-01
2.03049690e-01
2.08969787e-01
2.41764188e-01
2.14112967e-01
1.85731247e-01
2.12586030e-01
2.03779370e-01
2.20775649e-01
2.24678770e-01
1.95639700e-01
1.87744543e-01
2.02648625e-01
1.97380513e-01
2.07740992e-01
1.87293917e-01
1.87834695e-01
2.04902634e-01
2.18349740e-01
1.90043986e-01
1.99401960e-01
2.03240439e-01
1.92877159e-01
1.97481871e-01
2.14898869e-01
2.20035642e-01
2.11914212e-01
2.14583889e-01
2.01317862e-01
1.99548051e-01
2.14449152e-01
2.02888906e-01
1.86900854e-01
1.91539451e-01
1.90262914e-01
1.88037336e-01
1.90934941e-01
2.01001331e-01
2.15829566e-01
1.93652868e-01
1.97418123e-01
2.02831134e-01
1.88423544e-01
1.56053096e-01
1.72761500e-01
1.83121160e-01
1.90584153e-01
1.96057320e-01
1.97137937e-01
2.18858600e-01
1.76171526e-01
1.84310243e-01
2.22277433e-01
2.31296822e-01
1.95039660e-01
1.90083981e-01
1.92126870e-01
1.80464864e-01
1.80477545e-01
1.81949198e-01
2.05331787e-01
2.01465175e-01
2.19041660e-01
1.89720586e-01
1.71314716e-01
1.95042402e-01
1.78448379e-01
2.04875737e-01
1.87823281e-01
2.22079247e-01
2.03154281e-01
2.04002261e-01
2.12828159e-01
1.94562688e-01
2.00867295e-01
1.95580497e-01
1.82471111e-01
1.69347137e-01
2.14012623e-01
1.95052400e-01
2.04333276e-01
2.19212830e-01
2.05847919e-01
1.83988824e-01
1.95212379e-01
1.79403007e-01
2.02926174e-01
1.81987345e-01
1.78942591e-01
2.02132523e-01
1.84583053e-01
1.67411923e-01
1.92147166e-01
1.90357670e-01
1.78973317e-01
1.90312788e-01
1.71543404e-01
1.62520871e-01
1.78474203e-01
1.83869869e-01
1.78198561e-01
1.78254306e-01
1.94662586e-01
1.92583501e-01
1.85290173e-01
1.86169311e-01
1.83780164e-01
1.67970851e-01
1.86697930e-01
1.72813714e-01
1.97204351e-01
1.99273273e-01
1.68856293e-01
1.70487821e-01
1.78059056e-01
1.87889546e-01
1.82785973e-01
1.72564521e-01
1.98540792e-01
1.92897141e-01
1.81948632e-01
1.69590816e-01
1.61611602e-01
1.81263775e-01
1.81028381e-01
1.78166732e-01
1.89706385e-01
1.65809155e-01
1.68906480e-01
1.93587154e-01
1.94622189e-01
1.62749290e-01
1.74857199e-01
1.78290367e-01
2.00772434e-01
2.19767466e-01
1.75234228e-01
1.52778700e-01
2.00799942e-01
1.79552019e-01
1.72254115e-01
1.64529413e-01
1.73424825e-01
1.76127270e-01
1.95577562e-01
1.75728112e-01
1.72599450e-01
1.83372259e-01
1.77978620e-01
1.51703298e-01
1.82522550e-01
1.69439003e-01
1.64796859e-01
1.80203512e-01
1.62713721e-01
1.81783050e-01
1.74911901e-01
1.80156320e-01
1.95581287e-01
1.85658023e-01
1.69017434e-01
1.76504001e-01
1.95025146e-01
1.69545814e-01
1.89277679e-01
1.91229984e-01
1.78342432e-01
1.69360533e-01
1.66586295e-01
1.87951997e-01
1.64379150e-01
1.58378616e-01
1.73861191e-01
1.70586064e-01
1.86597005e-01
1.84029907e-01
1.67859599e-01
1.84264570e-01
1.86646417e-01
1.61222532e-01
1.50670961e-01
1.72108918e-01
1.56517938e-01
1.47677585e-01
1.78984255e-01
1.70086399e-01
1.60883725e-01
1.78415477e-01
1.61275893e-01
1.74000010e-01
1.78956077e-01
1.64777309e-01
1.62026554e-01
1.62292689e-01
1.54559582e-01
1.61619142e-01
1.81788728e-01
1.66644767e-01
1.47844329e-01
1.95338219e-01
1.67862326e-01
1.62416369e-01
1.66784897e-01
1.64526820e-01
1.51035547e-01
1.63133323e-01
1.86781123e-01
1.57899350e-01
1.62772879e-01
1.65726244e-01
1.65779114e-01
1.66787341e-01
1.52537435e-01
1.62108526e-01
1.65129840e-01
1.61887780e-01
1.79900587e-01
1.70854971e-01
1.64995238e-01
1.48850262e-01
1.39949009e-01
1.57392591e-01
1.51397407e-01
1.71212003e-01
1.66306183e-01
1.49657756e-01
1.52571008e-01
1.69313073e-01
1.66485682e-01
1.68792307e-01
1.71970844e-01
1.67542174e-01
1.66688100e-01
1.57559544e-01
1.67641431e-01
1.64640293e-01
1.60913646e-01
1.44095570e-01
1.58766955e-01
1.80856258e-01
1.57069147e-01
1.48869261e-01
1.44251794e-01
1.64032236e-01
1.65327147e-01
1.94136009e-01
1.57453701e-01
1.62300423e-01
1.59260467e-01
1.36557564e-01
1.60591647e-01
1.65010944e-01
1.48900077e-01
1.42487109e-01
1.63539067e-01
1.56450585e-01
1.33665293e-01
1.61444947e-01
1.49911508e-01
1.51647881e-01
1.41247720e-01
1.50302857e-01
1.50694996e-01
1.48288220e-01
1.35272235e-01
1.37906864e-01
1.73639968e-01
1.66610092e-01
1.32697046e-01
1.68514326e-01
1.59287617e-01
1.63905397e-01
1.40282556e-01
1.42830744e-01
1.68094516e-01
1.66958690e-01
1.38357922e-01
1.60992801e-01
1.48933217e-01
1.60835102e-01
1.39803827e-01
1.58622041e-01
1.62915587e-01
1.60422161e-01
1.34993240e-01
1.23735249e-01
1.38461053e-01
1.25495866e-01
1.27208084e-01
1.23824589e-01
1.33719683e-01
1.61370382e-01
1.36850148e-01
1.53946906e-01
1.43938750e-01
1.32359773e-01
1.60845786e-01
1.50798604e-01
1.33409902e-01
1.36161953e-01
1.21590473e-01
1.55396223e-01
1.18211128e-01
1.09085426e-01
1.49123192e-01
1.23717420e-01
1.41018391e-01
1.51811942e-01
1.14734210e-01
1.27803639e-01
1.42557636e-01
1.30988717e-01
1.25029847e-01
1.36275277e-01
1.27398267e-01
1.37706190e-01
1.49196252e-01
1.46478683e-01
1.41471297e-01
1.27401233e-01
1.31467447e-01
1.36708125e-01
1.37429222e-01
1.18730053e-01
1.18605003e-01
1.25937656e-01
1.17534392e-01
1.16743326e-01
1.41000718e-01
1.39616266e-01
1.05132781e-01
1.23605199e-01
1.12942450e-01
1.24815255e-01
1.43611714e-01
1.24767087e-01
1.47046953e-01
1.17914632e-01
1.27022266e-01
1.45814434e-01
9.70161185e-02
1.01859108e-01
1.20349877e-01
1.10721670e-01
1.29254848e-01
1.28133461e-01
1.17141247e-01
1.32601395e-01
1.21118322e-01
1.40616968e-01
1.28323257e-01
1.09307118e-01
1.18447632e-01
1.15994886e-01
1.15569390e-01
1.20729528e-01
1.14091150e-01
1.08257547e-01
1.15259677e-01
1.20291919e-01
1.33427098e-01
9.76597369e-02
9.96406227e-02
9.09117758e-02
9.84665975e-02
1.10839210e-01
1.07950293e-01
8.63976181e-02
8.70689824e-02
9.15703923e-02
1.04247406e-01
1.01080500e-01
9.64402333e-02
9.25131813e-02
9.59330872e-02
8.38693306e-02
8.28882903e-02
9.93512422e-02
8.64381492e-02
8.98408890e-02
7.45141879e-02
8.05629864e-02
6.88328892e-02
9.34589729e-02
9.51591209e-02
8.82989988e-02
8.96392837e-02
7.74537995e-02
7.83051848e-02
7.00670704e-02
7.42847100e-02
8.24453980e-02
9.83748063e-02
8.58848393e-02
7.34365061e-02
9.09297466e-02
8.80803913e-02
8.27809423e-02
8.96962360e-02
9.38565880e-02
8.51961002e-02
9.89590585e-02
9.71183777e-02
1.09157093e-01
9.58933905e-02
9.92206186e-02
1.09719522e-01
1.10168763e-01
9.76889431e-02
1.00617371e-01
1.00320160e-01
1.05321169e-01
1.13837227e-01
8.34348574e-02
1.02351815e-01
1.20009474e-01
1.08331621e-01
9.20914710e-02
1.02905348e-01
8.35031420e-02
1.07459009e-01
9.72149149e-02
1.05804481e-01
1.17769696e-01
9.98418704e-02
1.02402970e-01
7.95437470e-02
9.94760245e-02
1.15785740e-01
1.10810518e-01
1.01877525e-01
1.11627907e-01
9.11475495e-02
1.19818427e-01
1.35733992e-01
1.23736672e-01
1.01339869e-01
1.16809808e-01
1.01760715e-01
1.08909383e-01
1.00692540e-01
1.08542420e-01
9.87624303e-02
1.13015115e-01
1.06582537e-01
1.26306802e-01
1.31996483e-01
1.00251198e-01
9.68712941e-02
1.12514347e-01
1.24495052e-01
1.17987581e-01
1.09327674e-01
1.05856165e-01
1.07964478e-01
1.28553182e-01
1.13896921e-01
8.87835994e-02
8.81233215e-02
9.85649452e-02
9.69966725e-02
9.89755392e-02
1.18724257e-01
1.23728767e-01
1.01986982e-01
1.31016210e-01
1.27157494e-01
1.13461345e-01
1.21925697e-01
1.05153427e-01
1.05751373e-01
1.09350093e-01
1.25066504e-01
1.30736157e-01
1.33561000e-01
1.21626437e-01
1.11705229e-01
1.13441996e-01
1.10946469e-01
1.03870437e-01
1.05189241e-01
1.14320353e-01
1.02209508e-01
1.24291301e-01
1.36513144e-01
1.06049091e-01
1.10020489e-01
1.13074012e-01
1.06348999e-01
9.52101126e-02
1.12496905e-01
1.12095058e-01
1.21068962e-01
1.13707498e-01
1.01877898e-01
1.13956124e-01
1.12510495e-01
1.13640048e-01
1.13819830e-01
1.27666235e-01
9.22711492e-02
1.31631136e-01
1.20276190e-01
1.02673031e-01
1.36231273e-01
1.52365074e-01
1.04831606e-01
1.00006931e-01
1.13677911e-01
1.00643121e-01
1.08209401e-01
1.17688105e-01
1.16888091e-01
8.80687311e-02
1.00409977e-01
1.34699926e-01
1.06582493e-01
1.14822090e-01
1.02418505e-01
1.15792505e-01
1.19960763e-01
1.05729900e-01
1.16462506e-01
1.09081790e-01
1.13731258e-01
1.22882493e-01
1.21349484e-01
1.17296346e-01
1.12820558e-01
8.97842571e-02
1.08584106e-01
1.15503505e-01
1.08451851e-01
1.10204682e-01
1.06762424e-01
1.27783597e-01
1.25736207e-01
1.11455448e-01
1.05998673e-01
1.18520997e-01
1.17167622e-01
1.21194810e-01
1.07839361e-01
1.17496692e-01
1.23327434e-01
1.01928852e-01
1.09915882e-01
1.00369357e-01
1.12375744e-01
1.15444712e-01
1.02943510e-01
1.22271717e-01
1.26336873e-01
9.97098312e-02
1.04073808e-01
1.16190806e-01
1.10182934e-01
1.16678409e-01
9.58680138e-02
9.86967236e-02
9.17242691e-02
1.01246417e-01
1.15245722e-01
1.12802029e-01
1.05721258e-01
9.65156481e-02
1.32073030e-01
1.25438571e-01
1.08520485e-01
1.16863370e-01
1.09852821e-01
9.58314836e-02
1.09557733e-01
1.18091755e-01
1.12646006e-01
1.21297449e-01
1.12868957e-01
9.46207196e-02
1.05071343e-01
8.94009396e-02
8.92391130e-02
9.07197818e-02
1.04813911e-01
1.17081173e-01
1.03730559e-01
1.07095473e-01
1.14611082e-01
1.03067301e-01
9.83202979e-02
1.04953028e-01
9.44618955e-02
1.04711123e-01
1.28355071e-01
1.03398703e-01
9.73791033e-02
1.27999142e-01
1.20255433e-01
8.88227746e-02
1.13246612e-01
1.29744723e-01
1.33954316e-01
1.15966730e-01
1.19227387e-01
1.07660197e-01
9.71061513e-02
8.44529495e-02
1.04181588e-01
7.73210898e-02
8.92358050e-02
1.04027785e-01
8.31319392e-02
1.12690948e-01
1.07982628e-01
1.03189677e-01
1.16367057e-01
9.98877287e-02
1.02031983e-01
9.89074036e-02
8.88307691e-02
9.89159942e-02
1.13277867e-01
9.90796611e-02
1.02970183e-01
1.01908460e-01
1.00652888e-01
8.74681622e-02
1.08535029e-01
9.24885795e-02
9.77842286e-02
9.82315019e-02
7.29811415e-02
1.13110080e-01
9.53536928e-02
9.58018824e-02
1.05613418e-01
7.63841867e-02
8.43871683e-02
1.06355414e-01
1.03753477e-01
9.69228595e-02
9.42697376e-02
8.74020085e-02
8.94638747e-02
9.78297666e-02
9.05129537e-02
1.02217190e-01
1.05552599e-01
1.00011781e-01
9.03007090e-02
8.32361504e-02
9.74526033e-02
9.79958102e-02
9.62180793e-02
9.65823904e-02
8.35370943e-02
8.03770348e-02
8.34917650e-02
9.70548168e-02
8.90413150e-02
9.55680013e-02
8.48048031e-02
9.88272280e-02
9.45595726e-02
9.07223523e-02
1.08597741e-01
1.02500051e-01
1.07140355e-01
8.57130289e-02
8.55338871e-02
1.09449431e-01
1.09087348e-01
9.91130322e-02
1.04935706e-01
9.16806981e-02
8.08048099e-02
9.20968577e-02
9.73296165e-02
9.27804857e-02
1.10528745e-01
8.59805271e-02
9.06348974e-02
1.04924068e-01
1.11607052e-01
1.03724465e-01
1.19357690e-01
8.93289000e-02
9.76686105e-02
1.07978195e-01
9.86631140e-02
8.38330761e-02
9.84798148e-02
1.18328512e-01
1.05254330e-01
1.01951919e-01
9.03275236e-02
9.81103033e-02
8.50582495e-02
1.06447831e-01
7.84455538e-02
7.75036737e-02
8.57250541e-02
8.55616480e-02
1.02505453e-01
7.83635676e-02
7.54404888e-02
8.47902745e-02
1.00419268e-01
8.99992362e-02
7.74186775e-02
7.31157809e-02
8.69804770e-02
7.74001703e-02
7.17736557e-02
9.36219767e-02
8.30344483e-02
9.09293592e-02
8.60465690e-02
9.14587751e-02
9.32983533e-02
7.36751482e-02
1.01499408e-01
9.32296589e-02
9.14880484e-02
9.09052864e-02
8.16712007e-02
8.04543644e-02
8.17576572e-02
8.57289210e-02
7.98976645e-02
8.47250372e-02
1.11128375e-01
1.06921643e-01
7.83481598e-02
8.92995894e-02
8.66949484e-02
8.10215697e-02
8.91899318e-02
7.89871067e-02
9.04655010e-02
9.42737982e-02
7.61738643e-02
8.29239115e-02
9.65657160e-02
8.63183960e-02
8.60725343e-02
8.21703896e-02
9.73224118e-02
9.50770676e-02
9.61233601e-02
7.94570372e-02
6.97423145e-02
9.80252400e-02
8.45091566e-02
8.89749750e-02
9.05615091e-02
8.41290578e-02
6.37371168e-02
8.50644559e-02
8.73370841e-02
8.64774287e-02
1.11099452e-01
7.08894506e-02
8.12967569e-02
9.73727405e-02
7.39901736e-02
8.82691741e-02
1.02173254e-01
7.92666227e-02
9.12652463e-02
7.67552406e-02
7.79291689e-02
9.19594616e-02
8.69540870e-02
8.73064250e-02
9.71422642e-02
9.03052241e-02
8.73940736e-02
1.03206597e-01
7.85363838e-02
7.50780702e-02
8.99159536e-02
8.30864534e-02
8.56411904e-02
6.98161945e-02
8.50028023e-02
1.00001387e-01
9.98386443e-02
9.94882286e-02
8.81003365e-02
9.26920772e-02
8.79898816e-02
9.05298293e-02
9.41811427e-02
9.85715911e-02
7.62282610e-02
8.73853788e-02
8.65364894e-02
8.94308686e-02
7.72343799e-02
7.80763105e-02
9.55700204e-02
8.17887262e-02
7.47619495e-02
8.44741389e-02
1.12706579e-01
1.04809068e-01
7.59736896e-02
7.34505802e-02
9.11959782e-02
8.22041780e-02
7.99492896e-02
8.43136460e-02
9.11421776e-02
8.68449882e-02
8.76159742e-02
9.11998227e-02
6.81510717e-02
7.31934458e-02
9.08261612e-02
8.75469223e-02
8.06194767e-02
8.79388601e-02
8.64164010e-02
7.46719986e-02
8.28674212e-02
7.20204115e-02
8.03230330e-02
1.00299768e-01
6.30945712e-02
7.69229457e-02
7.46129826e-02
6.49150759e-02
7.93080628e-02
6.39776215e-02
8.94235596e-02
1.07207656e-01
7.17566311e-02
8.61648098e-02
8.12699646e-02
7.95248896e-02
7.53796473e-02
6.25053644e-02
8.55246484e-02
8.18250701e-02
6.48594275e-02
9.04321522e-02
1.04329266e-01
7.02933297e-02
6.46439493e-02
8.81890357e-02
8.55440572e-02
6.86458051e-02
8.32143277e-02
7.37176836e-02
5.66816851e-02
6.88363537e-02
7.19382688e-02
7.74185732e-02
9.82872993e-02
7.01944605e-02
7.13906661e-02
7.34813809e-02
8.31006393e-02
8.98795277e-02
8.49230662e-02
7.61442780e-02
7.46255964e-02
7.85349682e-02
6.59302324e-02
7.49156773e-02
7.34936893e-02
7.60856569e-02
6.76866323e-02
7.70032331e-02
6.51569590e-02
7.77749121e-02
8.38582739e-02
8.36226940e-02
7.63214901e-02
7.07348362e-02
7.20015466e-02
8.87708887e-02
7.41832405e-02
6.12597615e-02
7.93554783e-02
8.85817185e-02
9.53385308e-02
8.80161077e-02
8.01313519e-02
6.71499372e-02
6.49204180e-02
7.01756030e-02
7.02586025e-02
7.86530450e-02
7.21500292e-02
6.59271404e-02
8.42726231e-02
8.71242881e-02
7.46054351e-02
7.58614168e-02
6.75648600e-02
8.56732801e-02
7.20631555e-02
6.38480857e-02
9.82344300e-02
7.40081072e-02
5.96487112e-02
5.47627956e-02
8.58651325e-02
7.64037669e-02
8.08696374e-02
7.96162933e-02
8.51244852e-02
7.69470707e-02
5.94824478e-02
6.60866946e-02
9.89172235e-02
9.86193642e-02
9.24533680e-02
7.04187527e-02
6.85028061e-02
9.70481560e-02
1.09390788e-01
8.05410817e-02
8.92551690e-02
6.44097477e-02
5.97683191e-02
8.99613351e-02
8.39514062e-02
6.27829581e-02
7.75876194e-02
9.62288454e-02
5.99290207e-02
6.51076809e-02
8.07784647e-02
5.89494668e-02
6.41787872e-02
6.81802183e-02
7.01402202e-02
7.29473531e-02
1.00588433e-01
8.95741209e-02
6.00140430e-02
6.60746321e-02
6.74159899e-02
6.56535923e-02
7.61205480e-02
7.83266425e-02
9.78548601e-02
9.43930224e-02
6.98790401e-02
6.39033243e-02
7.46869817e-02
7.94314295e-02
8.43997896e-02
7.75039122e-02
6.21847957e-02
7.66831413e-02
7.03210682e-02
6.55782819e-02
9.33084637e-02
7.62594566e-02
5.93128949e-02
5.66098355e-02
5.32013290e-02
5.29972613e-02
7.19220191e-02
6.94565699e-02
5.56176342e-02
5.92382774e-02
6.33115247e-02
6.60622418e-02
7.05192909e-02
6.46543130e-02
7.08692819e-02
6.66400492e-02
6.32412732e-02
7.74640739e-02
6.95921928e-02
6.98789805e-02
6.92050979e-02
7.31004700e-02
5.62412217e-02
6.22462519e-02
3.45949829e-01
3.90087873e-01
3.25075001e-01
6.23107553e-01
3.51027846e-01
1.78796679e-01
7.12756887e-02
8.81574675e-02
8.26813653e-02
6.90308884e-02
7.47102052e-02
6.06168099e-02
6.44420311e-02
6.04371950e-02
6.36787862e-02
8.08915421e-02
7.22799152e-02
6.01235740e-02
6.80891722e-02
7.06024244e-02
7.00884536e-02
6.29386604e-02
6.06379658e-02
7.55818933e-02
6.68140352e-02
5.59717752e-02
5.44205941e-02
7.81307667e-02
5.75504154e-02
5.43412752e-02
7.71163255e-02
6.94548786e-02
6.21224083e-02
7.73148611e-02
5.99906854e-02
7.29155317e-02
9.43625942e-02
6.79872259e-02
6.35977238e-02
6.90946653e-02
6.68269992e-02
6.50681034e-02
7.61457086e-02
6.69460222e-02
5.86805902e-02
5.65219820e-02
5.85604087e-02
9.99570712e-02
6.84610829e-02
8.04967731e-02
6.76781684e-02
5.34298681e-02
8.33555534e-02
4.06423993e-02
4.63290475e-02
5.96545450e-02
4.87401970e-02
6.27763867e-02
6.47555515e-02
6.58812225e-02
6.06819913e-02
7.25507364e-02
5.22916690e-02
6.86423555e-02
6.47335052e-02
6.78090379e-02
7.34671503e-02
9.01628360e-02
6.87478483e-02
5.52249253e-02
5.75676449e-02
7.27845505e-02
6.89758360e-02
5.42780124e-02
5.82830273e-02
7.18278810e-02
5.79610728e-02
5.55729419e-02
6.68524280e-02
6.82788193e-02
5.52371331e-02
7.56977722e-02
6.81504160e-02
1.13842525e-01
9.18629542e-02
5.17069064e-02
4.94350940e-02
6.62941188e-02
7.57983252e-02
8.05288404e-02
6.60097525e-02
5.99894226e-02
7.01336712e-02
5.86297698e-02
4.59165871e-02
6.32930472e-02
5.11539578e-02
5.95395491e-02
7.37422630e-02
7.95400366e-02
4.54537086e-02
6.05779029e-02
7.22362846e-02
5.71271777e-02
5.47919981e-02
5.69515638e-02
7.23209307e-02
6.74113035e-02
6.08466379e-02
6.93558902e-02
7.48092085e-02
6.80662096e-02
7.52451494e-02
9.59468335e-02
6.62343204e-02
7.02320933e-02
5.69542386e-02
5.50815538e-02
6.38584644e-02
4.90641519e-02
6.64615408e-02
8.82139280e-02
8.62911493e-02
6.80140778e-02
5.67607954e-02
4.09473665e-02
5.75896613e-02
6.18335009e-02
6.30993396e-02
6.81021735e-02
5.99633195e-02
8.27708915e-02
7.03121126e-02
5.04153818e-02
5.21466658e-02
5.32955416e-02
7.68181309e-02
6.91913888e-02
5.74569553e-02
5.40975109e-02
7.51662701e-02
6.30377978e-02
4.67426926e-02
5.27773313e-02
8.15382972e-02
5.44530079e-02
5.51148951e-02
7.49553889e-02
6.96562827e-02
6.59856349e-02
7.12760314e-02
8.36878121e-02
6.26876056e-02
4.46737483e-02
6.17284887e-02
6.24578856e-02
4.61342707e-02
7.22343698e-02
5.54995798e-02
6.01599030e-02
6.52624294e-02
5.70763908e-02
5.97928949e-02
5.90367615e-02
6.85738325e-02
6.49272576e-02
4.95631248e-02
8.17656741e-02
7.85924792e-02
5.63314892e-02
6.84682056e-02
7.48459473e-02
6.22139052e-02
5.62887527e-02
5.96183278e-02
6.99441358e-02
7.04878792e-02
4.90100719e-02
5.42500429e-02
5.92467934e-02
5.18355407e-02
5.60739227e-02
7.58377016e-02
4.89186719e-02
5.58324903e-02
5.81296198e-02
5.17352335e-02
5.33162020e-02
7.22544491e-02
7.25327730e-02
6.06616922e-02
6.75164089e-02
6.63513094e-02
6.95200339e-02
6.50016740e-02
4.86166030e-02
4.20688652e-02
6.11551069e-02
6.39828965e-02
6.87005147e-02
6.01705238e-02
6.49103746e-02
7.20015690e-02
5.23022860e-02
7.12639391e-02
9.18449163e-02
5.92859387e-02
4.87734005e-02
6.24295436e-02
7.02430084e-02
6.13999479e-02
6.72090799e-02
5.76477647e-02
6.86047971e-02
5.98267987e-02
6.40182868e-02
6.86693490e-02
6.64167628e-02
5.94967268e-02
6.17472343e-02
7.47100040e-02
5.66525608e-02
4.62395102e-02
6.13946915e-02
4.24856730e-02
4.98016030e-02
5.32647558e-02
5.39187118e-02
7.82668591e-02
8.38115141e-02
4.47949059e-02
6.48728684e-02
7.63468519e-02
5.59925362e-02
6.91262856e-02
6.26924336e-02
6.16129935e-02
1.25286743e-01
1.35736197e-01
1.04657121e-01
6.58511966e-02
1.09137066e-01
7.70629644e-02
5.92894442e-02
6.85833842e-02
6.77844808e-02
7.93411061e-02
5.39960973e-02
5.19829057e-02
5.69180362e-02
5.80464825e-02
5.24999164e-02
4.00377288e-02
3.94180641e-02
5.00251539e-02
5.09393103e-02
5.26400208e-02
6.82875514e-02
5.55904955e-02
7.55745471e-02
5.39685711e-02
5.55807464e-02
4.73011173e-02
4.41476479e-02
6.43438771e-02
5.64325973e-02
4.97896336e-02
5.53097017e-02
7.45330602e-02
6.20724224e-02
4.93965708e-02
5.65092042e-02
4.85843047e-02
5.71788028e-02
5.31652793e-02
5.05391583e-02
7.53881112e-02
6.43292591e-02
3.70609127e-02
7.56158829e-02
6.40006736e-02
8.82512704e-02
6.20067082e-02
5.44025823e-02
8.07973146e-02
6.91768005e-02
4.63148020e-02
8.10334459e-02
5.06120697e-02
6.01384081e-02
5.05753011e-02
3.72222587e-02
4.76455353e-02
5.08071482e-02
5.44801243e-02
5.13732806e-02
5.87234646e-02
5.60027957e-02
6.37399927e-02
8.46266299e-02
6.01721220e-02
4.51849811e-02
6.51229024e-02
7.13166893e-02
4.84907739e-02
6.36591390e-02
5.72015680e-02
5.14953025e-02
5.03231958e-02
3.42731178e-02
7.51466006e-02
6.08336590e-02
6.65235668e-02
4.71597202e-02
4.35226820e-02
7.27475584e-02
6.77940324e-02
4.87480424e-02
5.10260761e-02
6.32339492e-02
5.89229837e-02
5.33418283e-02
4.97617051e-02
5.03512844e-02
6.02637231e-02
5.84877022e-02
7.06448331e-02
6.29999489e-02
7.84489512e-02
5.64554110e-02
5.14352359e-02
5.59502728e-02
4.49465625e-02
3.15273032e-02
5.81285097e-02
4.82990779e-02
3.95094864e-02
4.74597365e-02
5.36850430e-02
3.52028608e-02
5.73990382e-02
6.03713058e-02
4.28287648e-02
4.68701869e-02
5.34456037e-02
5.78965619e-02
6.71577975e-02
6.73975125e-02
4.68585938e-02
4.75046895e-02
5.86990118e-02
5.25670946e-02
4.99378145e-02
5.32107204e-02
4.58772220e-02
7.25413859e-02
6.49241209e-02
7.00195879e-02
6.47140071e-02
5.55706024e-02
5.38659282e-02
4.04420681e-02
5.04752733e-02
5.35700805e-02
5.12455329e-02
5.64970709e-02
3.78689133e-02
4.28349674e-02
8.07578564e-02
6.10262752e-02
4.58884649e-02
4.85494994e-02
6.09655641e-02
6.76871240e-02
5.49872741e-02
6.58507347e-02
5.92948273e-02
6.25417009e-02
5.51868379e-02
6.22569248e-02
6.89464957e-02
5.24364226e-02
5.27682714e-02
5.79535924e-02
6.10300750e-02
6.27568439e-02
4.81604189e-02
4.63593788e-02
5.39016686e-02
7.10659176e-02
7.17914030e-02
6.13915622e-02
5.91479912e-02
4.18585017e-02
4.29844521e-02
7.07805455e-02
5.04808165e-02
3.55001688e-02
4.61171940e-02
6.16543777e-02
5.84235117e-02
6.53108284e-02
6.35962859e-02
4.35127877e-02
7.45512024e-02
6.52097762e-02
6.96267486e-02
4.47292849e-02
5.17351553e-02
4.34595533e-02
4.56353910e-02
4.11519259e-02
4.51940596e-02
6.08934201e-02
7.32839704e-02
5.42656295e-02
3.93945985e-02
6.93182349e-02
6.55924603e-02
6.52837455e-02
7.86235332e-02
5.47828488e-02
4.61575724e-02
6.19994253e-02
5.66904098e-02
5.57949543e-02
4.59991805e-02
5.00316918e-02
6.13510683e-02
4.68074903e-02
6.21106066e-02
6.74637929e-02
3.36725712e-02
0.00000000e+00
2.25712210e-02
4.36115898e-02
6.77354038e-02
5.29998094e-02
4.38763164e-02
4.92480285e-02
4.70430031e-02
4.39412892e-02
5.99312857e-02
4.24566492e-02
3.88460606e-02
5.07550500e-02
3.52595858e-02
5.29406555e-02
5.35004288e-02
6.29655644e-02
4.93457690e-02
3.10070682e-02
4.89814319e-02
5.53761795e-02
4.82131094e-02
4.29555066e-02
5.87062836e-02
3.88967171e-02
3.93431969e-02
4.94517535e-02
4.03022915e-02
5.05063459e-02
4.70606424e-02
5.30019104e-02
6.26812279e-02
5.59888296e-02
6.25191778e-02
6.67097494e-02
5.60739525e-02
5.14567122e-02
5.96044026e-02
4.89435568e-02
3.57586518e-02
5.17845601e-02
4.91394736e-02
3.10343392e-02
4.82939333e-02
5.48231117e-02
4.03835848e-02
5.65585904e-02
4.71951477e-02
4.22949642e-02
5.43289259e-02
5.96336387e-02
4.37510461e-02
5.08715175e-02
5.92704155e-02
5.24479486e-02
5.32717668e-02
6.20598085e-02
6.13657683e-02
5.17161116e-02
4.51767147e-02
4.76356968e-02
4.52240333e-02
5.89917153e-02
3.84194814e-02
5.29937521e-02
4.47778068e-02
4.57682684e-02
7.34161586e-02
4.81431894e-02
4.16679643e-02
6.24297932e-02
6.81100860e-02
4.82972749e-02
4.31917049e-02
4.91558909e-02
3.56894657e-02
5.06682396e-02
4.41809110e-02
5.02877198e-02
5.23217767e-02
4.86670621e-02
3.24306488e-02
3.42527442e-02
4.45463993e-02
3.38100865e-02
5.35415411e-02
4.07624207e-02
5.94737865e-02
6.31120205e-02
4.48075272e-02
5.30407354e-02
5.61277792e-02
3.85325998e-02
5.57441004e-02
4.16411348e-02
3.82275172e-02
7.38095716e-02
1.19280972e-01
1.05378009e-01
1.26542121e-01
1.16505332e-01
9.09561515e-02
4.34923768e-02
4.13857363e-02
4.41964567e-02
3.00451778e-02
3.88313420e-02
4.52545322e-02
4.34480458e-02
4.26087566e-02
4.80670668e-02
4.10936922e-02
4.66718748e-02
3.17524113e-02
4.19909842e-02
6.21064007e-02
5.04172631e-02
4.67044152e-02
5.34769036e-02
4.39767055e-02
5.62713668e-02
5.72372265e-02
5.78196608e-02
4.23482917e-02
3.31768356e-02
3.94074470e-02
3.62746939e-02
4.48330119e-02
3.96579094e-02
3.16170081e-02
5.65781631e-02
4.65543605e-02
4.13094983e-02
3.48876342e-02
3.34037803e-02
4.71330695e-02
4.55679223e-02
4.08949442e-02
4.27600667e-02
6.20419011e-02
5.85845560e-02
6.98211715e-02
7.55878016e-02
6.54010922e-02
4.87386845e-02
5.32804802e-02
4.90594395e-02
4.37858999e-02
4.96540032e-02
4.43030298e-02
4.08134647e-02
3.88385653e-02
5.24729937e-02
4.96539883e-02
3.58651541e-02
4.41771634e-02
4.04908583e-02
3.42021212e-02
3.29792947e-02
5.07131182e-02
3.53429168e-02
4.35511656e-02
4.99311499e-02
5.22221141e-02
4.32492197e-02
3.48692760e-02
5.16734868e-02
4.17048857e-02
4.07933816e-02
5.27634248e-02
5.07755503e-02
4.29737419e-02
5.08669242e-02
3.78075689e-02
2.52519455e-02
3.44831236e-02
2.78077833e-02
4.23564427e-02
4.82783616e-02
4.66942862e-02
5.32558076e-02
4.15714607e-02
3.13559920e-02
4.76104952e-02
5.49325421e-02
4.44225706e-02
4.48069386e-02
4.92431596e-02
4.74993736e-02
5.15300892e-02
4.81260158e-02
3.98426354e-02
4.52680141e-02
4.27632816e-02
5.79694733e-02
4.89310473e-02
3.90121564e-02
4.73895893e-02
5.66964522e-02
4.00477648e-02
4.06022929e-02
4.20376733e-02
4.67360429e-02
4.98460755e-02
5.59513383e-02
4.93236370e-02
4.81179096e-02
2.69522406e-02
4.00992408e-02
5.13810404e-02
5.07055297e-02
5.02288081e-02
3.63602340e-02
4.58251871e-02
4.56879288e-02
4.29986268e-02
5.41094914e-02
4.58622947e-02
3.72884274e-02
5.34546636e-02
4.72959168e-02
4.44050878e-02
4.78940345e-02
4.02373821e-02
3.88389938e-02
5.10841571e-02
3.54057923e-02
3.33803482e-02
4.15454991e-02
4.03571166e-02
5.16646728e-02
3.70049141e-02
4.54182401e-02
5.66186495e-02
4.84139286e-02
3.21262106e-02
3.22672166e-02
4.02972773e-02
3.61925773e-02
4.00743298e-02
4.77865748e-02
5.20047992e-02
4.42595072e-02
3.50951552e-02
2.60878280e-02
3.50838155e-02
3.62902619e-02
3.62486988e-02
4.14294265e-02
4.25136350e-02
4.24740277e-02
3.56578045e-02
3.19357514e-02
3.01955212e-02
3.86563987e-02
3.86221111e-02
3.14725600e-02
3.96483988e-02
2.82105803e-02
4.70329747e-02
4.39951606e-02
3.53006311e-02
5.44167347e-02
3.66673507e-02
3.57620530e-02
3.44368257e-02
2.97010746e-02
3.53605784e-02
3.37909050e-02
3.31797972e-02
4.73609939e-02
3.43554355e-02
3.44638489e-02
5.55264913e-02
2.81854253e-02
4.16648984e-02
9.72711816e-02
1.22824527e-01
6.33188114e-02
4.01995070e-02
4.29957695e-02
4.18495946e-02
4.13082466e-02
3.81783210e-02
3.82920392e-02
4.09265794e-02
4.67233807e-02
4.57936376e-02
4.12897021e-02
2.69973930e-02
2.98074502e-02
3.57343964e-02
3.58229317e-02
3.71014550e-02
3.21159363e-02
3.66075709e-02
3.90648171e-02
2.49909628e-02
4.41509150e-02
3.41566280e-02
3.30462083e-02
3.82280238e-02
3.82737666e-02
4.17827703e-02
4.93909530e-02
4.85630184e-02
3.82560566e-02
4.44176421e-02
5.61327226e-02
4.88011464e-02
4.19245623e-02
3.76092046e-02
3.44864279e-02
3.61086540e-02
4.25619707e-02
4.42184024e-02
4.20593135e-02
3.51216979e-02
5.37318848e-02
5.20940684e-02
4.28736284e-02
3.70715223e-02
4.54400480e-02
4.15256992e-02
3.86934392e-02
3.25382352e-02
4.12131622e-02
3.97625118e-02
4.35804725e-02
3.94436643e-02
3.34921069e-02
3.74198481e-02
5.20307757e-02
3.66594382e-02
3.48430872e-02
3.36073712e-02
5.54513559e-02
5.80362864e-02
4.04453091e-02
4.65536974e-02
3.85639183e-02
4.25216146e-02
4.68449034e-02
2.96613686e-02
3.23170647e-02
3.90969180e-02
3.36620510e-02
4.13797833e-02
4.09738943e-02
4.07987051e-02
4.01849672e-02
5.13635501e-02
3.95135321e-02
4.07171361e-02
3.31950933e-02
3.54229435e-02
4.11357321e-02
4.58539985e-02
5.42741567e-02
5.71871102e-02
4.01526801e-02
3.05679310e-02
5.28376177e-02
3.83662544e-02
5.35255149e-02
4.45605144e-02
3.87540385e-02
4.82513532e-02
5.70608638e-02
4.26064283e-02
3.63280214e-02
3.61875072e-02
5.00228889e-02
4.48002927e-02
4.42279316e-02
3.77953984e-02
3.60486023e-02
3.50500904e-02
3.20808701e-02
2.50812564e-02
3.90254557e-02
3.14575396e-02
4.77086306e-02
4.29534949e-02
4.37828265e-02
4.01376449e-02
4.21264917e-02
5.60948476e-02
4.68109027e-02
4.98398319e-02
5.46291918e-02
4.22145464e-02
3.62859666e-02
4.05301973e-02
2.84448359e-02
3.28161344e-02
5.25850281e-02
5.07724471e-02
4.08433303e-02
4.14610766e-02
3.83047648e-02
4.42147180e-02
3.70034687e-02
3.60872932e-02
3.06051765e-02
4.41675335e-02
3.90753336e-02
4.38315868e-02
3.39168943e-02
3.06381024e-02
3.29436064e-02
2.61071213e-02
4.68212739e-02
4.68882285e-02
4.33651879e-02
3.85168977e-02
3.32788341e-02
4.01358195e-02
4.35455926e-02
2.92554535e-02
2.61207558e-02
3.86391394e-02
3.26563306e-02
3.53878476e-02
4.48936149e-02
3.42950672e-02
3.16111222e-02
3.62022743e-02
4.18803878e-02
4.63172197e-02
4.93637808e-02
4.51194905e-02
4.48140725e-02
5.42377643e-02
3.49618308e-02
6.28888160e-02
3.63169685e-02
3.42014208e-02
3.38126607e-02
3.99011895e-02
4.44707423e-02
6.39686957e-02
5.45135997e-02
4.29979227e-02
4.24494594e-02
4.68342565e-02
5.27116582e-02
5.04646003e-02
5.78326210e-02
6.17708229e-02
4.20451835e-02
4.49179187e-02
5.69749027e-02
4.23950069e-02
4.80224341e-02
5.35651706e-02
3.98341492e-02
3.10608502e-02
5.23777194e-02
3.87153439e-02
3.70215662e-02
3.52120623e-02
3.65792289e-02
3.83556969e-02
3.81068625e-02
4.21072431e-02
4.49409038e-02
3.99633534e-02
4.79978956e-02
7.03765228e-02
6.56346157e-02
5.62195219e-02
4.52612936e-02
3.98285277e-02
4.01916318e-02
3.73560190e-02
5.67870922e-02
3.77894007e-02
5.38434237e-02
4.35178988e-02
3.62606309e-02
4.63242345e-02
3.76054533e-02
5.70698939e-02
3.88834253e-02
4.26940285e-02
4.85194474e-02
4.89233173e-02
6.09018803e-02
3.55927348e-02
5.43717481e-02
4.22531962e-02
3.94579470e-02
4.99514639e-02
3.99237759e-02
4.14424799e-02
3.12837400e-02
4.02516797e-02
4.42724749e-02
4.26332057e-02
3.86792421e-02
3.56276929e-02
5.82539812e-02
4.66019921e-02
4.02970165e-02
3.83106992e-02
4.34845760e-02
3.54823321e-02
4.22380380e-02
5.30869812e-02
3.65652740e-02
4.13920656e-02
4.37763147e-02
3.78585085e-02
4.01898548e-02
3.87764685e-02
3.02429721e-02
3.21029164e-02
4.43203188e-02
3.53796743e-02
2.88299285e-02
3.84213626e-02
4.67272550e-02
4.45077978e-02
4.42247912e-02
4.70711142e-02
3.26415114e-02
3.30014080e-02
4.81295623e-02
2.51745414e-02
3.19647118e-02
3.78019810e-02
3.27912532e-02
3.92553248e-02
4.47672680e-02
4.10629474e-02
4.31364253e-02
4.55689579e-02
5.80474623e-02
3.90096530e-02
4.06419486e-02
5.40720932e-02
3.52816544e-02
4.79811840e-02
4.56683598e-02
4.11409028e-02
3.37526910e-02
3.97955552e-02
4.95061912e-02
3.58745940e-02
4.40035239e-02
4.63743880e-02
3.58547159e-02
3.54906730e-02
3.40588056e-02
3.53676267e-02
3.65475528e-02
2.69510001e-02
3.48661579e-02
4.58171405e-02
4.18181568e-02
4.47851941e-02
3.10666952e-02
4.16485816e-02
3.57445106e-02
3.04939523e-02
3.79827507e-02
3.63505892e-02
3.82482819e-02
3.11014038e-02
3.67514640e-02
4.20031734e-02
4.03931141e-02
3.65247726e-02
3.81235480e-02
3.47786918e-02
3.55440453e-02
5.03410175e-02
4.47676964e-02
3.25706117e-02
4.03962359e-02
4.20762971e-02
3.44060473e-02
3.70237976e-02
3.72871123e-02
2.77002398e-02
4.17953506e-02
3.94708924e-02
3.72256562e-02
4.32458483e-02
4.40270193e-02
3.43604907e-02
3.74510325e-02
4.36440036e-02
3.88144106e-02
4.31149118e-02
4.33044806e-02
3.95761617e-02
4.02860940e-02
4.93121557e-02
4.67542633e-02
2.95026768e-02
4.49964181e-02
3.45578529e-02
3.91005278e-02
4.21818197e-02
3.98849919e-02
4.60292883e-02
5.28916046e-02
4.47692350e-02
3.84281017e-02
3.85037214e-02
3.62986699e-02
3.82515118e-02
3.47262211e-02
5.25983088e-02
4.32872362e-02
3.60448360e-02
4.40829173e-02
4.62655947e-02
3.89576592e-02
3.74882333e-02
2.84244660e-02
3.75884809e-02
3.49897034e-02
3.01620997e-02
4.10857126e-02
4.05190922e-02
3.81175615e-02
4.24928889e-02
3.49778980e-02
3.38647105e-02
3.76451872e-02
4.09905501e-02
4.36420664e-02
3.97961400e-02
3.15912068e-02
3.22054289e-02
4.33827341e-02
4.53181341e-02
3.54649909e-02
4.03025411e-02
3.79369371e-02
3.99474278e-02
5.76157644e-02
3.64935547e-02
3.57335508e-02
4.90523539e-02
3.68585959e-02
3.64227705e-02
4.19245921e-02
4.46501598e-02
3.87936607e-02
4.25142087e-02
4.50256988e-02
3.62140797e-02
3.97286452e-02
3.77345122e-02
3.54686975e-02
3.24784294e-02
3.04682720e-02
3.47598121e-02
4.11357023e-02
4.10314687e-02
4.37977761e-02
3.10116652e-02
3.41200307e-02
5.50122000e-02
4.61599454e-02
3.63597758e-02
4.08009402e-02
3.71011235e-02
3.69491950e-02
3.91442180e-02
3.69932428e-02
4.73976322e-02
4.19615917e-02
2.98452433e-02
3.24563757e-02
4.68446277e-02
5.64468801e-02
4.17070836e-02
3.41662131e-02
3.44220214e-02
3.65399569e-02
4.28630374e-02
3.92901413e-02
3.22507136e-02
3.47523242e-02
3.91809605e-02
3.30666304e-02
4.18686308e-02
4.41503637e-02
3.51884365e-02
3.65626551e-02
3.87059785e-02
4.47452888e-02
4.57360856e-02
4.34635840e-02
2.62492411e-02
4.11300883e-02
7.18448311e-02
5.19513451e-02
6.55280873e-02
5.64380400e-02
6.25971481e-02
6.37072623e-02
5.43406606e-02
4.64308970e-02
4.04392369e-02
4.20254432e-02
4.82081100e-02
3.48637737e-02
4.19809483e-02
3.38874497e-02
3.30560207e-02
3.20822373e-02
2.97237244e-02
3.59329283e-02
4.11323719e-02
4.04173769e-02
2.90898588e-02
5.25221527e-02
7.47515857e-02
7.15637133e-02
9.34916586e-02
7.45257959e-02
3.49462256e-02
4.60888743e-02
6.48602545e-02
6.00079447e-02
3.52061205e-02
4.04478610e-02
3.57872993e-02
3.58068757e-02
3.53224836e-02
4.33986597e-02
4.23678346e-02
3.87427323e-02
2.90043522e-02
3.83348167e-02
3.80483195e-02
4.62113544e-02
4.19546552e-02
3.56819220e-02
3.56483832e-02
6.18813559e-02
5.60425669e-02
5.90793639e-02
5.67458086e-02
4.52139638e-02
4.01211791e-02
3.01512349e-02
4.22515981e-02
3.72714959e-02
4.45698686e-02
5.59269637e-02
4.83850986e-02
4.11321297e-02
3.17298472e-02
4.35567088e-02
7.32090622e-02
7.52423555e-02
8.16488266e-02
5.06785251e-02
3.55163515e-02
3.74692455e-02
3.49812582e-02
2.79871952e-02
3.54338251e-02
2.51225717e-02
3.94722223e-02
6.27628267e-02
4.67196330e-02
3.26251350e-02
4.30522822e-02
3.86736393e-02
3.86113860e-02
5.34909703e-02
5.12312204e-02
6.77125081e-02
4.42901477e-02
3.49928774e-02
2.80754305e-02
3.24677192e-02
3.21593992e-02
3.03237252e-02
4.59625460e-02
3.37727629e-02
3.46457139e-02
3.25220414e-02
3.93521860e-02
4.63210903e-02
4.32112962e-02
4.13069054e-02
3.00293081e-02
4.79790866e-02
4.19437997e-02
4.78617065e-02
4.76175696e-02
4.57163006e-02
3.96454744e-02
3.66796330e-02
3.42455953e-02
3.24546546e-02
4.18769047e-02
3.40553448e-02
3.48035283e-02
2.33902745e-02
3.30754295e-02
3.75239030e-02
3.06857247e-02
3.44592109e-02
4.51421849e-02
3.43123078e-02
3.36215794e-02
3.43333334e-02
3.63501012e-02
2.41121612e-02
3.75348367e-02
3.50132287e-02
2.66545229e-02
3.15741859e-02
3.67580839e-02
3.17436941e-02
3.28145176e-02
3.45347635e-02
2.89480966e-02
3.72525789e-02
3.37388776e-02
4.04192805e-02
3.73510942e-02
3.72079052e-02
3.60801294e-02
4.24463302e-02
4.51584198e-02
5.10600582e-02
3.07896622e-02
2.80043464e-02
3.49071473e-02
3.13675888e-02
3.73492129e-02
3.50593217e-02
3.19548398e-02
4.74690944e-02
4.65659127e-02
4.64926586e-02
3.50110307e-02
4.48431894e-02
3.59409414e-02
3.92939895e-02
4.29833755e-02
2.26738043e-02
2.58573107e-02
3.43069099e-02
3.01980339e-02
2.98741274e-02
3.49353515e-02
3.38005945e-02
3.50841954e-02
3.01939696e-02
3.85056138e-02
2.70031020e-02
4.13898155e-02
4.40858938e-02
3.07183638e-02
4.01698314e-02
2.66268663e-02
4.02004346e-02
4.90694232e-02
4.43748236e-02
3.74903940e-02
4.96291481e-02
5.22588119e-02
6.16570003e-02
4.01607417e-02
2.66765021e-02
3.55569869e-02
4.51369025e-02
3.33042219e-02
3.46445702e-02
3.43636461e-02
3.60642076e-02
2.97955386e-02
3.63433138e-02
3.77403796e-02
3.48041579e-02
3.35582979e-02
3.46162096e-02
3.61719802e-02
4.16814275e-02
3.25368941e-02
3.56326550e-02
3.62970866e-02
3.78360264e-02
4.26219255e-02
5.28151356e-02
4.48346213e-02
4.18797582e-02
4.14820351e-02
3.43581438e-02
3.41207609e-02
3.59809399e-02
3.77215631e-02
3.70127745e-02
4.26910818e-02
4.20161374e-02
3.69875878e-02
3.70457657e-02
4.10420224e-02
4.24143858e-02
4.32774127e-02
5.95758073e-02
5.01203947e-02
1.03427380e-01
4.60785516e-02
7.22241774e-02
5.18294163e-02
6.51879758e-02
6.94287941e-02
4.01684120e-02
5.21278754e-02
3.18342298e-02
3.90034951e-02
3.24985571e-02
3.87716144e-02
3.95536050e-02
4.05476242e-02
5.00827134e-02
7.30179846e-02
5.84843382e-02
5.35377637e-02
3.80464084e-02
4.85245772e-02
4.39224429e-02
5.04908413e-02
2.96684895e-02
3.13324034e-02
4.55648005e-02
4.10974771e-02
3.82303782e-02
3.30013819e-02
3.48729677e-02
3.24534811e-02
4.52223383e-02
2.30942257e-02
4.50193100e-02
4.71234731e-02
3.86378579e-02
4.12121601e-02
3.13990563e-02
3.49758118e-02
3.15837637e-02
4.48819883e-02
4.39546965e-02
3.11737116e-02
3.06112468e-02
2.97533274e-02
3.14002186e-02
3.42079513e-02
3.88238318e-02
3.78152616e-02
4.06113490e-02
4.05008383e-02
4.11736406e-02
3.48250829e-02
3.10267694e-02
3.32950018e-02
3.38730514e-02
4.17392775e-02
3.71742882e-02
3.54325101e-02
4.17536274e-02
3.81185338e-02
3.73985954e-02
4.32217903e-02
5.85329682e-02
5.91365546e-02
6.71308711e-02
9.00238231e-02
6.01683222e-02
3.92476991e-02
4.34009023e-02
5.36258705e-02
3.74271944e-02
3.25545445e-02
4.31262739e-02
2.82768831e-02
2.95603517e-02
4.51952703e-02
4.31846268e-02
3.13181058e-02
3.46029252e-02
3.76432464e-02
3.53357531e-02
3.77480909e-02
4.44407426e-02
6.63871244e-02
8.64520296e-02
6.06202446e-02
4.72613536e-02
4.10840549e-02
4.40594107e-02
3.76497023e-02
3.39133292e-02
4.14078087e-02
3.38525809e-02
3.43255475e-02
3.49264853e-02
3.08533814e-02
2.94320639e-02
3.91501635e-02
4.57688868e-02
3.22416574e-02
3.34627628e-02
3.16853337e-02
3.31897885e-02
3.00716944e-02
3.86363007e-02
3.77306491e-02
3.29754502e-02
4.68743928e-02
4.95431684e-02
6.27781525e-02
5.36229871e-02
4.74090278e-02
2.12497544e-02
2.39614770e-02
3.13614421e-02
3.93161587e-02
3.72868218e-02
4.84084822e-02
5.55555820e-02
3.69602107e-02
3.97460423e-02
4.05097008e-02
5.33357896e-02
5.60308844e-02
8.67700726e-02
8.63401890e-02
6.45342618e-02
3.75496186e-02
3.96553986e-02
3.01979147e-02
3.07041388e-02
3.11050378e-02
3.45534161e-02
3.96658257e-02
3.89911607e-02
4.34867740e-02
3.79479676e-02
3.07181049e-02
3.39355133e-02
5.72372787e-02
7.31530488e-02
8.05098787e-02
7.83575252e-02
5.76374531e-02
4.96504605e-02
5.36821410e-02
4.44233976e-02
4.30363640e-02
4.07222100e-02
5.02794608e-02
6.78346679e-02
4.16205414e-02
5.43486662e-02
4.28659134e-02
3.98339480e-02
3.88637707e-02
4.15433720e-02
4.12066691e-02
3.78699414e-02
2.90490314e-02
3.40852737e-02
4.31968793e-02
5.03545664e-02
6.58537149e-02
3.57057489e-02
3.25106308e-02
2.76136696e-02
3.67346145e-02
2.95441225e-02
3.25832590e-02
3.15838121e-02
3.84804048e-02
4.71232533e-02
8.17136988e-02
1.04116350e-01
1.11055948e-01
6.67848364e-02
5.52465804e-02
4.24193628e-02
4.14087735e-02
5.07205352e-02
3.17732282e-02
3.60888503e-02
3.54276486e-02
5.85050322e-02
4.96338829e-02
3.73635180e-02
3.45811993e-02
3.64116579e-02
2.59279888e-02
2.89239734e-02
3.04986555e-02
4.34770696e-02
4.55897078e-02
4.51498143e-02
3.22199352e-02
3.04240808e-02
2.93578114e-02
2.18478125e-02
2.78401580e-02
3.36739048e-02
7.80429691e-02
7.20367804e-02
4.74791676e-02
7.24015534e-02
3.72784771e-02
2.33829226e-02
3.61513272e-02
4.06022444e-02
4.25005816e-02
4.06133495e-02
3.27950604e-02
4.35782261e-02
2.86799576e-02
3.40078175e-02
3.99770737e-02
5.01850136e-02
6.20648153e-02
8.14199448e-02
8.07863474e-02
5.31741753e-02
4.04736511e-02
3.15409750e-02
2.79295072e-02
2.84904931e-02
2.66605373e-02
3.26062664e-02
4.00692113e-02
7.79628009e-02
7.60924891e-02
4.51152474e-02
5.17626517e-02
5.33144064e-02
4.54399884e-02
5.71130477e-02
6.86430633e-02
9.69417989e-02
5.01534268e-02
5.37242666e-02
2.73417756e-02
2.26055533e-02
3.87986861e-02
3.54766659e-02
2.32387166e-02
2.93702167e-02
3.42621878e-02
2.93783788e-02
3.78109775e-02
3.54506746e-02
3.10625937e-02
2.54976954e-02
2.99923513e-02
4.01178040e-02
3.37061584e-02
2.58200821e-02
4.04885262e-02
4.98009622e-02
4.31751758e-02
3.22827473e-02
2.58511379e-02
2.39793696e-02
2.59715375e-02
2.70443801e-02
2.80477926e-02
2.93632708e-02
3.14712524e-02
3.47877480e-02
2.88614295e-02
3.29608507e-02
3.42189856e-02
3.05513181e-02
3.34100090e-02
3.82608064e-02
3.70917879e-02
3.35608162e-02
2.88231373e-02
2.99293976e-02
3.40600014e-02
3.00003998e-02
4.23291214e-02
3.31664234e-02
2.62043756e-02
2.82634329e-02
3.50305811e-02
3.11743487e-02
3.04669645e-02
3.06190923e-02
3.25743854e-02
2.81593408e-02
2.92957425e-02
3.03451736e-02
2.54122093e-02
2.77330428e-02
3.24332230e-02
3.25398259e-02
3.21951881e-02
3.62094641e-02
3.45567763e-02
3.53737436e-02
3.36691402e-02
2.35770866e-02
2.73180567e-02
2.48208754e-02
3.82782146e-02
3.30879018e-02
2.78685372e-02
2.64121853e-02
3.15891169e-02
3.23841572e-02
3.16224247e-02
2.92711426e-02
2.38886848e-02
2.60628331e-02
3.44430618e-02
3.15753147e-02
3.76792066e-02
3.23902629e-02
2.68012136e-02
2.65890807e-02
2.64885090e-02
3.67639475e-02
5.19123301e-02
4.41176519e-02
2.97336522e-02
3.54184397e-02
4.02133651e-02
3.40569355e-02
2.60368865e-02
2.74948552e-02
3.12033165e-02
2.82946508e-02
3.35611403e-02
3.83472666e-02
3.50345485e-02
3.06953900e-02
3.01772561e-02
3.46635692e-02
3.19451205e-02
2.49715243e-02
2.13634558e-02
2.89633013e-02
3.14249881e-02
3.33329365e-02
2.89928038e-02
3.76217365e-02
2.85796858e-02
2.58987881e-02
3.39567922e-02
2.98170224e-02
3.78517509e-02
3.44226807e-02
2.88379639e-02
2.51306240e-02
2.74539776e-02
3.33171263e-02
2.32295636e-02
3.08898855e-02
2.82731261e-02
3.14870290e-02
4.29917797e-02
3.22253034e-02
2.99588852e-02
3.26623023e-02
3.00815422e-02
2.89704278e-02
3.69629338e-02
3.06455921e-02
2.54430398e-02
3.51350009e-02
3.67844217e-02
5.61863519e-02
5.67733794e-02
4.76972423e-02
5.24176024e-02
4.76798713e-02
4.14659977e-02
6.18654564e-02
5.79317026e-02
3.32822204e-02
5.79788461e-02
6.08681440e-02
4.28955145e-02
4.65153791e-02
4.62852903e-02
3.73236388e-02
4.10560369e-02
4.12731618e-02
4.46214899e-02
3.78198586e-02
2.63459198e-02
3.11911535e-02
2.40411591e-02
2.77538206e-02
2.67565381e-02
2.69301850e-02
3.29164602e-02
3.56081426e-02
3.55752148e-02
3.15643661e-02
3.27096172e-02
3.84520330e-02
2.60684714e-02
2.98305340e-02
5.99243715e-02
9.95995328e-02
2.15460837e-01
1.70832217e-01
8.89160708e-02
4.79722396e-02
5.45255803e-02
7.32461810e-02
5.76314479e-02
2.86352616e-02
2.36470196e-02
2.94373352e-02
3.87970321e-02
3.36719416e-02
2.86836270e-02
3.40367258e-02
3.62925082e-02
2.96997130e-02
3.34684178e-02
2.35069655e-02
4.09302525e-02
4.42112200e-02
4.17098552e-02
4.15954702e-02
2.45686155e-02
3.00920662e-02
2.85999663e-02
2.89233197e-02
4.87693734e-02
8.52747858e-02
1.20438352e-01
9.30986032e-02
7.94362202e-02
3.72821316e-02
2.36196797e-02
2.74126269e-02
3.96003723e-02
3.74472626e-02
6.44567087e-02
5.41256815e-02
6.37871698e-02
3.65984850e-02
3.37197930e-02
2.30239518e-02
4.67367880e-02
1.19681075e-01
1.36481196e-01
1.23110004e-01
1.10745996e-01
5.26129566e-02
2.68075392e-02
2.67781802e-02
2.36418173e-02
3.04606408e-02
2.46152673e-02
3.03229820e-02
4.23762053e-02
4.57273945e-02
5.40605336e-02
4.46962453e-02
2.69644167e-02
2.67819390e-02
3.68160792e-02
9.20187309e-02
7.89262801e-02
9.22632515e-02
5.95742986e-02
3.06494795e-02
2.64297482e-02
2.88278796e-02
2.06544586e-02
3.01302522e-02
3.17988805e-02
2.56082900e-02
2.32718661e-02
2.62863003e-02
3.48329619e-02
3.38284224e-02
5.19941077e-02
4.06814441e-02
2.64219306e-02
2.47724541e-02
3.02201435e-02
2.62442939e-02
5.17412163e-02
8.52068886e-02
4.08240557e-02
4.17222790e-02
3.01512592e-02
2.93658394e-02
2.44628955e-02
2.36242935e-02
2.96726078e-02
2.98690945e-02
2.65264343e-02
2.70753745e-02
2.98800785e-02
2.01710537e-02
2.73729842e-02
2.52694990e-02
3.17937881e-02
3.53147425e-02
4.05811295e-02
3.03225238e-02
3.31879519e-02
2.83138473e-02
3.22335698e-02
5.12950309e-02
4.96137515e-02
2.12958418e-02
2.99405530e-02
2.78146286e-02
2.28119679e-02
2.74154767e-02
3.16391364e-02
2.27312241e-02
2.78695561e-02
2.51154006e-02
2.82365941e-02
2.85104550e-02
2.79945042e-02
2.73924395e-02
2.36900728e-02
2.31434256e-02
2.69025397e-02
2.93499790e-02
2.27221251e-02
2.91391108e-02
2.53766906e-02
2.41323262e-02
2.99709830e-02
3.35071087e-02
3.37361172e-02
2.72777006e-02
3.07044908e-02
2.76658740e-02
3.01228408e-02
2.67140381e-02
2.12014597e-02
3.23731117e-02
2.60040145e-02
3.09120174e-02
3.28961015e-02
4.19257060e-02
4.07410860e-02
4.64295931e-02
4.59363386e-02
5.68938032e-02
5.35151288e-02
4.35600840e-02
5.15574627e-02
5.14375903e-02
3.62904519e-02
3.98279615e-02
4.01474833e-02
2.20365860e-02
3.32969539e-02
4.12153266e-02
4.20614854e-02
3.64992805e-02
4.00538668e-02
4.22202796e-02
4.38885316e-02
5.15399054e-02
3.75493690e-02
3.93399484e-02
4.57786657e-02
3.29851843e-02
4.38505635e-02
4.03832197e-02
3.48770767e-02
4.42321673e-02
4.02082317e-02
4.18192334e-02
3.90160717e-02
2.86677759e-02
2.66649183e-02
2.84047909e-02
2.46604402e-02
2.51729023e-02
2.70950310e-02
2.56351419e-02
3.05122212e-02
2.81778499e-02
2.91548520e-02
3.48232538e-02
3.25159654e-02
2.39244215e-02
2.82952730e-02
2.47483663e-02
2.06118152e-02
3.15082110e-02
2.52262745e-02
2.58661769e-02
2.75544543e-02
1.94630716e-02
2.23571211e-02
2.44933721e-02
2.74019744e-02
2.95715071e-02
2.84415483e-02
2.90002506e-02
2.68148724e-02
2.75701843e-02
2.54478864e-02
2.54960414e-02
2.83281896e-02
3.25491950e-02
3.23056243e-02
2.50451565e-02
2.62156017e-02
4.34324518e-02
5.88158220e-02
8.20463523e-02
8.14247951e-02
6.54368848e-02
5.95156550e-02
1.00081980e-01
5.97714111e-02
5.34617119e-02
7.14633092e-02
9.35550258e-02
1.61720946e-01
1.09168120e-01
4.86146472e-02
2.78821811e-02
3.70659716e-02
2.84931958e-02
6.96016178e-02
4.31456938e-02
3.00707035e-02
2.03044564e-02
2.69354749e-02
2.34456882e-02
2.18718089e-02
2.48561166e-02
3.67852785e-02
2.72790678e-02
2.50425152e-02
3.04974820e-02
2.72782054e-02
2.95054000e-02
2.28906609e-02
2.85766125e-02
9.46999565e-02
1.41347259e-01
1.89333856e-01
1.60081640e-01
1.02675132e-01
5.00556678e-02
7.13274479e-02
8.95420685e-02
5.26349172e-02
4.05554920e-02
2.63013411e-02
2.80958060e-02
3.02859265e-02
4.17584479e-02
4.37077545e-02
3.24135907e-02
2.62376163e-02
2.47038342e-02
2.54995674e-02
2.50833519e-02
2.61364691e-02
3.78368124e-02
6.38743117e-02
5.13512082e-02
3.91282476e-02
2.62412522e-02
3.00053507e-02
3.02370954e-02
3.36681083e-02
5.08040115e-02
1.02862194e-01
1.74654901e-01
8.18315074e-02
7.49213696e-02
2.60133743e-02
2.26709526e-02
2.61068661e-02
2.37317774e-02
4.50062305e-02
7.48403370e-02
1.17516689e-01
6.70638755e-02
3.90125811e-02
2.58642007e-02
2.62213275e-02
3.19801085e-02
7.39523992e-02
1.53110355e-01
1.55138314e-01
1.10528402e-01
5.31160980e-02
2.33102795e-02
3.21063995e-02
2.73401774e-02
2.39764359e-02
2.55144890e-02
2.78154854e-02
3.01042981e-02
4.09445092e-02
7.87224397e-02
7.57524446e-02
4.46085557e-02
2.00828444e-02
3.81701179e-02
4.66722064e-02
8.24296251e-02
1.41316921e-01
1.27411574e-01
1.01970479e-01
3.10979132e-02
2.48271748e-02
2.77424064e-02
2.35299785e-02
2.46141553e-02
2.73641478e-02
3.43618430e-02
2.38457657e-02
2.76990552e-02
2.86291707e-02
3.46499868e-02
5.83406948e-02
8.74566510e-02
4.05555405e-02
3.45673785e-02
4.13848609e-02
2.98202336e-02
5.92165738e-02
8.67499188e-02
7.38982856e-02
