1.74661100e+00
1.76256263e+00
1.63117385e+00
1.73367500e+00
1.81838632e+00
1.80677521e+00
1.82645106e+00
1.84534204e+00
1.83620632e+00
1.85320401e+00
1.85805154e+00
1.79755318e+00
1.79620063e+00
1.85408878e+00
1.86017334e+00
1.87111092e+00
1.86005032e+00
1.83876061e+00
1.81397796e+00
1.87286830e+00
1.82959235e+00
1.82745302e+00
1.89034247e+00
1.83287418e+00
1.82685304e+00
1.80598819e+00
1.84661806e+00
1.85329831e+00
1.82812071e+00
1.85631561e+00
1.84517789e+00
1.83373618e+00
1.80926025e+00
1.77993250e+00
1.78804564e+00
1.79007912e+00
1.72746921e+00
1.72914028e+00
1.71890295e+00
1.70282626e+00
1.73730278e+00
1.70145631e+00
1.69828796e+00
1.66311371e+00
1.59207153e+00
1.63630128e+00
1.65976655e+00
1.67062378e+00
1.74455845e+00
1.69885099e+00
1.78297782e+00
1.76777780e+00
1.77855277e+00
1.83458555e+00
1.78794956e+00
1.78562713e+00
1.90349972e+00
1.86227500e+00
1.87375617e+00
1.86986268e+00
1.76398313e+00
1.85736275e+00
1.90689182e+00
1.87019932e+00
1.89928138e+00
1.89869571e+00
1.85143888e+00
1.83569145e+00
1.84271669e+00
1.88324273e+00
1.91013062e+00
1.87601101e+00
1.84730005e+00
1.87242770e+00
1.89090729e+00
1.85776031e+00
1.86687374e+00
1.83002257e+00
1.81940281e+00
1.84823143e+00
1.87562585e+00
1.81187809e+00
1.79078925e+00
1.81895053e+00
1.86793578e+00
1.82315886e+00
1.81824315e+00
1.75057948e+00
1.70905817e+00
1.71720707e+00
1.71008754e+00
1.74167085e+00
1.72153437e+00
1.64362371e+00
1.66896689e+00
1.64363742e+00
1.59008574e+00
1.56854939e+00
1.57763970e+00
1.57260120e+00
1.53963685e+00
1.50440490e+00
1.43408060e+00
1.42824149e+00
1.40634191e+00
1.42739570e+00
1.46238244e+00
1.50877130e+00
1.53753030e+00
1.54447818e+00
1.58469260e+00
1.64018178e+00
1.64901400e+00
1.67078972e+00
1.73895144e+00
1.71689487e+00
1.72682345e+00
1.78679049e+00
1.78163278e+00
1.75948524e+00
1.77440608e+00
1.79958892e+00
1.78981352e+00
1.77057564e+00
1.79196966e+00
1.82965052e+00
1.87015259e+00
1.86037970e+00
1.83931541e+00
1.88944554e+00
1.87628210e+00
1.83096719e+00
1.89927733e+00
1.87668180e+00
1.84509981e+00
1.86708093e+00
1.89352810e+00
1.85882354e+00
1.85213292e+00
1.86576474e+00
1.89256644e+00
1.87648582e+00
1.87178278e+00
1.86675262e+00
1.86220765e+00
1.85696864e+00
1.86558044e+00
1.83972144e+00
1.86020267e+00
1.89698386e+00
1.82685673e+00
1.85017300e+00
1.84932029e+00
1.80440462e+00
1.83739805e+00
1.86919367e+00
1.83857751e+00
1.83004737e+00
1.86145234e+00
1.85631990e+00
1.80589390e+00
1.86412632e+00
1.83532012e+00
1.83693445e+00
1.83146572e+00
1.80646157e+00
1.82119477e+00
1.82383883e+00
1.83005011e+00
1.76442873e+00
1.75370300e+00
1.73677099e+00
1.74995422e+00
1.75126076e+00
1.66864133e+00
1.69384730e+00
1.73863626e+00
1.65867376e+00
1.65456748e+00
1.65972710e+00
1.64663935e+00
1.64010322e+00
1.65464056e+00
1.58116782e+00
1.55324423e+00
1.55758524e+00
1.51360691e+00
1.48431396e+00
1.42470586e+00
1.34933066e+00
1.30787015e+00
1.24889588e+00
1.20711052e+00
1.14868987e+00
1.14510465e+00
1.22048438e+00
1.28810430e+00
1.30806661e+00
1.38572443e+00
1.42916262e+00
1.48729622e+00
1.52774763e+00
1.51483929e+00
1.59863138e+00
1.63571405e+00
1.59519875e+00
1.62351203e+00
1.68448555e+00
1.66098142e+00
1.65308785e+00
1.64521456e+00
1.69432151e+00
1.73194754e+00
1.70165932e+00
1.78100097e+00
1.78562808e+00
1.76304376e+00
1.75757480e+00
1.76126182e+00
1.85770297e+00
1.81450164e+00
1.80647790e+00
1.82236207e+00
1.80920708e+00
1.83424294e+00
1.80685067e+00
1.81131494e+00
1.83766913e+00
1.84237945e+00
1.83906066e+00
1.83306885e+00
1.88312232e+00
1.90575778e+00
1.86417413e+00
1.88762033e+00
1.88175786e+00
1.85780632e+00
1.89074945e+00
1.89392304e+00
1.89615166e+00
1.90166283e+00
1.86165214e+00
1.86134851e+00
1.89465702e+00
1.92065740e+00
1.87538731e+00
1.86978245e+00
1.91333985e+00
1.88658011e+00
1.85730529e+00
1.87246883e+00
1.89419889e+00
1.88544500e+00
1.88034487e+00
1.87945831e+00
1.87881279e+00
1.87480032e+00
1.90496337e+00
1.88112998e+00
1.86841714e+00
1.88107264e+00
1.87800515e+00
1.91324103e+00
1.91186762e+00
1.87824523e+00
1.91896093e+00
1.88811791e+00
1.87972176e+00
1.88853121e+00
1.89573491e+00
1.91120887e+00
1.89670014e+00
1.86993921e+00
1.89571810e+00
1.89153934e+00
1.87033534e+00
1.88098145e+00
1.86416984e+00
1.88067985e+00
1.90474916e+00
1.90187383e+00
1.89286780e+00
1.87208200e+00
1.88296938e+00
1.89494228e+00
1.87035668e+00
1.87931156e+00
1.84951568e+00
1.84693122e+00
1.86510527e+00
1.86675572e+00
1.84682214e+00
1.85450172e+00
1.84676909e+00
1.84129822e+00
1.81825101e+00
1.83278751e+00
1.81176782e+00
1.81672859e+00
1.80420220e+00
1.79703987e+00
1.79024529e+00
1.78337610e+00
1.78626382e+00
1.78531563e+00
1.81613183e+00
1.79638553e+00
1.80125272e+00
1.74360871e+00
1.72021031e+00
1.72993863e+00
1.68560636e+00
1.72134519e+00
1.71902001e+00
1.68956935e+00
1.64765739e+00
1.67816651e+00
1.65983248e+00
1.63675094e+00
1.62708151e+00
1.60800505e+00
1.56291533e+00
1.57742226e+00
1.54666710e+00
1.48896885e+00
1.47194541e+00
1.44492400e+00
1.38367701e+00
1.34965134e+00
1.31978905e+00
1.31790519e+00
1.24526811e+00
1.13863969e+00
1.05944312e+00
9.53850389e-01
9.33081090e-01
1.00016046e+00
1.04399550e+00
1.12773848e+00
1.19845974e+00
1.26851201e+00
1.32587802e+00
1.33616722e+00
1.34974313e+00
1.44419837e+00
1.45828998e+00
1.48040688e+00
1.50633502e+00
1.53220105e+00
1.54215789e+00
1.58998299e+00
1.59843647e+00
1.61653638e+00
1.63270497e+00
1.62832963e+00
1.65854013e+00
1.63231742e+00
1.64768803e+00
1.70327735e+00
1.68982673e+00
1.69572818e+00
1.75619543e+00
1.73397470e+00
1.75269353e+00
1.73474300e+00
1.72483313e+00
1.72333622e+00
1.77364230e+00
1.77233458e+00
1.76930571e+00
1.75879633e+00
1.77538109e+00
1.78246248e+00
1.75378609e+00
1.77180231e+00
1.82960355e+00
1.79103827e+00
1.79371011e+00
1.84159148e+00
1.82810366e+00
1.80025756e+00
1.78063655e+00
1.82437813e+00
1.82987463e+00
1.82713890e+00
1.82801509e+00
1.83077788e+00
1.81556129e+00
1.84069276e+00
1.85333121e+00
1.83488703e+00
1.85293937e+00
1.83394372e+00
1.82352543e+00
1.82810462e+00
1.83691716e+00
1.85792303e+00
1.84573519e+00
1.82075191e+00
1.83660376e+00
1.84913969e+00
1.86753929e+00
1.86318612e+00
1.86497009e+00
1.86268747e+00
1.85561466e+00
1.84828317e+00
1.84519315e+00
1.83248079e+00
1.85190094e+00
1.86036277e+00
1.87075531e+00
1.87586331e+00
1.86336088e+00
1.86775613e+00
1.85558283e+00
1.85570741e+00
1.84234560e+00
1.83725953e+00
1.82816195e+00
1.83169746e+00
1.86894870e+00
1.85484743e+00
1.85291135e+00
1.85972071e+00
1.86424828e+00
1.85801661e+00
1.86407983e+00
1.84783876e+00
1.82884729e+00
1.86131775e+00
1.84203434e+00
1.82028508e+00
1.84102178e+00
1.87103999e+00
1.87875009e+00
1.84448481e+00
1.83635104e+00
1.82489145e+00
1.83614779e+00
1.88082027e+00
1.88102043e+00
1.85411322e+00
1.85733271e+00
1.87652922e+00
1.87490332e+00
1.87123227e+00
1.83112037e+00
1.85088313e+00
1.88486385e+00
1.84494019e+00
1.86363375e+00
1.84510589e+00
1.85591364e+00
1.87367833e+00
1.85892093e+00
1.84122896e+00
1.86556756e+00
1.82830346e+00
1.81330693e+00
1.82671869e+00
1.79320920e+00
1.82540560e+00
1.84817314e+00
1.84048617e+00
1.84952569e+00
1.84574950e+00
1.83384407e+00
1.82336211e+00
1.82518303e+00
1.82036841e+00
1.81152034e+00
1.85040259e+00
1.84622502e+00
1.80872011e+00
1.85257351e+00
1.83398747e+00
1.82837677e+00
1.81943488e+00
1.82854760e+00
1.81280220e+00
1.82122374e+00
1.83525360e+00
1.80803037e+00
1.83746982e+00
1.86025453e+00
1.84001923e+00
1.82480526e+00
1.79925013e+00
1.79803979e+00
1.80700803e+00
1.80906224e+00
1.79930413e+00
1.79049873e+00
1.81604362e+00
1.83080113e+00
1.80969155e+00
1.80338192e+00
1.81658447e+00
1.82839870e+00
1.81789649e+00
1.78710687e+00
1.79504764e+00
1.81106806e+00
1.83478820e+00
1.82009339e+00
1.78326225e+00
1.80383754e+00
1.79651999e+00
1.76776028e+00
1.76506901e+00
1.79627264e+00
1.80767858e+00
1.76578987e+00
1.78226590e+00
1.76872170e+00
1.78011930e+00
1.80404234e+00
1.75740445e+00
1.76964235e+00
1.75572288e+00
1.74627376e+00
1.75638986e+00
1.78954041e+00
1.76382136e+00
1.76338601e+00
1.76518738e+00
1.76387632e+00
1.75781524e+00
1.73624754e+00
1.75854921e+00
1.80026126e+00
1.75079596e+00
1.75018740e+00
1.73906744e+00
1.74155760e+00
1.75112522e+00
1.70108128e+00
1.71371377e+00
1.73421717e+00
1.73818946e+00
1.73070061e+00
1.69758725e+00
1.71259892e+00
1.70929205e+00
1.70850158e+00
1.72273982e+00
1.68122804e+00
1.66731572e+00
1.64627254e+00
1.66463494e+00
1.65947390e+00
1.62854803e+00
1.65997565e+00
1.64229977e+00
1.61116481e+00
1.60900092e+00
1.61830366e+00
1.63251054e+00
1.59077370e+00
1.56177449e+00
1.56655407e+00
1.56291556e+00
1.55312812e+00
1.50555122e+00
1.51767528e+00
1.50224900e+00
1.45081687e+00
1.43871403e+00
1.41277504e+00
1.40502739e+00
1.38036990e+00
1.34484458e+00
1.33331108e+00
1.24723828e+00
1.20219016e+00
1.14409912e+00
1.10033894e+00
9.95739281e-01
9.01669204e-01
8.10869873e-01
7.94575751e-01
8.43354344e-01
9.33478415e-01
1.02883208e+00
1.10503364e+00
1.18521523e+00
1.24721134e+00
1.26530969e+00
1.30692756e+00
1.34324706e+00
1.38675809e+00
1.42119074e+00
1.42058384e+00
1.44281113e+00
1.45598614e+00
1.48000765e+00
1.47092938e+00
1.52349555e+00
1.56159985e+00
1.50538540e+00
1.54096854e+00
1.57167137e+00
1.58534563e+00
1.55402362e+00
1.57727277e+00
1.61268342e+00
1.61906493e+00
1.61259305e+00
1.59863710e+00
1.62295866e+00
1.62801933e+00
1.62564719e+00
1.65291476e+00
1.64883244e+00
1.64884067e+00
1.66044092e+00
1.66612160e+00
1.68996489e+00
1.69036829e+00
1.67438257e+00
1.66437197e+00
1.66132760e+00
1.67070556e+00
1.66966009e+00
1.68385780e+00
1.68865168e+00
1.68733251e+00
1.70782113e+00
1.71480370e+00
1.68137050e+00
1.70485556e+00
1.68584526e+00
1.68481016e+00
1.73406589e+00
1.70890260e+00
1.67924559e+00
1.68655705e+00
1.70781374e+00
1.70738280e+00
1.72239172e+00
1.72038603e+00
1.70317936e+00
1.71979165e+00
1.72128749e+00
1.72244453e+00
1.72986722e+00
1.73024344e+00
1.69300294e+00
1.70895362e+00
1.72274423e+00
1.71652031e+00
1.72282100e+00
1.70211029e+00
1.71343815e+00
1.73230803e+00
1.70185983e+00
1.70384037e+00
1.69698036e+00
1.70920253e+00
1.69535708e+00
1.71462953e+00
1.74773896e+00
1.71918571e+00
1.72935677e+00
1.72398782e+00
1.70853674e+00
1.73756897e+00
1.73479152e+00
1.72485101e+00
1.70559633e+00
1.69160247e+00
1.70674646e+00
1.73466218e+00
1.69359779e+00
1.69290340e+00
1.75156009e+00
1.72770846e+00
1.72423089e+00
1.71484470e+00
1.71389222e+00
1.71417236e+00
1.68702400e+00
1.69597590e+00
1.72593260e+00
1.74460959e+00
1.72327232e+00
1.66764092e+00
1.72021031e+00
1.72618902e+00
1.69980836e+00
1.69720674e+00
1.71286500e+00
1.70206368e+00
1.67446113e+00
1.71382225e+00
1.71849060e+00
1.69235325e+00
1.69267333e+00
1.70391476e+00
1.70516789e+00
1.68672335e+00
1.68036687e+00
1.69609439e+00
1.68645418e+00
1.70797157e+00
1.70821357e+00
1.69000578e+00
1.72414851e+00
1.70345366e+00
1.68331969e+00
1.67234468e+00
1.69286585e+00
1.71199036e+00
1.69496524e+00
1.72095370e+00
1.71033263e+00
1.70084786e+00
1.69940066e+00
1.70762455e+00
1.70062101e+00
1.70485473e+00
1.72024965e+00
1.70308781e+00
1.69749939e+00
1.70980012e+00
1.69607973e+00
1.70341980e+00
1.70027459e+00
1.69807434e+00
1.69640934e+00
1.69530642e+00
1.70078731e+00
1.67224252e+00
1.67524230e+00
1.70848811e+00
1.69423950e+00
1.67576241e+00
1.67744017e+00
1.68054628e+00
1.70970178e+00
1.71455777e+00
1.68348944e+00
1.68184721e+00
1.66191530e+00
1.66859949e+00
1.68403542e+00
1.67639339e+00
1.69310296e+00
1.67330503e+00
1.65993226e+00
1.68313265e+00
1.69522643e+00
1.69726968e+00
1.68359351e+00
1.68134940e+00
1.69132233e+00
1.67205691e+00
1.67915618e+00
1.66986477e+00
1.65570593e+00
1.66985106e+00
1.69305110e+00
1.67271638e+00
1.70272613e+00
1.69549680e+00
1.68036807e+00
1.67754769e+00
1.65836644e+00
1.68040705e+00
1.69501853e+00
1.66932189e+00
1.67323172e+00
1.67512643e+00
1.68275142e+00
1.67088199e+00
1.65870857e+00
1.65962493e+00
1.66124570e+00
1.68325806e+00
1.68997467e+00
1.68616176e+00
1.68540156e+00
1.66305935e+00
1.66771448e+00
1.68208396e+00
1.66924930e+00
1.65781343e+00
1.67409647e+00
1.68582308e+00
1.66699553e+00
1.66148555e+00
1.66941369e+00
1.65991426e+00
1.68385947e+00
1.66790187e+00
1.67576897e+00
1.67462945e+00
1.66439450e+00
1.65505850e+00
1.66610587e+00
1.67820370e+00
1.66400850e+00
1.66771913e+00
1.64860666e+00
1.61426663e+00
1.65317631e+00
1.64906347e+00
1.64305604e+00
1.65670657e+00
1.68246222e+00
1.65279114e+00
1.65551484e+00
1.66630006e+00
1.65311766e+00
1.66363192e+00
1.66740382e+00
1.65777588e+00
1.64862585e+00
1.64283502e+00
1.62490821e+00
1.64491093e+00
1.66258204e+00
1.63526809e+00
1.64023364e+00
1.66945648e+00
1.66613650e+00
1.63994956e+00
1.62342072e+00
1.64334774e+00
1.62475991e+00
1.64409089e+00
1.66378844e+00
1.62879968e+00
1.65257931e+00
1.63991570e+00
1.62283623e+00
1.64461541e+00
1.66246033e+00
1.62622750e+00
1.62271619e+00
1.62901223e+00
1.62653863e+00
1.63035715e+00
1.62525618e+00
1.63821411e+00
1.62995255e+00
1.64158356e+00
1.63282168e+00
1.63039184e+00
1.63517308e+00
1.63612282e+00
1.62520027e+00
1.62716305e+00
1.62378931e+00
1.62463236e+00
1.63348413e+00
1.62724745e+00
1.61054480e+00
1.63669109e+00
1.61556137e+00
1.60802352e+00
1.63990664e+00
1.62168908e+00
1.63348997e+00
1.61390996e+00
1.63839424e+00
1.64447141e+00
1.64124393e+00
1.64151573e+00
1.62234926e+00
1.62956333e+00
1.62760329e+00
1.61054838e+00
1.61690044e+00
1.61814046e+00
1.60993230e+00
1.62110031e+00
1.62100303e+00
1.62665009e+00
1.61605203e+00
1.61321497e+00
1.60528076e+00
1.61969125e+00
1.61826956e+00
1.59451389e+00
1.63385689e+00
1.60659409e+00
1.61157298e+00
1.60731149e+00
1.60880876e+00
1.60344779e+00
1.62337232e+00
1.62143338e+00
1.61078978e+00
1.61522818e+00
1.60713947e+00
1.62930703e+00
1.60982060e+00
1.60405421e+00
1.62992036e+00
1.61527002e+00
1.60671484e+00
1.62184882e+00
1.61809468e+00
1.60335219e+00
1.60466850e+00
1.59821057e+00
1.58787727e+00
1.58400226e+00
1.59908664e+00
1.59417522e+00
1.60174370e+00
1.59717667e+00
1.60501587e+00
1.59197593e+00
1.59410393e+00
1.60246122e+00
1.58869529e+00
1.62680781e+00
1.60888898e+00
1.60719550e+00
1.59621382e+00
1.57554746e+00
1.60361743e+00
1.60472274e+00
1.60973966e+00
1.62643445e+00
1.59114861e+00
1.58563578e+00
1.61137557e+00
1.61014080e+00
1.59158134e+00
1.60674596e+00
1.59905791e+00
1.57885289e+00
1.58108437e+00
1.58851051e+00
1.59179604e+00
1.56741583e+00
1.59773636e+00
1.59549916e+00
1.56262493e+00
1.56090415e+00
1.58062994e+00
1.57682407e+00
1.58324516e+00
1.57261193e+00
1.56391585e+00
1.56797147e+00
1.57188654e+00
1.57935607e+00
1.57548082e+00
1.58158493e+00
1.54845822e+00
1.57583535e+00
1.57489359e+00
1.56955147e+00
1.58451295e+00
1.56872010e+00
1.59122717e+00
1.56692016e+00
1.56275964e+00
1.58472800e+00
1.54883158e+00
1.55803335e+00
1.59127462e+00
1.56528986e+00
1.56293404e+00
1.53229249e+00
1.54432929e+00
1.56915951e+00
1.56580925e+00
1.55192292e+00
1.53880918e+00
1.55086029e+00
1.54414070e+00
1.54788876e+00
1.54133594e+00
1.55296910e+00
1.55035973e+00
1.54643989e+00
1.53196251e+00
1.53062487e+00
1.55723250e+00
1.53502142e+00
1.52704680e+00
1.54336381e+00
1.56280506e+00
1.54260612e+00
1.52623689e+00
1.53294528e+00
1.52758074e+00
1.54599929e+00
1.53010261e+00
1.55083013e+00
1.53583062e+00
1.53721988e+00
1.51953721e+00
1.51188374e+00
1.51888180e+00
1.50269318e+00
1.51803124e+00
1.52154791e+00
1.51631081e+00
1.52275217e+00
1.51571262e+00
1.50350940e+00
1.51079917e+00
1.50893319e+00
1.51745224e+00
1.50797939e+00
1.49521124e+00
1.49984360e+00
1.51412165e+00
1.51279640e+00
1.50459754e+00
1.48925555e+00
1.50095236e+00
1.49708045e+00
1.48088348e+00
1.46919274e+00
1.48569393e+00
1.47448492e+00
1.46924508e+00
1.48159766e+00
1.48546839e+00
1.47092068e+00
1.47510862e+00
1.46921325e+00
1.45962822e+00
1.45140731e+00
1.45517993e+00
1.43940163e+00
1.44620931e+00
1.43711865e+00
1.43000412e+00
1.44567704e+00
1.43887353e+00
1.41884255e+00
1.42742050e+00
1.42447293e+00
1.41548252e+00
1.40818179e+00
1.40547454e+00
1.37813020e+00
1.39939070e+00
1.37380791e+00
1.37184036e+00
1.37575996e+00
1.37461090e+00
1.37057793e+00
1.35325909e+00
1.32289386e+00
1.34254968e+00
1.32818604e+00
1.29421532e+00
1.29668021e+00
1.28221238e+00
1.25478125e+00
1.23156643e+00
1.21473444e+00
1.21252584e+00
1.19604039e+00
1.16571307e+00
1.13847423e+00
1.10164535e+00
1.06024361e+00
1.01141357e+00
9.73601103e-01
8.93888593e-01
8.22659135e-01
7.22842097e-01
6.58555150e-01
6.97479665e-01
7.66932368e-01
8.84233057e-01
9.63717520e-01
9.97392893e-01
1.05319548e+00
1.12270141e+00
1.12219965e+00
1.14243686e+00
1.17867029e+00
1.20065677e+00
1.21553254e+00
1.23057008e+00
1.25969732e+00
1.28741133e+00
1.28890038e+00
1.27992463e+00
1.29338706e+00
1.32249236e+00
1.32327390e+00
1.33798862e+00
1.35642099e+00
1.36855149e+00
1.36542535e+00
1.35118258e+00
1.36418438e+00
1.36166513e+00
1.37450945e+00
1.37175345e+00
1.37086940e+00
1.39666629e+00
1.39535332e+00
1.39844835e+00
1.40742195e+00
1.42864025e+00
1.41234350e+00
1.41942501e+00
1.41122127e+00
1.41189384e+00
1.41585886e+00
1.41994774e+00
1.43121564e+00
1.45358253e+00
1.43909335e+00
1.42837656e+00
1.44676292e+00
1.44355261e+00
1.43292642e+00
1.44348931e+00
1.43682730e+00
1.43705714e+00
1.44876218e+00
1.44179678e+00
1.42808080e+00
1.42716956e+00
1.44932234e+00
1.45550740e+00
1.45165932e+00
1.44160366e+00
1.44407237e+00
1.43502271e+00
1.45645297e+00
1.45737553e+00
1.43787658e+00
1.46815312e+00
1.45958173e+00
1.45630574e+00
1.44844842e+00
1.44265962e+00
1.45659220e+00
1.45377111e+00
1.45169663e+00
1.44806969e+00
1.44728565e+00
1.45418942e+00
1.45533395e+00
1.45893574e+00
1.42942190e+00
1.45034575e+00
1.45225036e+00
1.44581795e+00
1.44943428e+00
1.46026421e+00
1.47120857e+00
1.45502448e+00
1.45997250e+00
1.46132159e+00
1.46529984e+00
1.46216500e+00
1.45696092e+00
1.45334816e+00
1.45459867e+00
1.44504046e+00
1.44824159e+00
1.44002557e+00
1.46053994e+00
1.46676087e+00
1.45416427e+00
1.44407308e+00
1.44606936e+00
1.43844986e+00
1.44371545e+00
1.46103716e+00
1.43346918e+00
1.44581854e+00
1.45500588e+00
1.45352578e+00
1.46224749e+00
1.44946671e+00
1.44940841e+00
1.44064963e+00
1.44683099e+00
1.44834757e+00
1.45244956e+00
1.44070673e+00
1.43746471e+00
1.43266737e+00
1.43823218e+00
1.44108629e+00
1.43673193e+00
1.45330179e+00
1.42855430e+00
1.43279755e+00
1.45115149e+00
1.44109511e+00
1.44182885e+00
1.43571818e+00
1.45196342e+00
1.42977417e+00
1.43701375e+00
1.44818580e+00
1.43888223e+00
1.45576727e+00
1.43352950e+00
1.44250393e+00
1.44644952e+00
1.43008471e+00
1.44429219e+00
1.46220315e+00
1.44497406e+00
1.44119728e+00
1.45096886e+00
1.43693292e+00
1.42359519e+00
1.44495964e+00
1.44132066e+00
1.43518746e+00
1.43914306e+00
1.42229533e+00
1.41453993e+00
1.42199194e+00
1.41038764e+00
1.42164934e+00
1.43715775e+00
1.41252577e+00
1.39756584e+00
1.41239727e+00
1.41390359e+00
1.41698086e+00
1.44465983e+00
1.44562531e+00
1.43085301e+00
1.42714071e+00
1.41548121e+00
1.42023695e+00
1.43072820e+00
1.44043005e+00
1.43449855e+00
1.43118048e+00
1.43645227e+00
1.42407167e+00
1.40941596e+00
1.41674817e+00
1.41515708e+00
1.41977632e+00
1.42644536e+00
1.42080951e+00
1.42065096e+00
1.41335487e+00
1.42258716e+00
1.40541446e+00
1.40423512e+00
1.42328238e+00
1.41473794e+00
1.42392230e+00
1.41740704e+00
1.41469634e+00
1.42475271e+00
1.41937649e+00
1.39844310e+00
1.40559709e+00
1.42278588e+00
1.42609441e+00
1.41314292e+00
1.42925584e+00
1.42024148e+00
1.41713464e+00
1.41320050e+00
1.41644263e+00
1.39041245e+00
1.40707564e+00
1.40739131e+00
1.39951193e+00
1.40978217e+00
1.42563796e+00
1.40406823e+00
1.39336848e+00
1.39198756e+00
1.41256773e+00
1.41159141e+00
1.40434253e+00
1.39947665e+00
1.40091717e+00
1.40173221e+00
1.38829148e+00
1.39437318e+00
1.39595222e+00
1.40122914e+00
1.40824771e+00
1.39022160e+00
1.40125525e+00
1.40394723e+00
1.39417541e+00
1.40327883e+00
1.38869298e+00
1.39759243e+00
1.39175582e+00
1.41063285e+00
1.40555584e+00
1.38320863e+00
1.39493501e+00
1.41468740e+00
1.40801501e+00
1.39776742e+00
1.39233279e+00
1.39012742e+00
1.38759089e+00
1.37169349e+00
1.37700737e+00
1.40170181e+00
1.38078213e+00
1.37400365e+00
1.37443638e+00
1.38477421e+00
1.38180292e+00
1.40651286e+00
1.39206314e+00
1.37090218e+00
1.39117765e+00
1.37722147e+00
1.37944281e+00
1.40417862e+00
1.38528693e+00
1.38204372e+00
1.37330091e+00
1.37538660e+00
1.38421559e+00
1.39044452e+00
1.39690852e+00
1.39317107e+00
1.38402295e+00
1.37723529e+00
1.37008512e+00
1.37091160e+00
1.37484205e+00
1.36469281e+00
1.36103904e+00
1.38925242e+00
1.38680172e+00
1.36010194e+00
1.36566818e+00
1.35746801e+00
1.34946144e+00
1.35211873e+00
1.38210201e+00
1.35055828e+00
1.34837949e+00
1.35290432e+00
1.35801828e+00
1.35798287e+00
1.36295295e+00
1.36169052e+00
1.34601498e+00
1.34036624e+00
1.35174859e+00
1.36352789e+00
1.35182726e+00
1.35969031e+00
1.35260582e+00
1.35056174e+00
1.37012768e+00
1.37571037e+00
1.35486913e+00
1.36424696e+00
1.36360002e+00
1.35605156e+00
1.35325372e+00
1.35585451e+00
1.34723759e+00
1.35082793e+00
1.34647560e+00
1.35474229e+00
1.37402153e+00
1.35036457e+00
1.36444569e+00
1.35816824e+00
1.36173522e+00
1.35062444e+00
1.35266030e+00
1.37527192e+00
1.35949230e+00
1.35168433e+00
1.35918558e+00
1.35683823e+00
1.34136069e+00
1.33130896e+00
1.33837378e+00
1.33227766e+00
1.35103714e+00
1.35991943e+00
1.34126163e+00
1.33989966e+00
1.36997259e+00
1.34313655e+00
1.35042214e+00
1.35127068e+00
1.33477366e+00
1.35500824e+00
1.32631814e+00
1.33786273e+00
1.32661736e+00
1.32651329e+00
1.33840203e+00
1.35132074e+00
1.34365654e+00
1.33126426e+00
1.34463418e+00
1.33392203e+00
1.33866525e+00
1.33438933e+00
1.32492507e+00
1.34585226e+00
1.31911266e+00
1.33406186e+00
1.34399343e+00
1.32796538e+00
1.32927537e+00
1.32803261e+00
1.33773279e+00
1.32098508e+00
1.32306290e+00
1.33925760e+00
1.33064163e+00
1.32305908e+00
1.32170486e+00
1.33505797e+00
1.32909310e+00
1.33145261e+00
1.32216609e+00
1.31098998e+00
1.32184374e+00
1.33752024e+00
1.31408691e+00
1.31476402e+00
1.32719243e+00
1.32099569e+00
1.32259738e+00
1.32954586e+00
1.32714748e+00
1.31535804e+00
1.31999183e+00
1.30752528e+00
1.32324958e+00
1.32872617e+00
1.31836867e+00
1.31478441e+00
1.31025398e+00
1.31435835e+00
1.30126035e+00
1.30352211e+00
1.30851555e+00
1.29567587e+00
1.30574369e+00
1.29905701e+00
1.30502951e+00
1.31873250e+00
1.30973864e+00
1.30719674e+00
1.31616759e+00
1.32225430e+00
1.31118548e+00
1.29150224e+00
1.30984247e+00
1.31669366e+00
1.28886509e+00
1.29896748e+00
1.31688809e+00
1.29792213e+00
1.28418100e+00
1.28602624e+00
1.30032802e+00
1.29864502e+00
1.28816855e+00
1.29685140e+00
1.28706324e+00
1.27480149e+00
1.29301298e+00
1.30073357e+00
1.29362035e+00
1.31298018e+00
1.29868126e+00
1.30625296e+00
1.29613495e+00
1.27897429e+00
1.30065525e+00
1.30143237e+00
1.29239738e+00
1.30094337e+00
1.28484440e+00
1.26944482e+00
1.27197540e+00
1.29305959e+00
1.28761184e+00
1.28690815e+00
1.29256248e+00
1.29066050e+00
1.29361939e+00
1.27890420e+00
1.28328323e+00
1.28426230e+00
1.26868558e+00
1.27324224e+00
1.28848815e+00
1.28164399e+00
1.29115355e+00
1.30203474e+00
1.28539586e+00
1.27076173e+00
1.29071712e+00
1.27537966e+00
1.28050101e+00
1.30068243e+00
1.26979256e+00
1.27479959e+00
1.29812324e+00
1.27316034e+00
1.26811862e+00
1.26844323e+00
1.27935469e+00
1.28854370e+00
1.26340067e+00
1.28393841e+00
1.26674938e+00
1.27958119e+00
1.27380526e+00
1.26758087e+00
1.27830517e+00
1.25462162e+00
1.26883233e+00
1.27578819e+00
1.27688622e+00
1.26861203e+00
1.26696563e+00
1.25940228e+00
1.24595785e+00
1.27335608e+00
1.27167165e+00
1.25845540e+00
1.27858269e+00
1.26999640e+00
1.26677454e+00
1.27072084e+00
1.25324893e+00
1.26766002e+00
1.26497519e+00
1.27733660e+00
1.26859570e+00
1.26453817e+00
1.25914192e+00
1.25998628e+00
1.26742089e+00
1.26882672e+00
1.27365637e+00
1.26317155e+00
1.25311577e+00
1.25203240e+00
1.25191581e+00
1.26187468e+00
1.26477075e+00
1.23841381e+00
1.23551619e+00
1.26226628e+00
1.25666165e+00
1.24681985e+00
1.25748670e+00
1.26246142e+00
1.27240038e+00
1.24246383e+00
1.24745607e+00
1.24394715e+00
1.24854422e+00
1.23704886e+00
1.23662055e+00
1.23853743e+00
1.25640285e+00
1.25619888e+00
1.24297547e+00
1.24709964e+00
1.25066483e+00
1.25566781e+00
1.24350131e+00
1.24286342e+00
1.24361575e+00
1.23115897e+00
1.24396610e+00
1.24270272e+00
1.22673190e+00
1.24593496e+00
1.25137246e+00
1.24330211e+00
1.24016702e+00
1.25505805e+00
1.25852847e+00
1.22629666e+00
1.23949289e+00
1.22177613e+00
1.22262216e+00
1.22444773e+00
1.22467232e+00
1.22728646e+00
1.23075509e+00
1.23248470e+00
1.22206402e+00
1.21061075e+00
1.21488655e+00
1.23497713e+00
1.23165798e+00
1.22664297e+00
1.24339604e+00
1.21236706e+00
1.20172572e+00
1.21541023e+00
1.22423422e+00
1.23204017e+00
1.20578802e+00
1.19732749e+00
1.22494185e+00
1.21603215e+00
1.21409798e+00
1.23741615e+00
1.23782635e+00
1.22078454e+00
1.21958411e+00
1.22098351e+00
1.21480644e+00
1.21757615e+00
1.21865106e+00
1.21324742e+00
1.21854377e+00
1.22252369e+00
1.21584070e+00
1.23144436e+00
1.21589398e+00
1.20363081e+00
1.22839487e+00
1.20277846e+00
1.21053791e+00
1.22099876e+00
1.21184778e+00
1.20338905e+00
1.22012889e+00
1.23196864e+00
1.20650446e+00
1.22070348e+00
1.21946061e+00
1.21541190e+00
1.22912395e+00
1.21288550e+00
1.19859505e+00
1.20964479e+00
1.20640182e+00
1.20637429e+00
1.21342790e+00
1.19734061e+00
1.19437587e+00
1.20272744e+00
1.19446814e+00
1.19870377e+00
1.21383893e+00
1.19985557e+00
1.19674361e+00
1.19344139e+00
1.21459866e+00
1.09206140e+00
1.20578837e+00
1.29243803e+00
1.33098686e+00
1.13339972e+00
1.16466880e+00
1.21011817e+00
1.20030463e+00
1.18179357e+00
1.19358146e+00
1.20336032e+00
1.20323706e+00
1.20570481e+00
1.20256507e+00
1.19639242e+00
1.19767594e+00
1.21045125e+00
1.20140207e+00
1.18731165e+00
1.18855691e+00
1.19622517e+00
1.18370819e+00
1.17660272e+00
1.18729460e+00
1.17458737e+00
1.16676414e+00
1.16991591e+00
1.18228590e+00
1.18000925e+00
1.18622780e+00
1.18170488e+00
1.17366743e+00
1.18815732e+00
1.18720579e+00
1.17795765e+00
1.19047272e+00
1.18203259e+00
1.19129539e+00
1.18776453e+00
1.18730414e+00
1.17532098e+00
1.17653680e+00
1.17665505e+00
1.17255926e+00
1.18463814e+00
1.17534864e+00
1.18610144e+00
1.18632972e+00
1.17221487e+00
1.18013108e+00
1.18039870e+00
1.17259967e+00
1.17514086e+00
1.17187858e+00
1.16759908e+00
1.16242075e+00
1.15916431e+00
1.15634906e+00
1.16152787e+00
1.16210961e+00
1.16082025e+00
1.16883206e+00
1.16532195e+00
1.16091621e+00
1.18219292e+00
1.17780554e+00
1.15546346e+00
1.18523049e+00
1.17049658e+00
1.15519691e+00
1.16591275e+00
1.14719868e+00
1.15592110e+00
1.15705121e+00
1.15714896e+00
1.16711497e+00
1.16100156e+00
1.16942596e+00
1.15341616e+00
1.14815986e+00
1.16400576e+00
1.16139638e+00
1.16490281e+00
1.15073645e+00
1.15843797e+00
1.18329108e+00
1.16466391e+00
1.16361654e+00
1.16002786e+00
1.15801454e+00
1.15650392e+00
1.16274667e+00
1.15910935e+00
1.15348577e+00
1.15647995e+00
1.14656627e+00
1.13425636e+00
1.15575349e+00
1.14311135e+00
1.15581620e+00
1.15244651e+00
1.13899314e+00
1.13013637e+00
1.14347386e+00
1.14758229e+00
1.13695085e+00
1.14157140e+00
1.13882506e+00
1.13360512e+00
1.14528859e+00
1.14357018e+00
1.14226949e+00
1.13463628e+00
1.13674510e+00
1.15647864e+00
1.13861787e+00
1.14144015e+00
1.14047801e+00
1.14395988e+00
1.15431929e+00
1.14500082e+00
1.14685631e+00
1.14086616e+00
1.15111995e+00
1.13723218e+00
1.12864089e+00
1.14294243e+00
1.13857508e+00
1.13419306e+00
1.14586759e+00
1.12936628e+00
1.11145210e+00
1.12342739e+00
1.12799394e+00
1.13386893e+00
1.13141656e+00
1.12823784e+00
1.13545740e+00
1.13246846e+00
1.14598095e+00
1.12693655e+00
1.12752569e+00
1.12671113e+00
1.10152376e+00
1.12775612e+00
1.12221503e+00
1.12864709e+00
1.11161017e+00
1.12570953e+00
1.13395405e+00
1.13859344e+00
1.11227715e+00
1.11342168e+00
1.13293326e+00
1.12364173e+00
1.11401224e+00
1.13309669e+00
1.13259697e+00
1.13750482e+00
1.13783324e+00
1.11841810e+00
1.13030863e+00
1.12697935e+00
1.11574697e+00
1.10456574e+00
1.11621070e+00
1.11843491e+00
1.12428415e+00
1.11743772e+00
1.10291433e+00
1.11416924e+00
1.11114788e+00
1.10309422e+00
1.10832179e+00
1.10167229e+00
1.12335014e+00
1.11072409e+00
1.09680152e+00
1.11989760e+00
1.10958719e+00
1.09264886e+00
1.10927510e+00
1.11722362e+00
1.10707390e+00
1.10248542e+00
1.09231472e+00
1.09976077e+00
1.08533990e+00
1.08772635e+00
1.08741188e+00
1.08643079e+00
1.09503973e+00
1.08658648e+00
1.09017396e+00
1.11020172e+00
1.09361565e+00
1.08992267e+00
1.09075797e+00
1.09458673e+00
1.10965753e+00
1.09543860e+00
1.09001422e+00
1.08936822e+00
1.08626664e+00
1.09917796e+00
1.09163558e+00
1.10778928e+00
1.09240866e+00
1.09262109e+00
1.09843075e+00
1.08804727e+00
1.09877872e+00
1.10764551e+00
1.08681595e+00
1.09119427e+00
1.09377086e+00
1.10142362e+00
1.09390402e+00
1.09103370e+00
1.09928215e+00
1.09227622e+00
1.08030164e+00
1.08265400e+00
1.08623803e+00
1.08935606e+00
1.08477163e+00
1.07929420e+00
1.08748376e+00
1.07606518e+00
1.08092010e+00
1.08530700e+00
1.10453749e+00
1.07460940e+00
1.07406378e+00
1.09378743e+00
1.08312666e+00
1.07102668e+00
1.08042395e+00
1.05607474e+00
1.05592430e+00
1.08271313e+00
1.03282082e+00
1.05883276e+00
1.08003056e+00
1.07176292e+00
1.05745971e+00
1.06973290e+00
1.06424081e+00
1.08184004e+00
1.09498024e+00
1.07870781e+00
1.07947099e+00
1.08499074e+00
1.07270241e+00
1.06752133e+00
1.06835055e+00
1.07541776e+00
1.08820748e+00
1.06618416e+00
1.06006372e+00
1.04961777e+00
1.05962443e+00
1.06290174e+00
1.05608010e+00
1.06374478e+00
1.06246364e+00
1.06012046e+00
1.05869210e+00
1.06504798e+00
1.06947780e+00
1.06085861e+00
1.07250023e+00
1.06662345e+00
1.06791568e+00
1.06345737e+00
1.05726159e+00
1.06351554e+00
1.05201852e+00
1.05632639e+00
1.06222546e+00
1.05720162e+00
1.03130078e+00
1.05485702e+00
1.05473554e+00
1.05824876e+00
1.06493127e+00
1.05432820e+00
1.06159329e+00
1.06700158e+00
1.03535521e+00
1.04591048e+00
1.05396795e+00
1.05043161e+00
1.04983866e+00
1.04116678e+00
1.04991758e+00
1.04667854e+00
1.03399312e+00
1.03374791e+00
1.06958878e+00
1.05979836e+00
1.03367436e+00
1.05439556e+00
1.04222238e+00
1.03051984e+00
1.05418241e+00
1.04525781e+00
1.03725028e+00
1.05218375e+00
1.04225385e+00
1.05245566e+00
1.05013669e+00
1.03983116e+00
1.02689135e+00
1.04381764e+00
1.05501103e+00
1.04585814e+00
1.03717232e+00
1.04424620e+00
1.04335737e+00
1.05093491e+00
1.03917789e+00
1.02854073e+00
1.03257632e+00
1.03633392e+00
1.03282034e+00
1.01101196e+00
1.02915275e+00
1.02748382e+00
1.03756130e+00
1.02664566e+00
1.03294516e+00
1.03574693e+00
1.04786873e+00
1.03657269e+00
1.03006995e+00
1.05363643e+00
1.05280244e+00
1.02995050e+00
1.00970912e+00
1.02210641e+00
1.01560235e+00
1.03845727e+00
1.03655612e+00
1.01376331e+00
1.01906872e+00
1.02536237e+00
1.02457154e+00
1.02409828e+00
1.02244437e+00
1.01973426e+00
1.03213441e+00
1.01627302e+00
1.01042366e+00
1.03679907e+00
1.01158929e+00
1.02511716e+00
1.02238476e+00
1.02090299e+00
1.02242911e+00
1.02100778e+00
1.00918090e+00
1.01429939e+00
1.00905919e+00
1.02402997e+00
1.02629066e+00
1.00567353e+00
1.01870239e+00
1.00813937e+00
1.01650548e+00
1.00978851e+00
1.01074111e+00
1.00004113e+00
1.01024413e+00
9.98153567e-01
1.02269769e+00
1.00616646e+00
9.95415330e-01
1.01586390e+00
1.01246870e+00
1.01413262e+00
1.01605499e+00
1.01670206e+00
1.00922740e+00
1.00477910e+00
1.00912488e+00
9.98601079e-01
1.00277722e+00
1.02052891e+00
1.01733577e+00
1.00195050e+00
9.88702416e-01
1.00354111e+00
1.00708985e+00
1.00086927e+00
9.91062820e-01
1.00038099e+00
9.96374190e-01
9.84632373e-01
9.90336299e-01
1.00594282e+00
9.95568395e-01
9.82074618e-01
9.87566650e-01
9.83282447e-01
9.94077265e-01
1.01160991e+00
1.00289273e+00
1.00041461e+00
1.01523244e+00
1.00030923e+00
1.02444053e+00
1.00224245e+00
9.96091127e-01
1.00624263e+00
1.00020373e+00
9.85898912e-01
9.76941824e-01
9.77951348e-01
9.89175260e-01
1.01424634e+00
9.97451603e-01
9.91436481e-01
9.87024844e-01
9.96286333e-01
1.00131857e+00
1.01221776e+00
9.94624138e-01
9.96258259e-01
9.93411064e-01
9.77015376e-01
9.65644181e-01
9.71408665e-01
1.00000000e+00
9.93837774e-01
9.81358826e-01
9.81238663e-01
9.69583094e-01
9.76728380e-01
9.94176805e-01
9.83756721e-01
9.78702962e-01
9.81280208e-01
9.87816513e-01
9.87509429e-01
9.72240627e-01
9.78939474e-01
9.70934868e-01
9.71418738e-01
9.86750901e-01
9.77719843e-01
9.82059777e-01
9.90615368e-01
9.81083691e-01
9.65055525e-01
9.68876660e-01
9.72536802e-01
9.83616650e-01
9.63091910e-01
9.57368433e-01
9.76409793e-01
9.62619364e-01
9.47898984e-01
9.76387501e-01
9.90940750e-01
9.74895060e-01
9.56311464e-01
9.74179983e-01
9.74029720e-01
9.80620861e-01
9.76142406e-01
9.70842600e-01
9.73079205e-01
9.81867194e-01
9.79383528e-01
9.66700912e-01
9.57565129e-01
9.65553582e-01
9.84119594e-01
9.71946120e-01
9.69121873e-01
9.76925492e-01
9.53610659e-01
9.63454604e-01
9.60553408e-01
9.56351757e-01
9.65600431e-01
9.73622262e-01
9.54057574e-01
9.63300943e-01
9.73101974e-01
9.36247230e-01
9.49257791e-01
9.50159907e-01
9.47625279e-01
9.59315836e-01
9.49431717e-01
9.53768492e-01
9.59483624e-01
9.47086155e-01
9.50138569e-01
9.52529728e-01
9.55981135e-01
9.51277494e-01
9.45224643e-01
9.31615114e-01
9.45639789e-01
9.58188176e-01
9.57253873e-01
9.58238661e-01
9.61892664e-01
9.43963349e-01
9.50249016e-01
9.29540873e-01
9.50235307e-01
9.68463600e-01
9.50455785e-01
9.57850933e-01
9.54022408e-01
9.33867931e-01
9.49992359e-01
9.57538009e-01
9.52758193e-01
9.46229398e-01
9.48903680e-01
9.49001312e-01
9.50608075e-01
9.33977485e-01
9.26567852e-01
9.59722936e-01
9.28358912e-01
9.34109509e-01
1.02350700e+00
9.31797504e-01
8.63096476e-01
9.19824481e-01
9.82321501e-01
9.80369389e-01
9.31877017e-01
9.03873265e-01
9.09137845e-01
9.34393764e-01
9.56570566e-01
9.38214600e-01
9.26298797e-01
9.27940249e-01
9.30692017e-01
9.37704325e-01
9.29480255e-01
9.22397316e-01
9.19579923e-01
9.32066679e-01
9.53638315e-01
9.38866079e-01
9.16703463e-01
9.17305470e-01
9.21299398e-01
9.18499589e-01
9.24014390e-01
9.24380779e-01
9.18069780e-01
9.19669807e-01
9.25022721e-01
9.23114598e-01
9.15573716e-01
9.14001465e-01
9.14873064e-01
9.06017721e-01
9.14286673e-01
9.27646935e-01
9.29257095e-01
9.18317258e-01
9.21335280e-01
9.11810577e-01
8.98575127e-01
9.11636055e-01
9.26947176e-01
9.20841038e-01
9.03371871e-01
9.09687042e-01
9.21571374e-01
9.14195418e-01
9.16349947e-01
9.08197641e-01
9.10787046e-01
9.11254704e-01
9.06790614e-01
9.10458982e-01
9.10192251e-01
9.22142029e-01
9.09675002e-01
9.06486630e-01
9.04647052e-01
9.07231450e-01
9.08318222e-01
9.16224658e-01
9.02831078e-01
9.07663465e-01
9.01674151e-01
8.80688608e-01
9.06350434e-01
9.07072902e-01
8.91142130e-01
9.12545621e-01
8.97600412e-01
8.91881227e-01
9.07555521e-01
8.92822742e-01
8.87396514e-01
8.91465902e-01
8.90754580e-01
8.92037511e-01
8.97035658e-01
8.97460163e-01
8.94511104e-01
8.93432319e-01
8.83865774e-01
8.89503956e-01
9.04267848e-01
8.92858088e-01
8.82831991e-01
8.95550549e-01
8.90969694e-01
8.86513054e-01
8.91080022e-01
8.93674612e-01
8.85845184e-01
8.83656323e-01
8.81318331e-01
8.90248001e-01
8.90788436e-01
8.90886545e-01
8.77616107e-01
8.77589762e-01
8.82973313e-01
8.84394228e-01
8.76626432e-01
8.79036844e-01
8.82615030e-01
8.84065568e-01
8.73401761e-01
8.73573482e-01
8.64497066e-01
8.73941362e-01
8.70934129e-01
8.60687852e-01
8.54728043e-01
8.63767087e-01
8.58463943e-01
8.66054535e-01
8.68675113e-01
8.62750113e-01
8.66349041e-01
8.76917303e-01
8.72502625e-01
8.57495248e-01
8.63394737e-01
8.58568072e-01
8.49127173e-01
8.65781367e-01
8.58074486e-01
8.52970719e-01
8.59736919e-01
8.51772130e-01
8.42759430e-01
8.49931061e-01
8.58003080e-01
8.42686176e-01
8.48829508e-01
8.36119056e-01
8.34777057e-01
8.43856931e-01
8.32804978e-01
8.35231006e-01
8.39936554e-01
8.37078750e-01
8.20158422e-01
8.33411217e-01
8.26920509e-01
8.16703379e-01
8.12193096e-01
8.07886064e-01
8.25182319e-01
8.15322340e-01
8.16723287e-01
8.03014457e-01
7.89141417e-01
7.96197057e-01
8.01085472e-01
7.90358782e-01
7.79654801e-01
7.79166043e-01
7.54807949e-01
7.60499597e-01
7.57320702e-01
7.38817453e-01
7.31827438e-01
7.23716617e-01
7.29106724e-01
7.16016114e-01
6.97597444e-01
6.77201390e-01
6.59743309e-01
6.40840173e-01
6.35157287e-01
6.14626586e-01
5.61766207e-01
5.20756245e-01
4.75326300e-01
4.35484082e-01
4.19635713e-01
4.70006794e-01
5.24216473e-01
5.68403363e-01
6.03133380e-01
6.33173943e-01
6.48284793e-01
6.58531725e-01
6.94584012e-01
7.04993784e-01
6.94624603e-01
7.11916566e-01
7.14597940e-01
7.27850556e-01
7.35962570e-01
7.37233579e-01
7.49855697e-01
7.59229600e-01
7.61901855e-01
7.68401384e-01
7.73092985e-01
7.73589849e-01
7.89145410e-01
7.70913124e-01
7.70786166e-01
7.91079819e-01
7.86964178e-01
7.80420721e-01
7.87113309e-01
7.87372410e-01
7.90710092e-01
7.97038734e-01
8.04686904e-01
8.02823246e-01
8.06142271e-01
8.02712142e-01
8.06897461e-01
8.00047755e-01
8.03349853e-01
8.18111181e-01
8.21538985e-01
8.05945218e-01
8.10716033e-01
8.17282140e-01
8.02044868e-01
8.13395739e-01
8.12931001e-01
8.14369738e-01
8.17401350e-01
8.28803539e-01
8.15671265e-01
8.19296062e-01
8.23588729e-01
8.10555220e-01
8.16073179e-01
8.22154701e-01
8.18191230e-01
8.11990857e-01
8.25193524e-01
8.18489611e-01
8.03609431e-01
8.19403291e-01
8.14309001e-01
8.05850506e-01
8.17026973e-01
8.08975339e-01
8.13025773e-01
8.05460215e-01
8.11027408e-01
8.06909263e-01
8.13877404e-01
8.13928604e-01
8.17106366e-01
8.10365260e-01
8.18763375e-01
8.29510808e-01
8.19861174e-01
8.13318670e-01
8.16582024e-01
8.21320355e-01
8.21816444e-01
8.21229517e-01
8.12399983e-01
8.10809135e-01
8.15146506e-01
8.12653005e-01
8.15743923e-01
8.10807347e-01
8.07303309e-01
8.16297174e-01
8.15055966e-01
8.06484044e-01
8.19736362e-01
8.06729496e-01
8.20981324e-01
8.31138194e-01
8.00231814e-01
8.09105039e-01
8.30321312e-01
8.17212641e-01
8.11288238e-01
8.17412496e-01
8.16901207e-01
8.11347961e-01
8.08865964e-01
8.07079077e-01
8.02539945e-01
8.05636764e-01
8.10387373e-01
8.11964929e-01
8.08210492e-01
8.06463420e-01
8.12637746e-01
8.05417895e-01
8.01007509e-01
8.02614629e-01
7.93957531e-01
8.01683903e-01
8.01441252e-01
8.06087911e-01
8.07931840e-01
8.04949641e-01
8.02897573e-01
8.00047815e-01
8.03333700e-01
8.06670070e-01
8.05520058e-01
8.06070805e-01
8.12485993e-01
8.01932514e-01
7.98345208e-01
8.08456659e-01
7.95825005e-01
7.92025983e-01
8.01744401e-01
7.97016680e-01
7.91158199e-01
7.97208488e-01
8.06379735e-01
8.08484614e-01
7.96029270e-01
7.96864331e-01
7.96530485e-01
7.99702346e-01
7.97845781e-01
8.02801847e-01
7.87998676e-01
7.80966222e-01
7.98671126e-01
8.01964760e-01
7.86357820e-01
7.91645169e-01
7.89066911e-01
7.84355819e-01
7.83520460e-01
7.83857465e-01
7.83316672e-01
7.91167617e-01
7.97186017e-01
7.91661680e-01
7.83305764e-01
7.80584633e-01
7.96297431e-01
7.88861036e-01
7.96005249e-01
8.02591205e-01
7.73595393e-01
7.90018737e-01
7.82774508e-01
7.77499378e-01
7.78468311e-01
7.75712669e-01
7.72164285e-01
7.89592445e-01
7.86261022e-01
7.96989083e-01
7.89732575e-01
7.89160430e-01
7.79103994e-01
7.85192072e-01
7.90283203e-01
7.72990704e-01
7.78772831e-01
7.75868535e-01
7.89074659e-01
7.78412580e-01
7.78514743e-01
7.78670728e-01
7.77562678e-01
7.82201827e-01
7.82329082e-01
7.71576166e-01
7.79136240e-01
7.78741777e-01
7.67931104e-01
7.68797874e-01
7.50659049e-01
7.77881205e-01
7.88583517e-01
7.61843324e-01
7.75480628e-01
7.72840977e-01
7.80674636e-01
7.64654219e-01
7.82621264e-01
7.84549057e-01
7.66254544e-01
7.59303629e-01
7.68154025e-01
7.74851203e-01
7.71240711e-01
7.70671189e-01
7.79485106e-01
7.73915291e-01
7.68773496e-01
7.72097647e-01
7.71875143e-01
7.74535656e-01
7.72521615e-01
7.74601400e-01
7.67015755e-01
7.61376381e-01
7.65513182e-01
7.62435496e-01
7.62245178e-01
7.66615450e-01
7.62600482e-01
7.55380094e-01
7.58629501e-01
7.62785256e-01
7.62513280e-01
7.58733690e-01
7.70826876e-01
7.63671815e-01
7.56742954e-01
7.61700273e-01
7.54635811e-01
7.68462598e-01
7.53470838e-01
7.53675401e-01
7.49494195e-01
7.47516215e-01
7.53290236e-01
7.63942659e-01
7.60649979e-01
7.53389478e-01
7.59795666e-01
7.64767349e-01
7.53307819e-01
7.56654501e-01
7.53725767e-01
7.58540809e-01
7.63351142e-01
7.55325258e-01
7.44596124e-01
7.68557549e-01
7.64026105e-01
7.54530430e-01
7.57613480e-01
7.44301736e-01
7.55857885e-01
7.51342356e-01
7.47850001e-01
7.50553966e-01
7.44334579e-01
7.44531989e-01
7.71856904e-01
7.53098309e-01
7.44450629e-01
7.49167800e-01
7.41384327e-01
7.38037229e-01
7.39053607e-01
7.49577284e-01
7.43742228e-01
7.47972786e-01
7.50800073e-01
7.51172900e-01
7.55521655e-01
7.47507215e-01
7.46798813e-01
7.49389052e-01
7.48026371e-01
7.40177155e-01
7.41976976e-01
7.51146495e-01
7.44053423e-01
7.46223986e-01
7.36846149e-01
7.30164886e-01
7.43750632e-01
7.43568003e-01
7.38927722e-01
7.34415591e-01
7.28557646e-01
7.40718782e-01
7.32862532e-01
7.37877250e-01
7.48328567e-01
7.44005322e-01
7.42822289e-01
7.31711030e-01
7.52042890e-01
7.29709685e-01
7.27371931e-01
7.34124005e-01
7.32945442e-01
7.31583357e-01
7.26285696e-01
7.27654159e-01
7.32345819e-01
7.30211377e-01
7.41031170e-01
7.39900470e-01
7.32019782e-01
7.23858297e-01
7.31527627e-01
7.27921844e-01
7.28237033e-01
7.32981801e-01
7.17603028e-01
7.27154136e-01
7.26860225e-01
7.25026846e-01
7.23213553e-01
7.26462245e-01
7.33790696e-01
7.31335580e-01
7.21406817e-01
7.21369267e-01
7.33402133e-01
7.33401954e-01
7.22501755e-01
7.26790965e-01
7.22023129e-01
7.18794823e-01
7.28047788e-01
7.20577955e-01
7.19976664e-01
7.14911640e-01
7.29678988e-01
7.21422076e-01
7.17019141e-01
7.21730888e-01
7.19142914e-01
7.20287025e-01
7.12126732e-01
7.15727627e-01
7.25099146e-01
7.14468718e-01
7.25196958e-01
7.15358734e-01
7.11917222e-01
7.23924756e-01
7.02998459e-01
7.03053176e-01
7.11469889e-01
7.17800379e-01
7.12978244e-01
7.15082049e-01
7.12548792e-01
7.08305359e-01
7.16287971e-01
7.17312276e-01
7.06805468e-01
7.11961508e-01
7.05247998e-01
7.17635155e-01
7.10660636e-01
7.12384760e-01
7.16063261e-01
7.10061073e-01
7.13962913e-01
7.09397018e-01
7.12784529e-01
7.05278933e-01
7.07121491e-01
7.10616231e-01
7.06515133e-01
6.98073089e-01
7.03981578e-01
7.13272750e-01
7.01218426e-01
7.02663541e-01
7.00325608e-01
6.98523581e-01
7.05483496e-01
7.03571796e-01
7.03595698e-01
7.08250225e-01
6.92772865e-01
6.91061318e-01
7.03816116e-01
6.97055221e-01
7.03423858e-01
7.00666010e-01
7.01432228e-01
7.02549756e-01
7.00364470e-01
7.03057587e-01
7.06417024e-01
6.91567957e-01
6.92304909e-01
7.04678237e-01
7.04925954e-01
6.93767667e-01
6.99593484e-01
6.99722767e-01
6.94139957e-01
7.08239615e-01
6.92478120e-01
6.87864602e-01
6.92123294e-01
6.88037694e-01
6.92849100e-01
6.94948196e-01
6.96008801e-01
6.99548841e-01
6.92211330e-01
6.90814018e-01
6.90328896e-01
6.94354773e-01
6.86132848e-01
6.82930231e-01
6.87583029e-01
6.61206603e-01
6.92244530e-01
6.94182158e-01
6.82388544e-01
6.94593966e-01
6.82580829e-01
6.79412723e-01
6.84229493e-01
6.84082270e-01
6.83440030e-01
6.85747683e-01
6.78197801e-01
6.84316993e-01
6.87767923e-01
6.86793923e-01
6.77982867e-01
6.84909225e-01
6.76288605e-01
6.87270701e-01
6.83860779e-01
6.69896603e-01
6.41901314e-01
6.72671139e-01
6.75013244e-01
6.67804897e-01
6.74403727e-01
6.73572719e-01
6.67652309e-01
6.64415598e-01
6.79236114e-01
6.78192675e-01
6.64280355e-01
6.69851124e-01
6.74875379e-01
6.67456329e-01
6.64192319e-01
6.75129831e-01
6.65672362e-01
6.71779335e-01
6.70267224e-01
6.78285360e-01
6.78755045e-01
6.63387358e-01
6.58613026e-01
6.61067069e-01
6.66509211e-01
6.73114121e-01
6.67153358e-01
6.60766423e-01
6.68081701e-01
6.70200348e-01
6.70814395e-01
6.76577747e-01
6.66063070e-01
6.57891095e-01
6.69361770e-01
6.73619807e-01
6.69535339e-01
6.65428758e-01
6.56513274e-01
6.68317378e-01
6.92379296e-01
6.64567292e-01
6.58013582e-01
6.63904011e-01
6.64341092e-01
6.64750397e-01
6.65803969e-01
6.62781358e-01
6.52540803e-01
6.64994538e-01
6.61384523e-01
6.47479057e-01
6.55380368e-01
6.66959465e-01
6.60280347e-01
6.53763950e-01
6.52797043e-01
6.54220045e-01
6.65398419e-01
6.64920270e-01
6.64975464e-01
6.57874227e-01
6.57025039e-01
6.62441313e-01
6.59444690e-01
6.56229258e-01
6.52722657e-01
6.60351872e-01
6.57060623e-01
6.58576369e-01
6.66144252e-01
6.60464704e-01
6.58252597e-01
6.51232898e-01
6.38694108e-01
6.45635962e-01
6.62728727e-01
6.55356407e-01
6.51003003e-01
6.48618042e-01
6.49375677e-01
6.61322176e-01
6.52940333e-01
6.51116669e-01
6.50035203e-01
6.52926147e-01
6.60288990e-01
6.54263794e-01
6.45214975e-01
6.52252972e-01
6.48974419e-01
6.48394167e-01
6.56732082e-01
6.50950074e-01
6.48105383e-01
6.34588599e-01
6.41490936e-01
6.52479827e-01
6.54390395e-01
6.48556054e-01
6.52304113e-01
6.56628430e-01
6.48650587e-01
6.42872810e-01
6.42689705e-01
6.40137553e-01
6.40327632e-01
6.37833059e-01
6.44925773e-01
6.47646427e-01
6.42082155e-01
6.38481736e-01
6.34187281e-01
6.44755542e-01
6.39532089e-01
6.32041931e-01
6.30338967e-01
6.39106333e-01
6.32245541e-01
6.19817555e-01
6.34483993e-01
6.32082403e-01
6.36735797e-01
6.46683991e-01
6.46350801e-01
6.31371379e-01
6.42946064e-01
6.41119242e-01
6.31152451e-01
6.37566328e-01
6.55456126e-01
6.34388208e-01
6.40217006e-01
6.39841497e-01
6.39508426e-01
6.32425427e-01
6.36677146e-01
6.31416440e-01
6.28309965e-01
6.31127238e-01
6.31344438e-01
6.32577896e-01
6.32422984e-01
6.35284066e-01
6.18260920e-01
6.18549049e-01
6.45835638e-01
6.31863892e-01
6.18131816e-01
6.24360979e-01
6.33003235e-01
6.23683155e-01
6.23608589e-01
6.29588187e-01
6.17572010e-01
6.18914604e-01
6.17914319e-01
6.19155169e-01
6.21672034e-01
6.29524410e-01
6.33541405e-01
6.20574832e-01
6.29995584e-01
6.33631885e-01
6.29210353e-01
6.29812658e-01
6.30793393e-01
6.28205538e-01
6.23619854e-01
6.20283961e-01
6.27338946e-01
6.16500616e-01
6.26272500e-01
6.33419991e-01
6.19931579e-01
6.16945863e-01
6.14273965e-01
6.10556841e-01
6.29624605e-01
6.24735534e-01
6.16402566e-01
6.15364969e-01
6.15740061e-01
6.19325399e-01
6.05807960e-01
6.14328384e-01
6.20495021e-01
6.04343832e-01
6.13298476e-01
6.04755282e-01
6.12251699e-01
6.17546499e-01
6.27380133e-01
6.02802277e-01
6.30338252e-01
6.23022556e-01
6.13402367e-01
6.23149395e-01
6.08880103e-01
6.14251733e-01
6.16951704e-01
6.14711165e-01
6.14969730e-01
6.25686765e-01
6.19741440e-01
6.12297475e-01
6.01154447e-01
6.24227583e-01
5.98999083e-01
6.14701807e-01
6.07317805e-01
6.05632901e-01
6.23393714e-01
6.07512772e-01
6.06477320e-01
6.03378117e-01
5.92566669e-01
6.06006026e-01
5.95803082e-01
5.87163270e-01
6.11310482e-01
6.10986471e-01
6.04129672e-01
6.00333512e-01
5.86556375e-01
6.06716871e-01
6.20122552e-01
6.10477328e-01
6.09203756e-01
6.04361534e-01
6.01285517e-01
6.04931533e-01
6.04526639e-01
6.10648394e-01
6.08261824e-01
6.07133210e-01
6.06286407e-01
6.05345488e-01
6.02092385e-01
6.04885459e-01
6.12816215e-01
6.17392898e-01
6.05001569e-01
6.03172362e-01
5.95978558e-01
5.96300185e-01
6.04077518e-01
6.01640701e-01
5.92706561e-01
5.93516529e-01
5.95729828e-01
5.98357856e-01
5.90586662e-01
5.94690084e-01
5.71965098e-01
5.98059297e-01
6.03746057e-01
5.97810805e-01
5.87973356e-01
5.87241173e-01
5.89342654e-01
5.80708265e-01
5.76071322e-01
5.87092996e-01
5.83361924e-01
5.78884125e-01
5.91901004e-01
5.92779577e-01
5.86821437e-01
5.97918093e-01
5.94382584e-01
5.85296988e-01
5.88393927e-01
5.68917513e-01
5.91073513e-01
5.93809843e-01
5.69653869e-01
5.77869534e-01
5.82075655e-01
5.80135703e-01
5.93851507e-01
5.92928231e-01
5.94002604e-01
5.96153140e-01
5.89273393e-01
5.87040901e-01
5.78452885e-01
5.82490742e-01
5.85789979e-01
5.94958663e-01
5.85382819e-01
5.79933643e-01
5.85728943e-01
5.91626167e-01
5.87532461e-01
5.82974255e-01
5.86387575e-01
5.71440160e-01
5.81322372e-01
5.93085468e-01
5.70940554e-01
5.75612605e-01
5.72140992e-01
5.77043116e-01
5.82687855e-01
5.80326200e-01
5.84522665e-01
5.80827594e-01
5.72442532e-01
5.78512609e-01
5.80917120e-01
5.76465309e-01
5.67332566e-01
5.71917295e-01
5.89780807e-01
5.57397187e-01
5.49441695e-01
5.69466472e-01
5.77385664e-01
5.63633382e-01
5.76068223e-01
5.74523509e-01
5.69568753e-01
5.78129768e-01
5.62333643e-01
5.69302857e-01
5.68777442e-01
5.67741275e-01
5.69542587e-01
5.78212261e-01
5.79127610e-01
5.67647815e-01
5.46103597e-01
5.79507053e-01
5.52994370e-01
5.52602232e-01
5.66966176e-01
5.74327528e-01
5.66386461e-01
5.62496126e-01
5.67142725e-01
5.63749015e-01
5.80450714e-01
5.52562535e-01
5.53809702e-01
5.69109201e-01
5.61776996e-01
5.48049033e-01
5.58449149e-01
5.68850577e-01
5.64378858e-01
5.59402347e-01
5.53433895e-01
5.66545546e-01
5.64881384e-01
5.56574106e-01
5.49184263e-01
5.65104127e-01
5.64140737e-01
5.59506714e-01
5.60315371e-01
5.56324065e-01
5.59383690e-01
5.55531204e-01
5.50767601e-01
5.34688532e-01
5.48103213e-01
5.48981667e-01
5.43102026e-01
5.29336452e-01
5.44546187e-01
5.67362130e-01
5.50826132e-01
5.51694572e-01
5.56741774e-01
5.50568521e-01
5.60035646e-01
5.58109939e-01
5.51112771e-01
5.54705501e-01
5.53792715e-01
5.53815067e-01
5.49574018e-01
5.40535152e-01
5.53522229e-01
5.62285542e-01
5.44926882e-01
5.52970886e-01
5.54947853e-01
5.49429357e-01
5.43793082e-01
5.47822654e-01
5.33409536e-01
5.31945229e-01
5.32772064e-01
5.59389234e-01
5.65859973e-01
5.45988381e-01
5.49784422e-01
5.45579851e-01
5.42937815e-01
5.52144706e-01
5.51931560e-01
5.50841808e-01
5.47899842e-01
5.45901000e-01
5.41003466e-01
5.45841277e-01
5.15348554e-01
5.41830897e-01
5.94542563e-01
5.53809404e-01
5.25169253e-01
5.38078964e-01
5.42710125e-01
5.47527969e-01
5.43809831e-01
5.39082170e-01
5.31397998e-01
5.38117051e-01
5.34036517e-01
5.10610759e-01
5.38506150e-01
5.38629413e-01
5.43177247e-01
5.33447564e-01
4.83429939e-01
5.11918306e-01
5.31415999e-01
5.36840320e-01
5.35974920e-01
5.31440198e-01
5.32426178e-01
5.29248536e-01
5.39818227e-01
5.42199135e-01
5.42874753e-01
5.27393222e-01
5.33150494e-01
5.32073319e-01
5.30563593e-01
5.38253009e-01
5.43230951e-01
5.32618821e-01
5.34879446e-01
5.28984368e-01
5.18631935e-01
5.25454521e-01
5.35517991e-01
5.31986475e-01
5.23157656e-01
5.30441821e-01
5.34466624e-01
5.38773000e-01
5.36575913e-01
5.32576084e-01
5.29137611e-01
5.28416514e-01
5.27539790e-01
5.33923507e-01
5.35058320e-01
5.27391195e-01
5.28987885e-01
5.35090506e-01
5.28311968e-01
5.28852820e-01
5.22667468e-01
5.33262372e-01
5.48102856e-01
5.21610916e-01
5.20170212e-01
5.32557070e-01
5.26841283e-01
5.26702404e-01
5.18191338e-01
5.27649820e-01
5.21859169e-01
5.22601724e-01
5.38402319e-01
5.32210708e-01
5.17127395e-01
5.24960816e-01
5.17484844e-01
5.23770034e-01
5.38465381e-01
5.19804299e-01
5.23296833e-01
5.23916006e-01
5.22516549e-01
5.24041474e-01
5.23681581e-01
5.21992028e-01
5.15284598e-01
5.14583170e-01
5.26521266e-01
5.18669069e-01
5.09190798e-01
5.28691590e-01
5.29901147e-01
5.24442852e-01
5.26425302e-01
5.21729767e-01
5.23137629e-01
5.25605679e-01
5.22008479e-01
5.22282898e-01
5.25450528e-01
5.21713614e-01
5.22323966e-01
5.28589189e-01
5.09125769e-01
5.18708885e-01
5.20271719e-01
5.18376648e-01
5.17309368e-01
5.19402444e-01
5.14947057e-01
5.14526784e-01
5.11464536e-01
5.17184258e-01
5.15302241e-01
5.18791556e-01
5.19962311e-01
5.21237612e-01
5.09383321e-01
5.10794342e-01
5.15809536e-01
5.14067829e-01
5.10253429e-01
5.12829542e-01
5.17149806e-01
5.15946329e-01
5.08597314e-01
5.08046925e-01
5.16537786e-01
5.15920103e-01
5.07109523e-01
5.08467078e-01
5.03830194e-01
5.01416862e-01
5.10290086e-01
4.97551292e-01
5.02587497e-01
5.06298602e-01
5.06038308e-01
5.14047027e-01
5.03945649e-01
5.04166424e-01
5.03714502e-01
5.03443003e-01
5.01959145e-01
5.01679361e-01
5.03064156e-01
5.04595459e-01
5.05910218e-01
5.04948139e-01
5.03772736e-01
5.08631170e-01
4.99931008e-01
5.03121316e-01
5.09907424e-01
4.96421337e-01
4.77984488e-01
4.93899375e-01
4.96644497e-01
4.84137595e-01
4.70789433e-01
5.03650486e-01
5.01086295e-01
4.81264561e-01
4.77319777e-01
4.62966233e-01
4.95078653e-01
5.25874257e-01
4.97798085e-01
4.96404558e-01
4.96443331e-01
4.84080106e-01
4.92118627e-01
5.15124261e-01
4.93452549e-01
5.03685892e-01
5.01411974e-01
4.96730864e-01
4.95366603e-01
4.96930063e-01
4.97945875e-01
4.94972467e-01
4.90364522e-01
5.01780391e-01
5.08318365e-01
4.85136867e-01
4.95181799e-01
4.94827211e-01
4.70084250e-01
4.98994827e-01
5.19619524e-01
5.18900275e-01
4.65569824e-01
4.77581084e-01
5.07416844e-01
4.93050992e-01
4.76812750e-01
4.81784075e-01
4.91590708e-01
4.98223960e-01
4.98091578e-01
4.84932005e-01
4.77926791e-01
4.87153679e-01
4.98029768e-01
4.91188794e-01
4.92760777e-01
4.89127487e-01
4.86573875e-01
4.92066413e-01
4.98419970e-01
4.74615484e-01
4.81297016e-01
4.85272348e-01
4.90208060e-01
4.82651502e-01
4.86181647e-01
4.81570512e-01
4.90386337e-01
4.32426989e-01
4.52255011e-01
4.76538301e-01
4.82452601e-01
4.81358856e-01
4.89077777e-01
4.73965704e-01
4.79438096e-01
4.92678285e-01
4.76063907e-01
4.74422902e-01
4.71375287e-01
4.80305701e-01
4.61721122e-01
4.94707942e-01
4.83709425e-01
4.53883648e-01
4.52718139e-01
4.64833468e-01
4.73086774e-01
4.73977447e-01
4.74441200e-01
4.82457489e-01
4.84470814e-01
4.76378113e-01
4.79635030e-01
4.69092637e-01
4.77798134e-01
4.82683778e-01
4.79154646e-01
4.76202846e-01
4.71481115e-01
4.53004241e-01
4.40942764e-01
4.64696497e-01
4.83665466e-01
4.76988375e-01
4.64313954e-01
4.73359317e-01
4.75636452e-01
4.77493078e-01
4.79684353e-01
4.79297549e-01
4.88417745e-01
4.82563615e-01
4.83982831e-01
4.65466022e-01
4.69690621e-01
4.58615243e-01
4.71841902e-01
4.67365861e-01
4.63502586e-01
4.69061494e-01
4.35401708e-01
4.65159088e-01
4.84376907e-01
4.68376637e-01
4.70939845e-01
4.66364682e-01
4.69461501e-01
4.65460300e-01
4.60220575e-01
4.56921935e-01
4.64827955e-01
4.68353570e-01
4.64165628e-01
4.68070835e-01
4.62789595e-01
4.64346766e-01
4.63528454e-01
4.68017131e-01
4.63633567e-01
4.59087849e-01
4.70157534e-01
4.64009166e-01
4.60763723e-01
4.71019000e-01
4.60444957e-01
4.58843321e-01
4.66085821e-01
4.65165794e-01
4.61935043e-01
4.61189032e-01
4.66822654e-01
4.66490865e-01
4.65468228e-01
4.59633321e-01
4.59565490e-01
4.61550236e-01
4.57545936e-01
4.63700950e-01
4.59888607e-01
4.59109336e-01
4.55508500e-01
4.62972164e-01
4.54597682e-01
4.62218702e-01
4.72578347e-01
4.56619591e-01
4.46819365e-01
4.54845220e-01
4.61129308e-01
4.51531529e-01
4.54769373e-01
4.56061304e-01
4.54689920e-01
4.56371158e-01
4.50301677e-01
4.54660356e-01
4.56607819e-01
4.59484637e-01
4.67474431e-01
4.37025070e-01
4.47738737e-01
4.57395762e-01
4.51348662e-01
4.44715291e-01
4.54377741e-01
4.32475209e-01
4.38222736e-01
4.64885026e-01
4.40089166e-01
4.48329538e-01
4.56251442e-01
4.45154250e-01
4.51442271e-01
4.46242839e-01
4.43305224e-01
4.61164773e-01
4.44264591e-01
4.48895276e-01
4.49096531e-01
4.42101896e-01
4.36364800e-01
4.50983584e-01
4.41405356e-01
4.42521900e-01
4.58639592e-01
4.40630972e-01
4.45774138e-01
4.44713116e-01
4.39943016e-01
4.42483306e-01
4.54721749e-01
4.45632547e-01
4.49210972e-01
4.46889400e-01
4.38265622e-01
4.43464369e-01
4.43738461e-01
4.39214557e-01
4.45480436e-01
4.52618569e-01
4.50342029e-01
4.39219147e-01
4.39311206e-01
4.43449855e-01
4.40301448e-01
4.45035547e-01
4.36940312e-01
4.39871460e-01
4.46796119e-01
4.44355220e-01
4.39620972e-01
4.38046515e-01
4.41834390e-01
4.36141491e-01
4.33420092e-01
4.40181434e-01
4.43254530e-01
4.39493269e-01
4.36443627e-01
4.38665926e-01
4.34524208e-01
4.38577443e-01
4.38938618e-01
4.39904183e-01
4.36330169e-01
4.32067424e-01
4.36662763e-01
4.31206435e-01
4.33493137e-01
4.41037357e-01
4.34007347e-01
4.09546286e-01
4.36782926e-01
4.35423970e-01
4.27302569e-01
4.03884798e-01
4.31532979e-01
4.22709286e-01
4.15047139e-01
4.31949377e-01
4.26485211e-01
4.25831735e-01
4.29231256e-01
4.36104566e-01
4.29208755e-01
4.25801605e-01
4.17795718e-01
4.30899739e-01
4.35813218e-01
4.26665932e-01
4.31351691e-01
4.32058185e-01
4.31434155e-01
4.28158492e-01
4.31344837e-01
4.29006666e-01
4.29002434e-01
4.22703683e-01
4.22445595e-01
4.26827997e-01
4.06802922e-01
3.77620280e-01
4.65839148e-01
3.83569241e-01
3.59219342e-01
4.15595680e-01
4.21892643e-01
4.48951095e-01
4.03811663e-01
4.11999345e-01
4.24685806e-01
4.22691792e-01
4.13852990e-01
4.27005529e-01
4.26752090e-01
4.11418974e-01
4.18529838e-01
4.26136941e-01
4.29717273e-01
4.18864220e-01
3.99079710e-01
4.22222733e-01
4.22643870e-01
4.26328897e-01
4.13579315e-01
4.25694585e-01
4.26011950e-01
4.21698511e-01
4.15530145e-01
3.89256150e-01
3.98720682e-01
4.76645291e-01
4.20688301e-01
4.13328916e-01
4.20399874e-01
4.24116433e-01
4.15027022e-01
4.14423913e-01
3.89236450e-01
4.30885941e-01
4.32808995e-01
4.12941068e-01
4.09849972e-01
4.16958094e-01
4.18645710e-01
4.07129079e-01
3.98980200e-01
3.66999567e-01
3.75726312e-01
3.86979878e-01
4.07288045e-01
4.11704093e-01
4.13818270e-01
4.12246764e-01
4.07781094e-01
4.20555443e-01
4.28902149e-01
4.04261708e-01
4.22301471e-01
4.39790398e-01
4.02093440e-01
4.06378269e-01
4.06666815e-01
4.05927330e-01
4.06132638e-01
4.13551122e-01
3.73250902e-01
3.58192831e-01
3.99184644e-01
3.89115393e-01
4.12496120e-01
4.06388491e-01
4.01709616e-01
4.13235605e-01
4.07323092e-01
4.14188057e-01
4.16278154e-01
4.03895199e-01
4.09446120e-01
4.06912804e-01
4.06516522e-01
4.04266298e-01
3.88005853e-01
4.01131481e-01
4.37939912e-01
4.46216792e-01
4.07406896e-01
3.90391171e-01
3.91013891e-01
