3.42460811e-01
3.47777218e-01
3.71109605e-01
3.20387512e-01
3.75676692e-01
4.47453886e-01
3.63095373e-01
3.88710439e-01
2.41476789e-01
3.34652394e-01
3.52026463e-01
1.59779221e-01
3.50460261e-01
2.18639046e-01
1.72554031e-01
2.80530989e-01
4.00598973e-01
3.36628228e-01
3.42392206e-01
2.03075960e-01
1.87407136e-01
2.40753368e-01
3.13574553e-01
3.12605143e-01
2.35693604e-01
2.90635377e-01
2.77354002e-01
3.30054849e-01
3.21037948e-01
1.79944277e-01
3.13557297e-01
3.08440775e-01
2.38706768e-01
2.81457335e-01
3.32649320e-01
3.33696157e-01
3.46210778e-01
2.91403979e-01
3.54654163e-01
2.74177194e-01
1.98080868e-01
2.92769581e-01
3.58337790e-01
2.26394996e-01
2.78371841e-01
2.49585986e-01
2.34911874e-01
3.91705513e-01
4.31123674e-01
2.59638757e-01
3.04590344e-01
2.69644558e-01
3.03726971e-01
3.03611159e-01
3.13564926e-01
2.34451935e-01
1.93185121e-01
2.42957547e-01
2.77040243e-01
3.56240690e-01
2.63480514e-01
3.28473806e-01
3.40552509e-01
2.39771247e-01
2.44642854e-01
3.80660504e-01
3.91089886e-01
3.23233694e-01
3.60915333e-01
3.75654399e-01
3.51627022e-01
3.71618807e-01
2.96281844e-01
2.53462076e-01
2.49571785e-01
2.44934469e-01
2.55173653e-01
2.57079929e-01
2.16882169e-01
2.77244568e-01
3.54437053e-01
3.11695099e-01
1.84297666e-01
2.49678910e-01
3.19502383e-01
2.52477735e-01
3.40096325e-01
3.22763026e-01
2.62118429e-01
2.65164554e-01
2.26610646e-01
1.55823618e-01
2.19696298e-01
2.42276579e-01
2.51857698e-01
2.70032853e-01
2.31837288e-01
2.80558020e-01
2.56395191e-01
2.59784490e-01
3.19467396e-01
1.85679823e-01
3.10199082e-01
2.46432051e-01
2.48506397e-01
2.71536231e-01
2.10343763e-01
2.74623871e-01
3.15031916e-01
2.15304404e-01
3.06872189e-01
3.04927766e-01
1.55008018e-01
1.71863198e-01
3.11659038e-01
3.04809749e-01
1.51724458e-01
2.22541630e-01
3.48702401e-01
2.38773823e-01
3.28354150e-01
2.97448158e-01
3.31341326e-01
3.13761055e-01
2.43652672e-01
2.86562294e-01
3.98552716e-01
1.58683732e-01
2.67562926e-01
4.02202427e-01
3.01327705e-01
1.77656770e-01
3.77296001e-01
3.43670964e-01
2.56126136e-01
2.07729429e-01
3.84147733e-01
2.42810965e-01
3.50374848e-01
2.83747792e-01
3.19103986e-01
3.10920030e-01
2.98685789e-01
3.58778864e-01
2.46567801e-01
2.78654993e-01
3.07991117e-01
2.78015226e-01
2.61697799e-01
2.43490085e-01
1.88835829e-01
2.05876291e-01
2.43834227e-01
2.24178210e-01
2.44208992e-01
2.74928868e-01
2.62205303e-01
2.96518832e-01
2.43800953e-01
1.51293471e-01
1.90498278e-01
3.54836613e-01
3.07350308e-01
2.83223987e-01
1.96526036e-01
2.48177052e-01
2.77563244e-01
2.44172215e-01
2.17466787e-01
2.82371998e-01
2.65121639e-01
2.75822580e-01
3.27154994e-01
2.20711857e-01
2.32042179e-01
2.94609398e-01
2.22279921e-01
1.82871312e-01
1.97329476e-01
1.39292076e-01
2.76064605e-01
2.32539520e-01
1.65269390e-01
9.03391838e-02
1.38739914e-01
2.51087397e-01
3.07845980e-01
2.03193367e-01
1.97008297e-01
1.95699573e-01
1.99538171e-01
2.16193825e-01
1.91729590e-01
1.79851755e-01
2.08177626e-01
1.93220034e-01
1.50735363e-01
1.58797741e-01
2.37606660e-01
1.55719012e-01
1.41429394e-01
1.90849140e-01
2.37936512e-01
3.03054780e-01
1.99339628e-01
2.81330079e-01
2.29225188e-01
1.70498952e-01
2.32624829e-01
2.54456133e-01
1.71054229e-01
3.11734408e-01
2.62853235e-01
2.40744725e-01
2.59073764e-01
1.72424167e-01
2.07177877e-01
2.21615925e-01
1.92291588e-01
1.62873998e-01
2.18150541e-01
1.62710428e-01
2.74218112e-01
2.18824103e-01
2.32589841e-01
3.04758668e-01
2.51751542e-01
1.94634542e-01
3.31375033e-01
3.59339863e-01
2.16176957e-01
2.58936822e-01
3.21940184e-01
2.49773085e-01
2.26728141e-01
1.91310123e-01
2.09895879e-01
2.45803103e-01
2.74081290e-01
3.01774681e-01
2.87015975e-01
1.68986410e-01
2.84413785e-01
3.11939090e-01
2.95556694e-01
1.74031049e-01
2.18560815e-01
2.26043925e-01
2.67102838e-01
2.93978751e-01
2.19303250e-01
2.38098711e-01
2.82045841e-01
2.62024105e-01
1.98344231e-01
2.23734647e-01
2.24539161e-01
1.83758005e-01
1.84150279e-01
1.59198806e-01
1.91426873e-01
2.14579538e-01
2.12737069e-01
2.43222147e-01
2.75608987e-01
3.12024921e-01
3.14258188e-01
2.37726137e-01
2.07368717e-01
2.58401960e-01
2.43824109e-01
2.94826239e-01
2.57139146e-01
2.21362561e-01
1.97597429e-01
2.24274233e-01
2.10614711e-01
1.75589412e-01
1.83194533e-01
1.95798501e-01
2.03079045e-01
2.00588807e-01
2.25086272e-01
2.13727772e-01
2.40201861e-01
2.40493402e-01
1.94912046e-01
2.64692128e-01
2.58794159e-01
2.27927044e-01
2.71397114e-01
2.63477951e-01
2.39146695e-01
2.72021681e-01
1.69911683e-01
1.98344797e-01
1.75203696e-01
1.87660307e-01
2.25011691e-01
2.23258659e-01
1.87066749e-01
1.81274489e-01
1.87759265e-01
2.48218924e-01
2.43502989e-01
2.72739679e-01
2.50987679e-01
1.58918202e-01
1.01907417e-01
1.33212015e-01
1.52366251e-01
2.75113404e-01
2.09547311e-01
1.91236854e-01
2.18314633e-01
2.19403669e-01
2.19245061e-01
2.09163800e-01
1.39674500e-01
2.01014757e-01
1.89574450e-01
2.39847749e-01
2.81108439e-01
1.50900096e-01
1.90998241e-01
1.30912483e-01
2.05397472e-01
1.94370568e-01
1.58326566e-01
1.51009381e-01
2.04127401e-01
1.37079179e-01
1.23775162e-01
1.54968888e-01
1.98877037e-01
1.87492654e-01
1.25622049e-01
1.44888923e-01
1.37647912e-01
1.28289327e-01
1.33911312e-01
1.70601398e-01
2.30201960e-01
1.24881417e-01
1.93094268e-01
1.50729179e-01
1.28769621e-01
1.43556535e-01
1.50447398e-01
1.97587565e-01
2.30693743e-01
1.80708572e-01
1.40418664e-01
1.78266957e-01
1.74861506e-01
1.33642867e-01
1.61489263e-01
1.80499315e-01
2.01002434e-01
1.77667499e-01
1.91021204e-01
2.46680319e-01
1.49297506e-01
1.36026904e-01
2.17960522e-01
2.49319419e-01
2.68951744e-01
2.22172126e-01
2.17271939e-01
2.12532744e-01
1.92771643e-01
2.13501453e-01
2.15383559e-01
1.52141303e-01
2.21930653e-01
2.24058136e-01
1.59860790e-01
1.94324672e-01
1.94312975e-01
2.77668655e-01
2.84743100e-01
1.80183053e-01
1.35800958e-01
2.48017862e-01
2.27822423e-01
2.27588519e-01
2.29856953e-01
1.62992641e-01
1.43652409e-01
2.45468944e-01
2.83098698e-01
1.69241935e-01
1.66717097e-01
1.87273338e-01
1.90869242e-01
2.42397517e-01
1.50921568e-01
1.67011842e-01
1.57712400e-01
1.50747046e-01
2.15715706e-01
2.64947295e-01
2.26867825e-01
2.21971139e-01
2.15276942e-01
2.09610805e-01
2.39146784e-01
1.74243882e-01
2.56201535e-01
1.45759046e-01
2.02386722e-01
2.92844415e-01
1.89864412e-01
2.05980390e-01
1.96958855e-01
2.22872838e-01
2.34201714e-01
1.99265897e-01
1.58293679e-01
2.15697557e-01
2.19902322e-01
3.15945715e-01
2.93907404e-01
2.53690600e-01
1.78574979e-01
1.52371928e-01
2.29146585e-01
1.87442079e-01
2.43504643e-01
2.47059628e-01
1.56250954e-01
1.86867580e-01
2.50267029e-01
2.33422741e-01
1.79953292e-01
1.20871015e-01
1.28961533e-01
1.67766184e-01
2.65004307e-01
2.15137199e-01
2.12499946e-01
1.89083382e-01
1.74216166e-01
1.97618157e-01
1.18700713e-01
2.58244365e-01
1.86742052e-01
1.28133759e-01
1.86167389e-01
2.57471114e-01
2.22368270e-01
1.96959600e-01
1.76059306e-01
1.60770535e-01
1.61024883e-01
1.80523291e-01
1.52056962e-01
2.14219064e-01
2.09863812e-01
1.97812662e-01
2.14465171e-01
2.30489373e-01
2.07496673e-01
1.91315174e-01
2.15512782e-01
1.70988142e-01
1.48013756e-01
2.02852860e-01
1.26369119e-01
1.82396591e-01
2.23213822e-01
1.99664980e-01
1.60576165e-01
1.70917943e-01
2.02731743e-01
2.13379592e-01
1.81410238e-01
2.08075553e-01
2.30287790e-01
1.49352387e-01
2.05406666e-01
2.28673428e-01
2.06956863e-01
2.20235810e-01
1.89636067e-01
1.55031323e-01
1.62946194e-01
1.67847991e-01
2.07971692e-01
2.20276967e-01
1.59786701e-01
1.57951802e-01
1.96081743e-01
1.86802790e-01
1.63522497e-01
1.35615587e-01
1.53271750e-01
1.78903311e-01
1.60880163e-01
1.47381768e-01
1.65813744e-01
1.51760444e-01
1.98536038e-01
1.84199840e-01
2.09206790e-01
1.25342354e-01
1.32398218e-01
1.74671963e-01
2.17881665e-01
2.23481312e-01
1.39434353e-01
1.72519445e-01
1.75896630e-01
1.43825084e-01
1.20665178e-01
1.08904205e-01
2.10434780e-01
1.30825251e-01
1.62959471e-01
1.69599250e-01
1.65572956e-01
2.71636248e-01
1.31858721e-01
1.70569465e-01
1.91770434e-01
1.47654951e-01
1.68937668e-01
2.08392680e-01
1.38545051e-01
1.43671647e-01
1.62735581e-01
1.89247891e-01
1.94191426e-01
1.73067078e-01
1.28825098e-01
1.42783657e-01
1.37436181e-01
1.42719209e-01
1.69254363e-01
9.30777192e-02
1.32503062e-01
1.35404468e-01
1.56505302e-01
1.84151188e-01
1.45276576e-01
1.20739639e-01
1.28094316e-01
2.13867933e-01
1.50879592e-01
1.50016397e-01
2.43977204e-01
1.10631786e-01
1.45698547e-01
1.35092884e-01
1.55986950e-01
1.44832358e-01
9.44404155e-02
1.75323114e-01
2.56068319e-01
9.54558179e-02
1.06813088e-01
1.66479126e-01
1.63223699e-01
1.76382899e-01
1.24630220e-01
1.45368099e-01
1.77577943e-01
1.46231234e-01
9.98755693e-02
1.77119434e-01
1.33173257e-01
6.67596310e-02
8.55809823e-02
1.20659336e-01
9.40131396e-02
9.98627618e-02
1.14111677e-01
9.45622027e-02
9.58841890e-02
7.70445168e-02
1.09621704e-01
8.34101513e-02
9.48986933e-02
8.25654939e-02
9.97791886e-02
1.18276976e-01
1.12417884e-01
7.24614039e-02
9.60479304e-02
1.28358960e-01
1.08153902e-01
1.25785023e-01
1.75478175e-01
1.35283738e-01
1.72116309e-01
1.58436880e-01
1.36488661e-01
1.45235613e-01
1.63012847e-01
1.17985949e-01
1.19706400e-01
1.43621475e-01
1.12221606e-01
1.50188506e-01
1.51184127e-01
1.55903220e-01
1.21571496e-01
1.26675710e-01
1.53729200e-01
1.39336258e-01
1.37135863e-01
1.69968665e-01
2.10048392e-01
1.63553894e-01
1.78309143e-01
1.78253561e-01
1.33699208e-01
1.26427829e-01
1.41023636e-01
1.73323035e-01
1.52921706e-01
1.15750469e-01
1.22192487e-01
8.96107480e-02
1.92870125e-01
1.44467488e-01
1.42546311e-01
1.49364308e-01
1.13778628e-01
1.59952879e-01
1.89149663e-01
1.15774050e-01
1.06670313e-01
1.23799704e-01
1.46891400e-01
1.47022516e-01
1.87294245e-01
2.01129586e-01
1.62672952e-01
1.20421812e-01
1.42230541e-01
1.47635698e-01
1.78889945e-01
1.33932769e-01
1.79625794e-01
1.79154500e-01
1.01919971e-01
1.77509233e-01
1.39999449e-01
1.18206568e-01
9.85402763e-02
1.44564316e-01
2.24018767e-01
1.22383840e-01
1.49369448e-01
1.83053702e-01
1.22669116e-01
1.19233571e-01
2.11677119e-01
1.46531314e-01
1.40585616e-01
1.62741691e-01
1.71638235e-01
1.59433857e-01
1.67146176e-01
1.82637796e-01
1.74435318e-01
1.41578302e-01
1.61653653e-01
1.93344519e-01
2.34080642e-01
1.34978101e-01
1.30341798e-01
2.02569902e-01
1.62750572e-01
1.20765723e-01
2.27668226e-01
1.41012311e-01
1.69015139e-01
1.43520236e-01
1.28490657e-01
1.36696756e-01
1.13638602e-01
1.44224018e-01
1.37902454e-01
1.25262618e-01
1.17665350e-01
1.33093208e-01
1.57238588e-01
1.40220299e-01
1.20931789e-01
1.78906903e-01
1.61021382e-01
1.28016755e-01
1.46841004e-01
1.67461395e-01
1.77884117e-01
1.42171457e-01
1.32480234e-01
1.43445700e-01
1.20328911e-01
1.15444548e-01
2.21047029e-01
9.88771319e-02
1.12845719e-01
1.85069188e-01
1.60678312e-01
1.18934937e-01
1.08677484e-01
1.24443702e-01
1.55072927e-01
1.48985580e-01
1.35764048e-01
1.58554271e-01
1.45738393e-01
1.75002486e-01
1.57221794e-01
1.58451393e-01
1.94266185e-01
1.46343589e-01
1.60736874e-01
1.88113570e-01
1.63134634e-01
1.20246820e-01
1.27954468e-01
1.30260155e-01
1.24357186e-01
1.30260780e-01
1.02621883e-01
1.06028438e-01
1.55245498e-01
1.04590997e-01
1.43784866e-01
1.92467108e-01
1.57496706e-01
1.24939546e-01
1.47346631e-01
1.33447245e-01
1.37405530e-01
1.17992699e-01
1.61999568e-01
1.62134081e-01
1.23254366e-01
1.16792597e-01
1.37393788e-01
1.26653478e-01
1.18890591e-01
1.47934794e-01
1.55615032e-01
1.11363508e-01
1.12121284e-01
1.26957178e-01
1.46142930e-01
1.40228689e-01
1.29380181e-01
1.21339783e-01
1.17440373e-01
1.34291813e-01
1.60497963e-01
1.96152359e-01
1.67828813e-01
1.41929969e-01
1.23958103e-01
1.42080829e-01
2.05599532e-01
2.07758754e-01
1.78971395e-01
1.21988654e-01
1.59624934e-01
1.54440835e-01
1.28481925e-01
1.25400245e-01
1.36589333e-01
7.82145709e-02
1.63272411e-01
1.69466361e-01
1.65539116e-01
1.43965393e-01
1.14318162e-01
1.46695554e-01
1.46508411e-01
1.63132459e-01
1.42280892e-01
1.20636791e-01
1.24278955e-01
1.23840131e-01
1.49564117e-01
1.37321651e-01
1.32422239e-01
1.32246181e-01
1.15162611e-01
8.40341449e-02
1.32179484e-01
1.72551036e-01
1.92607000e-01
1.77632496e-01
1.35175228e-01
1.46086171e-01
1.48556560e-01
1.39199808e-01
1.19585864e-01
1.14305072e-01
1.02402553e-01
1.22398533e-01
1.33227333e-01
1.09209791e-01
1.08509302e-01
1.33154228e-01
1.51216388e-01
1.25629902e-01
1.28308982e-01
1.62711829e-01
1.97338864e-01
1.58825174e-01
1.30524784e-01
9.30636153e-02
1.32913619e-01
1.25167564e-01
1.16293073e-01
9.25150663e-02
9.03262496e-02
1.86618760e-01
9.56971571e-02
1.69941947e-01
1.51660681e-01
1.16347611e-01
1.42478615e-01
1.01324640e-01
1.42883152e-01
9.78241488e-02
1.09318323e-01
1.52409434e-01
1.09017119e-01
1.95774555e-01
1.63271606e-01
1.39040798e-01
1.13982886e-01
1.20834127e-01
1.31181300e-01
8.43808651e-02
1.41276091e-01
1.38489336e-01
1.16997786e-01
1.13525085e-01
1.43585384e-01
1.71206743e-01
1.21130712e-01
1.01024680e-01
1.27996653e-01
1.52627215e-01
1.24496922e-01
1.29979029e-01
1.23357110e-01
1.20550409e-01
1.22254021e-01
1.36038065e-01
1.03175178e-01
1.19918868e-01
1.21595666e-01
1.28629535e-01
1.24464527e-01
1.07058398e-01
8.68837386e-02
1.31828487e-01
8.19150358e-02
1.34922862e-01
1.62861779e-01
1.21841051e-01
1.12210974e-01
1.31795377e-01
9.52121913e-02
9.87527147e-02
1.03153989e-01
1.13443516e-01
1.26799569e-01
1.28945976e-01
1.37732178e-01
1.36944592e-01
1.10693984e-01
1.39604643e-01
1.38319373e-01
8.80501643e-02
1.36454254e-01
1.32381186e-01
1.02746189e-01
1.13047786e-01
1.21924609e-01
1.31330743e-01
1.80170745e-01
1.25765249e-01
1.38665140e-01
1.93775222e-01
1.36959538e-01
9.45928916e-02
1.44725904e-01
1.17899649e-01
1.06749885e-01
1.68289572e-01
1.96852833e-01
1.24929264e-01
1.66058704e-01
1.17385380e-01
1.05840951e-01
1.31076083e-01
1.20522417e-01
8.69490579e-02
9.72650871e-02
1.10951319e-01
1.22749776e-01
1.20193228e-01
1.35602728e-01
7.61613324e-02
1.58265263e-01
1.19006187e-01
1.09145314e-01
1.21679798e-01
1.05169147e-01
1.03330471e-01
1.11664742e-01
9.65104997e-02
1.48443237e-01
1.07209101e-01
1.03391878e-01
1.62233278e-01
1.07603841e-01
1.17526695e-01
1.35083586e-01
1.24115601e-01
1.18794926e-01
1.60799682e-01
1.43233135e-01
6.68881759e-02
1.01855025e-01
1.47839352e-01
1.30620256e-01
1.39530018e-01
1.06390469e-01
1.25709817e-01
1.19082794e-01
9.62353349e-02
9.50683579e-02
1.45763204e-01
9.53793228e-02
1.34246439e-01
1.08636931e-01
8.03567469e-02
9.13219377e-02
9.42209288e-02
8.31217915e-02
9.06314701e-02
1.15868963e-01
9.51178297e-02
1.01921052e-01
1.03570245e-01
7.45348483e-02
1.11923032e-01
1.10361189e-01
1.04600057e-01
1.21854790e-01
8.89368728e-02
1.09150402e-01
1.07718222e-01
9.35814679e-02
8.58846158e-02
6.41578808e-02
7.56184086e-02
1.39828131e-01
7.74165168e-02
9.38260332e-02
1.17575981e-01
9.47268680e-02
1.17205478e-01
1.24722369e-01
9.97830927e-02
1.20018043e-01
1.24942601e-01
1.30825862e-01
1.39479771e-01
9.91142839e-02
1.00044340e-01
1.16571344e-01
9.70551744e-02
7.27298930e-02
1.48025602e-01
8.59876722e-02
1.22178666e-01
1.16692819e-01
1.08486943e-01
1.22073010e-01
1.16582163e-01
1.21495463e-01
9.19679925e-02
9.06547382e-02
8.75647664e-02
9.71200690e-02
1.07941791e-01
1.27163768e-01
1.53055117e-01
1.44084513e-01
9.51247290e-02
1.15763202e-01
1.16034433e-01
1.27046958e-01
1.51150137e-01
1.27640665e-01
1.07947491e-01
1.36417568e-01
1.11336902e-01
6.91843852e-02
1.14327513e-01
1.02312982e-01
7.14010820e-02
5.69936521e-02
1.11773483e-01
9.09067616e-02
9.60342959e-02
1.08497567e-01
9.91589576e-02
8.23339447e-02
1.51515320e-01
9.81692597e-02
9.50006917e-02
1.13185413e-01
1.26195937e-01
1.23698920e-01
9.04561505e-02
1.03715539e-01
6.39693961e-02
7.54325539e-02
8.57808590e-02
1.32373735e-01
9.93048102e-02
1.20471589e-01
1.15933992e-01
6.11809976e-02
6.59194514e-02
1.02659598e-01
1.07056201e-01
9.60263684e-02
7.89854825e-02
9.14654359e-02
1.12954803e-01
8.76634270e-02
1.04624532e-01
9.39636976e-02
9.96555537e-02
1.02042682e-01
8.46168473e-02
6.38793781e-02
1.02925994e-01
1.35138422e-01
9.73865390e-02
7.85120055e-02
7.50157833e-02
8.91624838e-02
6.86981902e-02
1.21743001e-01
1.05585083e-01
6.64617643e-02
7.01158419e-02
1.04655907e-01
1.06330864e-01
7.32358024e-02
7.10780472e-02
8.56928974e-02
5.66875525e-02
7.34317750e-02
9.16674733e-02
6.46658614e-02
6.32207096e-02
6.09466806e-02
5.75853251e-02
7.65979588e-02
3.28586176e-02
8.77784416e-02
7.67982155e-02
7.06182793e-02
1.20007098e-01
5.28882667e-02
9.03707966e-02
7.87000135e-02
6.43354133e-02
5.83415404e-02
6.26612529e-02
7.43895844e-02
5.81313185e-02
7.06435889e-02
7.91010410e-02
7.29324147e-02
6.68038726e-02
7.56306276e-02
8.21330324e-02
8.01490098e-02
1.02280557e-01
8.39854553e-02
6.80079013e-02
1.06596209e-01
1.06139444e-01
7.30550736e-02
7.99628571e-02
9.78987068e-02
9.30942073e-02
9.13683698e-02
7.64672533e-02
1.20639831e-01
1.00593515e-01
9.44549590e-02
8.42841938e-02
6.74072579e-02
8.55320394e-02
9.60538611e-02
6.48014843e-02
9.00062695e-02
7.93177858e-02
4.19542715e-02
9.85004008e-02
6.03117794e-02
9.72809792e-02
1.09464251e-01
7.99600706e-02
9.80361998e-02
8.78753588e-02
1.03874810e-01
7.07406104e-02
7.45131224e-02
1.24846376e-01
8.88800099e-02
7.25443512e-02
1.07295968e-01
1.36504218e-01
7.69993216e-02
5.17642163e-02
1.10079251e-01
6.42530173e-02
1.05200976e-01
7.61401057e-02
6.12014718e-02
1.00905292e-01
1.40275449e-01
1.13592438e-01
1.03220738e-01
1.07570969e-01
8.90171528e-02
8.11967850e-02
1.07213482e-01
9.36446562e-02
1.07509792e-01
1.20028995e-01
9.68550593e-02
8.93001780e-02
1.08950518e-01
7.55185559e-02
9.96442810e-02
8.41638148e-02
9.92160439e-02
1.19256020e-01
5.20053804e-02
8.54865313e-02
1.14412673e-01
1.27974898e-01
9.12113860e-02
9.32997018e-02
1.39252767e-01
1.31140068e-01
1.01147160e-01
8.85008499e-02
1.22451030e-01
1.04753666e-01
1.07906446e-01
1.20103262e-01
6.24827221e-02
9.46833342e-02
8.92195776e-02
7.10952729e-02
9.42320898e-02
9.10185128e-02
6.18524291e-02
6.83474019e-02
7.27508664e-02
9.56598297e-02
1.00811154e-01
1.10814154e-01
1.00130521e-01
1.00031085e-01
1.00204237e-01
1.01410694e-01
9.47737470e-02
9.90840271e-02
8.27878341e-02
6.50222898e-02
7.58653581e-02
1.16061352e-01
1.05594307e-01
5.35495579e-02
6.90562576e-02
1.00008450e-01
9.78882238e-02
9.65577438e-02
1.25788435e-01
9.37909409e-02
9.70330983e-02
8.17532092e-02
6.63285926e-02
6.14574552e-02
8.09882283e-02
1.12175129e-01
9.79845375e-02
9.55406353e-02
9.89338830e-02
9.62800980e-02
1.12478092e-01
9.49817076e-02
7.99166635e-02
1.14398450e-01
1.17135607e-01
9.06652659e-02
1.03886418e-01
9.04581249e-02
1.34693876e-01
1.06000848e-01
8.26600268e-02
7.80117065e-02
5.65756336e-02
1.17072053e-01
1.41686857e-01
9.90804359e-02
4.89114225e-02
4.92704846e-02
1.06222421e-01
5.37869334e-02
7.38165677e-02
8.53376985e-02
1.16104797e-01
1.09503061e-01
6.30313531e-02
1.17238380e-01
1.13437220e-01
7.79340044e-02
8.09880644e-02
1.02682263e-01
1.09880507e-01
9.84305441e-02
4.77039404e-02
8.31457824e-02
1.37594759e-01
1.18015915e-01
1.27982929e-01
9.12993252e-02
6.41843453e-02
8.09056610e-02
9.50594768e-02
9.74542350e-02
1.02668151e-01
7.69980103e-02
8.58733356e-02
9.66193452e-02
5.81624880e-02
6.31687865e-02
1.12054467e-01
1.16346352e-01
1.19741939e-01
1.00290090e-01
9.19354856e-02
9.07665715e-02
6.87824488e-02
4.88078184e-02
1.00491621e-01
9.02391970e-02
8.20738971e-02
9.48092490e-02
8.41701776e-02
8.72004852e-02
6.79659843e-02
1.20475382e-01
9.18545350e-02
7.75194988e-02
1.15949497e-01
1.03696615e-01
6.69554025e-02
7.95312300e-02
1.02490738e-01
1.11749612e-01
1.01867318e-01
9.64419693e-02
1.02910854e-01
7.61462823e-02
8.78709033e-02
7.65153617e-02
6.90604746e-02
8.83674845e-02
7.21650571e-02
8.52899551e-02
9.81227010e-02
8.32148865e-02
9.68522057e-02
1.01456732e-01
1.11028403e-01
6.08460344e-02
7.76608139e-02
1.27449363e-01
7.23970234e-02
1.05354533e-01
8.26481581e-02
7.62081146e-02
8.03447887e-02
8.79868940e-02
7.27717131e-02
6.10521510e-02
9.80215594e-02
1.10725172e-01
1.07172571e-01
1.16173886e-01
1.08312435e-01
1.18188120e-01
1.06924526e-01
1.07788756e-01
8.80384520e-02
8.24177489e-02
8.57434124e-02
1.02511704e-01
7.82923475e-02
8.46798941e-02
7.34916925e-02
8.36067423e-02
1.25245824e-01
6.80895448e-02
8.20307657e-02
8.15016404e-02
6.20639175e-02
8.67350325e-02
1.11562416e-01
8.94515887e-02
7.75434971e-02
9.38825384e-02
1.12486213e-01
7.97193125e-02
6.41700327e-02
8.48315284e-02
1.47367865e-01
1.01596564e-01
6.17464855e-02
9.25310478e-02
1.29566699e-01
1.19173139e-01
9.84877273e-02
1.04833774e-01
9.25061330e-02
1.00358546e-01
1.12868264e-01
8.14831033e-02
1.27025589e-01
6.86631948e-02
5.61500005e-02
1.18133664e-01
8.24326649e-02
1.00890040e-01
7.06888214e-02
8.89615342e-02
8.96237493e-02
6.69519752e-02
6.84265196e-02
7.22243711e-02
6.77153766e-02
7.96258152e-02
7.02999905e-02
7.18637183e-02
8.30288082e-02
8.01340342e-02
6.57138526e-02
9.38179567e-02
9.44917649e-02
7.66303763e-02
9.46167037e-02
5.44501878e-02
6.48949966e-02
8.81507769e-02
1.07954912e-01
7.73094893e-02
7.62336776e-02
9.18173492e-02
9.67275128e-02
8.60939473e-02
9.42332223e-02
8.98385346e-02
8.06642175e-02
6.13390505e-02
1.30314857e-01
9.24044028e-02
5.63682131e-02
9.75055993e-02
7.69051909e-02
7.85323754e-02
9.23204124e-02
8.88399035e-02
1.07921600e-01
1.05652638e-01
4.94601130e-02
8.90013054e-02
8.96620601e-02
8.72500092e-02
7.10256025e-02
8.11793134e-02
9.72796679e-02
8.16657320e-02
9.09626186e-02
1.00964442e-01
9.08777118e-02
7.18453005e-02
5.84664010e-02
9.02698040e-02
7.48805404e-02
8.38757679e-02
9.21092182e-02
8.43680203e-02
7.32671544e-02
1.06633671e-01
9.27824900e-02
6.72721118e-02
7.73492455e-02
1.22447737e-01
6.87569007e-02
8.04570466e-02
9.95399207e-02
1.05377778e-01
9.10313278e-02
6.48904815e-02
6.06687590e-02
5.86013906e-02
8.66872743e-02
9.59976688e-02
8.83200988e-02
7.60745257e-02
5.33930548e-02
8.14536288e-02
6.28154799e-02
5.87249175e-02
7.03126937e-02
7.56479576e-02
4.10032682e-02
6.29216284e-02
7.54252151e-02
6.32140562e-02
7.42536262e-02
7.10692257e-02
5.10811284e-02
6.64321035e-02
9.60129499e-02
8.85951370e-02
6.59723878e-02
7.25070238e-02
5.57700545e-02
1.29119858e-01
4.69613373e-02
4.15275991e-02
5.50271533e-02
6.02875128e-02
7.20640644e-02
8.76361579e-02
5.95691428e-02
7.26002082e-02
7.93947279e-02
7.85118267e-02
6.09954484e-02
8.47076327e-02
9.20513570e-02
6.96055740e-02
5.05123250e-02
8.35555494e-02
6.64196089e-02
5.65308370e-02
7.01743886e-02
6.11352623e-02
3.36392671e-02
5.77835701e-02
5.84042594e-02
9.04755220e-02
8.44757110e-02
5.71140088e-02
5.26160300e-02
8.70815367e-02
6.91144317e-02
3.91127653e-02
1.04084685e-01
7.47876167e-02
6.37932271e-02
5.68646975e-02
8.84123817e-02
9.64894518e-02
3.88280936e-02
4.75036725e-02
5.79358451e-02
9.05626565e-02
7.51659051e-02
6.85590655e-02
7.11162165e-02
8.20904225e-02
1.26632169e-01
1.24309689e-01
5.42249419e-02
7.20355883e-02
6.95915818e-02
7.27182329e-02
7.83498362e-02
6.82791844e-02
5.45595512e-02
6.34851232e-02
5.89928403e-02
4.96341512e-02
4.19386886e-02
7.37316534e-02
8.81682336e-02
6.78292736e-02
5.58437295e-02
5.99233210e-02
6.11942895e-02
6.02176115e-02
1.07750379e-01
6.55586049e-02
7.36791044e-02
5.79621270e-02
4.40388583e-02
5.72934262e-02
9.60842967e-02
6.04536869e-02
8.24482441e-02
7.67669454e-02
7.07818121e-02
5.02359606e-02
4.08088453e-02
6.88702837e-02
7.41387084e-02
5.08916378e-02
5.12554348e-02
8.02336037e-02
4.51224893e-02
6.16277456e-02
9.32094380e-02
8.73944685e-02
7.20456615e-02
6.74657971e-02
6.80597052e-02
5.30057140e-02
5.12646884e-02
7.50510618e-02
8.26655477e-02
7.89410546e-02
7.41422027e-02
5.48152700e-02
7.41958618e-02
8.30713734e-02
7.73132592e-02
6.80433288e-02
7.17828870e-02
8.00444260e-02
5.33885732e-02
5.41009791e-02
4.54516597e-02
5.83906211e-02
8.05871487e-02
6.57815114e-02
7.86623955e-02
8.77157450e-02
8.05600360e-02
5.09911850e-02
7.17298388e-02
6.27837852e-02
5.44952787e-02
7.07111955e-02
8.22830424e-02
7.63016045e-02
6.44179806e-02
5.84406517e-02
8.23671073e-02
6.12642244e-02
4.15249951e-02
3.94104868e-02
2.99487654e-02
7.22759217e-02
9.12934914e-02
8.54554996e-02
8.38045999e-02
7.47829154e-02
4.84874770e-02
5.05867973e-02
5.34262247e-02
6.12847134e-02
5.41002117e-02
5.39212748e-02
5.22341393e-02
6.79243430e-02
9.37446356e-02
9.16625932e-02
4.02189419e-02
5.16193844e-02
5.88034615e-02
4.79621664e-02
7.79059082e-02
5.17353825e-02
4.83829938e-02
8.51317197e-02
5.04345782e-02
5.59672117e-02
6.68511465e-02
7.87721202e-02
6.02974109e-02
2.49375533e-02
8.52138475e-02
6.72643110e-02
7.30202124e-02
4.61810194e-02
3.70119028e-02
5.39640412e-02
5.33472896e-02
5.87305725e-02
6.21629581e-02
4.22095433e-02
4.98348996e-02
6.45077378e-02
6.45223558e-02
6.93281814e-02
7.51857236e-02
4.74273451e-02
3.26021947e-02
4.90044728e-02
7.19418228e-02
6.37575462e-02
5.89963682e-02
7.23661184e-02
1.02373481e-01
4.44017276e-02
8.30621496e-02
7.13936910e-02
5.50550371e-02
7.43902102e-02
7.25326538e-02
4.02357765e-02
4.63611856e-02
5.81300743e-02
4.95070741e-02
5.54195866e-02
5.62041439e-02
3.06770280e-02
8.14888105e-02
5.19702695e-02
5.81411459e-02
6.90378025e-02
5.01142479e-02
3.14798467e-02
8.89552683e-02
3.82463299e-02
5.51208816e-02
9.84669253e-02
7.73083791e-02
4.22186293e-02
6.14532158e-02
1.01178415e-01
6.14733472e-02
5.30421846e-02
7.24546313e-02
5.86231127e-02
6.74011335e-02
6.85561895e-02
6.06600307e-02
6.87454864e-02
6.02685474e-02
6.53276592e-02
2.04516664e-01
6.08459473e-01
5.69454253e-01
5.88476479e-01
5.91380477e-01
3.47571492e-01
1.28531665e-01
7.57030919e-02
7.20483437e-02
4.66816910e-02
5.21966182e-02
7.45241791e-02
7.37312287e-02
5.33838198e-02
7.11305365e-02
6.45505637e-02
6.41976967e-02
7.46543556e-02
6.09525032e-02
7.84849375e-02
7.43452907e-02
6.48149550e-02
4.42943797e-02
5.80967329e-02
3.88064981e-02
1.09998085e-01
6.90933540e-02
3.21458131e-02
5.53714409e-02
7.46037066e-02
6.21906519e-02
5.59238046e-02
3.56466062e-02
4.82014604e-02
6.06940463e-02
6.04552999e-02
7.21445605e-02
6.22016229e-02
6.28888831e-02
4.56146933e-02
4.42674868e-02
4.23995331e-02
2.68658679e-02
5.40321879e-02
4.95721884e-02
4.93334867e-02
6.18450977e-02
3.85427885e-02
5.10641560e-02
5.96923158e-02
3.87517102e-02
4.94273081e-02
5.38958199e-02
5.78437410e-02
5.20402379e-02
7.38120005e-02
4.33775447e-02
5.82724549e-02
7.18564093e-02
4.65977825e-02
4.05131727e-02
8.79647210e-02
4.64260355e-02
5.70847616e-02
5.67060113e-02
5.62263280e-02
6.39530942e-02
6.55087009e-02
5.81259541e-02
6.21422306e-02
4.40207049e-02
4.24355492e-02
8.45500380e-02
5.22054471e-02
5.84256053e-02
5.73737510e-02
5.51204346e-02
4.01299000e-02
5.23026511e-02
6.75303489e-02
5.17967753e-02
4.96126153e-02
3.78758647e-02
9.05461609e-02
9.34222490e-02
5.82551472e-02
4.90404181e-02
6.02016114e-02
5.11772633e-02
5.19894436e-02
8.70342627e-02
6.09901883e-02
5.04718795e-02
6.57128841e-02
7.34379590e-02
5.84823452e-02
6.60413057e-02
8.32813382e-02
5.22954576e-02
5.57298064e-02
4.78304401e-02
3.84064466e-02
6.96368515e-02
5.35942987e-02
5.76735474e-02
5.64026386e-02
5.75972311e-02
4.64088209e-02
3.58532369e-02
5.95344491e-02
4.32473123e-02
5.67492135e-02
7.24463314e-02
5.91829345e-02
4.82309572e-02
5.71924187e-02
4.17287052e-02
5.01144454e-02
5.84729612e-02
5.19227274e-02
5.57836257e-02
3.71962823e-02
3.90237905e-02
5.42736612e-02
4.74410728e-02
5.13383895e-02
5.87562174e-02
6.85591772e-02
5.15242144e-02
4.62502092e-02
4.52730469e-02
6.29693270e-02
2.57460438e-02
4.69187200e-02
2.71769483e-02
4.19817343e-02
4.65257354e-02
4.54631038e-02
5.23758903e-02
9.98521596e-02
5.18181920e-02
5.74681349e-02
4.90861312e-02
3.77641097e-02
8.02244917e-02
2.14373823e-02
5.15997894e-02
7.54114091e-02
7.15591237e-02
4.40330841e-02
7.50925317e-02
6.20971881e-02
5.00909612e-02
6.21523410e-02
5.21182828e-02
4.54438478e-02
7.43724257e-02
6.52546063e-02
3.13078463e-02
5.29227406e-02
7.19410256e-02
5.41807525e-02
4.70724069e-02
2.64100991e-02
6.21583574e-02
4.30707857e-02
5.24397194e-02
6.78263903e-02
4.28232662e-02
4.73899283e-02
5.12390919e-02
4.12570909e-02
3.15585174e-02
3.47107947e-02
4.60014306e-02
6.30233064e-02
2.90661342e-02
3.15072313e-02
4.66109887e-02
4.42868769e-02
5.57020679e-02
6.33101165e-02
5.01530617e-02
4.76708673e-02
4.21717390e-02
5.81475198e-02
3.18660736e-02
5.37972748e-02
7.44316727e-02
6.85417429e-02
4.65789437e-02
6.35921359e-02
5.15345261e-02
5.59558235e-02
4.28800955e-02
4.84331921e-02
7.12110549e-02
4.21031192e-02
6.50471672e-02
3.22202668e-02
3.29323858e-02
4.18709405e-02
5.36709279e-02
5.06085902e-02
6.31478727e-02
4.74103428e-02
4.33266312e-02
3.94761078e-02
2.90960055e-02
7.86654502e-02
4.53301296e-02
3.28920856e-02
3.92902754e-02
4.70517166e-02
3.54618207e-02
4.96201217e-02
4.99335043e-02
4.83269356e-02
2.74557993e-02
3.52327861e-02
5.07480800e-02
4.12946939e-02
6.31943420e-02
5.32478504e-02
2.66107321e-02
4.38099131e-02
5.13535738e-02
2.75874510e-02
9.23743844e-02
6.66825622e-02
7.86406249e-02
6.28037900e-02
7.35740289e-02
3.68373431e-02
5.61256707e-02
3.49066518e-02
6.12639561e-02
4.30130288e-02
3.88607793e-02
5.94723262e-02
1.09025456e-01
8.53735954e-02
1.10410571e-01
7.46704265e-02
9.20165256e-02
8.10784400e-02
8.17591101e-02
2.73041893e-02
2.17200294e-02
4.24136221e-02
3.74574326e-02
6.45962432e-02
4.18749601e-02
7.48783126e-02
6.59097210e-02
3.33864279e-02
3.85578498e-02
3.79293971e-02
7.70293921e-02
5.10942638e-02
4.51892056e-02
2.09179372e-02
2.54650842e-02
3.58388200e-02
5.75212240e-02
8.72428790e-02
8.54545832e-02
8.28838125e-02
5.39249294e-02
4.58443649e-02
4.07866240e-02
8.03057030e-02
3.56616825e-02
4.38488051e-02
6.34427965e-02
4.70780209e-02
4.41922620e-02
3.74553017e-02
3.27145196e-02
2.15564091e-02
5.21001704e-02
5.90177178e-02
6.66483119e-02
7.72348121e-02
3.45834047e-02
2.19652019e-02
4.66347486e-02
4.31635305e-02
3.10753733e-02
6.75218925e-02
5.31023033e-02
3.97749469e-02
4.38696705e-02
4.18121293e-02
5.05849235e-02
4.93263863e-02
3.11543774e-02
3.91813777e-02
5.57759665e-02
2.90404987e-02
4.99036647e-02
2.55611129e-02
2.61288714e-02
3.66987549e-02
5.24648689e-02
4.76019457e-02
5.38032874e-02
4.77769077e-02
3.54705341e-02
1.73953474e-02
3.10993828e-02
3.67024168e-02
2.34067291e-02
4.00180295e-02
6.07722886e-02
2.79083308e-02
3.77586633e-02
5.24342246e-02
4.06876393e-02
3.36800031e-02
3.97277698e-02
4.19170223e-02
5.76367266e-02
5.29654101e-02
4.38315421e-02
2.71225441e-02
4.36458066e-02
4.97222096e-02
3.80045734e-02
3.20829973e-02
5.72156645e-02
3.24556492e-02
4.89426441e-02
3.59406769e-02
3.77604812e-02
7.16369972e-02
9.76355299e-02
5.51489256e-02
6.14239238e-02
6.20513149e-02
3.57510634e-02
5.32151237e-02
3.62985097e-02
5.55576310e-02
6.35965988e-02
3.36004160e-02
2.78254095e-02
5.27770184e-02
4.43122573e-02
7.79684857e-02
5.93296774e-02
4.38330136e-02
5.07664867e-02
5.79224452e-02
3.99566852e-02
5.52385785e-02
4.77750823e-02
4.91068549e-02
6.47386014e-02
3.69439386e-02
4.61372361e-02
4.19307537e-02
9.32030603e-02
7.85718411e-02
3.16394605e-02
3.19321528e-02
3.62051129e-02
6.38154894e-02
3.11766174e-02
4.83579859e-02
2.95679905e-02
5.70130125e-02
3.85349356e-02
6.11408465e-02
4.03673016e-02
1.68475285e-02
3.15642208e-02
4.98974249e-02
5.04626930e-02
6.21083751e-02
7.04337507e-02
4.45020758e-02
3.37881707e-02
3.75738703e-02
3.00768446e-02
5.23953848e-02
5.36996275e-02
3.16529423e-02
5.40396720e-02
4.15661708e-02
4.56203558e-02
4.97427210e-02
5.14952838e-02
5.40342517e-02
4.07575369e-02
4.32786159e-02
3.84411216e-02
3.89076993e-02
3.62836234e-02
5.95631599e-02
6.66032135e-02
3.62970717e-02
5.33911735e-02
3.31436209e-02
3.70498300e-02
4.11122292e-02
5.43005019e-02
5.95846586e-02
2.24291906e-02
3.34747396e-02
3.28157432e-02
6.79649860e-02
7.38190562e-02
3.80989686e-02
3.66310738e-02
4.03288044e-02
4.83857244e-02
3.21277194e-02
4.37532030e-02
5.13602644e-02
3.84490788e-02
7.06829652e-02
2.63916235e-02
4.83950377e-02
2.59388182e-02
2.65972130e-02
3.92684825e-02
6.05759211e-02
2.57684141e-02
2.88798213e-02
3.58917266e-02
7.02331439e-02
4.89388965e-02
6.80212602e-02
0.00000000e+00
1.68421008e-02
5.34324981e-02
4.82343808e-02
3.60083058e-02
5.83504476e-02
3.92192975e-02
4.12836038e-02
4.29352671e-02
2.68594492e-02
7.37492591e-02
2.27395128e-02
2.72301231e-02
4.33507971e-02
5.75668178e-02
3.03656459e-02
4.40800227e-02
4.31514680e-02
4.13608551e-02
4.18526158e-02
3.87382917e-02
3.40923890e-02
3.59109081e-02
3.82397547e-02
3.56895998e-02
4.59737703e-02
3.85783426e-02
2.92560458e-02
3.92560475e-02
1.39542222e-02
2.58834530e-02
3.66678499e-02
3.69512662e-02
3.29124518e-02
4.04882692e-02
2.85363384e-02
2.95634866e-02
3.91228758e-02
3.43455151e-02
5.51068783e-02
1.57559775e-02
4.06219736e-02
2.03168057e-02
3.28269750e-02
2.50626896e-02
2.93095168e-02
4.81758639e-02
3.21009047e-02
3.74216735e-02
3.17726955e-02
4.00190763e-02
7.70060942e-02
4.35740314e-02
3.94668020e-02
2.68902425e-02
3.39489728e-02
3.72934416e-02
3.43966112e-02
4.92290780e-02
2.54177153e-02
3.71378772e-02
3.87640670e-02
2.19099876e-02
5.25711998e-02
4.20964919e-02
2.68628392e-02
3.43588591e-02
4.39572260e-02
3.73673365e-02
7.07766935e-02
5.37034385e-02
6.21527545e-02
4.58469130e-02
3.08537725e-02
3.65434438e-02
7.30325431e-02
5.46989515e-02
2.85654385e-02
6.30634874e-02
5.70296235e-02
2.45889369e-02
1.59241464e-02
2.77176760e-02
2.71724369e-02
1.48760891e-02
2.04014368e-02
2.70049665e-02
3.37975845e-02
4.26631495e-02
6.30577505e-02
2.77049188e-02
2.65972484e-02
3.78399417e-02
4.24977057e-02
3.47243175e-02
5.40481843e-02
5.45246713e-02
1.12842694e-01
9.36358646e-02
1.93250060e-01
1.18334852e-01
3.30816209e-02
5.70417196e-02
1.15671314e-01
9.05012488e-02
6.28838092e-02
3.06078233e-02
1.81734897e-02
3.79605964e-02
3.06907035e-02
4.57776226e-02
3.93060297e-02
3.15032452e-02
3.70176882e-02
3.01249586e-02
3.09971552e-02
6.33989051e-02
4.46077473e-02
4.79053222e-02
4.87681627e-02
5.88084683e-02
4.90535088e-02
3.02091371e-02
4.66591418e-02
5.25801815e-02
3.64507064e-02
2.26770062e-02
5.55939786e-02
3.31568718e-02
4.76896279e-02
7.02429414e-02
6.30437508e-02
7.01228753e-02
5.86814471e-02
3.48395817e-02
2.48155687e-02
3.36426198e-02
3.87316942e-02
3.24208066e-02
4.34587598e-02
6.11811019e-02
6.73013106e-02
7.37228841e-02
7.91190937e-02
4.89254445e-02
3.76872532e-02
3.13384421e-02
3.42297629e-02
3.69426645e-02
3.46596949e-02
4.17766050e-02
3.44954282e-02
3.95787060e-02
2.78687272e-02
6.36011139e-02
4.36576195e-02
2.96740774e-02
2.81334389e-02
5.20698652e-02
3.36157531e-02
5.09065278e-02
2.38843355e-02
1.79802235e-02
3.07609551e-02
2.88525056e-02
2.57242676e-02
2.44388115e-02
2.40857005e-02
5.96069619e-02
4.10492085e-02
2.86161490e-02
3.35035957e-02
3.05530019e-02
3.16813551e-02
3.81266885e-02
2.66269669e-02
1.43272737e-02
2.90407874e-02
3.19987088e-02
2.62505505e-02
4.50260602e-02
5.18054999e-02
4.64303531e-02
6.01686686e-02
4.93036099e-02
4.05371636e-02
2.82756053e-02
2.50669047e-02
4.02224399e-02
1.66809708e-02
3.87530997e-02
2.42447350e-02
2.41765380e-02
2.36427337e-02
2.26691607e-02
2.67773662e-02
3.58704142e-02
1.71917360e-02
2.51865424e-02
4.12217453e-02
4.11683656e-02
3.80115509e-02
3.19752097e-02
5.55412956e-02
5.31451739e-02
3.22469734e-02
3.70682478e-02
2.60983240e-02
6.14785329e-02
4.23462577e-02
2.85460763e-02
4.26635407e-02
5.13009988e-02
1.91717595e-02
3.55000459e-02
5.18733002e-02
4.25738432e-02
3.29035744e-02
3.03191841e-02
2.82050744e-02
3.92633975e-02
2.84636486e-02
2.96701565e-02
3.22142802e-02
3.71979289e-02
4.07871157e-02
2.88348235e-02
3.52104045e-02
3.36533487e-02
2.78059617e-02
3.92128564e-02
2.85100024e-02
2.66114138e-02
3.58643718e-02
2.89070532e-02
3.90562154e-02
2.39161216e-02
4.82503362e-02
3.23700942e-02
3.07952613e-02
3.21419016e-02
4.68950085e-02
4.98098172e-02
1.27858752e-02
1.64728034e-02
2.92345248e-02
2.15223506e-02
2.16532201e-02
2.64711957e-02
4.37317789e-02
3.22344564e-02
3.83478701e-02
3.28037180e-02
3.48045267e-02
3.36859375e-02
3.31980363e-02
3.50349434e-02
5.66455051e-02
4.26901840e-02
4.02456746e-02
2.85889283e-02
1.88315250e-02
3.25576738e-02
3.45856994e-02
3.43922488e-02
3.38811539e-02
2.45568436e-02
3.63911875e-02
2.90886816e-02
4.20129523e-02
3.63301225e-02
3.91621701e-02
3.42888795e-02
3.67332771e-02
3.27118896e-02
5.82421310e-02
3.49519625e-02
2.47526057e-02
1.86538417e-02
1.92908663e-02
2.16187444e-02
2.89922617e-02
4.31923121e-02
1.53189106e-02
2.46179923e-02
3.99017222e-02
6.14645742e-02
4.02643420e-02
2.37146616e-02
2.83626337e-02
1.53965335e-02
3.14247832e-02
2.26546545e-02
1.69762261e-02
2.66535003e-02
1.96699966e-02
1.35619286e-02
2.48677600e-02
4.13320549e-02
3.44289057e-02
1.95240136e-02
3.25529352e-02
1.53396893e-02
1.94066595e-02
2.85286736e-02
3.05796247e-02
2.68191751e-02
3.98701839e-02
3.29144001e-02
3.24887447e-02
3.28560434e-02
3.88108976e-02
2.37704050e-02
2.57037282e-02
3.26939970e-02
2.12731790e-02
2.53348146e-02
3.46491151e-02
2.48111151e-02
2.25705933e-02
3.15979943e-02
2.83744745e-02
6.06800206e-02
4.28472459e-02
2.55491808e-02
1.80434640e-02
4.81220707e-02
2.60661747e-02
1.52006634e-02
2.63063759e-02
4.92316894e-02
2.80979592e-02
1.82940066e-02
3.01912986e-02
2.75417548e-02
3.80131193e-02
4.25861664e-02
5.29434308e-02
3.31331454e-02
2.50679757e-02
5.13399765e-02
4.51491214e-02
2.04344150e-02
2.19517052e-02
1.61721464e-02
2.44579483e-02
2.02518571e-02
2.16351543e-02
4.08277474e-02
3.58541086e-02
3.22763808e-02
3.14175487e-02
3.08631193e-02
2.73391530e-02
1.96217205e-02
2.78523881e-02
2.05300748e-02
2.23936159e-02
1.69648398e-02
3.40461992e-02
2.81976834e-02
1.86576676e-02
2.68929824e-02
3.29081193e-02
2.30269525e-02
2.58869790e-02
1.84393469e-02
2.22248212e-02
2.19507068e-02
3.57891135e-02
3.15793045e-02
3.66512127e-02
3.66512239e-02
2.36165486e-02
2.66920011e-02
3.05747520e-02
4.36393507e-02
4.22494262e-02
2.48544868e-02
1.65069960e-02
3.02295871e-02
2.68560592e-02
2.57149581e-02
1.75241157e-02
2.43121553e-02
2.10094340e-02
3.56694721e-02
2.36517880e-02
3.40474024e-02
2.72162445e-02
2.92446725e-02
2.42163166e-02
2.44003981e-02
2.19351780e-02
2.89682001e-02
2.41921078e-02
3.32343318e-02
2.84556746e-02
1.32031944e-02
2.31923815e-02
2.37682816e-02
2.61631086e-02
2.63958797e-02
2.73514800e-02
3.95723209e-02
3.02984267e-02
3.96682061e-02
3.30729112e-02
1.23060513e-02
1.24200545e-02
2.91704349e-02
2.24196706e-02
2.78099459e-02
2.73963008e-02
2.32928246e-02
2.63498090e-02
3.39219011e-02
3.17664668e-02
4.21010703e-02
2.25862060e-02
1.40327457e-02
3.03042699e-02
4.62092049e-02
2.29303651e-02
2.34726612e-02
4.03010808e-02
1.09210517e-02
2.44270824e-02
2.59016063e-02
2.49500070e-02
1.16819767e-02
3.40996571e-02
3.70593332e-02
1.20958090e-02
1.93022452e-02
1.87738333e-02
1.56462621e-02
2.39750054e-02
1.49371922e-02
1.70291923e-02
1.15644746e-02
2.91572288e-02
3.18312235e-02
3.10437698e-02
2.19938792e-02
2.32126582e-02
1.84164476e-02
2.40778867e-02
2.16455031e-02
3.16869505e-02
3.16913761e-02
6.09181002e-02
9.71939936e-02
3.39172445e-02
4.12145741e-02
2.17383094e-02
2.25129351e-02
3.11192684e-02
2.69686617e-02
1.74640976e-02
2.48827767e-02
3.99253629e-02
4.02244590e-02
3.17554213e-02
3.80298682e-02
2.55305059e-02
2.15085261e-02
2.32686754e-02
2.91525479e-02
3.67471501e-02
6.28596172e-02
9.33685303e-02
3.62046435e-02
5.02231643e-02
3.93784679e-02
3.66373025e-02
2.83771418e-02
3.97575088e-02
1.85652245e-02
1.69451982e-02
2.38801762e-02
3.18945125e-02
2.41258312e-02
2.44166330e-02
2.03180108e-02
4.34346311e-02
2.78791599e-02
2.63623856e-02
2.35638395e-02
3.77614312e-02
1.74315218e-02
2.68733986e-02
2.75259409e-02
2.87488811e-02
1.99302696e-02
2.69420333e-02
3.04074511e-02
2.03787852e-02
2.43596192e-02
2.77337860e-02
3.04031745e-02
2.03805584e-02
6.35399818e-02
2.29638293e-02
1.85096897e-02
1.72844138e-02
2.13666912e-02
2.67812498e-02
2.39503458e-02
3.99237275e-02
2.08640862e-02
2.86414959e-02
2.44032238e-02
2.62895972e-02
1.76405683e-02
3.37556452e-02
2.56030709e-02
1.95775088e-02
3.48217301e-02
2.47123279e-02
3.18773389e-02
2.19098572e-02
1.63934138e-02
3.61211896e-02
4.64283675e-02
8.68511349e-02
2.29609441e-02
2.35729031e-02
3.09543144e-02
1.21870358e-02
1.89519618e-02
1.45035693e-02
1.75312012e-02
2.06301492e-02
1.71818137e-02
1.90772153e-02
3.02976500e-02
2.40150224e-02
2.05641408e-02
1.35730235e-02
2.95054112e-02
2.46246085e-02
2.42659468e-02
4.57049087e-02
2.82805823e-02
2.17312314e-02
2.25041788e-02
2.01704465e-02
2.36569382e-02
1.48150017e-02
1.90380365e-02
2.43646987e-02
2.39509735e-02
2.65746117e-02
1.55276107e-02
3.61217335e-02
2.84410603e-02
1.96211524e-02
2.03342568e-02
3.50612439e-02
2.59501114e-02
3.65595333e-02
3.25942822e-02
1.57550760e-02
1.72599144e-02
1.96658261e-02
1.50321508e-02
1.66402366e-02
2.22174861e-02
1.89944897e-02
1.64554305e-02
1.80193838e-02
2.33155247e-02
2.74683386e-02
2.95103882e-02
1.99176073e-02
1.31796431e-02
2.83703059e-02
2.69933827e-02
2.13436671e-02
2.75761858e-02
2.34398041e-02
1.44844577e-02
3.30576077e-02
2.12099887e-02
2.28540506e-02
3.48167904e-02
2.41576564e-02
1.38270445e-02
1.97730549e-02
1.63987577e-02
1.78464409e-02
1.83334481e-02
2.47768536e-02
1.91913731e-02
2.43968181e-02
4.62208129e-02
3.64363715e-02
2.09056325e-02
2.77610775e-02
1.82361044e-02
1.75744407e-02
8.91185924e-03
1.45416558e-02
1.70377512e-02
8.06893781e-03
1.62927415e-02
1.84030104e-02
2.11222060e-02
5.83201125e-02
2.38902215e-02
1.55534884e-02
1.49760079e-02
1.43208653e-02
1.52012585e-02
2.58109774e-02
2.67866030e-02
1.49581768e-02
4.09248956e-02
4.33830321e-02
2.59715710e-02
1.77629963e-02
4.36236374e-02
4.07974422e-02
2.01144964e-02
1.99711267e-02
1.96318217e-02
2.39349790e-02
2.66102441e-02
3.69141549e-02
3.47212180e-02
2.26003136e-02
2.16774996e-02
1.97670422e-02
1.67994183e-02
1.21722091e-02
2.03610715e-02
2.77815182e-02
3.44412215e-02
2.68641580e-02
1.74946096e-02
1.20783048e-02
1.29045574e-02
1.81536991e-02
2.21693590e-02
2.17213146e-02
2.71072723e-02
3.87516171e-02
1.73344389e-02
2.40748152e-02
2.56179497e-02
3.10493037e-02
1.00992238e-02
1.71909649e-02
3.15536037e-02
2.57472936e-02
1.99084245e-02
1.33518698e-02
2.74438001e-02
2.82630436e-02
1.54266078e-02
1.40398815e-02
2.09354945e-02
4.45634127e-02
3.91773693e-02
1.59634463e-02
1.67051293e-02
1.82461962e-02
2.11649835e-02
2.14696452e-02
3.22022736e-02
2.15205029e-02
2.10775491e-02
2.67060939e-02
1.83873884e-02
1.06308460e-02
2.75615063e-02
3.45209166e-02
1.57351252e-02
1.35741420e-02
4.14011031e-02
1.95013024e-02
1.74027514e-02
1.85775030e-02
2.79057380e-02
3.23522426e-02
2.41778716e-02
1.61065776e-02
2.32210886e-02
2.08932497e-02
2.99536902e-02
3.31427865e-02
9.50265396e-03
1.17530543e-02
1.97855793e-02
1.15242777e-02
1.39317103e-02
2.21298840e-02
2.33385209e-02
2.96829492e-02
2.99771503e-02
4.90874499e-02
4.26536426e-02
3.17484885e-02
4.56073210e-02
5.47435135e-02
6.17755912e-02
4.45857234e-02
2.95322705e-02
2.74331309e-02
2.43458170e-02
2.91446000e-02
3.76587473e-02
1.45021146e-02
2.39980221e-02
2.60958318e-02
2.55938992e-02
1.91490501e-02
2.04320662e-02
2.26981398e-02
2.68911775e-02
3.49636413e-02
2.23766249e-02
8.43185708e-02
1.12908028e-01
5.91598861e-02
7.01801628e-02
2.68170331e-02
3.97291854e-02
3.34327854e-02
3.82690839e-02
2.33711805e-02
1.90154854e-02
1.18339108e-02
2.70830635e-02
9.96821374e-03
1.33803356e-02
2.57281736e-02
2.82547250e-02
1.37985134e-02
4.20921855e-02
3.24509554e-02
5.73521368e-02
3.61454673e-02
2.66821384e-02
1.39053743e-02
2.61499938e-02
9.10509750e-02
7.15276301e-02
5.58571965e-02
4.89981212e-02
3.76206934e-02
1.90377459e-02
1.94023792e-02
2.50199512e-02
3.90022583e-02
1.74274817e-02
3.10230050e-02
3.59641127e-02
3.40499096e-02
2.44041849e-02
7.86371082e-02
1.20806918e-01
4.74736206e-02
1.26459613e-01
2.45675109e-02
9.61528067e-03
2.97035575e-02
1.12891709e-02
1.39754321e-02
1.86888780e-02
2.59693656e-02
2.10782606e-02
1.61490366e-02
4.19771001e-02
3.77113260e-02
2.15222929e-02
1.73242856e-02
2.16988921e-02
9.46200863e-02
5.04028387e-02
8.18917230e-02
2.68910341e-02
1.89670119e-02
1.61614027e-02
1.26357442e-02
1.35402493e-02
1.93890166e-02
3.26667987e-02
2.92721093e-02
2.51202155e-02
3.55759859e-02
2.77001113e-02
5.52868135e-02
3.66798267e-02
2.41343267e-02
3.38369906e-02
2.19078418e-02
7.15649575e-02
3.85615602e-02
7.58278221e-02
2.11573429e-02
2.25083772e-02
2.57896036e-02
1.55045176e-02
1.01216780e-02
1.66901276e-02
3.06564476e-02
1.57567225e-02
2.77122669e-02
1.56622585e-02
2.14013997e-02
1.24160498e-02
4.24533300e-02
2.48054042e-02
1.39327552e-02
2.59179026e-02
1.61892995e-02
1.39426338e-02
2.79990025e-02
1.78962685e-02
8.67123343e-03
2.26080008e-02
1.83902513e-02
2.63556223e-02
2.22119819e-02
1.50623200e-02
2.05492731e-02
2.48112045e-02
3.30641046e-02
2.45709606e-02
2.19229311e-02
4.09763865e-02
1.59597807e-02
1.65262613e-02
1.21507421e-02
2.08398234e-02
1.81341134e-02
3.10399272e-02
2.59259492e-02
1.66045669e-02
2.16030274e-02
2.51792688e-02
5.95378838e-02
2.78507937e-02
1.93641894e-02
3.10905837e-02
2.07972284e-02
2.89366543e-02
2.84892377e-02
2.32654922e-02
2.41953712e-02
1.59818307e-02
2.71970071e-02
2.04503145e-02
1.89834107e-02
2.60890350e-02
2.92793047e-02
2.48491094e-02
2.53975298e-02
3.81245129e-02
3.81684750e-02
3.34051773e-02
1.72280315e-02
1.51820006e-02
1.54026048e-02
2.58827079e-02
2.37723906e-02
5.14645278e-02
5.52175902e-02
4.75656465e-02
5.74765131e-02
3.16690430e-02
3.05951424e-02
2.84796879e-02
2.78462116e-02
1.20083960e-02
2.39874665e-02
1.62691157e-02
2.93259379e-02
1.67631414e-02
2.00787578e-02
1.28779151e-02
1.85663309e-02
1.76267102e-02
2.45916825e-02
3.98820080e-02
1.28878979e-02
1.20563777e-02
2.58627813e-02
2.60724835e-02
2.16871332e-02
3.65356691e-02
1.40132541e-02
1.19604990e-02
1.62460506e-02
4.49403673e-02
4.03638110e-02
5.38407713e-02
1.67452712e-02
2.35005617e-02
1.69224683e-02
1.62521321e-02
2.27243733e-02
2.61623282e-02
2.53690742e-02
2.35988647e-02
2.34043170e-02
3.90629247e-02
3.33662443e-02
2.25340035e-02
3.85598876e-02
4.79665957e-02
4.91223522e-02
3.40925343e-02
5.85385226e-02
7.09507316e-02
3.86287272e-02
4.31831740e-02
2.83051021e-02
4.45741676e-02
5.41893244e-02
2.92986985e-02
3.18346433e-02
2.88409777e-02
1.78535897e-02
4.38356251e-02
4.10766713e-02
3.01009417e-02
4.38547842e-02
2.10617129e-02
3.09271421e-02
2.54378133e-02
2.44628731e-02
1.71694104e-02
1.78647283e-02
1.17943287e-02
2.55034436e-02
2.09225025e-02
1.61491726e-02
2.18415074e-02
2.16181576e-02
2.47090142e-02
2.23051887e-02
2.07714140e-02
2.41125282e-02
1.83016453e-02
2.71130018e-02
1.39005799e-02
3.44628915e-02
1.22041488e-02
1.52243357e-02
3.10536195e-02
2.15150137e-02
1.61592998e-02
3.65612097e-02
1.40562272e-02
2.41480563e-02
1.07956864e-02
1.04284789e-02
2.10434869e-02
1.90115906e-02
2.53028739e-02
2.81842779e-02
1.75511334e-02
1.73130780e-02
2.48252954e-02
1.85367558e-02
2.12983582e-02
1.99224614e-02
1.58745050e-02
1.46304639e-02
1.77561305e-02
1.92738939e-02
2.43512224e-02
2.79819146e-02
2.57961638e-02
3.25750373e-02
2.58068740e-02
7.06989467e-02
5.55270836e-02
4.60966490e-02
4.21631224e-02
2.59879939e-02
3.30169052e-02
4.00332995e-02
2.73876768e-02
1.45466551e-02
1.65114477e-02
2.82028727e-02
2.06898190e-02
1.91615708e-02
2.40955800e-02
2.11473927e-02
4.08697911e-02
2.01913211e-02
3.66430655e-02
5.71201816e-02
1.68981001e-01
8.36649612e-02
6.43609986e-02
2.57208869e-02
3.95959280e-02
4.25520167e-02
4.35930975e-02
2.83692051e-02
2.61512045e-02
2.02047061e-02
1.45615553e-02
2.35701762e-02
4.09902558e-02
3.40846032e-02
3.27842906e-02
1.60176642e-02
2.54736040e-02
1.86612681e-02
2.57378053e-02
1.49057917e-02
2.12048665e-02
1.98472105e-02
2.78916843e-02
3.96306030e-02
4.81814183e-02
5.86274602e-02
3.72730978e-02
1.54712349e-02
9.78683028e-03
1.40532283e-02
1.54752182e-02
2.46368349e-02
3.44819762e-02
2.02655233e-02
2.78970152e-02
2.16239318e-02
3.52125838e-02
1.84767377e-02
5.77592663e-02
6.56295195e-02
8.55538771e-02
5.98400980e-02
1.88120939e-02
2.87567880e-02
1.12346783e-02
2.76495945e-02
2.02492494e-02
1.87981222e-02
9.26772598e-03
1.70570798e-02
3.34068947e-02
2.95954347e-02
2.96069626e-02
1.37606375e-02
2.03079972e-02
2.48072036e-02
3.65817584e-02
1.05916202e-01
8.53702351e-02
6.25294670e-02
6.32313117e-02
4.85043377e-02
2.11028773e-02
2.87123583e-02
1.66594647e-02
2.95123160e-02
5.34595214e-02
4.47391570e-02
3.69766578e-02
1.67799313e-02
1.77529156e-02
3.07355132e-02
1.49061065e-02
3.15627120e-02
1.71115045e-02
3.58547457e-02
2.35016868e-02
4.85976897e-02
2.70534009e-02
3.94866168e-02
1.30740982e-02
1.56009020e-02
1.86656471e-02
2.21422873e-02
1.31067671e-02
1.06862830e-02
1.48057295e-02
1.06632635e-02
3.38966586e-02
1.71724316e-02
7.43774027e-02
1.13906562e-01
3.58508490e-02
3.60668190e-02
1.80944502e-02
4.34769988e-02
4.89040911e-02
3.32195871e-02
2.50437986e-02
3.43811922e-02
1.94139108e-02
3.15407105e-02
2.74445824e-02
3.91140133e-02
1.88628621e-02
1.34396097e-02
1.41065288e-02
1.55337835e-02
1.68833248e-02
2.56896764e-02
2.80393045e-02
2.76177581e-02
2.87326761e-02
2.05306467e-02
2.25144494e-02
1.99715383e-02
2.19034720e-02
5.30822985e-02
6.34184554e-02
6.44128099e-02
2.55817696e-02
2.49875989e-02
2.00838968e-02
1.00019285e-02
1.88806932e-02
1.88716892e-02
2.72222906e-02
2.13738177e-02
2.40279138e-02
2.05074120e-02
2.02616118e-02
1.67055652e-02
3.35355997e-02
5.88697530e-02
6.50633872e-02
4.53792661e-02
3.05463802e-02
2.89474055e-02
1.76273659e-02
1.50077250e-02
2.34869588e-02
1.84532627e-02
1.93329062e-02
2.18816027e-02
2.36267056e-02
5.13894595e-02
5.18066622e-02
2.58144140e-02
2.73564458e-02
2.80938912e-02
3.11370548e-02
3.29031199e-02
5.66270463e-02
2.17571743e-02
2.35176533e-02
2.18656026e-02
1.45930843e-02
1.84375737e-02
1.61370952e-02
2.43002567e-02
2.42298562e-02
2.19287574e-02
1.46973431e-02
8.56259093e-03
3.05290557e-02
1.76127553e-02
2.47672126e-02
2.96628866e-02
2.25278996e-02
2.10805256e-02
1.95061080e-02
2.00329255e-02
1.67299844e-02
9.07311123e-03
1.86612532e-02
1.29940482e-02
1.39365243e-02
2.10142974e-02
1.23713510e-02
1.83463041e-02
2.61469260e-02
1.64850391e-02
2.21427120e-02
2.39800457e-02
3.49063613e-02
2.23569907e-02
1.89318880e-02
3.69740278e-02
2.73131430e-02
2.92058997e-02
1.47609059e-02
2.00196765e-02
3.32849622e-02
2.41809748e-02
1.78708751e-02
4.21311818e-02
3.32001932e-02
2.10155491e-02
1.53834140e-02
1.56789050e-02
2.09014602e-02
1.82450004e-02
1.75154842e-02
1.45625835e-02
1.57341659e-02
1.89128071e-02
1.38239721e-02
1.16723552e-02
1.41483191e-02
1.84813384e-02
1.96136385e-02
1.15399109e-02
1.04567679e-02
2.62994822e-02
1.82661805e-02
2.15069428e-02
1.90842673e-02
1.74966250e-02
1.52208097e-02
1.49151934e-02
1.36913331e-02
4.04650392e-03
1.91734936e-02
1.72922593e-02
2.70291623e-02
1.04666576e-02
2.22790353e-02
2.12890413e-02
1.56950224e-02
1.74873192e-02
1.91801786e-02
1.32891098e-02
1.74653288e-02
2.22685095e-02
1.38810007e-02
1.98941659e-02
2.80677211e-02
2.01727487e-02
2.52785217e-02
2.23381799e-02
2.45819557e-02
2.09202580e-02
1.54769588e-02
2.45896578e-02
1.30937574e-02
1.21444436e-02
1.75299477e-02
2.42200159e-02
2.41570193e-02
2.22759098e-02
1.75808910e-02
1.93538833e-02
4.12054174e-02
1.20394295e-02
2.42966972e-02
2.80084331e-02
2.42765006e-02
2.51213908e-02
2.82605905e-02
2.01057419e-02
1.50041208e-02
1.25275282e-02
1.93335563e-02
1.80644859e-02
1.33455526e-02
5.58169791e-03
1.01586692e-02
1.09168896e-02
2.43990999e-02
2.70605721e-02
1.90548785e-02
1.10043073e-02
1.88681781e-02
1.67783648e-02
1.61706451e-02
1.09542897e-02
1.77420899e-02
1.35907494e-02
2.22465768e-02
1.33347837e-02
2.06220355e-02
8.01511109e-03
2.12226305e-02
1.48117198e-02
1.45335058e-02
2.23525912e-02
2.82249711e-02
1.79215092e-02
4.43139859e-02
3.17603238e-02
7.12307617e-02
5.44080399e-02
6.28020093e-02
3.50671411e-02
4.56129275e-02
3.43587138e-02
9.16126817e-02
8.99901390e-02
8.54481608e-02
4.40837406e-02
2.01927815e-02
1.24156689e-02
2.83825472e-02
1.35519393e-02
1.67794060e-02
1.07602775e-02
3.25823016e-02
1.77173428e-02
1.06842108e-02
1.76633336e-02
1.54454764e-02
1.18816998e-02
1.42748319e-02
1.64733585e-02
2.78936345e-02
1.92489848e-02
1.19120367e-02
1.59755703e-02
3.11723426e-02
6.47253916e-02
1.61831170e-01
1.28933311e-01
1.11199625e-01
6.75286427e-02
7.46324435e-02
5.80522753e-02
5.78869954e-02
3.43024246e-02
2.20383219e-02
1.63051337e-02
2.57788748e-02
3.07103191e-02
2.87443697e-02
1.13904756e-02
1.20846648e-02
1.36525519e-02
1.85847878e-02
1.65985171e-02
1.17745409e-02
2.60676201e-02
3.68522666e-02
4.03073877e-02
4.07322645e-02
2.07513459e-02
1.25967497e-02
1.52239474e-02
1.89809445e-02
1.36151379e-02
7.16274381e-02
5.62742203e-02
1.17704555e-01
4.77562472e-02
1.27119385e-02
2.20229384e-02
2.21554171e-02
3.25102992e-02
2.93950066e-02
3.70617509e-02
3.41448151e-02
3.93633172e-02
2.75755171e-02
2.31829491e-02
2.65896264e-02
1.33111747e-02
7.43015036e-02
1.39424905e-01
8.12732726e-02
4.75690924e-02
3.25327106e-02
1.62018854e-02
3.29949856e-02
2.13195290e-02
1.32058002e-02
2.13668030e-02
1.61853470e-02
3.27450708e-02
6.05047159e-02
3.22082490e-02
4.32822928e-02
3.18291560e-02
1.74630266e-02
3.48623730e-02
8.16166401e-02
1.60809502e-01
1.05918095e-01
7.90406540e-02
2.32148767e-02
1.11875487e-02
1.16557535e-02
5.33150136e-03
1.72254499e-02
2.58113984e-02
1.65283326e-02
1.07613420e-02
2.37952024e-02
2.61952002e-02
1.63416136e-02
1.81219876e-02
5.83539642e-02
3.09650563e-02
1.53389303e-02
1.27966627e-02
2.34425180e-02
3.34086195e-02
9.82286483e-02
5.08360974e-02
2.26755235e-02
1.30117293e-02
1.74297094e-02
1.47037748e-02
1.11491000e-02
7.13230856e-03
1.34626478e-02
2.33049970e-02
1.27192792e-02
1.58555061e-02
1.61901582e-02
2.74915546e-02
2.37214901e-02
1.93790495e-02
4.09449413e-02
5.03087416e-02
2.45784000e-02
1.98642593e-02
2.22560577e-02
3.06111388e-02
2.19265316e-02
2.42461227e-02
1.79752614e-02
2.13404596e-02
1.53761636e-02
1.84870604e-02
1.86510663e-02
2.27738470e-02
1.34459184e-02
1.48704471e-02
1.48622151e-02
1.37768136e-02
1.30453259e-02
1.06281731e-02
1.14942640e-02
8.56177974e-03
1.46260979e-02
1.83357783e-02
1.19302385e-02
2.36063153e-02
3.18294615e-02
2.20436566e-02
1.95397492e-02
1.70682129e-02
1.73241757e-02
2.33457461e-02
3.02325822e-02
1.69643406e-02
5.91826718e-03
1.41552109e-02
1.55776050e-02
2.42013074e-02
1.84721388e-02
2.62144618e-02
3.09552681e-02
1.91123653e-02
4.62528914e-02
4.10330072e-02
1.45563437e-02
3.30407582e-02
3.14378664e-02
3.97203527e-02
3.94854955e-02
4.48594429e-02
4.20731008e-02
2.15972606e-02
3.47080976e-02
2.19471846e-02
1.37075856e-02
4.28883545e-02
4.21892926e-02
3.93840708e-02
1.93588212e-02
2.37554219e-02
3.74021493e-02
2.06637550e-02
5.68489432e-02
4.69706655e-02
3.37193124e-02
4.77114581e-02
2.89440248e-02
4.95383888e-02
5.41467220e-02
3.15795094e-02
2.05078553e-02
1.94883402e-02
1.74190234e-02
3.99455652e-02
2.79619563e-02
2.97274627e-02
2.38496345e-02
1.79059431e-02
1.65281352e-02
1.62562616e-02
1.84527207e-02
1.01489127e-02
1.50302695e-02
1.32993087e-02
1.38082039e-02
1.05033815e-02
1.57651268e-02
2.06841286e-02
1.72036458e-02
1.00754192e-02
2.22056024e-02
1.71949212e-02
1.37897525e-02
8.08643177e-03
1.24748703e-02
1.07026817e-02
1.00131510e-02
2.65108272e-02
1.63365789e-02
1.34038916e-02
1.64161194e-02
1.28173260e-02
2.05184557e-02
2.06204206e-02
2.49430519e-02
2.06935890e-02
1.66281704e-02
2.04723291e-02
2.39509121e-02
1.33401901e-02
1.29340077e-02
6.50559366e-02
2.08878946e-02
6.47213459e-02
7.43070990e-02
1.05456837e-01
1.00215666e-01
5.72935715e-02
2.95242518e-02
3.38387415e-02
5.85602969e-02
1.90828711e-01
1.34413436e-01
4.04455960e-02
1.77069940e-02
1.63285695e-02
3.12716998e-02
4.25747931e-02
4.71435525e-02
3.77526805e-02
1.36421872e-02
1.03812693e-02
2.63269488e-02
1.46336416e-02
6.38036244e-03
1.79853905e-02
2.08350848e-02
1.19390283e-02
1.57875326e-02
2.46131755e-02
1.32009834e-02
1.79405585e-02
2.18073577e-02
7.06595331e-02
2.50817388e-01
2.36774042e-01
2.36836299e-01
1.06578082e-01
8.94276276e-02
8.59519467e-02
1.56038031e-01
6.01909980e-02
3.61619033e-02
1.49366334e-02
1.80713702e-02
3.43747064e-02
4.34848480e-02
5.38738556e-02
1.55067965e-02
1.86701845e-02
1.61944516e-02
2.97470968e-02
1.56437177e-02
2.48078741e-02
5.13621941e-02
2.57283151e-02
5.55754714e-02
2.48097461e-02
1.46172503e-02
1.52087277e-02
1.75743904e-02
2.12052464e-02
9.07644480e-02
1.80206597e-01
2.78747261e-01
1.44859850e-01
5.37178703e-02
3.13108340e-02
1.44222863e-02
1.14254374e-02
2.18570419e-02
6.48552999e-02
8.00311044e-02
6.38561025e-02
2.66430117e-02
2.18336303e-02
1.08234929e-02
1.31261069e-02
3.56490351e-02
1.30268425e-01
1.05748728e-01
2.05062598e-01
7.46357515e-02
2.16630250e-02
2.56574024e-02
1.86277311e-02
1.52447904e-02
3.55753787e-02
2.27800850e-02
8.87511671e-03
2.63619460e-02
3.39489356e-02
3.06568053e-02
5.19190133e-02
2.43317522e-02
1.75487678e-02
1.61557198e-02
5.21394908e-02
9.90061089e-02
7.22299740e-02
1.54880926e-01
7.17044026e-02
2.27897745e-02
9.03907605e-03
1.46768345e-02
1.80602428e-02
2.36096941e-02
1.50038572e-02
9.52896476e-03
1.41223865e-02
1.83749702e-02
1.99606866e-02
2.00592019e-02
2.66081765e-02
8.58253986e-02
2.50002407e-02
2.09850892e-02
4.17629853e-02
5.41597605e-02
7.45010152e-02
8.71762708e-02
7.41469264e-02
