2.69325757e+00
2.62728858e+00
2.63624406e+00
2.64908719e+00
2.81977201e+00
2.73868513e+00
2.67625999e+00
2.78864908e+00
2.71286535e+00
2.82022452e+00
2.69871640e+00
2.76500416e+00
2.75964475e+00
2.77001786e+00
2.84312034e+00
2.76371861e+00
2.75536394e+00
2.80360198e+00
2.76167178e+00
2.79427934e+00
2.77811837e+00
2.66768146e+00
2.75107026e+00
2.77507091e+00
2.77762866e+00
2.84556246e+00
2.74868274e+00
2.73808312e+00
2.79030848e+00
2.72470999e+00
2.71725583e+00
2.69700551e+00
2.57818794e+00
2.75959754e+00
2.65858769e+00
2.60966420e+00
2.60418510e+00
2.57234764e+00
2.62138963e+00
2.62227178e+00
2.56600332e+00
2.53532553e+00
2.49407291e+00
2.50153017e+00
2.56500769e+00
2.43757892e+00
2.48160958e+00
2.57457590e+00
2.55365753e+00
2.59849048e+00
2.59863758e+00
2.55549002e+00
2.61910486e+00
2.66751099e+00
2.67769980e+00
2.73151302e+00
2.74287701e+00
2.77213240e+00
2.76472688e+00
2.67663622e+00
2.71300602e+00
2.75193882e+00
2.79176307e+00
2.70810509e+00
2.71086717e+00
2.80045605e+00
2.85231066e+00
2.73811007e+00
2.69358301e+00
2.77318025e+00
2.76758194e+00
2.74829388e+00
2.68615031e+00
2.73991346e+00
2.72752595e+00
2.63345098e+00
2.69536662e+00
2.75140762e+00
2.78518081e+00
2.74643207e+00
2.72070289e+00
2.69808316e+00
2.61942244e+00
2.59213996e+00
2.62718868e+00
2.62156153e+00
2.60059571e+00
2.62201142e+00
2.53099155e+00
2.59534454e+00
2.60269856e+00
2.47916913e+00
2.49194002e+00
2.45224118e+00
2.39670014e+00
2.34842777e+00
2.34685779e+00
2.35015273e+00
2.29870653e+00
2.30713201e+00
2.23791671e+00
2.21905088e+00
2.19710326e+00
2.13147378e+00
2.15045762e+00
2.12518167e+00
2.23416424e+00
2.25573349e+00
2.22587419e+00
2.20547128e+00
2.26513076e+00
2.33510327e+00
2.37945914e+00
2.40661883e+00
2.37799096e+00
2.36479807e+00
2.49186277e+00
2.50237584e+00
2.52401114e+00
2.52249336e+00
2.59268069e+00
2.54555821e+00
2.55541182e+00
2.63944387e+00
2.57193756e+00
2.75082660e+00
2.73642993e+00
2.73110104e+00
2.73307943e+00
2.74555421e+00
2.73322749e+00
2.72078562e+00
2.77933598e+00
2.76812601e+00
2.72211003e+00
2.71763587e+00
2.74865913e+00
2.80268312e+00
2.84225631e+00
2.86419439e+00
2.84611034e+00
2.79981017e+00
2.73147392e+00
2.80376673e+00
2.82186294e+00
2.82375503e+00
2.78543711e+00
2.75584650e+00
2.76353407e+00
2.83223248e+00
2.76163197e+00
2.71127343e+00
2.74177432e+00
2.70717335e+00
2.72066927e+00
2.76823711e+00
2.78422904e+00
2.77351284e+00
2.83462429e+00
2.78981161e+00
2.69906402e+00
2.68298197e+00
2.65730119e+00
2.59790421e+00
2.66856909e+00
2.60144877e+00
2.61977768e+00
2.59623051e+00
2.54857278e+00
2.55486393e+00
2.55374599e+00
2.52359200e+00
2.50478554e+00
2.49826479e+00
2.47418475e+00
2.44378304e+00
2.38400388e+00
2.40331030e+00
2.43077850e+00
2.29019976e+00
2.23597932e+00
2.20847654e+00
2.09020424e+00
2.19636822e+00
2.15126991e+00
2.10764956e+00
2.05447936e+00
1.97220337e+00
1.95865166e+00
1.95989776e+00
1.87055767e+00
1.79187000e+00
1.75731826e+00
1.76094294e+00
1.74637032e+00
1.80367696e+00
1.78585529e+00
1.88778687e+00
1.94753623e+00
1.95535767e+00
1.97802842e+00
2.03435016e+00
2.10737944e+00
2.05893517e+00
2.11469007e+00
2.18815112e+00
2.25596571e+00
2.25815463e+00
2.26675773e+00
2.22661638e+00
2.31982231e+00
2.40618253e+00
2.41005111e+00
2.35436845e+00
2.42747974e+00
2.49504924e+00
2.51229429e+00
2.54971242e+00
2.54098463e+00
2.50070953e+00
2.59293294e+00
2.60747766e+00
2.64662981e+00
2.71310544e+00
2.71096396e+00
2.65322876e+00
2.69226599e+00
2.85505915e+00
2.81927776e+00
2.73154140e+00
2.73215818e+00
2.75677943e+00
2.77647638e+00
2.83612418e+00
2.83577967e+00
2.81846952e+00
2.85889888e+00
2.83716083e+00
2.84985781e+00
2.91118550e+00
2.87397289e+00
2.83437777e+00
2.83003354e+00
2.79227591e+00
2.90254354e+00
2.82991481e+00
2.87086082e+00
2.97232366e+00
2.88350368e+00
2.89167929e+00
2.91051507e+00
2.90890479e+00
2.96689057e+00
2.92771697e+00
2.89295030e+00
2.86970711e+00
2.86844611e+00
2.97626567e+00
2.98482561e+00
2.93087316e+00
2.95739818e+00
2.93924713e+00
3.00054646e+00
2.97237635e+00
2.94564724e+00
2.95552993e+00
2.92387986e+00
2.95756865e+00
2.89566088e+00
2.88592649e+00
2.94677377e+00
2.96512175e+00
2.89790773e+00
2.90451217e+00
2.88053703e+00
2.89380670e+00
2.92906308e+00
2.90294886e+00
2.88691092e+00
2.84201002e+00
2.82888365e+00
2.84709930e+00
2.84221244e+00
2.89081788e+00
2.83285332e+00
2.77564526e+00
2.85273027e+00
2.84033537e+00
2.79462194e+00
2.75493574e+00
2.74692798e+00
2.73057890e+00
2.73372102e+00
2.70652032e+00
2.72771525e+00
2.73762751e+00
2.66364551e+00
2.61944699e+00
2.69350934e+00
2.55337501e+00
2.56434369e+00
2.61071539e+00
2.56843758e+00
2.53150105e+00
2.47089314e+00
2.48291326e+00
2.47253084e+00
2.44912982e+00
2.44181466e+00
2.43341923e+00
2.35805607e+00
2.36292434e+00
2.28262472e+00
2.25034714e+00
2.28246593e+00
2.25713181e+00
2.19590473e+00
2.15141296e+00
2.08211565e+00
2.08706975e+00
2.16119790e+00
2.03983021e+00
2.08206224e+00
2.03684092e+00
1.99880040e+00
1.93956423e+00
1.86800146e+00
1.84998405e+00
1.78402042e+00
1.75582838e+00
1.72855711e+00
1.66080499e+00
1.60877287e+00
1.53650570e+00
1.45136487e+00
1.40672731e+00
1.42602265e+00
1.51219308e+00
1.60052478e+00
1.61514926e+00
1.64074695e+00
1.76215923e+00
1.80765927e+00
1.76342130e+00
1.80643415e+00
1.82529390e+00
1.96915376e+00
1.93348074e+00
1.99434495e+00
2.01295710e+00
2.01647997e+00
2.13715839e+00
2.10127616e+00
2.12117910e+00
2.21252656e+00
2.20765162e+00
2.18530202e+00
2.24742579e+00
2.19778848e+00
2.23972034e+00
2.25981832e+00
2.25403333e+00
2.33246994e+00
2.34816790e+00
2.40599132e+00
2.43118477e+00
2.38070798e+00
2.44755387e+00
2.51505518e+00
2.48783779e+00
2.49597526e+00
2.52865577e+00
2.52365422e+00
2.54598808e+00
2.58393502e+00
2.56678247e+00
2.54630113e+00
2.64963603e+00
2.64422870e+00
2.64934778e+00
2.67555046e+00
2.60759139e+00
2.65757108e+00
2.68429136e+00
2.69803691e+00
2.67163849e+00
2.71107578e+00
2.72127771e+00
2.72870445e+00
2.73654151e+00
2.78814268e+00
2.81391954e+00
2.75264645e+00
2.77992725e+00
2.82237196e+00
2.89383483e+00
2.81400132e+00
2.80064893e+00
2.79274082e+00
2.79319263e+00
2.79233479e+00
2.80294251e+00
2.86208677e+00
2.88751864e+00
2.82349157e+00
2.83708072e+00
2.84763741e+00
2.86971188e+00
2.88278151e+00
2.84251118e+00
2.89975262e+00
2.89863729e+00
2.93228912e+00
2.88739109e+00
2.88318801e+00
2.87415195e+00
2.84832644e+00
2.91133547e+00
2.89827871e+00
2.90719700e+00
2.90495706e+00
2.89458179e+00
2.92660570e+00
2.84504461e+00
2.87615585e+00
2.86277056e+00
2.89886189e+00
2.91289806e+00
2.88915968e+00
2.94307804e+00
2.90283966e+00
2.86059856e+00
2.83783031e+00
2.86597705e+00
2.93642116e+00
2.89257264e+00
2.92092538e+00
2.91323471e+00
2.91870856e+00
2.93856692e+00
2.92828512e+00
2.93378472e+00
2.92121148e+00
2.91547799e+00
2.92680597e+00
2.92490649e+00
2.93417358e+00
2.86179972e+00
2.86284471e+00
2.93065262e+00
2.91036773e+00
2.86060667e+00
2.90530086e+00
2.89661241e+00
2.93747687e+00
2.92305851e+00
2.88765621e+00
2.87541199e+00
2.83468390e+00
2.84373426e+00
2.83451653e+00
2.88868737e+00
2.93372250e+00
2.89820838e+00
2.84398413e+00
2.90147471e+00
2.86804080e+00
2.83507538e+00
2.82559371e+00
2.81447172e+00
2.82428217e+00
2.84552598e+00
2.88260555e+00
2.89079714e+00
2.89296746e+00
2.87289476e+00
2.81220698e+00
2.81925392e+00
2.88151193e+00
2.81158853e+00
2.79656625e+00
2.85527730e+00
2.77552104e+00
2.78997040e+00
2.81566238e+00
2.76701498e+00
2.80939102e+00
2.85850000e+00
2.79899907e+00
2.79206300e+00
2.75266838e+00
2.77790785e+00
2.76223707e+00
2.77174377e+00
2.75130129e+00
2.81313920e+00
2.74933314e+00
2.74147725e+00
2.77874732e+00
2.76373911e+00
2.69303870e+00
2.76496410e+00
2.73761463e+00
2.71267128e+00
2.71876144e+00
2.69880581e+00
2.74374175e+00
2.69901824e+00
2.70787048e+00
2.69455433e+00
2.67718387e+00
2.67241335e+00
2.66352439e+00
2.63037062e+00
2.63555050e+00
2.60134435e+00
2.63743305e+00
2.64091849e+00
2.59016943e+00
2.56043077e+00
2.58882332e+00
2.57443166e+00
2.53594494e+00
2.55308008e+00
2.55153465e+00
2.54991388e+00
2.48516846e+00
2.50830078e+00
2.51877832e+00
2.54749870e+00
2.55232501e+00
2.46021962e+00
2.43252158e+00
2.41084385e+00
2.43001723e+00
2.44349790e+00
2.45680952e+00
2.45278811e+00
2.39170694e+00
2.39878798e+00
2.37784433e+00
2.32956052e+00
2.34093332e+00
2.29580402e+00
2.29056239e+00
2.30387330e+00
2.29730535e+00
2.26933146e+00
2.29324436e+00
2.23243380e+00
2.20607305e+00
2.22486830e+00
2.17880893e+00
2.14009523e+00
2.13319778e+00
2.13907599e+00
2.07449150e+00
2.03353429e+00
2.03221893e+00
2.03397632e+00
1.99482822e+00
1.90617359e+00
1.93287158e+00
1.88197565e+00
1.86949480e+00
1.87102354e+00
1.85667980e+00
1.83129060e+00
1.81540453e+00
1.70877957e+00
1.63628757e+00
1.62689102e+00
1.62282407e+00
1.59550273e+00
1.51607347e+00
1.49796319e+00
1.46496403e+00
1.44167960e+00
1.36431110e+00
1.26931858e+00
1.19765258e+00
1.16862011e+00
1.21435702e+00
1.25272202e+00
1.29488075e+00
1.44593501e+00
1.49544466e+00
1.48570466e+00
1.50181162e+00
1.54923153e+00
1.60311818e+00
1.58641052e+00
1.68124568e+00
1.77322435e+00
1.75492918e+00
1.76742959e+00
1.81264150e+00
1.80874109e+00
1.83433020e+00
1.82584977e+00
1.87889719e+00
1.88250804e+00
1.93253481e+00
1.95833576e+00
1.94117284e+00
1.95463371e+00
2.01694322e+00
2.04567480e+00
2.06547856e+00
2.12078786e+00
2.09822750e+00
2.11375952e+00
2.11004424e+00
2.12996387e+00
2.14943337e+00
2.17599249e+00
2.25475597e+00
2.23483706e+00
2.21310496e+00
2.25017571e+00
2.23935962e+00
2.23883963e+00
2.24319530e+00
2.26822615e+00
2.29247856e+00
2.30713367e+00
2.30512214e+00
2.29511285e+00
2.29522991e+00
2.35251141e+00
2.38615990e+00
2.33261824e+00
2.31209755e+00
2.37067890e+00
2.39949441e+00
2.33698201e+00
2.40104055e+00
2.41319871e+00
2.38788462e+00
2.40833449e+00
2.41411448e+00
2.41283703e+00
2.42129874e+00
2.37791181e+00
2.39546084e+00
2.41705012e+00
2.41900277e+00
2.37401032e+00
2.44460058e+00
2.45805240e+00
2.39812565e+00
2.46971440e+00
2.43998814e+00
2.47802353e+00
2.47661948e+00
2.44171953e+00
2.45588541e+00
2.45355201e+00
2.48962617e+00
2.51858044e+00
2.48777366e+00
2.46569204e+00
2.47659469e+00
2.50187039e+00
2.55248880e+00
2.48900604e+00
2.47455645e+00
2.50338268e+00
2.53970766e+00
2.49023652e+00
2.50740218e+00
2.44888997e+00
2.46274281e+00
2.52208734e+00
2.51154399e+00
2.52337551e+00
2.51580596e+00
2.52488494e+00
2.49869847e+00
2.50039721e+00
2.48019624e+00
2.51798368e+00
2.49297619e+00
2.48849034e+00
2.47351360e+00
2.48250198e+00
2.52610159e+00
2.50298405e+00
2.52436018e+00
2.44073963e+00
2.48042846e+00
2.51171970e+00
2.49475288e+00
2.50596762e+00
2.52985907e+00
2.52504134e+00
2.53514791e+00
2.51743412e+00
2.51099157e+00
2.54840612e+00
2.53434634e+00
2.54108882e+00
2.54974127e+00
2.56777453e+00
2.54059219e+00
2.53946853e+00
2.55185866e+00
2.50119805e+00
2.49587226e+00
2.50375986e+00
2.46891069e+00
2.52724695e+00
2.53045583e+00
2.50305891e+00
2.50689864e+00
2.48255181e+00
2.50687432e+00
2.50928521e+00
2.50026011e+00
2.53368020e+00
2.54313326e+00
2.55271840e+00
2.53639174e+00
2.50137901e+00
2.48967457e+00
2.45972013e+00
2.51703835e+00
2.48822904e+00
2.47554374e+00
2.50508285e+00
2.54465508e+00
2.53670406e+00
2.52090597e+00
2.51421738e+00
2.50851870e+00
2.51382351e+00
2.53539491e+00
2.49263763e+00
2.45692348e+00
2.48010397e+00
2.52232838e+00
2.55138254e+00
2.46940374e+00
2.45288610e+00
2.44010067e+00
2.46021461e+00
2.48298812e+00
2.48048306e+00
2.47380638e+00
2.48003221e+00
2.46986103e+00
2.47183609e+00
2.46665359e+00
2.48192525e+00
2.50998950e+00
2.49373555e+00
2.46807575e+00
2.46102405e+00
2.49620628e+00
2.49689341e+00
2.47759771e+00
2.53801703e+00
2.50142956e+00
2.45222759e+00
2.49392629e+00
2.44143271e+00
2.48848653e+00
2.48339272e+00
2.51868129e+00
2.47126150e+00
2.46472836e+00
2.47933531e+00
2.45021558e+00
2.49696708e+00
2.42071009e+00
2.40181637e+00
2.47447538e+00
2.44794083e+00
2.47557139e+00
2.44025087e+00
2.45840502e+00
2.46640968e+00
2.46221948e+00
2.44807315e+00
2.48257804e+00
2.45627356e+00
2.46335101e+00
2.45586300e+00
2.44175673e+00
2.39688969e+00
2.45995808e+00
2.47078896e+00
2.41641307e+00
2.40799379e+00
2.45480371e+00
2.45375323e+00
2.40432858e+00
2.44281054e+00
2.41548872e+00
2.39975667e+00
2.46660662e+00
2.42881989e+00
2.39646840e+00
2.41920543e+00
2.40342379e+00
2.37074518e+00
2.44991732e+00
2.39932323e+00
2.41965842e+00
2.45473790e+00
2.37171650e+00
2.39587283e+00
2.44657731e+00
2.40409732e+00
2.38570285e+00
2.39451933e+00
2.42199969e+00
2.43054676e+00
2.42792940e+00
2.38890266e+00
2.40606880e+00
2.41843915e+00
2.39837432e+00
2.40097594e+00
2.42095637e+00
2.37957668e+00
2.37737608e+00
2.36867642e+00
2.40416050e+00
2.39656210e+00
2.38527989e+00
2.40945840e+00
2.37669516e+00
2.38378763e+00
2.36734033e+00
2.37033939e+00
2.37773967e+00
2.36780620e+00
2.33406043e+00
2.35721755e+00
2.33733368e+00
2.35991526e+00
2.38098502e+00
2.33624220e+00
2.36023307e+00
2.37612605e+00
2.37096715e+00
2.33984733e+00
2.34139252e+00
2.35793138e+00
2.31766605e+00
2.32207656e+00
2.32842159e+00
2.35457706e+00
2.33839726e+00
2.27697659e+00
2.35936809e+00
2.33839583e+00
2.33859754e+00
2.35636163e+00
2.31748486e+00
2.31735277e+00
2.26821136e+00
2.26910639e+00
2.31824350e+00
2.30122232e+00
2.30501771e+00
2.30601144e+00
2.30108643e+00
2.34253883e+00
2.33104253e+00
2.35498953e+00
2.33317780e+00
2.27156234e+00
2.26956177e+00
2.33450770e+00
2.29654694e+00
2.26314569e+00
2.30073333e+00
2.30865526e+00
2.28963232e+00
2.32588887e+00
2.30429935e+00
2.30014062e+00
2.31682801e+00
2.30389905e+00
2.29674888e+00
2.29192829e+00
2.27511811e+00
2.27510405e+00
2.28962231e+00
2.28554368e+00
2.28558040e+00
2.29038405e+00
2.28311634e+00
2.30257273e+00
2.30253005e+00
2.24636674e+00
2.25852346e+00
2.27482414e+00
2.32256484e+00
2.28822207e+00
2.25317812e+00
2.30142832e+00
2.24721837e+00
2.28030729e+00
2.29608154e+00
2.23518658e+00
2.23473644e+00
2.24695444e+00
2.23720479e+00
2.18396592e+00
2.22350979e+00
2.28938627e+00
2.26613522e+00
2.22401619e+00
2.20408726e+00
2.20989227e+00
2.25690818e+00
2.26742435e+00
2.23034430e+00
2.28766489e+00
2.26321244e+00
2.25861287e+00
2.25929999e+00
2.24378729e+00
2.22044921e+00
2.20201612e+00
2.24285245e+00
2.21850801e+00
2.22880101e+00
2.23359418e+00
2.19641018e+00
2.17616844e+00
2.20659828e+00
2.18443894e+00
2.16183162e+00
2.19865346e+00
2.22103310e+00
2.16362977e+00
2.19636464e+00
2.14807558e+00
2.15395832e+00
2.18995905e+00
2.17985821e+00
2.19347858e+00
2.19599867e+00
2.18080926e+00
2.15075302e+00
2.13412642e+00
2.14711189e+00
2.16652942e+00
2.16858053e+00
2.13053107e+00
2.18207169e+00
2.20131397e+00
2.17907929e+00
2.14910102e+00
2.13422775e+00
2.14012408e+00
2.09852743e+00
2.10932207e+00
2.15707564e+00
2.11307311e+00
2.09912753e+00
2.10836363e+00
2.08703303e+00
2.12027359e+00
2.13838005e+00
2.07235742e+00
2.11438489e+00
2.09803343e+00
2.11026406e+00
2.12363029e+00
2.11573577e+00
2.09041619e+00
2.17036128e+00
2.12164402e+00
2.08200288e+00
2.11600208e+00
2.11014318e+00
2.09112787e+00
2.08208561e+00
2.08438468e+00
2.06223369e+00
2.06301665e+00
2.05276322e+00
2.05653381e+00
2.07187581e+00
2.10993409e+00
2.04265261e+00
2.02027130e+00
2.03294444e+00
2.00602961e+00
2.05790091e+00
2.03945613e+00
1.98153329e+00
2.00007296e+00
2.05633354e+00
1.99162507e+00
2.04063535e+00
1.95156574e+00
1.95908570e+00
2.01200795e+00
1.97806633e+00
1.96580589e+00
1.93788970e+00
1.99488533e+00
1.96609926e+00
1.93692863e+00
1.93597972e+00
1.94489419e+00
1.92966342e+00
1.93500376e+00
1.92423975e+00
1.90813982e+00
1.88269401e+00
1.89976013e+00
1.86676991e+00
1.89835477e+00
1.88549197e+00
1.84181964e+00
1.88348675e+00
1.86085939e+00
1.83547974e+00
1.83469093e+00
1.82107377e+00
1.85394895e+00
1.83511961e+00
1.82019019e+00
1.79632628e+00
1.79004490e+00
1.77443445e+00
1.76025414e+00
1.77325249e+00
1.72962201e+00
1.71783674e+00
1.73488867e+00
1.70398676e+00
1.68920445e+00
1.71870911e+00
1.70354366e+00
1.62580633e+00
1.61747742e+00
1.62091553e+00
1.63277864e+00
1.58903170e+00
1.58319151e+00
1.61461210e+00
1.58290136e+00
1.56716955e+00
1.51961875e+00
1.47831464e+00
1.49169469e+00
1.47119617e+00
1.50665045e+00
1.53040338e+00
1.44830573e+00
1.39598346e+00
1.38471937e+00
1.38459635e+00
1.34855556e+00
1.30943358e+00
1.30659795e+00
1.28890347e+00
1.26317334e+00
1.20727754e+00
1.15755773e+00
1.14307523e+00
1.14049411e+00
1.08015633e+00
1.04773366e+00
9.92450118e-01
9.42056596e-01
9.84198809e-01
1.00748491e+00
1.02973282e+00
1.12686598e+00
1.15863371e+00
1.16620207e+00
1.21513498e+00
1.25881040e+00
1.28409362e+00
1.32481349e+00
1.30752051e+00
1.34156990e+00
1.35969710e+00
1.35382199e+00
1.37467122e+00
1.43372023e+00
1.42157614e+00
1.45633495e+00
1.47688007e+00
1.47301960e+00
1.49697173e+00
1.46815991e+00
1.50896835e+00
1.51858151e+00
1.53370154e+00
1.54477227e+00
1.54477191e+00
1.60399163e+00
1.54707646e+00
1.57832658e+00
1.60341430e+00
1.62621951e+00
1.64306235e+00
1.64208317e+00
1.61572230e+00
1.62718797e+00
1.67145407e+00
1.68950152e+00
1.68614042e+00
1.69163156e+00
1.66831386e+00
1.69399214e+00
1.74401236e+00
1.70496237e+00
1.69473600e+00
1.70430028e+00
1.73663414e+00
1.71601021e+00
1.75458050e+00
1.77211130e+00
1.74044538e+00
1.75016856e+00
1.79115808e+00
1.80914450e+00
1.80667078e+00
1.79837286e+00
1.81401348e+00
1.79047441e+00
1.80467534e+00
1.83480549e+00
1.84583056e+00
1.81584823e+00
1.81578410e+00
1.80545270e+00
1.79636717e+00
1.83601153e+00
1.85438919e+00
1.82703340e+00
1.81664658e+00
1.85768902e+00
1.81477356e+00
1.81819510e+00
1.85479510e+00
1.83936191e+00
1.85268724e+00
1.84095407e+00
1.78836083e+00
1.83390617e+00
1.85959721e+00
1.83165669e+00
1.81821752e+00
1.82064235e+00
1.87243867e+00
1.85609615e+00
1.83860922e+00
1.85314286e+00
1.82744145e+00
1.81829977e+00
1.84836578e+00
1.84710360e+00
1.82170081e+00
1.83470380e+00
1.84519422e+00
1.86197460e+00
1.86669421e+00
1.85731792e+00
1.86221182e+00
1.85767448e+00
1.83591139e+00
1.84159434e+00
1.86153007e+00
1.86243057e+00
1.84366596e+00
1.86565864e+00
1.87552667e+00
1.83742499e+00
1.89107513e+00
1.84585524e+00
1.84173799e+00
1.85542405e+00
1.85045052e+00
1.89892399e+00
1.87865722e+00
1.87148285e+00
1.85417354e+00
1.85549831e+00
1.84117258e+00
1.87586498e+00
1.88242996e+00
1.85373557e+00
1.83849776e+00
1.85153306e+00
1.86084163e+00
1.83082879e+00
1.84842145e+00
1.84233761e+00
1.86742020e+00
1.85296690e+00
1.83933520e+00
1.88744247e+00
1.88456726e+00
1.85355973e+00
1.83176327e+00
1.83346975e+00
1.84332812e+00
1.86190808e+00
1.87193704e+00
1.85255086e+00
1.81772649e+00
1.83654130e+00
1.87106657e+00
1.83032596e+00
1.84378064e+00
1.87960660e+00
1.87083137e+00
1.86554372e+00
1.86916637e+00
1.87412703e+00
1.87080812e+00
1.85010648e+00
1.85710680e+00
1.85801911e+00
1.86422801e+00
1.89518273e+00
1.86011255e+00
1.85730910e+00
1.84881830e+00
1.84575486e+00
1.82967448e+00
1.83722079e+00
1.81906438e+00
1.85027063e+00
1.83308399e+00
1.84890270e+00
1.87743294e+00
1.84087098e+00
1.85226405e+00
1.87044549e+00
1.84076691e+00
1.82091188e+00
1.84381878e+00
1.86885715e+00
1.84393418e+00
1.82713711e+00
1.83000886e+00
1.82838500e+00
1.82990539e+00
1.81974125e+00
1.82036424e+00
1.80279732e+00
1.81783402e+00
1.84338486e+00
1.82562518e+00
1.84196305e+00
1.83343005e+00
1.84609628e+00
1.83906317e+00
1.78958619e+00
1.80503070e+00
1.79001117e+00
1.80022740e+00
1.80328286e+00
1.79972231e+00
1.83199751e+00
1.81919372e+00
1.78158629e+00
1.84701669e+00
1.79385090e+00
1.81372166e+00
1.83461559e+00
1.79840422e+00
1.81623030e+00
1.81441963e+00
1.80918014e+00
1.80834854e+00
1.80156159e+00
1.79760706e+00
1.80992424e+00
1.81153810e+00
1.80412543e+00
1.80168200e+00
1.79941308e+00
1.81678081e+00
1.82238865e+00
1.78429377e+00
1.79193354e+00
1.80818307e+00
1.80124700e+00
1.77799547e+00
1.81062114e+00
1.80852640e+00
1.81105745e+00
1.81915212e+00
1.79226780e+00
1.78363800e+00
1.79047894e+00
1.77167356e+00
1.77216804e+00
1.78648114e+00
1.76662099e+00
1.76564610e+00
1.79699206e+00
1.80768108e+00
1.79152203e+00
1.76744914e+00
1.78710580e+00
1.80660367e+00
1.75733531e+00
1.79486597e+00
1.77618563e+00
1.76989090e+00
1.78072953e+00
1.76840365e+00
1.76735032e+00
1.76147747e+00
1.75257075e+00
1.76098835e+00
1.78174520e+00
1.76283121e+00
1.74758625e+00
1.77837861e+00
1.74167645e+00
1.75555086e+00
1.77349544e+00
1.75008869e+00
1.75916755e+00
1.77838826e+00
1.75085974e+00
1.74781024e+00
1.75688505e+00
1.74643290e+00
1.76165056e+00
1.73792541e+00
1.76533890e+00
1.76013470e+00
1.73101580e+00
1.71801496e+00
1.71076214e+00
1.75871050e+00
1.74852502e+00
1.72913468e+00
1.73466361e+00
1.68210471e+00
1.71512151e+00
1.70838487e+00
1.72302139e+00
1.71527863e+00
1.69899416e+00
1.72298861e+00
1.70147491e+00
1.71148622e+00
1.72708428e+00
1.70779932e+00
1.71567547e+00
1.74688971e+00
1.70711493e+00
1.72249329e+00
1.73969436e+00
1.72282577e+00
1.70281696e+00
1.70857322e+00
1.70157158e+00
1.74742782e+00
1.72946167e+00
1.72361231e+00
1.75462949e+00
1.71691287e+00
1.70511591e+00
1.70849192e+00
1.72949839e+00
1.74303186e+00
1.71571493e+00
1.71520841e+00
1.70812726e+00
1.70955515e+00
1.72468174e+00
1.70300519e+00
1.68011010e+00
1.69198799e+00
1.72630489e+00
1.72753954e+00
1.68168616e+00
1.69824100e+00
1.70942128e+00
1.68541014e+00
1.69854820e+00
1.68538392e+00
1.70495367e+00
1.69032741e+00
1.69485271e+00
1.69592881e+00
1.66254270e+00
1.68894267e+00
1.68114197e+00
1.69534302e+00
1.69560313e+00
1.67751575e+00
1.71529496e+00
1.66145670e+00
1.69320250e+00
1.72284806e+00
1.68211365e+00
1.64457846e+00
1.69359660e+00
1.67259407e+00
1.70308006e+00
1.67142045e+00
1.63245738e+00
1.66525424e+00
1.66215563e+00
1.66424310e+00
1.64601755e+00
1.62958097e+00
1.64149535e+00
1.64045262e+00
1.63699257e+00
1.63909733e+00
1.66002905e+00
1.63853145e+00
1.64872849e+00
1.66933072e+00
1.64359069e+00
1.64521587e+00
1.61371684e+00
1.66066980e+00
1.66211081e+00
1.60412920e+00
1.61935115e+00
1.62155700e+00
1.64162135e+00
1.65071547e+00
1.65989423e+00
1.63636541e+00
1.63756979e+00
1.64275861e+00
1.64195073e+00
1.61520553e+00
1.62367928e+00
1.62494528e+00
1.64207888e+00
1.63496089e+00
1.62181604e+00
1.61429870e+00
1.61063814e+00
1.62206864e+00
1.63152397e+00
1.64495444e+00
1.62503088e+00
1.58835554e+00
1.60417378e+00
1.63401508e+00
1.58548522e+00
1.62247789e+00
1.62815285e+00
1.60742652e+00
1.62805676e+00
1.63812757e+00
1.61818182e+00
1.62658501e+00
1.60976803e+00
1.62076354e+00
1.61758947e+00
1.60525370e+00
1.62774658e+00
1.62327266e+00
1.60172904e+00
1.59457123e+00
1.58593190e+00
1.59518242e+00
1.61294794e+00
1.61226571e+00
1.58779347e+00
1.58967197e+00
1.59402812e+00
1.57962132e+00
1.54887688e+00
1.59076071e+00
1.59287870e+00
1.55738842e+00
1.56100690e+00
1.57791662e+00
1.58045268e+00
1.55973709e+00
1.57562208e+00
1.58616161e+00
1.58023560e+00
1.59599018e+00
1.59202266e+00
1.59848785e+00
1.60028481e+00
1.59588897e+00
1.57081831e+00
1.55394733e+00
1.54617751e+00
1.56012285e+00
1.57734787e+00
1.58690155e+00
1.58488476e+00
1.59201849e+00
1.58040392e+00
1.54155898e+00
1.57978833e+00
1.58583331e+00
1.56064630e+00
1.56882656e+00
1.59225559e+00
1.56545281e+00
1.55553138e+00
1.57325208e+00
1.57890809e+00
1.57861125e+00
1.54894328e+00
1.55335593e+00
1.61198497e+00
1.56400168e+00
1.52346885e+00
1.57912588e+00
1.58114433e+00
1.55075932e+00
1.52245688e+00
1.53641951e+00
1.55753994e+00
1.55333436e+00
1.54896247e+00
1.52527153e+00
1.53511572e+00
1.55030084e+00
1.54286361e+00
1.54700208e+00
1.55288374e+00
1.53625655e+00
1.52316797e+00
1.51955044e+00
1.52142131e+00
1.54308963e+00
1.56724358e+00
1.55544364e+00
1.56376874e+00
1.55002987e+00
1.52057672e+00
1.53212070e+00
1.55074298e+00
1.56184137e+00
1.54772902e+00
1.53003037e+00
1.52522719e+00
1.54669571e+00
1.53547072e+00
1.50380743e+00
1.51446354e+00
1.52554393e+00
1.53304863e+00
1.48816514e+00
1.50587988e+00
1.53368104e+00
1.49687791e+00
1.48494768e+00
1.51942706e+00
1.52719283e+00
1.50396812e+00
1.56081140e+00
1.51428616e+00
1.48529172e+00
1.49293709e+00
1.48084533e+00
1.50591421e+00
1.50801456e+00
1.52649200e+00
1.51035011e+00
1.50629187e+00
1.51055908e+00
1.48953032e+00
1.48288691e+00
1.51858723e+00
1.49609840e+00
1.47950613e+00
1.48535132e+00
1.48696530e+00
1.48082817e+00
1.53767753e+00
1.53614855e+00
1.49602211e+00
1.46380937e+00
1.47250760e+00
1.51631129e+00
1.48484790e+00
1.47800839e+00
1.49519944e+00
1.50428081e+00
1.49211800e+00
1.49495745e+00
1.45336044e+00
1.47177899e+00
1.50834131e+00
1.47951221e+00
1.47300255e+00
1.43084383e+00
1.44726312e+00
1.47749257e+00
1.48125184e+00
1.45728385e+00
1.45583451e+00
1.43611813e+00
1.47906804e+00
1.47174692e+00
1.45594692e+00
1.49211550e+00
1.45581269e+00
1.43588245e+00
1.46550429e+00
1.47651041e+00
1.46986234e+00
1.49667799e+00
1.48621178e+00
1.46215034e+00
1.47585189e+00
1.43789160e+00
1.43623960e+00
1.46281981e+00
1.44652689e+00
1.42778635e+00
1.44478071e+00
1.46508873e+00
1.44442308e+00
1.42129505e+00
1.43388140e+00
1.43121457e+00
1.41003215e+00
1.44237554e+00
1.44549072e+00
1.41526580e+00
1.46753716e+00
1.45497644e+00
1.44252622e+00
1.43321812e+00
1.41845405e+00
1.40981054e+00
1.44299591e+00
1.46542120e+00
1.44070995e+00
1.43033242e+00
1.42457104e+00
1.42051554e+00
1.43079817e+00
1.41452062e+00
1.45439076e+00
1.42642188e+00
1.37792134e+00
1.43599892e+00
1.43045974e+00
1.42911732e+00
1.41305923e+00
1.41133642e+00
1.43584728e+00
1.38832557e+00
1.38821733e+00
1.41616929e+00
1.40169823e+00
1.39853680e+00
1.42555785e+00
1.42188299e+00
1.42096400e+00
1.42841089e+00
1.43956208e+00
1.46716547e+00
1.33016336e+00
1.18019676e+00
1.42549825e+00
1.46065760e+00
1.39033675e+00
1.41855848e+00
1.42085361e+00
1.40129316e+00
1.39176869e+00
1.41824663e+00
1.39396858e+00
1.39439642e+00
1.40967214e+00
1.41781116e+00
1.41596103e+00
1.40973818e+00
1.40317225e+00
1.38998079e+00
1.36564267e+00
1.37027800e+00
1.38944983e+00
1.35533178e+00
1.39146757e+00
1.39377213e+00
1.40105081e+00
1.40359116e+00
1.37602961e+00
1.37630045e+00
1.38593793e+00
1.38679552e+00
1.38513935e+00
1.37479043e+00
1.34661567e+00
1.37557757e+00
1.38184869e+00
1.39561057e+00
1.40242374e+00
1.37358356e+00
1.35749769e+00
1.41779745e+00
1.36658728e+00
1.34872270e+00
1.39084053e+00
1.38819993e+00
1.37136412e+00
1.37382686e+00
1.35448694e+00
1.38713419e+00
1.39283323e+00
1.36220181e+00
1.38838613e+00
1.36445332e+00
1.37478876e+00
1.38991237e+00
1.35664177e+00
1.32698286e+00
1.37253499e+00
1.38856041e+00
1.39024055e+00
1.36562741e+00
1.32775843e+00
1.33702004e+00
1.35036373e+00
1.37376392e+00
1.36740243e+00
1.32434511e+00
1.32736850e+00
1.34836876e+00
1.36051238e+00
1.36255217e+00
1.39371181e+00
1.37857401e+00
1.35104716e+00
1.35766423e+00
1.35241365e+00
1.32028484e+00
1.33417273e+00
1.33294320e+00
1.31067455e+00
1.32831812e+00
1.33511555e+00
1.32438588e+00
1.34368515e+00
1.34476352e+00
1.32778275e+00
1.34718084e+00
1.36517739e+00
1.31818473e+00
1.34846389e+00
1.34440124e+00
1.34435022e+00
1.34663129e+00
1.30186939e+00
1.32248616e+00
1.32996631e+00
1.34358323e+00
1.34358203e+00
1.33702385e+00
1.33323205e+00
1.34547520e+00
1.28731096e+00
1.30112624e+00
1.34312260e+00
1.33440936e+00
1.32832849e+00
1.31318140e+00
1.30456865e+00
1.32065082e+00
1.32880723e+00
1.32131243e+00
1.33554220e+00
1.30501354e+00
1.29468274e+00
1.30328310e+00
1.31409788e+00
1.28807199e+00
1.30344999e+00
1.29541302e+00
1.30186379e+00
1.30369937e+00
1.28367531e+00
1.30912423e+00
1.33029842e+00
1.30851877e+00
1.28908145e+00
1.26951003e+00
1.28669322e+00
1.29319131e+00
1.27527130e+00
1.28837109e+00
1.28144097e+00
1.26585901e+00
1.26161885e+00
1.26574028e+00
1.29390037e+00
1.28696942e+00
1.29360032e+00
1.30253351e+00
1.30103266e+00
1.27064538e+00
1.30813015e+00
1.29838073e+00
1.29480422e+00
1.27167499e+00
1.27440464e+00
1.30595863e+00
1.24988174e+00
1.29496706e+00
1.30040944e+00
1.27339888e+00
1.27059412e+00
1.28095448e+00
1.29284441e+00
1.29473388e+00
1.28996825e+00
1.28021383e+00
1.28007245e+00
1.28167832e+00
1.25589132e+00
1.27818429e+00
1.26023853e+00
1.27005363e+00
1.28970289e+00
1.28104913e+00
1.22817421e+00
1.24901962e+00
1.24441838e+00
1.23413646e+00
1.24312055e+00
1.23532605e+00
1.26034844e+00
1.22494268e+00
1.26425779e+00
1.27390444e+00
1.25406659e+00
1.25227857e+00
1.27331257e+00
1.25074911e+00
1.27153707e+00
1.26336944e+00
1.24453247e+00
1.26264024e+00
1.24156916e+00
1.25470138e+00
1.20762038e+00
1.18308043e+00
1.22782493e+00
1.25095248e+00
1.22468257e+00
1.23931086e+00
1.21626663e+00
1.22750592e+00
1.24718475e+00
1.20333862e+00
1.27384377e+00
1.21684015e+00
1.23953342e+00
1.26191056e+00
1.23084855e+00
1.22586203e+00
1.20350206e+00
1.26013529e+00
1.24134886e+00
1.21387005e+00
1.20200181e+00
1.22638428e+00
1.18232059e+00
1.21902657e+00
1.22798991e+00
1.22868347e+00
1.23966634e+00
1.21976888e+00
1.25449526e+00
1.20375490e+00
1.21007037e+00
1.20524943e+00
1.19857156e+00
1.21172464e+00
1.21197689e+00
1.20892704e+00
1.22588456e+00
1.22907519e+00
1.21833086e+00
1.23659492e+00
1.24259377e+00
1.25334239e+00
1.19375980e+00
1.19692791e+00
1.22538805e+00
1.22249675e+00
1.20150161e+00
1.17898822e+00
1.17754591e+00
1.20352054e+00
1.20783532e+00
1.18891180e+00
1.17777789e+00
1.09002435e+00
1.12055957e+00
1.20207703e+00
1.19770718e+00
1.15513587e+00
1.15215123e+00
1.17599702e+00
1.15417254e+00
1.19159710e+00
1.24221957e+00
1.20521402e+00
1.23987532e+00
1.18755984e+00
1.20843697e+00
1.19008863e+00
1.16225779e+00
1.21559393e+00
1.20839119e+00
1.19655776e+00
1.21955061e+00
1.20998180e+00
1.20561421e+00
1.21211159e+00
1.14295948e+00
1.15453017e+00
1.19216025e+00
1.18618739e+00
1.19488180e+00
1.21127987e+00
1.17376816e+00
1.15300155e+00
1.15891457e+00
1.18047965e+00
1.18705368e+00
1.21550548e+00
1.19261754e+00
1.18580258e+00
1.17404568e+00
1.18016124e+00
1.17052948e+00
1.16266370e+00
1.18910778e+00
1.17201769e+00
1.18831432e+00
1.18481410e+00
1.16851676e+00
1.18349946e+00
1.20990658e+00
1.16435790e+00
1.14775229e+00
1.16694319e+00
1.17283392e+00
1.16309440e+00
1.18127847e+00
1.16414011e+00
1.19731474e+00
1.20679820e+00
1.17239261e+00
1.15444005e+00
1.14345264e+00
1.16361368e+00
1.16949832e+00
1.16746128e+00
1.14284277e+00
1.15550184e+00
1.16766369e+00
1.15189922e+00
1.16249776e+00
1.16052544e+00
1.15651631e+00
1.15762448e+00
1.16987634e+00
1.12034190e+00
1.14744914e+00
1.15844584e+00
1.12946200e+00
1.17528224e+00
1.17710900e+00
1.16585791e+00
1.17623436e+00
1.13545954e+00
1.11456001e+00
1.13679349e+00
1.13510704e+00
1.19210887e+00
1.16490257e+00
1.18173075e+00
1.20522177e+00
1.15869427e+00
1.14967203e+00
1.15045249e+00
1.16946864e+00
1.14489222e+00
1.13795245e+00
1.15603244e+00
1.12891638e+00
1.11907732e+00
1.15727115e+00
1.14276385e+00
1.10377467e+00
1.13417923e+00
1.11835301e+00
1.13757885e+00
1.14301944e+00
1.11810744e+00
1.09521043e+00
1.11673725e+00
1.14320493e+00
1.10890448e+00
1.09156311e+00
1.13170445e+00
1.13938093e+00
1.12513793e+00
1.06921625e+00
1.13613129e+00
1.11159015e+00
1.09112442e+00
1.12560046e+00
1.14030290e+00
1.12772357e+00
1.09307885e+00
1.12053227e+00
1.11670327e+00
1.10124695e+00
1.11504245e+00
1.09407592e+00
1.14862287e+00
1.11405504e+00
1.10143352e+00
1.12167585e+00
1.09688365e+00
1.09612358e+00
1.12082577e+00
1.13685858e+00
1.12888038e+00
1.09804738e+00
1.05760443e+00
1.12224448e+00
1.10277081e+00
1.09727073e+00
1.14180970e+00
1.13352609e+00
1.07580519e+00
1.09947777e+00
1.07526696e+00
1.09207475e+00
1.12052238e+00
1.11069930e+00
1.07959437e+00
1.12006295e+00
1.12076795e+00
1.11655557e+00
1.07771719e+00
1.07035005e+00
1.13766205e+00
1.12335026e+00
1.08919621e+00
1.06670666e+00
1.07055926e+00
1.09067833e+00
1.11826408e+00
1.08598554e+00
1.08987260e+00
1.09309030e+00
1.08654118e+00
1.09461856e+00
1.06319749e+00
1.08156836e+00
1.08863044e+00
1.08662748e+00
1.07386553e+00
1.07920718e+00
1.09810221e+00
1.08153856e+00
1.07456005e+00
1.09223664e+00
1.08946657e+00
1.06536698e+00
1.06636596e+00
1.08719718e+00
1.10517263e+00
1.08751011e+00
1.06362712e+00
1.05866671e+00
1.09283948e+00
1.08679330e+00
1.05454504e+00
1.05662608e+00
1.07262790e+00
1.06823397e+00
1.06204402e+00
1.08084273e+00
1.08457744e+00
1.03073621e+00
1.00000000e+00
1.04586411e+00
1.02404475e+00
1.05579770e+00
1.03156388e+00
1.04798627e+00
1.07218397e+00
1.06226575e+00
1.04498434e+00
1.02548969e+00
1.02771723e+00
1.03306556e+00
1.02203083e+00
1.04429495e+00
1.07559133e+00
1.01768970e+00
1.03496301e+00
1.04733968e+00
1.04716456e+00
1.02268648e+00
1.03194666e+00
1.06197822e+00
1.05697918e+00
1.03417325e+00
1.05090916e+00
1.05675161e+00
1.03110850e+00
1.04405475e+00
1.06109130e+00
1.04969621e+00
1.04047191e+00
1.04689980e+00
1.06795561e+00
9.91496265e-01
1.02640557e+00
1.02108252e+00
1.01469564e+00
1.01520491e+00
1.02175164e+00
1.06820595e+00
1.07061851e+00
1.05696869e+00
1.01791918e+00
1.00010562e+00
1.00043738e+00
1.05575180e+00
1.02292728e+00
9.96700287e-01
1.01504695e+00
1.04324925e+00
1.03014266e+00
1.02030957e+00
1.02825701e+00
1.00810397e+00
1.00892556e+00
1.04493821e+00
1.04964447e+00
1.05010271e+00
1.01494229e+00
1.01317072e+00
9.92727339e-01
9.86283064e-01
1.01995993e+00
1.02453840e+00
9.88798738e-01
9.99604285e-01
1.01683724e+00
1.01799655e+00
1.00515449e+00
1.02348673e+00
9.72783685e-01
9.97493625e-01
1.01710320e+00
1.00427771e+00
1.01762915e+00
9.92822111e-01
9.98955786e-01
9.92835045e-01
9.84695971e-01
9.93258238e-01
9.92445707e-01
1.00634122e+00
1.03577113e+00
1.01940691e+00
9.99358475e-01
1.00485718e+00
1.02701247e+00
1.00970757e+00
1.04582858e+00
1.01714933e+00
9.64854658e-01
9.82829154e-01
1.01611137e+00
9.84169006e-01
1.00508428e+00
1.01268613e+00
9.67230737e-01
9.16860104e-01
9.81856227e-01
1.09299576e+00
1.00611508e+00
7.73704410e-01
9.04369116e-01
1.11975050e+00
1.10925627e+00
1.02123058e+00
9.21093941e-01
9.22792196e-01
9.47593927e-01
9.81720865e-01
1.00404370e+00
9.74805236e-01
9.70007718e-01
9.81738806e-01
9.93555069e-01
9.68950510e-01
9.64398205e-01
9.82233942e-01
9.51288700e-01
9.79307175e-01
9.93822932e-01
9.63989377e-01
9.58721519e-01
9.67992008e-01
9.96048808e-01
9.86580670e-01
9.69277263e-01
9.76947427e-01
9.60224092e-01
9.67987180e-01
9.83262837e-01
9.50808406e-01
9.37246799e-01
9.58848059e-01
9.71536636e-01
9.79571998e-01
9.49565530e-01
9.57056642e-01
9.69851673e-01
9.38259780e-01
9.56379294e-01
9.44781601e-01
9.22302604e-01
9.44489777e-01
9.43028808e-01
9.42150414e-01
9.91239786e-01
9.35387790e-01
9.69029665e-01
9.57150877e-01
9.54047561e-01
9.53398287e-01
9.18476820e-01
9.66716230e-01
9.40696061e-01
9.44991946e-01
9.37135458e-01
9.34463501e-01
9.45890307e-01
9.52686012e-01
9.35965478e-01
9.27938461e-01
9.36686933e-01
9.31015015e-01
9.13001776e-01
9.45887923e-01
9.37768996e-01
9.33852077e-01
9.31471229e-01
9.22223628e-01
9.32440400e-01
9.11449194e-01
9.38442528e-01
9.56965566e-01
9.28897262e-01
9.29259181e-01
9.57731068e-01
9.37872589e-01
9.30527806e-01
9.15849686e-01
8.98602426e-01
9.28769648e-01
9.39420879e-01
9.13342237e-01
9.16078866e-01
8.94540191e-01
9.04631138e-01
9.11226273e-01
8.93039286e-01
9.35408711e-01
9.11724806e-01
8.84162843e-01
8.99448395e-01
9.19597864e-01
9.24129188e-01
9.19764996e-01
9.02307212e-01
9.30170774e-01
9.35245156e-01
9.02665615e-01
8.93470764e-01
8.91556799e-01
8.83547127e-01
8.98042560e-01
8.98877084e-01
8.77919972e-01
8.66531909e-01
8.96396816e-01
8.82581294e-01
8.80777717e-01
8.87925208e-01
8.74286890e-01
8.64529908e-01
9.20884669e-01
8.86015892e-01
8.67547512e-01
8.81386161e-01
8.75509799e-01
8.79645824e-01
8.68363082e-01
8.61085594e-01
8.46263349e-01
8.28157961e-01
8.50285769e-01
8.35171521e-01
8.48862886e-01
8.41312826e-01
8.47137094e-01
8.46504271e-01
8.49425077e-01
8.50511014e-01
8.54450166e-01
8.37720215e-01
7.77135551e-01
8.03357303e-01
8.48768175e-01
8.01013291e-01
8.13233435e-01
8.52127075e-01
8.35798919e-01
8.13346982e-01
8.26983809e-01
8.28129411e-01
7.86429882e-01
7.97924757e-01
7.90561378e-01
7.74567962e-01
7.70865202e-01
7.81388938e-01
7.73758590e-01
7.91099727e-01
7.82339573e-01
7.61686265e-01
7.53887773e-01
7.65768826e-01
7.60402918e-01
7.81210244e-01
7.52878904e-01
7.39156067e-01
7.37291694e-01
7.09766030e-01
7.04097807e-01
6.86821401e-01
7.01882422e-01
7.08736062e-01
6.91250026e-01
6.75228953e-01
6.83479667e-01
6.64710581e-01
6.23933792e-01
6.04724526e-01
6.07279837e-01
6.18293583e-01
6.08836889e-01
5.17145991e-01
5.00846624e-01
5.38244247e-01
5.07997870e-01
5.03664553e-01
5.76435268e-01
5.77927291e-01
5.90594411e-01
6.18229270e-01
6.16470516e-01
6.26891851e-01
6.17924452e-01
6.57244265e-01
6.61132455e-01
6.82820141e-01
6.75663412e-01
6.71692371e-01
7.00676382e-01
6.76558197e-01
6.99379981e-01
7.31638789e-01
7.06899464e-01
6.98764265e-01
7.41709590e-01
7.27597356e-01
7.01447785e-01
7.16974556e-01
7.36803889e-01
7.46662199e-01
7.11068928e-01
7.46304870e-01
7.64793038e-01
7.60794699e-01
7.74737656e-01
7.84401298e-01
7.93837130e-01
7.63788283e-01
7.57630765e-01
7.71697521e-01
7.71462619e-01
7.79267728e-01
7.68135667e-01
7.55020201e-01
8.03765655e-01
7.97705352e-01
7.83379912e-01
7.97455072e-01
7.99327493e-01
7.98114657e-01
7.87146032e-01
8.15560997e-01
8.23114038e-01
7.82899797e-01
7.91792452e-01
7.87068903e-01
7.96371460e-01
8.15327644e-01
8.43805730e-01
8.16061974e-01
8.06383729e-01
7.89118052e-01
8.06152582e-01
7.95971334e-01
7.90183663e-01
8.21319520e-01
8.16669822e-01
7.99173295e-01
8.01926792e-01
7.98221231e-01
7.93846011e-01
8.11578929e-01
8.33081543e-01
8.15966666e-01
8.06180835e-01
8.14682186e-01
8.17260623e-01
8.07038903e-01
7.81753123e-01
7.93583214e-01
8.23611915e-01
8.20624828e-01
8.25303137e-01
8.34410727e-01
8.12229156e-01
8.10474217e-01
8.12890172e-01
8.25285614e-01
8.15692484e-01
8.00636470e-01
8.42682183e-01
8.06184649e-01
8.28200221e-01
8.11773002e-01
7.92848825e-01
8.25197220e-01
7.97271907e-01
8.21037054e-01
8.10012996e-01
8.02893460e-01
7.90699124e-01
7.77846038e-01
7.97854483e-01
8.00228179e-01
7.99168110e-01
8.12860191e-01
8.21165979e-01
8.25261772e-01
7.91907609e-01
7.88337827e-01
8.06635499e-01
8.03982556e-01
7.76797235e-01
7.95978785e-01
7.98847318e-01
8.08564305e-01
7.98630595e-01
7.77416825e-01
8.01089704e-01
7.97302604e-01
8.04485857e-01
8.03842306e-01
8.03978980e-01
7.96050906e-01
8.04357886e-01
7.93244362e-01
8.13458443e-01
8.07308018e-01
7.98204899e-01
8.05429876e-01
7.86806881e-01
7.99197257e-01
8.19070935e-01
7.78454185e-01
7.59249032e-01
7.91914344e-01
8.19495916e-01
7.92858064e-01
7.73296177e-01
7.95580804e-01
7.96662450e-01
8.01331222e-01
8.01752985e-01
8.08662176e-01
8.27828348e-01
7.94858515e-01
8.39884758e-01
8.26409042e-01
7.98651516e-01
7.94103563e-01
7.84102499e-01
7.81188309e-01
7.84620881e-01
7.80741572e-01
7.72876501e-01
8.09261560e-01
7.76643455e-01
7.60896981e-01
7.81857073e-01
7.90403247e-01
7.77333856e-01
7.81451583e-01
7.89012849e-01
7.86297977e-01
8.05833161e-01
7.89991736e-01
7.79164016e-01
7.96087265e-01
7.73871899e-01
7.70868182e-01
7.79328167e-01
8.07438016e-01
7.94348300e-01
7.46381283e-01
7.79027522e-01
7.69083381e-01
7.61482298e-01
7.74412930e-01
7.64691114e-01
7.18435884e-01
7.86887705e-01
7.56192744e-01
7.77233779e-01
7.94105470e-01
7.75296092e-01
7.82906532e-01
7.75469303e-01
7.68129110e-01
7.57127285e-01
7.67257750e-01
7.68741131e-01
7.64927268e-01
7.86753893e-01
7.71428466e-01
7.55545020e-01
7.65236080e-01
7.62520492e-01
7.34164238e-01
7.60789514e-01
7.68854141e-01
7.52077818e-01
7.71307230e-01
7.85145521e-01
7.33157873e-01
7.50667453e-01
7.82513916e-01
7.55314112e-01
7.57124543e-01
7.80736268e-01
7.54710317e-01
7.94078290e-01
7.80991435e-01
7.67726302e-01
7.63888836e-01
7.65141785e-01
7.68572211e-01
7.57249713e-01
7.43492186e-01
7.59988487e-01
7.76305497e-01
7.50215411e-01
7.55806446e-01
7.54289865e-01
7.52695322e-01
7.64295459e-01
7.70175815e-01
7.60290802e-01
7.61181355e-01
7.63538659e-01
7.51091480e-01
7.50450432e-01
7.43517399e-01
7.46894240e-01
7.77693689e-01
7.27594674e-01
7.42280841e-01
7.39696085e-01
7.31674075e-01
7.58542061e-01
7.57464111e-01
7.36441612e-01
7.66730070e-01
7.65082359e-01
7.41147578e-01
7.25140691e-01
7.60303259e-01
7.48057604e-01
7.31783807e-01
7.26517558e-01
7.46993065e-01
7.54052937e-01
7.19191432e-01
7.38668442e-01
7.44272649e-01
7.40612984e-01
7.43324041e-01
7.29104459e-01
7.21796572e-01
7.31966555e-01
7.20650196e-01
7.42013037e-01
7.41245747e-01
7.28736341e-01
7.52613604e-01
7.27528751e-01
7.03542173e-01
7.28540182e-01
7.25688338e-01
7.14243412e-01
7.54258692e-01
7.30107129e-01
7.24370837e-01
7.45411992e-01
7.34308600e-01
7.14250505e-01
7.35457659e-01
7.39690959e-01
7.34433651e-01
7.28886843e-01
7.25389242e-01
7.27656245e-01
7.15955317e-01
7.07400501e-01
7.30124056e-01
7.36023426e-01
7.16709971e-01
7.30030000e-01
7.51018345e-01
7.13695765e-01
7.24755049e-01
7.19084203e-01
7.09525287e-01
7.25457132e-01
7.27439106e-01
7.10690796e-01
7.18698800e-01
6.99925780e-01
7.14924514e-01
7.35793650e-01
7.17701852e-01
6.96951032e-01
7.22098231e-01
7.38457143e-01
7.32505441e-01
7.19175756e-01
7.10755587e-01
7.22857714e-01
7.16784120e-01
7.26201057e-01
7.17978120e-01
7.03584135e-01
7.25005805e-01
7.20032275e-01
7.09436476e-01
7.07115591e-01
6.96620107e-01
7.05267489e-01
7.13354766e-01
6.85096562e-01
6.94316745e-01
7.13425040e-01
7.05907464e-01
6.95585847e-01
6.93762243e-01
6.94383144e-01
6.88054323e-01
6.91437066e-01
7.03489959e-01
6.93810582e-01
6.86353207e-01
6.83719754e-01
6.91946387e-01
6.99369311e-01
7.15168118e-01
7.08784401e-01
6.91084027e-01
7.02411890e-01
7.02682316e-01
6.98028445e-01
7.07046092e-01
7.10567176e-01
6.89910650e-01
6.80082083e-01
6.94678783e-01
7.01481342e-01
6.90429091e-01
6.79162443e-01
6.97429895e-01
7.11290538e-01
7.02929616e-01
6.90306425e-01
7.00054169e-01
7.16295242e-01
7.03036070e-01
6.96804345e-01
7.01294780e-01
6.99427187e-01
7.01770723e-01
6.93389595e-01
6.83083415e-01
6.97814107e-01
6.74566984e-01
6.91794157e-01
6.95138872e-01
6.78666949e-01
6.87507868e-01
6.66044176e-01
6.82701588e-01
6.85105622e-01
6.87154651e-01
6.91931069e-01
6.92044735e-01
6.85328782e-01
6.93550825e-01
6.75586581e-01
6.70996368e-01
6.85815096e-01
6.73587441e-01
6.71833515e-01
6.78294599e-01
6.69673681e-01
6.55992031e-01
6.63277864e-01
6.79731190e-01
6.65217996e-01
6.66370571e-01
6.55664444e-01
6.70417428e-01
6.78564131e-01
6.69896424e-01
6.79530561e-01
6.94722414e-01
6.77900970e-01
6.80518508e-01
6.93419337e-01
6.68636680e-01
6.97670519e-01
6.71562672e-01
6.48843467e-01
6.75226867e-01
6.77637815e-01
6.53085709e-01
6.62952542e-01
6.70801938e-01
6.55943990e-01
6.61702335e-01
6.69585884e-01
6.71483159e-01
6.84855580e-01
6.65676117e-01
6.57452166e-01
6.44232452e-01
6.58394337e-01
6.82879627e-01
6.91488981e-01
6.60207987e-01
6.55684769e-01
6.66873217e-01
6.67266965e-01
6.64083958e-01
6.91714764e-01
6.57778263e-01
6.51620328e-01
6.51080430e-01
6.53449178e-01
6.69304848e-01
6.48204744e-01
6.46114826e-01
6.46224558e-01
6.64187014e-01
6.55917585e-01
6.45819247e-01
6.44592345e-01
6.37250960e-01
6.68832481e-01
6.68025017e-01
6.38251603e-01
6.51839435e-01
6.61227703e-01
6.56180382e-01
6.59913301e-01
6.57873571e-01
6.48830116e-01
6.55274332e-01
6.43861532e-01
6.46778524e-01
6.43656969e-01
6.45552337e-01
6.60521328e-01
6.66656375e-01
6.46106899e-01
6.62829757e-01
6.52689695e-01
6.22671127e-01
6.37237251e-01
6.54488027e-01
6.22079194e-01
6.32081628e-01
6.48022056e-01
6.48567975e-01
6.44108593e-01
6.25833631e-01
6.16459131e-01
6.51987433e-01
6.63720965e-01
6.48251355e-01
6.39537275e-01
6.46936595e-01
6.28864586e-01
6.45084441e-01
6.49247944e-01
6.44932032e-01
6.60632670e-01
6.44882798e-01
5.93371034e-01
6.08778000e-01
6.29386067e-01
6.41128659e-01
6.40788853e-01
6.64995730e-01
6.42983973e-01
6.33971214e-01
6.47333801e-01
6.29728734e-01
6.24615014e-01
6.49603486e-01
6.31356537e-01
6.60066009e-01
6.51600540e-01
6.31139398e-01
6.26716137e-01
6.27844810e-01
6.31932199e-01
6.35079205e-01
6.53821349e-01
6.46806121e-01
6.27390027e-01
6.30060852e-01
6.44145727e-01
6.36292934e-01
6.31064117e-01
6.31016433e-01
6.12941980e-01
6.45970345e-01
6.16678238e-01
6.01181984e-01
6.36925399e-01
6.28284156e-01
6.05781257e-01
6.28823340e-01
6.30189002e-01
6.17786407e-01
6.20208144e-01
6.28936827e-01
6.32221341e-01
6.45725250e-01
6.14905119e-01
6.11021042e-01
6.32461905e-01
6.37510657e-01
6.33286595e-01
6.23293340e-01
6.14915907e-01
6.45881712e-01
6.22123778e-01
6.04933262e-01
6.15274012e-01
6.19728327e-01
6.23772323e-01
6.31617308e-01
6.13109589e-01
6.15943372e-01
6.37204170e-01
6.12640083e-01
6.25638008e-01
6.18293464e-01
6.22085214e-01
6.18304908e-01
5.99321306e-01
6.17564917e-01
6.21709585e-01
5.99525213e-01
6.13593400e-01
6.11354887e-01
5.99129379e-01
6.14379644e-01
5.98889947e-01
6.08088017e-01
5.95905066e-01
6.04764700e-01
6.27612472e-01
6.09083831e-01
6.01110697e-01
6.27957821e-01
6.31727457e-01
6.19187176e-01
6.08262539e-01
6.16590679e-01
6.17512524e-01
5.92211604e-01
5.92650652e-01
6.04420602e-01
5.97067297e-01
6.02830112e-01
6.11384749e-01
6.08255386e-01
5.99153936e-01
5.93536854e-01
6.14935458e-01
6.26591027e-01
5.76687217e-01
5.82044721e-01
5.90857565e-01
6.00617945e-01
5.96465588e-01
5.90333283e-01
5.94081938e-01
6.00198269e-01
5.96243978e-01
5.97846985e-01
6.18618011e-01
6.07438445e-01
6.01048112e-01
5.97107828e-01
6.12416923e-01
5.99426031e-01
5.81411719e-01
5.96359372e-01
6.08316422e-01
5.86784244e-01
6.09542787e-01
6.17219150e-01
5.81909001e-01
5.82080066e-01
5.89276195e-01
5.84375083e-01
5.85271835e-01
6.04562163e-01
5.98027587e-01
5.80826521e-01
5.88211536e-01
5.75268567e-01
5.86868644e-01
5.89470088e-01
5.82412541e-01
6.15829945e-01
5.94112813e-01
5.96895635e-01
6.05104327e-01
5.96637785e-01
5.86034894e-01
5.78391373e-01
5.81657588e-01
6.01107240e-01
5.92695415e-01
5.84783375e-01
5.79117239e-01
5.82374990e-01
5.66110075e-01
5.78784347e-01
5.81776321e-01
5.90906799e-01
6.05633795e-01
5.67008078e-01
5.72008908e-01
5.85715473e-01
5.55221319e-01
5.68948805e-01
5.90617478e-01
5.63984513e-01
5.80898225e-01
5.70653200e-01
5.79235733e-01
5.78419626e-01
5.71158767e-01
5.73180556e-01
5.72157323e-01
5.63109398e-01
5.55898368e-01
5.79594731e-01
5.65894604e-01
5.29909194e-01
5.91201603e-01
5.96609116e-01
5.99735081e-01
5.97622514e-01
5.76851964e-01
5.50854862e-01
5.60324132e-01
5.23194015e-01
5.60801685e-01
5.84372640e-01
5.42467356e-01
5.97079217e-01
5.29941797e-01
5.74168026e-01
5.72411478e-01
5.58130503e-01
5.61042428e-01
5.29410422e-01
5.93079805e-01
5.43649971e-01
5.33436000e-01
5.37742138e-01
5.52235901e-01
5.70881367e-01
5.34945309e-01
5.66768706e-01
5.51862359e-01
5.54153323e-01
5.82962275e-01
5.81513822e-01
5.66746056e-01
5.70308685e-01
5.65087974e-01
5.62498331e-01
5.61037123e-01
5.65059781e-01
5.65651476e-01
5.54973841e-01
5.42899430e-01
5.50540030e-01
5.66650093e-01
5.54137409e-01
5.38068354e-01
5.53246200e-01
5.48092306e-01
5.63104153e-01
5.72200239e-01
5.58862746e-01
5.52600741e-01
5.51799357e-01
5.70182979e-01
5.71880817e-01
5.55553079e-01
5.50585687e-01
5.38674653e-01
5.61013997e-01
5.70265651e-01
5.56063414e-01
5.42965531e-01
5.79324067e-01
5.55702209e-01
5.18669605e-01
5.48750043e-01
5.53866863e-01
5.54820418e-01
5.20609438e-01
5.47111094e-01
5.41287243e-01
5.29882848e-01
5.46328843e-01
5.57928383e-01
5.61109722e-01
5.60229003e-01
5.60021460e-01
5.48421443e-01
5.59507370e-01
5.77480555e-01
5.63112319e-01
5.33462822e-01
5.51922083e-01
5.66870511e-01
5.50120473e-01
5.33615708e-01
5.58252513e-01
5.62467933e-01
5.73625982e-01
5.56036174e-01
5.48594475e-01
5.60212195e-01
5.37373781e-01
5.63324153e-01
5.38038909e-01
5.27228653e-01
5.35262704e-01
5.49709380e-01
5.39849997e-01
5.49170852e-01
5.47018230e-01
5.58335245e-01
5.40702224e-01
5.14130890e-01
5.27238727e-01
5.56442559e-01
5.33770978e-01
5.31777442e-01
5.32725036e-01
5.40321469e-01
5.60278177e-01
5.06987572e-01
5.45810997e-01
5.54797709e-01
5.50401807e-01
5.39067507e-01
4.94043648e-01
5.38372934e-01
5.34864068e-01
5.21754920e-01
5.26247561e-01
5.28658986e-01
5.20956576e-01
5.40933371e-01
5.07175922e-01
5.04522443e-01
5.31106114e-01
5.38848639e-01
5.37247956e-01
5.25052428e-01
5.33541381e-01
5.29759884e-01
5.27714133e-01
5.33005357e-01
5.29114783e-01
5.28911293e-01
5.07479191e-01
5.22255898e-01
5.29256821e-01
5.05460858e-01
5.41266799e-01
5.35672963e-01
5.37181437e-01
5.34083962e-01
5.34351170e-01
5.31357288e-01
5.29205918e-01
5.15108287e-01
5.01015365e-01
5.07153213e-01
5.16500831e-01
5.37290156e-01
5.35110235e-01
5.24728596e-01
5.30224979e-01
5.31945229e-01
5.31549573e-01
5.14585853e-01
5.20898521e-01
5.10889292e-01
5.32214224e-01
5.15074611e-01
5.19883871e-01
5.29733658e-01
4.78873432e-01
5.10526657e-01
5.11194587e-01
5.13201118e-01
5.14519215e-01
5.11416197e-01
5.04579723e-01
5.02422214e-01
5.08273363e-01
5.30996799e-01
5.30756116e-01
4.89800304e-01
4.79233503e-01
5.63471615e-01
5.39093614e-01
5.27008116e-01
4.94602919e-01
4.75711197e-01
5.33623636e-01
4.99542415e-01
4.96348709e-01
5.12050569e-01
5.20248711e-01
5.21902144e-01
5.19303381e-01
5.01039505e-01
5.08595407e-01
5.09271681e-01
5.14382541e-01
5.11653244e-01
5.11763215e-01
4.88837600e-01
5.01164258e-01
5.27929902e-01
5.21472752e-01
4.94905949e-01
4.90199685e-01
5.16294539e-01
4.90776509e-01
4.83132005e-01
5.00807583e-01
5.36848783e-01
5.39015174e-01
5.02293169e-01
5.07299364e-01
5.13212025e-01
5.06970704e-01
4.92807329e-01
4.95216519e-01
5.29533207e-01
5.19284725e-01
5.17179906e-01
5.03820658e-01
4.84582782e-01
4.96744901e-01
4.75311607e-01
5.02899885e-01
5.35185158e-01
5.33222675e-01
5.24478316e-01
5.03651917e-01
4.99971092e-01
4.98757839e-01
4.94515061e-01
4.97582465e-01
5.00678420e-01
4.70738649e-01
4.29808199e-01
4.65801120e-01
4.88644928e-01
4.98740673e-01
4.90154088e-01
4.68765050e-01
4.57233101e-01
4.88696098e-01
5.29357135e-01
5.04936337e-01
5.05927801e-01
5.45796216e-01
4.07242477e-01
4.58370805e-01
4.99648422e-01
4.84754235e-01
4.88873005e-01
4.90723699e-01
5.02297401e-01
4.96249795e-01
4.77038413e-01
4.85309601e-01
4.98955041e-01
4.87801284e-01
4.99827921e-01
4.95477557e-01
4.73071039e-01
4.61761087e-01
4.97353315e-01
5.10439634e-01
4.92425799e-01
5.02329767e-01
4.93834794e-01
4.80471283e-01
4.80119824e-01
5.05150080e-01
5.05021870e-01
4.85924602e-01
4.83732760e-01
4.99223739e-01
4.97191727e-01
4.88306791e-01
4.93642807e-01
4.76678908e-01
4.66376215e-01
4.87980157e-01
4.95399714e-01
4.61189300e-01
4.99933928e-01
5.04280686e-01
4.81595457e-01
4.75558579e-01
4.86115664e-01
4.84400272e-01
4.93091047e-01
4.91913885e-01
4.75536257e-01
4.83127952e-01
5.04406273e-01
4.68589425e-01
5.02523720e-01
4.81791228e-01
4.72594559e-01
4.87496108e-01
4.89148349e-01
4.72503871e-01
4.95564312e-01
4.67542201e-01
4.81765628e-01
4.92346555e-01
4.69953269e-01
4.72946882e-01
4.76553291e-01
4.87107724e-01
4.79218006e-01
4.75836933e-01
4.97111738e-01
4.79879707e-01
4.89263475e-01
4.85500574e-01
4.70733613e-01
4.75630641e-01
4.78562713e-01
4.60026056e-01
4.48454380e-01
4.82973933e-01
4.82462794e-01
4.68414426e-01
4.70341891e-01
4.53245789e-01
4.54369158e-01
4.69370633e-01
4.70541656e-01
4.70106125e-01
4.79952872e-01
4.70387816e-01
4.61823940e-01
4.65606928e-01
4.72223788e-01
4.70146358e-01
4.62428212e-01
4.78520185e-01
4.64641601e-01
4.66149002e-01
4.67717856e-01
4.63875145e-01
4.58949894e-01
4.77738559e-01
4.71995831e-01
4.59420085e-01
4.63216364e-01
4.64196593e-01
4.55356658e-01
4.50510532e-01
4.72971290e-01
4.67623949e-01
4.56041694e-01
4.62605625e-01
4.59653974e-01
4.52967703e-01
4.50369179e-01
4.55443650e-01
4.52187061e-01
4.59725052e-01
4.61737871e-01
4.56047386e-01
4.74952936e-01
4.61712688e-01
4.61171836e-01
4.61009860e-01
4.36260283e-01
4.42186594e-01
4.71956789e-01
4.77813840e-01
4.71206248e-01
4.52398568e-01
4.41003859e-01
4.41901863e-01
4.45751846e-01
4.49981481e-01
4.06415164e-01
4.03866708e-01
4.54758912e-01
4.40516710e-01
4.46849197e-01
4.44527686e-01
4.27640080e-01
4.54213440e-01
4.85936731e-01
4.59307343e-01
4.67638671e-01
4.41077083e-01
4.25508440e-01
4.56904173e-01
4.80459541e-01
4.47338969e-01
4.63633597e-01
4.44355726e-01
4.38934416e-01
4.52008635e-01
4.48964566e-01
4.37349260e-01
4.44133908e-01
4.53238338e-01
4.61849213e-01
4.51121986e-01
4.32470977e-01
4.67803329e-01
4.36765581e-01
4.32908863e-01
4.42339808e-01
4.48577970e-01
4.48306322e-01
4.44978416e-01
4.34548825e-01
3.37138176e-01
4.11571562e-01
5.47080696e-01
4.81661588e-01
4.27221596e-01
4.49474692e-01
4.61426884e-01
4.52505678e-01
4.28755999e-01
4.35537219e-01
4.54912663e-01
4.42063332e-01
4.30144399e-01
4.37547237e-01
4.49590743e-01
4.52129245e-01
4.38660562e-01
4.50375438e-01
4.60632056e-01
4.33140188e-01
4.14212286e-01
4.48197424e-01
4.66460913e-01
4.52520639e-01
4.45039123e-01
4.32341605e-01
4.05662030e-01
4.28809643e-01
4.62454230e-01
4.32548881e-01
4.15627837e-01
4.48831290e-01
4.46139187e-01
4.33641672e-01
4.58061188e-01
4.22625601e-01
4.35756028e-01
4.44787294e-01
4.40728545e-01
4.34659898e-01
4.37976062e-01
4.39587504e-01
4.25719231e-01
4.31517959e-01
4.14947540e-01
3.74459088e-01
3.65645736e-01
4.44278091e-01
4.44346726e-01
4.29946572e-01
4.27623540e-01
4.46464598e-01
4.51194286e-01
4.42282170e-01
4.32526022e-01
4.39982444e-01
4.19030070e-01
4.00444031e-01
4.53679323e-01
4.34633017e-01
4.37174827e-01
4.49023396e-01
4.39665198e-01
3.85038555e-01
4.11455661e-01
4.37313318e-01
4.18591827e-01
4.25216138e-01
4.27230746e-01
4.15857702e-01
4.18401718e-01
4.16156858e-01
4.21678394e-01
4.31972653e-01
4.29438174e-01
4.11380917e-01
4.34014648e-01
4.17850226e-01
4.33961362e-01
4.38981146e-01
4.15979147e-01
4.11906689e-01
4.29534137e-01
3.66018146e-01
4.15888190e-01
4.41816270e-01
4.15228188e-01
4.25847918e-01
4.20872867e-01
4.34604764e-01
4.35944319e-01
4.46806788e-01
4.36934590e-01
4.05789107e-01
4.31899041e-01
4.31836486e-01
4.16608185e-01
4.15205389e-01
4.11170244e-01
4.09200817e-01
4.19592738e-01
4.04957861e-01
4.05818701e-01
4.27191377e-01
4.18569595e-01
3.99325788e-01
4.15596694e-01
3.99733692e-01
4.11797822e-01
4.06943053e-01
4.11728948e-01
4.26832348e-01
3.95951331e-01
4.21545118e-01
4.23394114e-01
4.09108788e-01
4.09876972e-01
4.31008935e-01
4.20354664e-01
4.04554784e-01
4.00945842e-01
3.99475962e-01
4.07900721e-01
4.02922630e-01
4.13530171e-01
4.11691666e-01
4.01526958e-01
4.12073672e-01
4.20994699e-01
4.19311047e-01
3.94115210e-01
3.95150781e-01
4.13943976e-01
4.07628894e-01
4.05688941e-01
4.13846582e-01
4.04190272e-01
4.11294639e-01
4.12083268e-01
4.14444268e-01
4.17283446e-01
4.22337085e-01
4.12256539e-01
3.98249745e-01
4.20971900e-01
4.26319838e-01
4.24513459e-01
4.20520216e-01
4.16160852e-01
3.88933063e-01
3.99111480e-01
3.98965389e-01
4.05196726e-01
4.36242640e-01
4.33117986e-01
4.17585492e-01
3.97028267e-01
4.01252955e-01
4.24364239e-01
4.13834661e-01
3.98861229e-01
3.96020591e-01
4.04659688e-01
3.97930980e-01
3.75651330e-01
3.96640092e-01
4.10314590e-01
4.02118057e-01
4.17328566e-01
3.92611116e-01
3.79707754e-01
4.25214171e-01
4.00971144e-01
3.96221370e-01
4.14105862e-01
4.08384442e-01
4.02358592e-01
4.00556535e-01
4.00355965e-01
4.01791632e-01
4.07134205e-01
3.93578380e-01
3.97140414e-01
4.08398569e-01
3.87371451e-01
3.92414391e-01
3.95568222e-01
3.91369313e-01
3.92789155e-01
4.02811557e-01
4.03417408e-01
3.90562326e-01
3.96840006e-01
4.04802412e-01
3.99952859e-01
3.98222536e-01
3.97098422e-01
4.01590735e-01
3.89273107e-01
3.78952384e-01
3.88203114e-01
3.94386858e-01
4.01154697e-01
4.01439965e-01
3.96447361e-01
3.81672293e-01
3.73238921e-01
3.85252625e-01
3.87180716e-01
3.89260888e-01
3.76743495e-01
3.52031469e-01
3.33843261e-01
3.97574782e-01
3.87214959e-01
3.67998958e-01
3.91516417e-01
4.15227771e-01
4.05736268e-01
3.73995483e-01
3.60605538e-01
3.48391891e-01
4.16941762e-01
4.05510873e-01
3.66284996e-01
3.85361671e-01
3.78838062e-01
3.77030790e-01
3.62015933e-01
3.94972682e-01
3.94122690e-01
3.76143008e-01
3.99234056e-01
3.88590693e-01
3.90860736e-01
3.85025799e-01
3.73607099e-01
3.74545038e-01
3.78725052e-01
3.87073040e-01
3.91869098e-01
3.85995835e-01
3.74025315e-01
3.61502916e-01
2.95288712e-01
2.61464953e-01
3.90498847e-01
4.14671183e-01
3.69584590e-01
3.25163305e-01
3.62576336e-01
3.90205532e-01
3.79067212e-01
3.75375271e-01
3.83875966e-01
3.82807434e-01
3.65717709e-01
3.91722679e-01
3.83520633e-01
3.75600010e-01
3.75712991e-01
3.75535458e-01
3.87519509e-01
3.53144228e-01
3.52980256e-01
3.74159247e-01
3.87931317e-01
3.88592094e-01
3.79643708e-01
3.71706903e-01
3.62181008e-01
3.91172737e-01
3.71632069e-01
2.78924048e-01
3.61636102e-01
4.40700144e-01
4.10920948e-01
3.76699567e-01
3.66530180e-01
3.88845354e-01
3.81870031e-01
3.58507603e-01
3.58685434e-01
4.10436809e-01
4.04003233e-01
3.52132380e-01
3.72427046e-01
3.67742568e-01
3.91948521e-01
3.17969412e-01
2.54572064e-01
3.41737449e-01
4.34637129e-01
3.87425333e-01
3.71812284e-01
3.81575912e-01
3.64121467e-01
3.50566834e-01
3.65375429e-01
3.76946867e-01
3.61541957e-01
3.47701639e-01
3.29077274e-01
3.57690513e-01
3.85800183e-01
3.74204874e-01
3.85470152e-01
3.65620941e-01
3.16631615e-01
2.84481525e-01
3.51344794e-01
3.85907203e-01
3.76508951e-01
3.66925269e-01
3.51526231e-01
3.61313879e-01
3.61096442e-01
3.70795220e-01
3.43790561e-01
3.44937623e-01
3.54060322e-01
3.54315728e-01
3.45672339e-01
3.35842073e-01
3.26985240e-01
3.42757940e-01
3.44145834e-01
3.74368370e-01
3.94841343e-01
3.40911150e-01
2.69163907e-01
3.43515277e-01
