2.86438107e+00
2.64661217e+00
1.86980164e+00
2.58934855e+00
4.58794689e+00
3.40864921e+00
2.41834831e+00
2.06354213e+00
2.84926414e+00
3.03590107e+00
2.27617216e+00
2.12158895e+00
2.16162801e+00
2.23298740e+00
2.31036568e+00
1.94815147e+00
2.19762659e+00
1.99116182e+00
1.94135010e+00
2.03448248e+00
1.87661481e+00
1.94914711e+00
2.20280027e+00
1.85346818e+00
2.62788844e+00
3.15908909e+00
1.84614110e+00
1.97717369e+00
2.43995953e+00
1.87928045e+00
2.22772837e+00
2.24361706e+00
1.79616404e+00
2.77416205e+00
2.27712798e+00
1.90726578e+00
1.68870580e+00
1.59382427e+00
1.99765420e+00
2.36319280e+00
1.89276695e+00
2.04769373e+00
1.76811647e+00
1.88408291e+00
2.65455651e+00
1.62582004e+00
1.91700852e+00
1.99417734e+00
2.07023859e+00
1.88539517e+00
1.99080467e+00
1.82884359e+00
2.34912968e+00
2.32957268e+00
2.02034616e+00
1.89713144e+00
2.57557774e+00
2.26509237e+00
2.23656583e+00
1.63983190e+00
1.88798749e+00
2.12217999e+00
1.87475264e+00
1.72645962e+00
1.59728837e+00
1.97022319e+00
3.33566737e+00
2.53143144e+00
2.03308225e+00
2.64776540e+00
2.02212596e+00
1.63971090e+00
1.85556221e+00
2.18722582e+00
1.96820247e+00
1.89439142e+00
1.92864585e+00
2.75954151e+00
2.64627743e+00
2.18156171e+00
1.94731510e+00
1.98801577e+00
1.83642399e+00
1.46716535e+00
2.07171559e+00
2.15983009e+00
1.72231591e+00
2.93424749e+00
1.64303803e+00
2.81278801e+00
2.83205605e+00
1.60861099e+00
1.79399741e+00
2.41848350e+00
2.29801536e+00
1.81029260e+00
1.54538500e+00
1.78581238e+00
1.80431044e+00
2.17919493e+00
1.70740485e+00
1.86891592e+00
1.57990861e+00
1.44589508e+00
2.03677297e+00
1.75333893e+00
2.46175456e+00
1.78252459e+00
1.68534994e+00
1.49578965e+00
1.68952322e+00
1.86024702e+00
2.61893344e+00
1.90935636e+00
1.56418955e+00
1.46920717e+00
1.98850644e+00
1.66087127e+00
1.63703001e+00
1.63887525e+00
1.73688567e+00
1.46853280e+00
1.56412041e+00
2.19875908e+00
2.16258550e+00
3.80917764e+00
2.88747144e+00
1.78555954e+00
3.32335830e+00
1.76826489e+00
1.71963334e+00
1.57386410e+00
1.74609911e+00
2.09751678e+00
1.67026711e+00
1.69279754e+00
2.00112152e+00
2.29853821e+00
2.20856714e+00
2.46868062e+00
2.52343488e+00
2.01031327e+00
1.74278176e+00
1.90181851e+00
2.06262398e+00
1.78197622e+00
2.05335546e+00
1.72182143e+00
1.57396555e+00
2.10893202e+00
1.43055856e+00
1.80154753e+00
1.88982654e+00
2.12960315e+00
1.79178882e+00
2.23653126e+00
2.17710757e+00
2.03744960e+00
3.04322720e+00
2.13751888e+00
1.44161284e+00
1.58445585e+00
1.76070750e+00
1.54005742e+00
1.78328013e+00
1.49200034e+00
1.61338353e+00
1.47900879e+00
1.40347016e+00
1.84145582e+00
1.95727539e+00
1.92919743e+00
2.14104295e+00
1.86009943e+00
1.94100678e+00
1.83972955e+00
1.49991226e+00
2.25186419e+00
2.89146495e+00
1.32103002e+00
1.26606882e+00
1.48466718e+00
2.52134204e+00
1.69551110e+00
1.22089565e+00
1.32504892e+00
1.41049659e+00
1.16170442e+00
1.61171734e+00
2.21560335e+00
1.22943640e+00
1.21187019e+00
1.22019362e+00
1.33086538e+00
1.41428077e+00
1.73325610e+00
1.19233108e+00
1.60563588e+00
1.47059083e+00
1.10944831e+00
1.12747884e+00
1.13689613e+00
2.00231266e+00
1.61244130e+00
1.36013710e+00
1.69299257e+00
1.94440579e+00
1.72872937e+00
1.37330616e+00
1.50264633e+00
1.59437382e+00
1.66356444e+00
2.21280575e+00
1.81422079e+00
1.35085893e+00
1.67459810e+00
1.94432044e+00
1.92963445e+00
1.56281495e+00
2.11993885e+00
1.73426926e+00
1.79845977e+00
2.05546188e+00
2.54066038e+00
2.08157563e+00
1.35231924e+00
1.70837402e+00
3.94017172e+00
2.93958163e+00
1.77040732e+00
1.67685795e+00
1.60157490e+00
1.65219080e+00
2.26328492e+00
2.17921853e+00
1.89757180e+00
2.15792060e+00
1.67316759e+00
2.51957941e+00
3.25074530e+00
1.86649346e+00
1.60922730e+00
1.78954148e+00
1.79663181e+00
2.67261696e+00
1.86101663e+00
1.90888190e+00
3.14343762e+00
1.90943110e+00
1.66343904e+00
1.63510680e+00
1.75247824e+00
1.90269959e+00
1.62004876e+00
1.99841619e+00
1.63699710e+00
1.57656002e+00
2.39404941e+00
2.63386703e+00
1.94607270e+00
1.48512423e+00
1.69427681e+00
2.82975364e+00
1.89481473e+00
1.86858928e+00
1.68194056e+00
1.52798223e+00
2.40464926e+00
1.64907205e+00
1.72376001e+00
2.65199471e+00
2.52486062e+00
1.97465205e+00
1.48084319e+00
1.52229464e+00
1.86287653e+00
2.43182158e+00
2.20217967e+00
1.54875445e+00
1.49552703e+00
1.65831840e+00
1.76639116e+00
2.03708434e+00
2.59424448e+00
1.53758609e+00
1.54486048e+00
2.75868511e+00
2.09664702e+00
1.51749671e+00
1.51592886e+00
1.85546517e+00
1.60347044e+00
1.59864151e+00
1.57415390e+00
1.99731743e+00
2.38102221e+00
1.77718675e+00
1.65073586e+00
2.75531197e+00
1.29176736e+00
1.49506521e+00
2.33317924e+00
1.40660012e+00
1.78810382e+00
1.70085680e+00
1.24819446e+00
1.44456601e+00
1.69423449e+00
1.71458435e+00
1.87643290e+00
1.31353509e+00
1.28724825e+00
1.23985577e+00
1.25099516e+00
1.74667060e+00
1.65244901e+00
1.18642712e+00
1.17577493e+00
2.47122192e+00
1.09191036e+00
3.74164963e+00
1.34686244e+00
2.07881880e+00
1.72342968e+00
2.15019369e+00
2.31561375e+00
1.21036112e+00
1.54471087e+00
1.48735726e+00
1.73892343e+00
1.44050777e+00
1.08252311e+00
1.45299244e+00
1.27812254e+00
8.21372926e-01
1.02079165e+00
9.57346559e-01
1.21278453e+00
1.22458208e+00
8.91864419e-01
1.15706706e+00
1.92628169e+00
1.98415446e+00
1.17762113e+00
1.35659873e+00
1.15355575e+00
1.77967370e+00
1.12630975e+00
1.30943787e+00
1.39759469e+00
1.07620728e+00
2.17601609e+00
1.38481903e+00
1.24164593e+00
2.18646455e+00
2.23068309e+00
1.39480555e+00
1.89131689e+00
1.06988215e+00
1.04317975e+00
1.22844410e+00
1.15873432e+00
1.15675712e+00
1.40181637e+00
1.76921618e+00
1.66523492e+00
1.13633025e+00
1.56099677e+00
2.24059367e+00
1.87049305e+00
1.90411425e+00
1.83669329e+00
1.74076509e+00
1.37487316e+00
1.58599782e+00
1.98302448e+00
1.67502725e+00
2.49081349e+00
1.97366297e+00
1.94992912e+00
2.36718011e+00
1.34129620e+00
1.56587124e+00
2.00384378e+00
1.62194169e+00
1.38424528e+00
1.57451141e+00
1.56066632e+00
2.02472949e+00
1.58854294e+00
2.62462974e+00
3.12054157e+00
1.47221231e+00
1.79817760e+00
2.16960025e+00
3.01862931e+00
2.60661030e+00
1.73347104e+00
1.71424842e+00
2.49215102e+00
1.45666313e+00
1.72123849e+00
2.78332400e+00
3.24153376e+00
2.01060033e+00
1.90700781e+00
2.05651712e+00
2.32167029e+00
1.89641082e+00
1.41442358e+00
1.83023262e+00
1.97006845e+00
2.65694618e+00
1.98240471e+00
1.84340990e+00
1.76630473e+00
1.54789102e+00
2.09549475e+00
1.95006490e+00
2.12758756e+00
1.98732209e+00
2.14261007e+00
2.20911074e+00
1.67691505e+00
1.89974010e+00
2.32520103e+00
2.49792027e+00
2.09161353e+00
1.77714348e+00
2.80604458e+00
1.93981731e+00
1.70194817e+00
1.32727683e+00
1.42702913e+00
2.91602254e+00
1.99216878e+00
3.04365063e+00
2.50278091e+00
2.45914650e+00
2.87579417e+00
2.54004383e+00
2.31091666e+00
2.46807671e+00
2.12373137e+00
2.16346598e+00
2.39217949e+00
2.17368174e+00
1.28829563e+00
1.43029761e+00
2.55759597e+00
2.09489703e+00
2.16416311e+00
3.38738275e+00
2.04433560e+00
2.44318509e+00
2.26527047e+00
2.26544070e+00
2.05716276e+00
1.45406091e+00
1.42405152e+00
1.41106069e+00
2.18772554e+00
3.35393596e+00
2.86271358e+00
1.87205946e+00
2.48702860e+00
1.97818005e+00
1.87915325e+00
1.56178737e+00
1.55677283e+00
2.13209915e+00
1.85456777e+00
2.04611111e+00
2.00333881e+00
2.55160332e+00
2.32681513e+00
1.48476112e+00
1.88616836e+00
2.27892709e+00
1.51939607e+00
1.63688934e+00
2.12316728e+00
1.37588167e+00
1.67790771e+00
2.05405235e+00
1.79158890e+00
2.20507789e+00
2.32641935e+00
2.23298097e+00
2.02100754e+00
1.40417528e+00
2.57012677e+00
2.19699574e+00
1.52025664e+00
1.71148682e+00
2.72199512e+00
1.57303286e+00
1.60618687e+00
2.86286497e+00
2.33060861e+00
1.22513914e+00
2.43362212e+00
2.13330293e+00
1.98964298e+00
1.74916863e+00
1.63912594e+00
2.66987491e+00
1.59234571e+00
2.54586959e+00
2.75719786e+00
1.85612237e+00
1.71730721e+00
2.16872525e+00
1.83228004e+00
1.59880614e+00
1.14923501e+00
1.67099977e+00
2.19864893e+00
1.90199995e+00
1.27614999e+00
1.69489574e+00
1.42380667e+00
1.29382837e+00
1.83410490e+00
2.10937977e+00
1.81364453e+00
1.24650681e+00
1.42811418e+00
1.66964841e+00
2.27274179e+00
3.17579484e+00
1.12244010e+00
1.40791976e+00
1.33717203e+00
1.39261973e+00
1.83417141e+00
1.44141150e+00
2.20143604e+00
1.93756449e+00
1.60124469e+00
1.49471581e+00
1.21884906e+00
1.41732633e+00
1.41269588e+00
1.37189472e+00
2.10547376e+00
1.81536019e+00
1.63419008e+00
2.63913989e+00
1.59955490e+00
1.63755012e+00
2.26181626e+00
1.71665943e+00
1.63709879e+00
2.13188553e+00
2.20889902e+00
1.23180509e+00
1.16520369e+00
1.18662369e+00
1.40972352e+00
1.89311397e+00
1.15239644e+00
1.60476911e+00
1.22297108e+00
1.13381028e+00
1.18826294e+00
1.54134405e+00
1.97743750e+00
1.86942852e+00
8.50153089e-01
8.16679776e-01
8.26078534e-01
8.77647877e-01
9.41112697e-01
7.38454878e-01
8.07771266e-01
8.36435199e-01
1.03977025e+00
8.93316329e-01
7.61758685e-01
9.26385820e-01
7.12751687e-01
8.30055296e-01
9.55211997e-01
1.29127526e+00
1.65540791e+00
1.56016767e+00
1.24185944e+00
8.82060647e-01
9.53668475e-01
8.43157351e-01
1.08419013e+00
9.89174664e-01
2.14259624e+00
1.28938162e+00
1.05683887e+00
1.40205038e+00
9.60696578e-01
1.11458671e+00
1.70223129e+00
1.03318191e+00
8.27587366e-01
1.22162747e+00
1.19310331e+00
8.92595530e-01
9.74126935e-01
1.23365629e+00
1.35001469e+00
1.07265532e+00
1.72236967e+00
1.59169447e+00
2.23131418e+00
1.48161566e+00
1.34229398e+00
1.47313666e+00
2.02127147e+00
2.99801612e+00
2.22847056e+00
1.65819359e+00
1.57176673e+00
1.10995197e+00
1.02997994e+00
1.20940077e+00
1.43547940e+00
1.80243218e+00
1.76667535e+00
1.40129590e+00
1.38618493e+00
1.57700920e+00
1.98963141e+00
2.43507481e+00
1.65028453e+00
1.23434126e+00
1.41412032e+00
2.33448362e+00
1.53449750e+00
1.70225358e+00
2.29560947e+00
1.57026315e+00
1.64223456e+00
2.44200444e+00
2.10420012e+00
1.39703643e+00
1.09398162e+00
1.40745032e+00
1.38161600e+00
1.43782401e+00
1.34334826e+00
1.80959415e+00
2.06934142e+00
1.05908382e+00
2.18063593e+00
1.19407308e+00
2.38741064e+00
2.17748022e+00
1.28068435e+00
1.41673148e+00
1.23733437e+00
1.81905437e+00
2.62086654e+00
2.30257082e+00
1.24667239e+00
1.22670388e+00
2.10156274e+00
3.22605777e+00
1.47591877e+00
1.68392789e+00
1.77031183e+00
2.22022533e+00
1.43629503e+00
1.89554870e+00
1.26034415e+00
1.00028872e+00
1.84250402e+00
1.82127798e+00
2.22226071e+00
1.97800422e+00
1.97697246e+00
2.26147270e+00
2.07430696e+00
1.23267555e+00
1.82052314e+00
1.66374302e+00
1.49968004e+00
1.52683365e+00
1.95999157e+00
2.66801310e+00
1.78910100e+00
2.41442800e+00
1.16876531e+00
1.48129439e+00
2.45956516e+00
1.75287366e+00
1.55446208e+00
2.86451626e+00
2.29938078e+00
1.94878948e+00
1.63071346e+00
1.91186738e+00
2.52331352e+00
1.96659911e+00
1.99950778e+00
2.76052880e+00
2.66921377e+00
1.74433720e+00
2.38287592e+00
2.62702942e+00
1.73240995e+00
1.22557127e+00
1.58387339e+00
1.34279287e+00
1.80008483e+00
2.58131719e+00
2.42566252e+00
1.83050847e+00
1.53939986e+00
1.50001431e+00
1.39224410e+00
1.96057653e+00
2.41598606e+00
2.42132759e+00
2.37154531e+00
1.92774713e+00
1.42537796e+00
1.59353685e+00
1.56529629e+00
1.82256722e+00
1.63073492e+00
1.32359493e+00
1.45504844e+00
2.45388746e+00
2.37810063e+00
2.18999124e+00
1.96584511e+00
1.86016130e+00
2.23516273e+00
2.62995505e+00
2.09246349e+00
1.69906652e+00
1.97997153e+00
2.07567453e+00
2.94819403e+00
1.68087685e+00
1.18416715e+00
1.09240699e+00
1.31357288e+00
2.41046476e+00
2.33872104e+00
1.60060167e+00
1.38282001e+00
1.70830834e+00
1.46457934e+00
1.50203633e+00
2.13394499e+00
2.19877005e+00
2.14088058e+00
1.56502163e+00
1.44340146e+00
1.71432674e+00
2.02797222e+00
1.66786480e+00
2.44837856e+00
1.88029182e+00
1.29820526e+00
2.03074646e+00
1.47389901e+00
2.01280808e+00
1.80023324e+00
2.38361073e+00
2.29322219e+00
1.48922086e+00
1.81074023e+00
1.86338568e+00
2.40314746e+00
1.19939935e+00
1.08040428e+00
1.92535090e+00
1.57304549e+00
2.32308674e+00
2.03306746e+00
1.88896322e+00
2.13351631e+00
2.02131414e+00
1.59287071e+00
2.31098843e+00
2.10900569e+00
1.59342253e+00
1.64342117e+00
1.50516856e+00
1.14492226e+00
1.87373507e+00
2.08978105e+00
1.40140772e+00
1.25366807e+00
1.82577372e+00
2.26451206e+00
1.15790594e+00
2.84207296e+00
1.70456707e+00
1.14306080e+00
3.06711936e+00
2.16572714e+00
1.56428564e+00
1.77493453e+00
1.71985328e+00
1.62830496e+00
2.39556742e+00
1.65571225e+00
1.96165299e+00
2.40065765e+00
1.44298792e+00
1.58009422e+00
2.80281353e+00
2.03208995e+00
1.65637016e+00
2.17542791e+00
2.43289781e+00
2.58286023e+00
2.89566255e+00
2.03576469e+00
1.85881770e+00
2.06209207e+00
2.02520370e+00
1.83181202e+00
2.31787300e+00
1.54125738e+00
1.71393478e+00
1.85187256e+00
2.07357931e+00
1.90229404e+00
1.86818469e+00
2.48386145e+00
1.61299217e+00
1.74913049e+00
1.71033049e+00
1.77709246e+00
2.35191369e+00
2.32993269e+00
1.12326813e+00
1.69674492e+00
1.34801078e+00
1.77313924e+00
2.58910203e+00
1.61600006e+00
2.12033749e+00
2.46502829e+00
2.06715751e+00
1.80538905e+00
2.16382575e+00
2.13604593e+00
1.49008524e+00
1.50998056e+00
1.59920609e+00
2.21699786e+00
1.87148690e+00
1.10422313e+00
2.10088420e+00
1.80183411e+00
2.04476285e+00
2.69059944e+00
1.97760582e+00
1.66972911e+00
1.07939398e+00
8.68816614e-01
1.56197429e+00
1.36431766e+00
1.15210664e+00
1.80235207e+00
1.48099065e+00
2.13453150e+00
2.04692793e+00
1.90583181e+00
1.91753864e+00
1.21330833e+00
1.01697540e+00
2.18558025e+00
2.02014756e+00
1.13147736e+00
1.48822141e+00
1.64814246e+00
1.60634577e+00
1.88279021e+00
1.83412433e+00
1.74478340e+00
2.18220544e+00
2.25684524e+00
1.95133245e+00
1.65186048e+00
1.26348209e+00
1.40472972e+00
1.95028734e+00
1.73186958e+00
1.45557570e+00
1.83441031e+00
1.27483010e+00
1.52230871e+00
2.31075215e+00
1.08706260e+00
1.29504263e+00
1.61520755e+00
2.35046530e+00
1.88882816e+00
1.37482905e+00
2.58365512e+00
1.30106616e+00
2.08366871e+00
2.30484223e+00
1.30928397e+00
1.19408751e+00
1.80636179e+00
1.69689894e+00
1.19224811e+00
1.18026257e+00
2.94964170e+00
2.13307810e+00
1.19433045e+00
9.89767194e-01
9.72959876e-01
1.96346235e+00
2.76421523e+00
1.87260580e+00
2.37773442e+00
1.69749582e+00
2.36731291e+00
2.37026143e+00
1.58768690e+00
1.23903310e+00
1.22372270e+00
2.35339499e+00
1.44500029e+00
1.46659064e+00
2.05327320e+00
1.23150182e+00
8.83476794e-01
1.85657692e+00
1.22149813e+00
9.66171443e-01
1.58054817e+00
1.88414562e+00
1.23191893e+00
1.71948862e+00
1.13734698e+00
1.18658638e+00
1.70812154e+00
1.52411520e+00
2.39596868e+00
2.46131396e+00
2.32265806e+00
1.61447537e+00
1.02413309e+00
1.18882036e+00
1.42124033e+00
2.00691533e+00
1.15182972e+00
1.55307639e+00
2.30861449e+00
2.10650492e+00
1.62788856e+00
1.48193908e+00
1.44877350e+00
8.88081074e-01
9.59289193e-01
1.87986875e+00
1.16350520e+00
9.79346335e-01
1.38751650e+00
9.84090686e-01
1.57177174e+00
2.46694207e+00
9.71425354e-01
1.73526788e+00
1.55425167e+00
1.51134074e+00
2.10892034e+00
1.77363026e+00
1.09153914e+00
3.48349690e+00
1.98253191e+00
1.55189371e+00
2.42660737e+00
2.00478768e+00
1.79108429e+00
1.68131590e+00
1.87483454e+00
1.78961360e+00
1.34222150e+00
1.33479500e+00
1.70282841e+00
1.58123803e+00
2.25050783e+00
1.49685216e+00
1.00300741e+00
1.51050198e+00
9.35327470e-01
1.82266402e+00
1.93041492e+00
1.06518769e+00
1.33644009e+00
2.72364902e+00
1.42246616e+00
2.62184930e+00
1.02861702e+00
9.05486763e-01
1.85903144e+00
1.31474245e+00
1.45918679e+00
1.12321901e+00
2.14152455e+00
1.98233354e+00
1.09871984e+00
9.90648746e-01
1.20267081e+00
1.36278987e+00
1.31115997e+00
1.24596500e+00
1.13514233e+00
8.70289743e-01
1.57330835e+00
7.85623729e-01
1.91325665e+00
1.30842435e+00
7.05521286e-01
1.74449444e+00
1.41290903e+00
9.95440066e-01
1.19073117e+00
1.10245061e+00
1.76371312e+00
2.20959020e+00
1.52875280e+00
1.29277599e+00
1.57540226e+00
1.30135334e+00
1.35773051e+00
1.67643476e+00
7.00026035e-01
8.35732043e-01
1.28606462e+00
9.87344086e-01
8.11481953e-01
1.83602965e+00
1.94353843e+00
7.11222887e-01
7.27181792e-01
7.91389942e-01
1.09133971e+00
7.53831506e-01
8.90268564e-01
1.32177007e+00
1.11096060e+00
1.03798854e+00
6.10669374e-01
7.00740695e-01
6.57174945e-01
5.73327005e-01
1.49440861e+00
2.08976793e+00
1.20962799e+00
5.57473361e-01
1.15065825e+00
1.01510668e+00
8.29454422e-01
5.59304893e-01
7.36675978e-01
7.94384778e-01
6.06504858e-01
5.47985256e-01
1.28514302e+00
5.88808775e-01
1.00549686e+00
6.72470927e-01
1.41526365e+00
1.36799490e+00
9.63930964e-01
1.24683201e+00
9.85511065e-01
4.47139829e-01
1.24567854e+00
1.00950348e+00
5.81954658e-01
1.37206686e+00
1.77022576e+00
1.24434078e+00
1.96944666e+00
9.76561606e-01
1.17578828e+00
1.28709304e+00
7.13807881e-01
5.78707993e-01
1.46451676e+00
8.96043360e-01
1.34918761e+00
1.31968105e+00
1.00345850e+00
1.18235266e+00
5.96912444e-01
6.50210559e-01
6.07386351e-01
8.23386788e-01
8.26939881e-01
1.06483102e+00
1.50278866e+00
7.61968970e-01
6.54632151e-01
9.15131867e-01
1.00613272e+00
1.56035972e+00
1.50945842e+00
7.46896744e-01
7.18570590e-01
1.39209223e+00
1.48927987e+00
1.16507781e+00
1.28609979e+00
9.09102559e-01
1.47069442e+00
1.64381552e+00
8.20861280e-01
7.89931118e-01
8.69188845e-01
1.02099228e+00
8.58549356e-01
1.32408261e+00
1.82369459e+00
9.60121691e-01
9.81974721e-01
2.05212402e+00
2.88552737e+00
2.00665689e+00
1.61325359e+00
2.41651273e+00
1.24083519e+00
9.61391926e-01
2.13101363e+00
1.88761914e+00
1.10898185e+00
1.31652200e+00
1.02373946e+00
7.84996927e-01
1.52527428e+00
1.85971153e+00
1.30637538e+00
1.07309306e+00
1.97028613e+00
1.28792441e+00
1.11296010e+00
1.34840715e+00
1.50611341e+00
1.75620508e+00
1.48093259e+00
9.77233171e-01
1.35725605e+00
1.68121302e+00
1.36372685e+00
9.29203093e-01
1.06725717e+00
2.12011766e+00
1.45641828e+00
1.28584182e+00
1.61023760e+00
1.25309610e+00
1.25810874e+00
1.57590652e+00
1.13537669e+00
9.64385808e-01
1.23526323e+00
1.22624958e+00
1.26097059e+00
1.88846397e+00
1.59209979e+00
1.39154875e+00
1.38178337e+00
1.13655961e+00
1.05372536e+00
1.46126246e+00
1.53095639e+00
1.16364276e+00
1.35491049e+00
1.87224019e+00
1.03288519e+00
1.40280044e+00
1.07467270e+00
1.26965690e+00
1.27410924e+00
1.03548229e+00
2.29773307e+00
1.54680467e+00
1.47821867e+00
1.38265419e+00
1.11835659e+00
9.38801885e-01
1.78404939e+00
2.24480963e+00
1.27907562e+00
1.07450426e+00
1.65841627e+00
1.93274069e+00
8.11686277e-01
1.22723937e+00
1.43959093e+00
1.85978878e+00
1.69462073e+00
1.15472269e+00
2.39462209e+00
2.15704679e+00
1.26386356e+00
8.70080411e-01
1.10447598e+00
1.39295483e+00
1.57965827e+00
2.11278963e+00
1.73122251e+00
8.32721412e-01
9.78473902e-01
1.94341409e+00
1.20360601e+00
1.02121449e+00
2.17781162e+00
1.91135406e+00
1.35371447e+00
1.91122866e+00
2.12400103e+00
1.58891511e+00
1.35692942e+00
1.88779545e+00
2.01510262e+00
1.83147371e+00
2.42486787e+00
2.01941729e+00
2.16713357e+00
1.93723369e+00
1.44500554e+00
1.18660045e+00
1.41882157e+00
1.02700043e+00
1.65164423e+00
1.68238604e+00
1.53211308e+00
2.75219321e+00
1.48998821e+00
1.57566929e+00
1.84626317e+00
1.52731073e+00
1.23026443e+00
1.51241875e+00
2.22009015e+00
1.60491025e+00
1.35954261e+00
1.29431140e+00
1.57596934e+00
1.92866766e+00
1.21300828e+00
1.32643747e+00
1.23515713e+00
1.40690804e+00
1.73251486e+00
1.59899545e+00
1.83111453e+00
1.29226720e+00
2.12722707e+00
1.45146358e+00
7.53238261e-01
1.24249125e+00
8.72786522e-01
9.28068876e-01
9.22259986e-01
1.18904221e+00
1.69050074e+00
1.49585867e+00
1.01783419e+00
2.10792994e+00
9.44705486e-01
1.20547211e+00
2.00223160e+00
1.07678139e+00
1.98684120e+00
1.60355544e+00
1.54995859e+00
1.44661534e+00
1.35649776e+00
1.61701620e+00
1.77213824e+00
1.52862990e+00
1.52475023e+00
1.53472745e+00
1.57931662e+00
1.82994092e+00
1.71199834e+00
1.05689001e+00
1.15087676e+00
1.82945895e+00
1.73888135e+00
1.03476524e+00
2.08450961e+00
1.85354531e+00
2.05562425e+00
1.97617459e+00
1.66631377e+00
1.55376768e+00
1.59017479e+00
1.26567483e+00
1.39307821e+00
1.48585689e+00
1.18853259e+00
1.21171987e+00
1.94761837e+00
2.25680351e+00
1.61679912e+00
1.28151178e+00
1.83422053e+00
1.96626043e+00
8.99747133e-01
1.84358048e+00
1.49030530e+00
1.39440763e+00
1.61954248e+00
1.21441495e+00
1.22818410e+00
1.29327464e+00
1.14514446e+00
1.64515555e+00
1.90779030e+00
1.35266042e+00
1.28178418e+00
1.80091703e+00
1.05701804e+00
1.33317006e+00
1.84669816e+00
1.45409429e+00
1.82494998e+00
2.11982656e+00
1.35728383e+00
1.43909371e+00
1.68430281e+00
1.20091271e+00
1.59292471e+00
1.09526992e+00
2.12872386e+00
2.02393603e+00
1.22334182e+00
1.12164664e+00
1.20602918e+00
2.33629560e+00
1.59049034e+00
1.56453621e+00
1.59006488e+00
7.20413029e-01
1.49782431e+00
1.14654982e+00
1.59072566e+00
1.51551425e+00
1.27889979e+00
1.76905990e+00
1.13410068e+00
1.42065787e+00
1.74866700e+00
1.21409678e+00
1.38521767e+00
2.64658952e+00
1.63416767e+00
1.77157640e+00
2.27816820e+00
1.66051960e+00
1.07492602e+00
1.18400061e+00
9.84757960e-01
2.13584208e+00
1.41557264e+00
1.59514403e+00
2.16840315e+00
1.42802143e+00
1.99029255e+00
1.38533831e+00
2.13874435e+00
2.20526695e+00
1.59044540e+00
1.83715725e+00
1.19313502e+00
1.74271274e+00
2.03802848e+00
1.49992216e+00
1.01345849e+00
1.28674400e+00
2.39851117e+00
2.12019682e+00
1.07176757e+00
1.39534831e+00
1.84885001e+00
1.42885494e+00
1.56454611e+00
1.27913499e+00
1.28026700e+00
1.39068890e+00
1.52151918e+00
1.54986382e+00
1.11672986e+00
1.45688856e+00
1.43295431e+00
1.89238119e+00
1.98830414e+00
1.37271225e+00
2.63397479e+00
1.34353530e+00
2.00999117e+00
2.74456310e+00
1.73721647e+00
7.86711752e-01
2.02068257e+00
1.74610186e+00
2.09683871e+00
1.54383850e+00
9.62755322e-01
1.32258642e+00
1.36545241e+00
1.40661824e+00
1.06663239e+00
8.60627174e-01
9.91671264e-01
9.92930353e-01
1.15757132e+00
1.00897062e+00
1.16122305e+00
1.35066056e+00
1.39759398e+00
1.31184721e+00
8.79325569e-01
1.27397120e+00
8.69554579e-01
1.27717769e+00
1.50422478e+00
5.68522632e-01
9.67319548e-01
8.36201787e-01
1.11072206e+00
1.69560707e+00
1.89208341e+00
1.50793076e+00
1.42710030e+00
1.56435800e+00
1.38803196e+00
1.27241099e+00
1.46487212e+00
1.39808500e+00
1.44646466e+00
1.63604140e+00
1.30831933e+00
1.26257300e+00
1.29619396e+00
1.24042511e+00
1.41798723e+00
1.76248109e+00
1.32687354e+00
7.13331044e-01
1.00636840e+00
1.73644602e+00
8.07551324e-01
1.46608460e+00
1.39986038e+00
1.16864395e+00
1.81969619e+00
2.27785397e+00
1.39906728e+00
1.83782864e+00
1.59300840e+00
1.43627071e+00
1.37206829e+00
1.34831059e+00
1.81220102e+00
1.63956904e+00
1.17144811e+00
1.01788497e+00
9.97325182e-01
1.65279210e+00
1.96239698e+00
1.81949055e+00
1.46339571e+00
1.31280482e+00
1.49599683e+00
1.33645058e+00
5.35201013e-01
1.61866486e+00
1.78058851e+00
1.26712894e+00
9.61470604e-01
1.29394627e+00
1.57842267e+00
7.46312559e-01
1.15235782e+00
1.24779665e+00
1.30298948e+00
2.16807508e+00
1.30567074e+00
1.55993557e+00
1.67726731e+00
1.55370498e+00
1.29684830e+00
1.00383282e+00
6.38262272e-01
1.15972281e+00
1.41154671e+00
1.39207363e+00
1.43492258e+00
1.85820782e+00
1.76089954e+00
8.80362570e-01
1.67838883e+00
1.68971443e+00
9.13197100e-01
1.33238995e+00
2.27215099e+00
1.40626514e+00
1.12183964e+00
1.56610954e+00
1.94700110e+00
1.66843700e+00
1.31328428e+00
1.38234293e+00
2.39425588e+00
1.49806237e+00
8.16897571e-01
2.21583772e+00
1.63956594e+00
8.84565651e-01
7.23268390e-01
1.10205424e+00
1.61659336e+00
1.63667202e+00
1.62199044e+00
1.01079106e+00
1.27276945e+00
1.52198470e+00
1.35621071e+00
1.66045392e+00
1.56221271e+00
1.26312685e+00
8.82781923e-01
9.78459120e-01
1.30936742e+00
1.50195718e+00
1.62311149e+00
1.89045334e+00
2.19325781e+00
1.73557460e+00
1.11636972e+00
1.11951816e+00
1.76991546e+00
2.20860267e+00
2.01228905e+00
1.30696535e+00
1.06627715e+00
1.83051765e+00
1.43555772e+00
7.71415234e-01
7.30321348e-01
1.66131938e+00
1.97659922e+00
7.57445037e-01
1.12326825e+00
1.71290243e+00
8.39320242e-01
7.38086879e-01
1.45373774e+00
1.50106931e+00
9.55760717e-01
2.29159975e+00
1.55825818e+00
7.30198741e-01
6.25368834e-01
7.25218952e-01
1.31128895e+00
1.99817443e+00
1.85723984e+00
1.34381497e+00
1.37489820e+00
1.66087329e+00
9.99775350e-01
1.35539651e+00
2.02967882e+00
1.91149092e+00
1.29892409e+00
1.02050376e+00
1.13426709e+00
1.20941234e+00
2.51379919e+00
2.28367805e+00
1.06414914e+00
7.38244951e-01
8.89777958e-01
1.76027167e+00
1.48032773e+00
9.87984478e-01
1.09470534e+00
1.59956133e+00
1.54395449e+00
1.67623889e+00
5.06177545e-01
7.97370613e-01
2.16293931e+00
1.59215117e+00
1.47217333e+00
6.36923552e-01
9.28943396e-01
1.95811629e+00
1.95676458e+00
1.00791693e+00
1.16356456e+00
6.69146478e-01
1.46086681e+00
1.39090347e+00
1.05543733e+00
1.79483640e+00
1.13844359e+00
7.94925153e-01
1.54604304e+00
1.68748987e+00
1.41458023e+00
1.74759614e+00
1.80894196e+00
1.87838733e+00
1.60553110e+00
9.94747102e-01
1.08134532e+00
1.75932086e+00
1.48682427e+00
1.18601799e+00
1.48003888e+00
1.58592272e+00
1.02507520e+00
5.56724310e-01
9.17276800e-01
8.35578084e-01
5.52456558e-01
1.09681892e+00
1.21892345e+00
6.45320714e-01
2.28494000e+00
1.51112747e+00
1.30484569e+00
1.16996288e+00
8.61617208e-01
1.12279749e+00
1.88107240e+00
1.77699983e+00
1.64550853e+00
1.47386849e+00
1.10707653e+00
1.06084776e+00
1.55512238e+00
9.31419611e-01
1.83438790e+00
1.25794291e+00
4.45191205e-01
1.35452664e+00
1.13909447e+00
2.07304335e+00
1.31158924e+00
1.29302263e+00
1.40964890e+00
6.92596495e-01
7.64785767e-01
1.39718533e+00
8.43200803e-01
7.74689198e-01
1.25810337e+00
1.29082346e+00
1.64267349e+00
1.92904770e+00
2.73729014e+00
1.91366291e+00
2.99490499e+00
2.50432253e+00
1.98375690e+00
1.18657100e+00
1.14252460e+00
1.65458477e+00
1.41840172e+00
1.35205412e+00
1.13246477e+00
1.39246440e+00
1.14607334e+00
9.41402793e-01
1.33620930e+00
1.77304804e+00
1.44633889e+00
1.19741917e+00
1.19810987e+00
1.11326957e+00
8.51278007e-01
1.02000821e+00
1.37714970e+00
8.95676434e-01
1.12821102e+00
1.45397782e+00
1.65038836e+00
1.82672060e+00
1.02697754e+00
1.15168488e+00
1.30515218e+00
1.16967118e+00
1.11202192e+00
1.12098134e+00
6.81637526e-01
1.37087357e+00
1.66916203e+00
1.66997159e+00
1.68647444e+00
1.33612537e+00
7.40274489e-01
2.35280418e+00
1.37230253e+00
9.19779778e-01
1.83804631e+00
1.85283208e+00
1.15583146e+00
1.32156527e+00
1.06612849e+00
1.69162595e+00
1.99231076e+00
9.22829330e-01
1.73974037e+00
1.62399006e+00
1.42946362e+00
1.62351787e+00
1.47571421e+00
1.02789402e+00
1.91911066e+00
1.57975137e+00
1.78144526e+00
1.34521616e+00
6.03341758e-01
8.05288792e-01
1.13731146e+00
2.10620546e+00
1.64222527e+00
9.66501951e-01
9.14887726e-01
1.07037735e+00
1.50784004e+00
1.54967773e+00
2.17747998e+00
1.77347839e+00
1.11145937e+00
1.68106508e+00
1.35470176e+00
7.85442472e-01
1.50080657e+00
1.22982490e+00
6.02526605e-01
8.38366330e-01
9.55658615e-01
1.03431320e+00
1.48254895e+00
1.60462379e+00
1.24867141e+00
1.26311338e+00
1.72589028e+00
1.07085288e+00
1.52530181e+00
1.53446734e+00
1.35977614e+00
1.60974240e+00
7.30483174e-01
1.04145241e+00
1.29464638e+00
1.49177086e+00
1.67155027e+00
1.41054249e+00
1.23717523e+00
1.54370189e+00
4.32921112e-01
6.82702899e-01
2.21059394e+00
1.74604595e+00
1.16126978e+00
1.03854620e+00
8.18079293e-01
1.08651161e+00
1.41051853e+00
1.25804520e+00
2.04497886e+00
1.16511154e+00
5.76319277e-01
1.35291743e+00
1.72954261e+00
5.34662068e-01
1.21949732e+00
1.06924438e+00
9.42557812e-01
1.05771768e+00
1.10238159e+00
1.10831118e+00
1.66925788e+00
1.40718913e+00
8.44522059e-01
6.22702956e-01
8.53368342e-01
8.98122787e-01
8.86556685e-01
1.42160404e+00
1.07207000e+00
6.90006793e-01
5.57163000e-01
7.97963440e-01
1.77923226e+00
1.23534477e+00
1.19769728e+00
1.75519657e+00
1.72572219e+00
1.25281394e+00
2.04110146e+00
1.58089709e+00
1.47738075e+00
1.08675480e+00
1.02189350e+00
1.85002196e+00
9.62618649e-01
1.66013050e+00
1.60949326e+00
9.95465219e-01
8.23979795e-01
1.14129984e+00
1.50440884e+00
1.55922210e+00
1.37764096e+00
1.14555991e+00
1.23551404e+00
1.39471054e+00
8.74625325e-01
1.17086101e+00
5.89619458e-01
8.98893178e-01
1.95891523e+00
1.33155227e+00
1.08266056e+00
7.73143113e-01
7.61871397e-01
6.95828736e-01
1.15714705e+00
7.17335403e-01
1.05542827e+00
3.84403974e-01
1.11400247e+00
1.44117081e+00
1.17964983e+00
1.08270609e+00
1.29165947e+00
1.32846999e+00
1.69046140e+00
1.40967011e+00
9.95026886e-01
1.28521931e+00
1.04443765e+00
1.67039156e+00
4.24735487e-01
4.21550721e-01
1.14933574e+00
1.37469316e+00
5.57620168e-01
1.21584332e+00
7.92167723e-01
8.50064516e-01
1.39728272e+00
3.44576329e-01
1.56680048e+00
6.53221667e-01
1.11542213e+00
1.34453297e+00
1.01822984e+00
1.09081280e+00
7.08261192e-01
1.89613616e+00
1.52553904e+00
4.61270452e-01
5.15438497e-01
1.08232963e+00
6.59958005e-01
9.49162185e-01
1.00181115e+00
1.33455360e+00
1.49418986e+00
6.23744249e-01
1.42646635e+00
7.39848673e-01
7.24805236e-01
7.30678737e-01
7.48188376e-01
8.66588056e-01
1.15877473e+00
1.33773112e+00
1.50976455e+00
1.56083441e+00
1.48297405e+00
1.47509658e+00
2.09610629e+00
1.96696866e+00
1.18254828e+00
9.55057085e-01
1.27221596e+00
1.57986283e+00
1.12600243e+00
6.70842767e-01
8.37683618e-01
9.76178229e-01
8.68676007e-01
1.14400077e+00
6.25164747e-01
1.21583593e+00
6.85040653e-01
1.42401540e+00
1.26155174e+00
1.08250999e+00
9.56751227e-01
1.03803074e+00
4.65564728e-01
1.44446421e+00
2.72170138e+00
1.41129518e+00
1.89504051e+00
8.88800681e-01
1.45791817e+00
1.18840253e+00
6.57786250e-01
1.79552531e+00
1.50859320e+00
1.23362696e+00
1.38898969e+00
1.41205680e+00
1.53506207e+00
1.60365403e+00
4.81947154e-01
8.07827771e-01
1.42650938e+00
1.43793309e+00
1.67359519e+00
2.03720522e+00
8.41388524e-01
3.89082611e-01
8.35285783e-01
9.75589275e-01
1.24929070e+00
2.31386781e+00
1.23770952e+00
1.12211812e+00
1.01336157e+00
1.07371128e+00
1.06904900e+00
9.32318747e-01
1.48595619e+00
1.00293195e+00
1.69561887e+00
1.46744645e+00
6.68476880e-01
1.55426681e+00
2.66844201e+00
9.88678336e-01
4.85559106e-01
9.31184649e-01
1.27655458e+00
1.25811255e+00
1.40538406e+00
1.09333456e+00
1.78856671e+00
2.01920438e+00
1.29385054e+00
8.03744674e-01
5.76977670e-01
9.79865015e-01
1.63653100e+00
1.18345547e+00
6.52449131e-01
1.00747061e+00
1.33472192e+00
1.47206652e+00
1.74367011e+00
1.47871590e+00
9.03203964e-01
9.34399724e-01
1.47799981e+00
4.73087758e-01
1.19184053e+00
1.07310522e+00
5.78157783e-01
2.09590244e+00
1.81919765e+00
1.22471261e+00
1.59677112e+00
9.92406368e-01
5.22612333e-01
1.45616198e+00
5.44353664e-01
2.34971261e+00
1.41494417e+00
1.57550406e+00
2.28691483e+00
1.44116032e+00
1.34013069e+00
1.09859324e+00
1.66081262e+00
8.05671990e-01
7.37878382e-01
1.38030195e+00
9.62805331e-01
8.60730290e-01
1.86562753e+00
1.43114281e+00
4.43520963e-01
1.07664597e+00
6.50725663e-01
1.30496871e+00
1.46274495e+00
8.82371426e-01
4.85933751e-01
7.97954321e-01
1.54917073e+00
4.63179708e-01
5.15934229e-01
1.11772132e+00
1.29611933e+00
1.04682505e+00
7.27605820e-01
1.68714797e+00
7.66248047e-01
6.88324928e-01
9.84838486e-01
1.38606179e+00
1.23578107e+00
6.30796075e-01
1.20455575e+00
9.38458264e-01
5.38630784e-01
9.85120237e-01
5.98653197e-01
1.84024215e+00
9.30600405e-01
6.59074426e-01
1.41462851e+00
6.40709817e-01
6.67132139e-01
1.52252495e+00
1.94056118e+00
1.54299474e+00
6.90485537e-01
3.30732971e-01
1.46402371e+00
6.96780682e-01
1.37476254e+00
2.29384828e+00
1.70524395e+00
6.65918708e-01
8.76296163e-01
4.98990446e-01
8.04094911e-01
1.75170398e+00
1.57446456e+00
5.27257502e-01
1.72714663e+00
1.61307025e+00
1.36649108e+00
5.61798453e-01
4.74730521e-01
2.18343925e+00
1.57935834e+00
9.72737193e-01
4.89486307e-01
5.43728054e-01
1.36623657e+00
2.10442305e+00
7.57812381e-01
9.77907360e-01
7.90182710e-01
1.24336874e+00
1.67974615e+00
5.09495616e-01
7.61266351e-01
1.30408955e+00
1.31138480e+00
1.16535771e+00
1.37789571e+00
1.79303813e+00
1.37867975e+00
7.39871562e-01
1.48138893e+00
1.73813999e+00
8.55116665e-01
6.11761928e-01
1.15288115e+00
1.67416584e+00
1.45480704e+00
8.16236436e-01
6.68470383e-01
1.34454906e+00
1.25193465e+00
9.92523134e-01
6.50052369e-01
9.38585758e-01
1.05869353e+00
8.00288260e-01
1.79269326e+00
1.63637638e+00
3.24130595e-01
0.00000000e+00
6.33860409e-01
4.46993977e-01
9.25522327e-01
5.98034382e-01
1.06456709e+00
1.45881879e+00
1.14904189e+00
8.07755053e-01
3.52848679e-01
3.68035644e-01
5.98724723e-01
6.06383443e-01
8.51861358e-01
1.26797426e+00
4.82582122e-01
5.98742247e-01
1.21097195e+00
9.14270163e-01
3.09345037e-01
5.07346153e-01
1.34939647e+00
1.01277149e+00
5.09568691e-01
1.00998712e+00
1.53594041e+00
6.81500733e-01
8.05103242e-01
1.41380811e+00
1.19496727e+00
7.59499729e-01
1.07358420e+00
2.17902660e+00
6.84758008e-01
8.00957263e-01
7.54553378e-01
4.20678258e-01
6.56964540e-01
7.73413420e-01
1.55474854e+00
1.81996441e+00
1.41775560e+00
6.97068989e-01
6.08997166e-01
5.03049076e-01
1.83265281e+00
5.32636046e-01
3.06662381e-01
9.19560432e-01
1.30533409e+00
7.94967175e-01
8.26926410e-01
7.67550826e-01
5.69557726e-01
7.86813319e-01
1.48598444e+00
1.48725224e+00
1.62802434e+00
9.66335833e-01
6.05686665e-01
3.62877637e-01
5.61392665e-01
1.00629127e+00
1.16799533e+00
4.34319288e-01
4.17876422e-01
1.07858729e+00
1.14808679e+00
1.07223475e+00
1.72015882e+00
4.55477506e-01
5.39565384e-01
1.29039431e+00
9.36385393e-01
6.95332110e-01
5.02992034e-01
8.70208263e-01
8.27119827e-01
4.48013157e-01
6.68712020e-01
7.91523039e-01
8.30837011e-01
1.69669855e+00
1.55450237e+00
1.01993299e+00
1.05884695e+00
1.48444915e+00
8.22995663e-01
1.71241379e+00
8.62658322e-01
5.61479807e-01
4.79843467e-01
1.31401944e+00
4.46893334e-01
9.31370914e-01
1.49124897e+00
6.13909423e-01
7.93219626e-01
1.40906727e+00
1.05442059e+00
7.29801655e-01
8.12861145e-01
4.42936450e-01
1.26055598e+00
1.20888114e+00
1.71948326e+00
3.64097297e-01
4.66420770e-01
8.42272937e-01
8.46606791e-01
1.52047729e+00
1.04990458e+00
1.02680027e+00
1.12929142e+00
1.08881664e+00
7.73625255e-01
7.22119272e-01
1.27134943e+00
3.81619692e-01
9.66110587e-01
1.08390248e+00
5.01297712e-01
1.16036499e+00
8.93701136e-01
1.55322242e+00
1.08580887e+00
6.97009563e-01
9.31812525e-01
7.43180692e-01
7.46909916e-01
9.69694614e-01
4.58454937e-01
3.74060929e-01
6.96442544e-01
1.11445081e+00
1.73436975e+00
6.00286067e-01
7.29395866e-01
8.87082279e-01
5.40103495e-01
9.68864441e-01
7.29031444e-01
6.46279573e-01
7.77944922e-01
5.45496225e-01
5.53556085e-01
2.03080869e+00
5.69514096e-01
1.04182386e+00
8.55649531e-01
7.83287406e-01
9.60281014e-01
5.15055537e-01
1.25206661e+00
6.93127871e-01
9.06113982e-01
1.03276730e+00
7.41925776e-01
9.23641443e-01
8.36678028e-01
6.81285381e-01
7.21246600e-01
9.41407919e-01
6.15702569e-01
7.21350849e-01
1.01387775e+00
7.50629902e-01
7.21667588e-01
6.36483610e-01
5.91664612e-01
1.05234456e+00
5.72200656e-01
9.49218810e-01
1.37104714e+00
1.39842653e+00
1.15034032e+00
1.11351383e+00
1.05000472e+00
7.54126906e-01
6.29822493e-01
3.59700769e-01
7.42508769e-01
1.45255041e+00
8.79415572e-01
9.62513804e-01
4.27444667e-01
7.36739516e-01
1.07308173e+00
3.56590807e-01
1.58905196e+00
6.98377907e-01
4.24017727e-01
7.21598923e-01
1.10955524e+00
1.39656818e+00
1.22252667e+00
1.00173843e+00
1.59250879e+00
1.65986490e+00
9.39350903e-01
6.87614918e-01
7.26453781e-01
5.61631143e-01
1.08396256e+00
1.12579858e+00
4.90512818e-01
3.90716374e-01
9.13002491e-01
6.84907973e-01
5.73854089e-01
7.99606264e-01
7.94832885e-01
4.28099096e-01
2.05225515e+00
1.02056897e+00
6.39724016e-01
8.10859621e-01
8.29427361e-01
1.07337117e+00
9.38139737e-01
9.11603808e-01
6.29825950e-01
2.71918386e-01
5.41408718e-01
3.73209417e-01
1.03051913e+00
5.15077531e-01
7.35222816e-01
5.37728012e-01
6.73698068e-01
9.85053003e-01
9.60132897e-01
4.33731943e-01
1.05901122e+00
5.19456625e-01
1.08720994e+00
3.25307786e-01
4.44725841e-01
1.86215913e+00
1.39281356e+00
6.88095152e-01
9.47412014e-01
9.11608875e-01
4.40113515e-01
6.06818855e-01
7.95545816e-01
3.35709304e-01
3.60172868e-01
3.75224948e-01
3.71333033e-01
9.30462480e-01
1.01950383e+00
4.34996814e-01
3.53040874e-01
1.01135194e+00
9.33644354e-01
1.82823539e+00
1.11839485e+00
6.76790953e-01
9.49503064e-01
4.90934134e-01
5.70626795e-01
3.71520221e-01
7.38957763e-01
1.04612756e+00
8.25084090e-01
1.07183957e+00
1.09953606e+00
8.41213048e-01
3.14957380e-01
5.87837815e-01
2.82368988e-01
9.70271289e-01
1.06967914e+00
6.06485248e-01
6.82302356e-01
1.65652764e+00
1.28423584e+00
8.46136808e-01
1.18154633e+00
4.78139758e-01
7.63561010e-01
8.35295379e-01
4.19428110e-01
5.87059140e-01
3.73393238e-01
8.01620066e-01
9.09922481e-01
7.18129575e-01
8.03903937e-01
9.06272590e-01
9.93606746e-01
4.71631825e-01
1.02508044e+00
1.20629084e+00
2.88139224e-01
3.01217288e-01
9.04802501e-01
3.68459433e-01
4.44830328e-01
3.06167960e-01
7.86590874e-01
6.45535588e-01
7.19300926e-01
5.71504474e-01
1.08454335e+00
9.13942933e-01
8.85657907e-01
1.10093975e+00
1.41213131e+00
5.48553228e-01
3.30994010e-01
5.81784606e-01
7.19626844e-01
5.51871359e-01
4.55840826e-01
3.82387966e-01
1.15256107e+00
1.29525363e+00
6.37543082e-01
1.36917293e+00
8.88727903e-01
7.67659366e-01
7.39344120e-01
1.26868677e+00
1.27970552e+00
4.82113242e-01
6.59940243e-01
4.22763407e-01
6.20538831e-01
1.45290077e+00
1.89531827e+00
1.02231777e+00
8.92049432e-01
5.22065103e-01
8.45505893e-01
7.25237429e-01
4.87917215e-01
9.52565074e-01
1.03777492e+00
4.36821371e-01
6.76383913e-01
7.92181790e-01
5.47065437e-01
7.59340942e-01
1.34760225e+00
9.88063753e-01
8.78269851e-01
1.05561793e+00
1.04781771e+00
5.84431052e-01
2.63348103e-01
4.93258417e-01
1.13227010e+00
1.09159672e+00
9.31774616e-01
1.08366680e+00
6.70334935e-01
7.03381002e-01
7.60109782e-01
1.11599040e+00
1.07897294e+00
4.37788814e-01
1.79187429e+00
8.18902671e-01
1.25915277e+00
9.73514616e-01
3.90083134e-01
1.33713615e+00
5.70338964e-01
8.60474169e-01
9.25726771e-01
6.19412661e-01
3.14347029e-01
4.44492906e-01
5.68408072e-01
7.83933938e-01
8.59417975e-01
9.13018763e-01
8.87769341e-01
8.80750656e-01
4.08798486e-01
3.86237353e-01
9.43867445e-01
6.38221979e-01
2.94613600e-01
9.10543978e-01
7.87148535e-01
1.02278221e+00
6.75773680e-01
2.79938221e-01
7.70693302e-01
5.39873362e-01
6.79573953e-01
6.82248533e-01
6.95918560e-01
6.40977502e-01
6.42824173e-01
6.73366129e-01
1.41202033e+00
8.25891674e-01
8.55636179e-01
8.67703676e-01
3.93627375e-01
6.46418273e-01
1.16205263e+00
3.72945726e-01
2.73334265e-01
7.88905740e-01
1.34350038e+00
8.11034620e-01
4.34279948e-01
8.36303473e-01
8.47559035e-01
9.37990904e-01
1.04852629e+00
1.05415022e+00
1.67206144e+00
6.28170431e-01
2.20654941e+00
1.25187624e+00
7.85045922e-01
8.24168265e-01
5.59002399e-01
6.39324188e-01
7.83407748e-01
5.76097369e-01
3.94450933e-01
1.25702274e+00
4.70415115e-01
2.53262430e-01
7.11359143e-01
9.68737662e-01
5.54697037e-01
5.79025507e-01
8.84650290e-01
8.27659488e-01
9.81076717e-01
8.53511035e-01
8.63731682e-01
9.92552757e-01
4.20581162e-01
4.03681338e-01
8.69463921e-01
1.55005729e+00
1.12145472e+00
5.20708084e-01
4.91232872e-01
5.38561761e-01
3.76962006e-01
6.87197447e-01
8.28454316e-01
1.27663612e+00
1.08845663e+00
2.87092805e-01
5.87395966e-01
1.31132710e+00
8.25955510e-01
7.91767776e-01
7.80683041e-01
8.74080062e-01
5.67844093e-01
5.02483547e-01
6.78300798e-01
5.38427830e-01
9.28368509e-01
1.10132694e+00
5.67205608e-01
7.67414987e-01
1.02526104e+00
2.96761781e-01
8.12641978e-01
8.57184708e-01
4.96301711e-01
7.96760798e-01
1.12928379e+00
2.80778915e-01
5.08854747e-01
1.38183832e+00
4.84122217e-01
4.48259234e-01
1.10723984e+00
4.93267328e-01
1.27181959e+00
1.34601128e+00
8.57976198e-01
5.84080875e-01
6.88893318e-01
1.02834880e+00
7.94627488e-01
3.32926691e-01
1.00041854e+00
1.16409016e+00
4.23644274e-01
4.55362618e-01
4.66339827e-01
5.85903764e-01
1.26935983e+00
1.08333099e+00
5.38765073e-01
1.05323410e+00
1.15366518e+00
6.58401191e-01
6.09899223e-01
5.76712847e-01
7.07003117e-01
1.51513076e+00
4.54073101e-01
5.65867007e-01
3.90859127e-01
2.48941198e-01
8.81448746e-01
9.58589375e-01
4.50635254e-01
9.64029729e-01
1.20062780e+00
5.08886337e-01
2.39075273e-01
1.22733176e+00
9.11033571e-01
5.65883398e-01
3.35897237e-01
7.22829282e-01
8.96984100e-01
4.74972039e-01
9.93677974e-01
7.90827692e-01
6.44602954e-01
7.82147467e-01
6.16372287e-01
2.93322355e-01
4.24763650e-01
3.68928343e-01
6.85628593e-01
5.58631420e-01
4.73554194e-01
1.18115067e+00
3.67149174e-01
3.58570755e-01
6.43819451e-01
4.64169443e-01
4.73044515e-01
1.11027920e+00
5.20627439e-01
4.46429044e-01
9.05694187e-01
8.34686160e-01
2.45274052e-01
6.55511141e-01
7.00105548e-01
8.19399238e-01
7.14535117e-01
7.19317973e-01
7.76886284e-01
3.19716513e-01
3.05538267e-01
6.52987361e-01
7.69373357e-01
5.26503026e-01
6.43432617e-01
1.07390404e+00
3.01890433e-01
6.69558048e-01
5.24432361e-01
3.24162811e-01
4.18546587e-01
5.45557797e-01
3.19210112e-01
5.44544399e-01
3.79818171e-01
4.73186821e-01
8.69351864e-01
5.94491541e-01
3.20895940e-01
8.43677759e-01
1.35664642e+00
1.02041090e+00
6.05616271e-01
5.70864499e-01
6.26067042e-01
7.09358513e-01
9.60424483e-01
7.27358818e-01
5.19577146e-01
9.64267552e-01
7.54329979e-01
5.54307163e-01
4.35688347e-01
3.02040845e-01
4.39787477e-01
6.11303866e-01
3.11913192e-01
2.90299445e-01
5.57731509e-01
6.40574157e-01
4.65198815e-01
3.97534758e-01
3.67133737e-01
3.07964593e-01
3.23658228e-01
5.86935282e-01
4.99959499e-01
2.81023145e-01
3.27320635e-01
3.47742528e-01
7.78030157e-01
9.68294561e-01
6.35547519e-01
4.26649243e-01
6.73103869e-01
9.82731581e-01
8.39398563e-01
8.71396601e-01
1.04983532e+00
6.81859493e-01
2.60361105e-01
5.68043113e-01
5.05714118e-01
2.87415057e-01
2.69711375e-01
6.50360405e-01
9.35389102e-01
9.25046206e-01
5.58919728e-01
5.69893599e-01
1.12778878e+00
1.07999873e+00
7.51096904e-01
7.22618461e-01
8.54410112e-01
8.37322712e-01
5.51659524e-01
4.88414407e-01
9.22945440e-01
4.19519216e-01
6.62289977e-01
7.77054191e-01
4.56129849e-01
5.05338848e-01
3.33538175e-01
6.16974056e-01
9.03635919e-01
6.82745993e-01
7.15333641e-01
9.08340275e-01
5.79688370e-01
7.07468331e-01
4.33312207e-01
3.65288287e-01
5.52815139e-01
4.52185482e-01
5.44335842e-01
6.95969403e-01
3.86418104e-01
4.09318507e-01
3.41820478e-01
7.21644759e-01
3.67321521e-01
3.60252649e-01
2.65903920e-01
3.75020891e-01
6.74884796e-01
5.39199710e-01
4.90372270e-01
1.07495177e+00
8.60596895e-01
8.56280684e-01
1.07642055e+00
4.95307088e-01
1.41030610e+00
5.34895539e-01
2.68541038e-01
7.82094538e-01
9.84537482e-01
2.14402050e-01
5.11505008e-01
5.59084833e-01
3.44917417e-01
4.13764119e-01
6.39936686e-01
6.25605941e-01
8.27138424e-01
6.78603232e-01
3.05022418e-01
3.41480583e-01
3.35261405e-01
9.95896637e-01
1.31430185e+00
4.07301754e-01
4.36968327e-01
7.95472205e-01
6.75319016e-01
6.53501272e-01
1.52311242e+00
4.33911741e-01
3.98843527e-01
4.83763665e-01
3.98741215e-01
9.19559300e-01
3.96269888e-01
4.24716502e-01
4.25565809e-01
7.15245306e-01
6.07150733e-01
3.64960015e-01
3.24779361e-01
3.32974732e-01
8.47069860e-01
8.24526727e-01
2.86778569e-01
5.60330391e-01
5.71247458e-01
6.50601268e-01
8.54311943e-01
5.66468775e-01
3.79747123e-01
9.38620687e-01
4.90087837e-01
4.74989116e-01
4.57975954e-01
4.07102525e-01
8.71332705e-01
1.09891653e+00
5.95255435e-01
9.28825140e-01
8.56956303e-01
3.61334234e-01
3.38970959e-01
8.26001465e-01
3.03646892e-01
5.61221659e-01
9.24412191e-01
7.93429375e-01
4.92737949e-01
3.52874935e-01
4.48489994e-01
8.21824014e-01
1.21977079e+00
7.62047052e-01
4.64787304e-01
5.51476002e-01
2.98514783e-01
4.88988370e-01
5.41894317e-01
7.53172457e-01
1.11171830e+00
6.44026697e-01
1.21287537e+00
4.29774672e-01
7.90126085e-01
5.58030367e-01
5.11841774e-01
1.44075418e+00
5.45256257e-01
5.47196269e-01
7.46140242e-01
5.61157703e-01
3.99914801e-01
8.75031352e-01
4.26502377e-01
1.24607086e+00
9.95726883e-01
5.32397270e-01
6.72688782e-01
7.38752604e-01
5.25425732e-01
8.40147316e-01
9.23549771e-01
6.65155470e-01
6.28306508e-01
7.33741403e-01
8.66795123e-01
6.77384019e-01
8.86903882e-01
5.40817678e-01
3.44866961e-01
1.04407382e+00
4.34422493e-01
5.22454679e-01
4.91933137e-01
5.54192245e-01
3.04374486e-01
6.78089559e-01
4.75010425e-01
2.48902544e-01
4.97436523e-01
6.91979825e-01
6.91521883e-01
9.81872320e-01
2.82133520e-01
5.09175301e-01
7.70595431e-01
7.46345401e-01
7.24500597e-01
7.94390619e-01
4.33853418e-01
1.12219262e+00
5.82516849e-01
3.43386650e-01
7.72347331e-01
4.48921025e-01
6.93268597e-01
7.50626206e-01
3.35303038e-01
3.92944574e-01
1.05189347e+00
6.00985527e-01
6.52664423e-01
5.24792016e-01
7.97354996e-01
7.69110978e-01
4.08827782e-01
6.78819001e-01
1.03982389e+00
3.35114688e-01
4.93516624e-01
6.51322603e-01
3.45397830e-01
5.20242333e-01
4.29523230e-01
6.63135231e-01
2.46866986e-01
3.81708175e-01
1.07927084e+00
3.86584818e-01
3.29611719e-01
1.01901495e+00
1.13498425e+00
7.89006174e-01
7.00478852e-01
8.25577080e-01
8.23752046e-01
4.59525287e-01
4.13399398e-01
5.17994106e-01
4.56197500e-01
5.13405621e-01
1.03124893e+00
5.83676338e-01
4.23405260e-01
7.98038244e-01
1.11768794e+00
1.16729784e+00
2.40162909e-01
3.88707429e-01
3.27230334e-01
6.24890029e-01
8.65571260e-01
3.30132574e-01
3.15099806e-01
5.16641378e-01
3.22483927e-01
4.91783768e-01
1.09912920e+00
8.24659884e-01
7.40398884e-01
7.25037813e-01
1.01849866e+00
7.19565690e-01
2.32127458e-01
6.10309005e-01
8.26841772e-01
2.50502884e-01
8.14139426e-01
1.06615484e+00
3.16784203e-01
4.80893910e-01
5.09103298e-01
6.23254180e-01
6.18928313e-01
8.67360532e-01
1.00896835e+00
3.28588784e-01
4.70952958e-01
4.85621691e-01
7.64851451e-01
7.26127625e-01
5.34036458e-01
1.15944028e+00
8.57885599e-01
7.18807220e-01
9.91899848e-01
8.40491414e-01
4.39891338e-01
5.49649477e-01
3.90713573e-01
7.33455598e-01
7.16579437e-01
5.50635576e-01
6.06294453e-01
5.70933461e-01
3.29307109e-01
3.45995545e-01
4.32275832e-01
6.83213055e-01
9.76906538e-01
4.18773264e-01
5.43731093e-01
5.14084399e-01
4.77105469e-01
2.36325055e-01
9.51136529e-01
2.50441343e-01
5.54728806e-01
3.22046846e-01
3.47078830e-01
5.21332085e-01
4.62935865e-01
5.14145553e-01
2.97996819e-01
2.93446511e-01
5.85350573e-01
9.49783564e-01
4.03620929e-01
7.48842299e-01
1.56286049e+00
8.00412953e-01
1.27463293e+00
1.69991243e+00
5.00229657e-01
4.01819825e-01
4.69116509e-01
1.30213261e+00
3.49731207e-01
6.36648059e-01
4.17492032e-01
1.54205406e+00
8.91657770e-01
6.58031821e-01
5.78951478e-01
4.47009474e-01
3.31663668e-01
3.58081758e-01
1.75859511e+00
3.50222558e-01
6.25500977e-01
2.62922376e-01
3.92596960e-01
3.70108962e-01
5.87567925e-01
5.14482796e-01
4.86237496e-01
3.60789359e-01
8.42941940e-01
1.06870282e+00
8.22788000e-01
6.07032895e-01
5.62119067e-01
5.53734899e-01
6.06182337e-01
6.18613899e-01
6.97618246e-01
4.48124111e-01
2.41773456e-01
3.37964773e-01
5.86595118e-01
5.25468707e-01
2.56383568e-01
2.78248280e-01
4.12524581e-01
6.57974839e-01
8.65773559e-01
5.97398341e-01
4.53544617e-01
4.20652360e-01
8.02765906e-01
8.81526709e-01
4.06907618e-01
3.27465832e-01
2.30229273e-01
4.81077820e-01
1.06585360e+00
6.38961494e-01
2.90835440e-01
1.17517495e+00
7.98433483e-01
4.02160317e-01
5.07436812e-01
7.57853448e-01
6.58534586e-01
4.10708785e-01
7.56891906e-01
3.25049907e-01
2.53307462e-01
5.58390558e-01
7.92118669e-01
7.81275272e-01
6.47469699e-01
6.78580880e-01
7.00721800e-01
9.45109069e-01
1.24705482e+00
9.57807124e-01
4.00444627e-01
7.45265543e-01
1.10231948e+00
6.64111435e-01
5.14415264e-01
8.93945932e-01
7.54813373e-01
7.45686412e-01
7.44370222e-01
7.56767929e-01
9.26758528e-01
4.89870876e-01
9.47937250e-01
5.97637177e-01
2.00946391e-01
4.43200499e-01
8.32092226e-01
3.80981535e-01
8.33996952e-01
5.72633088e-01
9.44763362e-01
9.92439628e-01
3.66306961e-01
2.84128636e-01
9.10648704e-01
3.71391147e-01
3.29696238e-01
3.61498415e-01
7.16997564e-01
1.72043407e+00
5.34373343e-01
6.03679419e-01
8.00883353e-01
8.85554910e-01
6.73358560e-01
4.74155068e-01
7.97288656e-01
5.20800948e-01
3.02202255e-01
4.60334003e-01
3.69745463e-01
2.62409508e-01
7.46455073e-01
4.19899762e-01
4.15452391e-01
7.18857706e-01
6.48197889e-01
5.99998057e-01
3.93481612e-01
6.45557225e-01
4.62500989e-01
3.77751142e-01
8.03001106e-01
8.20930839e-01
5.84675372e-01
4.33815390e-01
5.59184730e-01
4.44712281e-01
2.16407731e-01
9.50067878e-01
6.02610528e-01
5.84619343e-01
5.85242331e-01
7.72745311e-01
9.14072812e-01
7.77998030e-01
4.06872690e-01
4.67682689e-01
2.77422816e-01
4.97802883e-01
7.09150851e-01
1.04649460e+00
7.52637982e-01
5.23679554e-01
7.01940596e-01
7.83191800e-01
7.14362741e-01
9.26047206e-01
4.36923921e-01
1.05657554e+00
5.21552324e-01
3.74233186e-01
7.92786360e-01
4.41275746e-01
6.00619256e-01
4.55237210e-01
4.20731157e-01
5.12090206e-01
3.88340563e-01
2.19519824e-01
3.25434744e-01
4.03234363e-01
8.43845487e-01
1.04564822e+00
5.11053741e-01
6.85314238e-01
1.90488708e+00
1.28946912e+00
7.39941180e-01
3.93593073e-01
7.04236984e-01
1.05035591e+00
3.97744000e-01
1.91879317e-01
4.07642573e-01
6.41348660e-01
7.96784818e-01
1.10333991e+00
3.44540238e-01
4.18990523e-01
7.40483403e-01
7.29739487e-01
6.60163939e-01
8.65122437e-01
2.34149799e-01
7.29136527e-01
1.09753656e+00
6.90765083e-01
2.46214926e-01
2.97932774e-01
5.98823249e-01
3.68984997e-01
4.44854409e-01
1.11740673e+00
1.04928398e+00
1.12732410e+00
3.71032745e-01
6.51147127e-01
6.72886312e-01
5.21523476e-01
5.46361208e-01
3.27210993e-01
1.02785003e+00
1.17047095e+00
1.10354912e+00
6.48621380e-01
2.57794887e-01
5.05512059e-01
7.65223444e-01
7.57737041e-01
1.56088758e+00
1.54149175e+00
9.73831534e-01
7.15680063e-01
5.26475549e-01
5.02144277e-01
4.89532232e-01
4.24824715e-01
3.82595032e-01
5.21882951e-01
7.83183515e-01
3.46236855e-01
6.91831052e-01
7.94460595e-01
5.80127299e-01
4.56885457e-01
6.29085839e-01
7.79487252e-01
1.40483916e+00
9.67789412e-01
1.00093794e+00
2.33398080e+00
1.86385059e+00
5.36827207e-01
6.24944150e-01
2.97980487e-01
4.55505908e-01
7.01101124e-01
8.22313666e-01
5.27300179e-01
2.72266746e-01
4.42365617e-01
1.02881837e+00
3.95482332e-01
6.71620846e-01
7.02107072e-01
3.53013098e-01
2.97259867e-01
9.86079812e-01
8.21485639e-01
5.88432133e-01
7.38584280e-01
6.09323442e-01
2.76931822e-01
2.78138965e-01
9.07714903e-01
1.23746097e+00
5.05796015e-01
6.41573429e-01
1.02044201e+00
7.65699506e-01
6.13845408e-01
6.88066542e-01
2.58137703e-01
2.14441836e-01
6.23693407e-01
8.40492487e-01
3.03845823e-01
9.29148674e-01
1.29295206e+00
5.73855221e-01
3.04343909e-01
6.49583697e-01
6.13632143e-01
1.13580763e+00
8.51936340e-01
3.17308009e-01
6.52761400e-01
1.36387658e+00
3.54712844e-01
1.42074049e+00
7.67845571e-01
4.06505823e-01
8.05550873e-01
8.09056997e-01
2.75528342e-01
1.19897652e+00
3.69718999e-01
6.78087950e-01
1.12340510e+00
4.67879087e-01
6.14375293e-01
4.58749473e-01
1.04420006e+00
6.60638392e-01
5.89202344e-01
1.25578499e+00
5.76467693e-01
7.19451070e-01
6.70238972e-01
5.05571783e-01
5.52785695e-01
6.64614558e-01
2.76374370e-01
4.52567101e-01
7.82378793e-01
8.74355435e-01
5.64154029e-01
6.28183961e-01
2.26392493e-01
2.65607715e-01
5.32689273e-01
6.08095944e-01
5.71516752e-01
6.92434549e-01
5.87732792e-01
4.23020542e-01
4.08451587e-01
5.64601600e-01
4.40316379e-01
3.60880077e-01
7.57318735e-01
5.41751802e-01
4.83527005e-01
5.65938830e-01
4.39223975e-01
3.21646959e-01
7.96549559e-01
7.30934024e-01
3.45971376e-01
3.82711560e-01
5.01399815e-01
3.34009439e-01
2.28664860e-01
8.14376473e-01
6.46217406e-01
6.66597784e-01
7.29300380e-01
4.63459313e-01
3.95032704e-01
3.56037199e-01
3.35428059e-01
5.04712462e-01
6.36106968e-01
5.32168925e-01
3.67964298e-01
8.79296839e-01
6.71849549e-01
6.15813255e-01
5.31544209e-01
2.02061445e-01
3.29730839e-01
1.00135982e+00
8.18514228e-01
5.96213460e-01
3.04162443e-01
2.42659688e-01
1.77494720e-01
2.23241687e-01
4.49771762e-01
7.93721437e-01
1.23900139e+00
4.81204122e-01
6.40115261e-01
4.11830455e-01
4.38704312e-01
9.72975910e-01
7.24408388e-01
1.70371842e+00
5.23592293e-01
7.85100639e-01
5.88545740e-01
7.06823051e-01
9.99494791e-01
1.56864047e+00
4.84278500e-01
1.24308217e+00
2.64774859e-01
3.58845353e-01
7.80904591e-01
3.03027213e-01
2.37271920e-01
5.61166525e-01
5.70595741e-01
7.64446080e-01
4.42501009e-01
2.05267325e-01
9.20671165e-01
2.46826127e-01
2.20229492e-01
3.35594088e-01
4.76960748e-01
4.83881205e-01
2.97629088e-01
3.90109986e-01
3.49308276e+00
1.13313568e+00
2.68448234e+00
1.25494516e+00
5.92737436e-01
8.17058563e-01
1.07833242e+00
5.62511683e-01
2.56592870e-01
3.25407356e-01
9.65344310e-01
5.81051171e-01
4.04817730e-01
3.82812083e-01
6.01792693e-01
7.73302495e-01
6.03463233e-01
8.15160930e-01
9.25660491e-01
3.62242281e-01
3.04706991e-01
8.04174840e-01
1.09418559e+00
9.87509549e-01
8.86512756e-01
3.20130825e-01
4.05881405e-01
2.66868591e-01
1.30259752e+00
1.03518462e+00
8.05206895e-01
5.67317486e-01
5.91176212e-01
3.04088682e-01
1.02999198e+00
2.99784988e-01
7.35332429e-01
1.04141128e+00
8.80412519e-01
6.87673748e-01
4.50211942e-01
7.83585489e-01
3.06704193e-01
4.40233052e-01
1.21730280e+00
8.00329745e-01
1.88168693e+00
5.90866387e-01
7.81167626e-01
5.36600828e-01
3.78910691e-01
6.54147506e-01
1.02052927e+00
8.86060119e-01
5.43663859e-01
7.44923353e-01
5.85466981e-01
3.32033306e-01
1.16349185e+00
7.37078071e-01
7.67475009e-01
1.17045057e+00
8.78184855e-01
5.58404565e-01
5.54296374e-01
7.53397465e-01
5.66302121e-01
5.23866296e-01
5.63073397e-01
4.07389343e-01
3.35672855e-01
3.74013007e-01
5.19415081e-01
8.21543217e-01
6.34721220e-01
2.64194816e-01
7.51752436e-01
5.02064705e-01
9.12453055e-01
9.35708880e-01
4.65004742e-01
3.17505717e-01
5.24833620e-01
8.17243397e-01
7.18709767e-01
7.97757626e-01
4.08580363e-01
6.80946350e-01
6.90389574e-01
1.01783705e+00
8.39967966e-01
1.15279293e+00
1.01942599e+00
2.65724659e-01
7.20766306e-01
8.59558702e-01
4.87861127e-01
4.36684847e-01
4.69318658e-01
3.27328742e-01
4.74194825e-01
4.11184758e-01
5.20730555e-01
8.37711513e-01
5.76959491e-01
2.69136459e-01
9.13517892e-01
2.47583494e-01
3.11233163e-01
2.98420727e-01
4.78381604e-01
8.08707595e-01
2.30568141e-01
6.93521440e-01
6.60675824e-01
2.51213551e-01
4.19331253e-01
9.63382781e-01
7.43001580e-01
2.54495800e-01
2.17025876e-01
3.30166698e-01
4.10911530e-01
2.78743684e-01
4.25764322e-01
6.24052644e-01
5.14578879e-01
4.88395482e-01
8.40293050e-01
9.72901106e-01
2.02177674e-01
3.75363559e-01
6.74524009e-01
4.99943733e-01
4.40664142e-01
6.34148419e-01
5.53330123e-01
7.89341688e-01
6.17110789e-01
6.52973115e-01
7.30925322e-01
6.88856781e-01
6.49677396e-01
4.97874647e-01
8.80175173e-01
9.89442766e-01
8.69591951e-01
9.96138752e-01
6.57642603e-01
5.83593547e-01
4.50187743e-01
3.97928774e-01
6.34502172e-01
1.16025043e+00
1.30784535e+00
7.97655523e-01
3.50466281e-01
6.85519099e-01
1.12742519e+00
6.90243542e-01
5.65853417e-01
3.06278527e-01
9.01193082e-01
4.52291012e-01
3.21951777e-01
7.15440691e-01
8.23923349e-01
4.93409127e-01
9.63496506e-01
5.27089059e-01
4.01137620e-01
1.06636691e+00
3.92991692e-01
6.05615616e-01
7.72508800e-01
6.83441997e-01
7.34171808e-01
9.26475465e-01
5.54119527e-01
5.91122568e-01
7.10449100e-01
3.68146658e-01
4.81138587e-01
1.01535285e+00
3.38910133e-01
3.51039201e-01
6.35161042e-01
3.26201349e-01
3.16058666e-01
9.40746903e-01
8.02076101e-01
5.08333087e-01
7.22350955e-01
7.81557083e-01
7.02157617e-01
6.54734612e-01
4.92230594e-01
7.18560338e-01
3.42190892e-01
2.58031785e-01
3.69298518e-01
6.08311534e-01
7.38367438e-01
7.12791622e-01
7.21972406e-01
3.03749710e-01
1.90213308e-01
4.21237618e-01
4.31284994e-01
6.20555580e-01
3.18173885e-01
6.28664076e-01
7.26064384e-01
6.02043033e-01
4.96930391e-01
8.70474815e-01
1.19120133e+00
1.23214447e+00
4.64900672e-01
3.58527273e-01
9.81085300e-01
8.98096919e-01
1.08883667e+00
7.89858341e-01
2.90962636e-01
4.90989417e-01
3.71594369e-01
5.90560734e-01
3.55572224e-01
3.70028734e-01
7.81811893e-01
4.55329418e-01
8.21185648e-01
6.01785898e-01
6.40282929e-01
6.43749535e-01
4.47689444e-01
2.92502105e-01
3.24816167e-01
5.02220690e-01
7.82392323e-01
6.94588363e-01
2.71279961e-01
6.71862900e-01
1.63196754e+00
3.10254741e+00
1.31869888e+00
1.12332594e+00
4.55582231e-01
6.64107263e-01
7.10038126e-01
1.09199369e+00
6.73162043e-01
4.82695252e-01
6.79471016e-01
5.35455048e-01
3.80061716e-01
6.69833481e-01
5.23216486e-01
5.26209593e-01
5.50710082e-01
4.20669466e-01
7.77647316e-01
2.32886016e-01
3.21284890e-01
7.35293448e-01
1.14568472e+00
9.81453419e-01
5.38283587e-01
4.64539409e-01
3.44936520e-01
1.22933960e+00
4.65065986e-01
2.49962163e+00
1.43442380e+00
2.22783613e+00
1.79868817e+00
4.69478667e-01
2.95970619e-01
9.61215615e-01
7.06252098e-01
5.75766444e-01
7.45521545e-01
1.17118716e+00
1.32854736e+00
2.44177014e-01
6.65455222e-01
4.76328671e-01
1.03075254e+00
1.42689502e+00
3.02749753e+00
9.98726964e-01
1.88193882e+00
7.08881974e-01
5.94035804e-01
6.73237801e-01
2.59851843e-01
2.36114174e-01
4.56466764e-01
8.31101656e-01
2.57667065e-01
6.11482024e-01
4.52668846e-01
5.13629377e-01
7.27517664e-01
5.80450058e-01
9.08444703e-01
4.78465706e-01
1.11674285e+00
1.25510585e+00
1.55577803e+00
9.11519468e-01
8.69143128e-01
7.23211646e-01
3.94033670e-01
5.02243876e-01
3.90232474e-01
7.56031454e-01
2.36912146e-01
3.53225321e-01
3.36909443e-01
3.56708020e-01
2.06353456e-01
4.60497141e-01
6.24996603e-01
7.32088327e-01
4.28329259e-01
2.86145180e-01
3.20003301e-01
6.95542157e-01
6.57010853e-01
6.66718841e-01
