4.04437274e-01
4.70326513e-01
3.15652668e-01
3.63213599e-01
4.12672013e-01
4.41756785e-01
4.61902380e-01
3.84992123e-01
4.09045607e-01
4.28199589e-01
3.68343711e-01
3.73294324e-01
3.80555421e-01
3.96115690e-01
3.64650041e-01
4.11711097e-01
4.18064952e-01
3.58484298e-01
3.89501780e-01
4.09507990e-01
3.99424702e-01
3.75316232e-01
4.21968788e-01
4.25882310e-01
3.74435902e-01
4.16075945e-01
3.60669225e-01
3.71254772e-01
3.98643166e-01
4.39856678e-01
3.85666251e-01
3.93735498e-01
3.87678295e-01
3.77895713e-01
3.89072150e-01
3.86422485e-01
4.02552426e-01
3.73764575e-01
3.77464533e-01
3.42227370e-01
3.33217591e-01
3.28086883e-01
3.75808626e-01
3.26101929e-01
3.73236507e-01
3.45844388e-01
3.23158324e-01
3.90107781e-01
3.92877847e-01
2.98968315e-01
3.30210149e-01
3.67553055e-01
3.98876429e-01
4.54626679e-01
3.63703758e-01
3.84804696e-01
3.49188596e-01
3.66524518e-01
4.13893759e-01
4.24399227e-01
4.00981873e-01
3.82007211e-01
3.34302574e-01
3.83537263e-01
3.77413720e-01
3.46229881e-01
3.43567282e-01
3.82861823e-01
4.11212444e-01
4.23839211e-01
3.92923564e-01
4.17065501e-01
3.68813008e-01
3.46327871e-01
4.01357025e-01
3.64319086e-01
4.19853926e-01
3.67655247e-01
3.92010510e-01
3.99625301e-01
3.40415001e-01
3.39130014e-01
3.70029658e-01
3.52746338e-01
3.52010131e-01
3.51693332e-01
3.73531938e-01
3.29074621e-01
3.60841364e-01
3.45150650e-01
3.39976639e-01
3.48990440e-01
3.53719771e-01
3.27192068e-01
2.89775789e-01
3.07738215e-01
2.99163848e-01
2.99923152e-01
3.40567529e-01
2.66775399e-01
3.04837584e-01
3.17555070e-01
2.89436758e-01
3.03811520e-01
2.87184000e-01
3.00681770e-01
2.96402931e-01
3.26100767e-01
2.82288849e-01
3.25704694e-01
3.22802782e-01
2.84365863e-01
3.63025606e-01
2.93502539e-01
3.02609116e-01
3.44339430e-01
3.05410951e-01
3.53079230e-01
3.59725535e-01
3.55056047e-01
3.74599010e-01
3.27075213e-01
3.79206866e-01
3.44999462e-01
3.12023014e-01
3.70003909e-01
3.95261496e-01
3.76369923e-01
4.02410418e-01
4.10858929e-01
4.03734595e-01
3.70006651e-01
3.95671874e-01
3.76173645e-01
3.61446291e-01
3.79027635e-01
3.77136737e-01
3.90476733e-01
3.99660230e-01
3.39057207e-01
3.87769908e-01
3.75360668e-01
3.71542901e-01
3.71294379e-01
3.79537880e-01
4.09347832e-01
3.96806359e-01
3.80698532e-01
4.05632257e-01
3.65217984e-01
3.58019024e-01
3.83763373e-01
3.75568807e-01
3.71330887e-01
3.89744759e-01
3.66191506e-01
3.69770408e-01
3.56217206e-01
3.92539829e-01
3.77307385e-01
3.22294086e-01
3.88941556e-01
3.99046183e-01
2.89511502e-01
3.63040775e-01
3.81300092e-01
3.41919750e-01
3.67504746e-01
3.38505715e-01
3.30290258e-01
3.52262110e-01
3.22024405e-01
3.33747625e-01
3.17058384e-01
3.41751456e-01
3.27612936e-01
3.26700389e-01
3.18983704e-01
3.11228335e-01
3.03005248e-01
2.95220286e-01
3.15085679e-01
3.56074482e-01
2.78528273e-01
3.14978778e-01
3.16329688e-01
2.98066646e-01
2.74124056e-01
2.54300147e-01
2.27993131e-01
1.93651348e-01
2.48819306e-01
2.64999658e-01
2.28972316e-01
2.05405533e-01
2.12066427e-01
2.41719380e-01
2.72358656e-01
2.59732127e-01
2.18335792e-01
2.79327154e-01
2.64222652e-01
2.85342872e-01
3.02997053e-01
3.36960465e-01
3.03617775e-01
2.85059035e-01
3.51039141e-01
3.09993416e-01
2.88688004e-01
3.05854350e-01
3.08955759e-01
3.11603785e-01
3.18877727e-01
3.34428906e-01
3.48125607e-01
3.14858407e-01
3.06785941e-01
3.35558325e-01
3.72299194e-01
3.44625652e-01
3.28128099e-01
3.83699447e-01
3.77014697e-01
3.37489367e-01
3.61417592e-01
3.60377312e-01
3.33962739e-01
3.56738299e-01
3.33561569e-01
3.66097867e-01
3.62973005e-01
3.73623222e-01
4.02615011e-01
3.51604968e-01
3.55666876e-01
3.34341377e-01
3.69947791e-01
3.65413576e-01
3.68623555e-01
3.93119603e-01
3.48177165e-01
4.15627182e-01
3.51989299e-01
3.56019706e-01
3.97296101e-01
3.67776811e-01
3.48389179e-01
3.72100741e-01
3.55973154e-01
3.63617599e-01
3.72032970e-01
3.62170964e-01
3.65780860e-01
3.47646505e-01
3.58396590e-01
3.44236791e-01
3.54351461e-01
3.71567905e-01
3.70954454e-01
3.89167517e-01
3.67113292e-01
3.83166403e-01
3.88501436e-01
3.54023576e-01
3.73479187e-01
3.81617129e-01
3.57261300e-01
3.45024049e-01
3.73934180e-01
3.76441211e-01
3.82503092e-01
4.05374408e-01
3.50797534e-01
3.65020186e-01
3.44360918e-01
3.28249365e-01
3.70602548e-01
3.98181379e-01
3.83190423e-01
3.65288585e-01
3.52243423e-01
3.59728992e-01
3.95263463e-01
3.50012571e-01
3.23673159e-01
3.28098863e-01
3.42638731e-01
3.71928453e-01
3.51294190e-01
3.38966370e-01
3.23172629e-01
3.65015417e-01
3.59955430e-01
3.35345358e-01
3.42747301e-01
3.28047305e-01
3.22165728e-01
3.48613232e-01
3.48285794e-01
3.06954861e-01
3.44091624e-01
3.31936896e-01
3.31539005e-01
3.17308217e-01
3.20894390e-01
3.46901476e-01
3.58195752e-01
2.98421830e-01
3.01370054e-01
3.06209773e-01
3.09816927e-01
3.15017939e-01
3.01459610e-01
3.32220554e-01
3.02963495e-01
2.94654131e-01
2.87302285e-01
2.93856710e-01
2.87689507e-01
2.98451334e-01
2.60454148e-01
2.51812726e-01
2.85479963e-01
2.93018907e-01
2.92696625e-01
2.75452375e-01
2.31428564e-01
2.13076636e-01
2.11211920e-01
2.28910014e-01
2.16577798e-01
1.78709865e-01
1.92973375e-01
1.78581029e-01
1.48517430e-01
1.80578053e-01
1.92719802e-01
2.01859966e-01
2.09229723e-01
2.11368442e-01
2.44982898e-01
2.39245892e-01
2.28048354e-01
2.88867176e-01
2.56541878e-01
2.42268130e-01
2.52513498e-01
2.63894588e-01
2.55410999e-01
2.78976470e-01
2.63598680e-01
2.88589984e-01
2.66889215e-01
2.77376264e-01
2.97170818e-01
2.54766315e-01
2.49914289e-01
2.48811945e-01
2.75556654e-01
2.86495954e-01
3.17433387e-01
3.43259245e-01
3.45900148e-01
3.32103550e-01
2.86917895e-01
2.83678412e-01
3.07585120e-01
3.01211238e-01
3.14084113e-01
2.68936336e-01
2.72772104e-01
3.08513731e-01
3.32517445e-01
3.19224805e-01
3.49368274e-01
3.14868987e-01
2.98035473e-01
3.18248659e-01
3.06138426e-01
3.00337434e-01
3.08738917e-01
3.11336905e-01
3.09937090e-01
3.39861870e-01
3.07552367e-01
3.07897240e-01
2.95192987e-01
3.03267688e-01
3.40788901e-01
3.41340870e-01
3.12397629e-01
3.55137944e-01
3.23517948e-01
3.29131246e-01
3.17403972e-01
3.28504026e-01
3.26562583e-01
2.92864949e-01
3.27317744e-01
3.45679343e-01
3.45497847e-01
3.40485811e-01
3.40384603e-01
3.53907973e-01
3.68337482e-01
3.53234947e-01
3.13931793e-01
3.19059551e-01
3.48633438e-01
3.34583491e-01
3.31829369e-01
3.51549536e-01
3.32885861e-01
3.35087121e-01
3.29689682e-01
3.41615081e-01
3.30009669e-01
3.06088030e-01
3.32605809e-01
3.23247075e-01
3.32589030e-01
3.32281679e-01
3.57272416e-01
3.49425882e-01
3.57234120e-01
3.41323078e-01
3.59839201e-01
3.57874155e-01
3.52172226e-01
3.55574340e-01
3.41744691e-01
3.53961349e-01
3.58023196e-01
3.52918297e-01
3.77941251e-01
3.42146188e-01
3.23357254e-01
3.35751146e-01
3.21286917e-01
3.40743124e-01
3.81044418e-01
3.28404874e-01
3.28414679e-01
3.54165226e-01
3.09551537e-01
3.53360325e-01
3.38547260e-01
3.34695429e-01
3.29461277e-01
3.38500857e-01
3.41698229e-01
3.19769621e-01
3.45598429e-01
3.40101808e-01
3.48132074e-01
3.73077065e-01
3.27997744e-01
3.13550532e-01
3.23686332e-01
3.21274877e-01
3.14513147e-01
3.22462022e-01
3.40438664e-01
3.19663376e-01
3.50442380e-01
3.23667943e-01
3.22083145e-01
3.57289553e-01
3.40921044e-01
3.24096739e-01
3.35576147e-01
3.50616217e-01
3.45500380e-01
3.26067150e-01
3.41782629e-01
3.18086118e-01
3.28284711e-01
3.03172022e-01
3.38870794e-01
3.20323855e-01
3.01543295e-01
3.31384182e-01
3.33988547e-01
3.51262093e-01
3.32364500e-01
3.13762367e-01
3.31218094e-01
2.99725473e-01
3.31403822e-01
3.14462394e-01
3.26093376e-01
3.38634551e-01
3.01165223e-01
3.35042596e-01
3.23960155e-01
2.82054096e-01
3.26876104e-01
3.35611552e-01
3.12617272e-01
3.41163784e-01
3.12603563e-01
2.83820212e-01
3.09239894e-01
3.14008355e-01
3.03377271e-01
2.88403809e-01
2.93759942e-01
3.00386429e-01
3.16851139e-01
3.03091019e-01
3.20189416e-01
3.48794103e-01
2.90689886e-01
3.12605083e-01
3.02065372e-01
2.90832847e-01
2.88960189e-01
2.89426506e-01
3.17429155e-01
2.85441130e-01
2.85133839e-01
3.13055724e-01
2.94044614e-01
3.02743524e-01
3.04896414e-01
2.93373972e-01
2.83702612e-01
2.80619979e-01
2.92701036e-01
2.83302903e-01
3.01583946e-01
2.66912699e-01
2.72129655e-01
3.03035289e-01
2.75367230e-01
3.08610618e-01
2.70253509e-01
2.56615996e-01
2.86805332e-01
2.86284924e-01
2.75202125e-01
2.78387040e-01
2.55360544e-01
2.51759350e-01
2.70186782e-01
2.45713755e-01
2.54814833e-01
2.59477109e-01
2.63405919e-01
2.48949975e-01
2.55947024e-01
2.74873763e-01
2.63319880e-01
2.51717359e-01
2.57063419e-01
2.35940143e-01
2.61210561e-01
2.66873807e-01
2.23915339e-01
2.37609074e-01
2.60166615e-01
2.29749873e-01
2.31653124e-01
2.67165691e-01
2.46616751e-01
2.36810952e-01
2.10869879e-01
2.03462556e-01
2.37975016e-01
2.28538379e-01
2.11703494e-01
2.01708719e-01
2.05390140e-01
1.95668876e-01
1.92443892e-01
1.99881315e-01
2.11389527e-01
1.59191251e-01
1.58526048e-01
1.41356021e-01
1.31838828e-01
1.37629986e-01
1.46085277e-01
1.67621881e-01
2.08162680e-01
2.11892709e-01
2.00570315e-01
2.05023170e-01
2.08355799e-01
2.21005663e-01
2.11674884e-01
2.17715532e-01
2.24292949e-01
2.00099900e-01
2.27217570e-01
2.42443651e-01
2.34016463e-01
2.63922751e-01
2.76345849e-01
2.14929253e-01
2.46406004e-01
2.46199831e-01
2.43628398e-01
2.39549786e-01
2.33647510e-01
2.39589050e-01
2.24383637e-01
2.50871658e-01
2.42878109e-01
2.56520599e-01
2.55633771e-01
2.31157973e-01
2.36655906e-01
2.31203765e-01
2.35647231e-01
2.32302248e-01
2.46162608e-01
2.47227818e-01
2.58637011e-01
2.37824589e-01
2.38132209e-01
2.37580776e-01
2.56838888e-01
2.47108817e-01
2.55349785e-01
2.52057225e-01
2.42248014e-01
2.56339997e-01
2.57015586e-01
2.43909776e-01
2.80630678e-01
2.59518355e-01
2.47557998e-01
2.67831892e-01
2.86002159e-01
2.78661549e-01
2.58311927e-01
2.83956468e-01
2.48852462e-01
2.46534675e-01
2.70005822e-01
2.62385249e-01
2.54110366e-01
2.61602521e-01
3.03287655e-01
2.81673700e-01
2.49314606e-01
2.60098130e-01
2.63050824e-01
2.68690377e-01
2.90041357e-01
2.82692462e-01
2.76821166e-01
2.82694697e-01
2.73408026e-01
2.65156120e-01
2.54347265e-01
2.64181584e-01
2.78499126e-01
2.60161102e-01
2.49616638e-01
2.48333782e-01
2.52775460e-01
2.70498961e-01
2.74089366e-01
2.54411668e-01
2.61943161e-01
2.82508194e-01
2.58133590e-01
2.83823907e-01
2.75937945e-01
2.55311489e-01
2.65881807e-01
2.52653986e-01
2.60838985e-01
2.86406219e-01
2.62302607e-01
2.67687768e-01
2.79205024e-01
2.81895757e-01
2.49263257e-01
2.69541442e-01
2.60889322e-01
2.57681906e-01
2.75758773e-01
2.62961745e-01
2.40872681e-01
2.63518661e-01
2.76149929e-01
2.74654239e-01
2.71428585e-01
2.79901654e-01
2.57238746e-01
2.70366043e-01
2.64383733e-01
2.51943618e-01
2.73233294e-01
2.49629021e-01
2.54108667e-01
2.74738073e-01
2.60938346e-01
2.57867396e-01
2.46278465e-01
2.53246307e-01
2.99296528e-01
2.61293739e-01
2.55680531e-01
2.84322172e-01
2.99127549e-01
2.62671798e-01
2.44990155e-01
2.60675997e-01
2.65441209e-01
2.95072585e-01
2.66128212e-01
2.55323261e-01
2.63131589e-01
2.47404531e-01
2.67636687e-01
2.85933554e-01
2.74283588e-01
2.68647879e-01
2.64181823e-01
2.52433717e-01
2.71371037e-01
2.83844382e-01
2.73549765e-01
2.78706729e-01
2.67132580e-01
2.57721514e-01
2.69299746e-01
2.59855121e-01
2.56749749e-01
2.43006274e-01
2.57061541e-01
2.40789980e-01
2.60871053e-01
2.95840919e-01
2.70806372e-01
2.72890955e-01
2.76984096e-01
2.91778833e-01
2.76059180e-01
2.71689057e-01
2.73961395e-01
2.81203240e-01
2.41749585e-01
2.66609848e-01
2.71062791e-01
2.63234317e-01
2.85889924e-01
2.65417874e-01
2.41253391e-01
2.67091930e-01
2.70385236e-01
2.70250440e-01
2.66137183e-01
2.55156904e-01
2.39764258e-01
2.52588362e-01
2.90495992e-01
2.86527067e-01
2.42596984e-01
2.50858217e-01
2.64318317e-01
2.55806386e-01
2.42517695e-01
2.48333126e-01
2.82667696e-01
2.37850770e-01
2.24330932e-01
2.60151625e-01
2.54091531e-01
2.41528928e-01
2.58077294e-01
2.51445055e-01
2.59376138e-01
2.40143642e-01
2.61950999e-01
2.48682559e-01
2.69870847e-01
2.82414526e-01
2.53159642e-01
2.45900825e-01
2.44841948e-01
2.52103955e-01
2.56364703e-01
2.49189213e-01
2.67743945e-01
2.56996959e-01
2.31126100e-01
2.36066639e-01
2.51183659e-01
2.62263268e-01
2.37216055e-01
2.52659768e-01
2.51820475e-01
2.42243096e-01
2.37771139e-01
2.44663358e-01
2.54410118e-01
2.58844376e-01
2.32456446e-01
2.21107721e-01
2.36566499e-01
2.35893905e-01
2.61729449e-01
2.65258551e-01
2.43495613e-01
2.47811958e-01
2.56389052e-01
2.52044469e-01
2.42700621e-01
2.42444992e-01
2.37455904e-01
2.48628631e-01
2.45685488e-01
2.46230677e-01
2.30979785e-01
2.27083609e-01
2.15536639e-01
2.40188494e-01
2.35743001e-01
2.23482758e-01
2.50606120e-01
2.30057895e-01
2.34030828e-01
2.53022313e-01
2.21341446e-01
2.48573437e-01
2.31930897e-01
2.32779190e-01
2.49480128e-01
2.36237496e-01
2.11593896e-01
2.43705437e-01
2.42129594e-01
2.21045896e-01
2.45084539e-01
2.24023491e-01
2.29840949e-01
2.33043417e-01
2.20455647e-01
2.29324892e-01
2.32186228e-01
2.22433224e-01
2.35257715e-01
2.38708451e-01
2.36723959e-01
2.34682441e-01
2.23655477e-01
2.43101075e-01
2.43694782e-01
2.51703173e-01
2.21015394e-01
2.43789524e-01
2.37684995e-01
2.20684469e-01
2.33368203e-01
2.32782081e-01
2.34009579e-01
2.19717935e-01
2.29921490e-01
2.31003255e-01
2.37820342e-01
2.16411799e-01
2.10555553e-01
2.40437746e-01
2.34847277e-01
2.07618311e-01
1.98787764e-01
2.29878083e-01
2.32000232e-01
2.22250670e-01
2.20527738e-01
2.18850613e-01
2.05826461e-01
2.19331920e-01
2.29743481e-01
2.13943496e-01
2.24057049e-01
2.26093426e-01
2.38724992e-01
2.17630744e-01
2.13635057e-01
2.25719348e-01
2.19429895e-01
2.19149187e-01
2.25054026e-01
2.18901560e-01
2.11328238e-01
2.28569537e-01
2.44459555e-01
2.50640273e-01
2.21573591e-01
2.05519676e-01
2.27761313e-01
2.06986070e-01
2.05034718e-01
2.13427424e-01
2.09250554e-01
2.12822244e-01
2.04589024e-01
2.00515524e-01
2.03775495e-01
2.25123584e-01
2.18454748e-01
2.19068766e-01
2.09532827e-01
2.01450765e-01
2.11539432e-01
2.11736128e-01
2.14248314e-01
2.21074387e-01
2.11256385e-01
1.94427386e-01
2.13730827e-01
2.17729270e-01
2.19650239e-01
2.17290759e-01
2.14505002e-01
2.11615086e-01
2.10080266e-01
2.39683747e-01
2.10524932e-01
2.34116212e-01
2.22085655e-01
2.08117977e-01
2.07128882e-01
2.20556855e-01
1.86933413e-01
1.91821858e-01
2.15550452e-01
2.15545595e-01
2.02797398e-01
2.21701145e-01
2.04258814e-01
2.05528393e-01
2.10861012e-01
2.11534083e-01
2.03038111e-01
2.11838171e-01
1.96868986e-01
2.19856575e-01
2.16084912e-01
2.24493667e-01
2.03575447e-01
1.99069992e-01
2.06838369e-01
2.15077221e-01
2.08543077e-01
1.97963804e-01
2.02145383e-01
2.04860762e-01
2.16560349e-01
2.10790828e-01
2.04064861e-01
2.10564196e-01
1.85914099e-01
1.98825359e-01
1.88335761e-01
1.92437649e-01
1.96046174e-01
1.96331352e-01
2.04723477e-01
1.99944317e-01
2.02444196e-01
1.86031938e-01
1.86709031e-01
1.93833455e-01
2.05006391e-01
2.03845799e-01
1.97391823e-01
1.98267072e-01
2.02089235e-01
2.04575881e-01
2.05930665e-01
1.75814793e-01
1.94799364e-01
1.80832505e-01
1.77684903e-01
1.80493310e-01
1.61763445e-01
1.97026283e-01
2.01682761e-01
1.91998184e-01
1.63710743e-01
1.82181165e-01
2.05193326e-01
1.84878394e-01
1.91057310e-01
1.85796186e-01
1.86113998e-01
1.90316051e-01
1.79075852e-01
1.81973428e-01
1.74361035e-01
1.82784423e-01
1.76221862e-01
1.85012102e-01
1.72204986e-01
1.66147396e-01
1.97670594e-01
1.67825371e-01
1.75497383e-01
1.69892803e-01
1.63602725e-01
1.74026936e-01
1.74257413e-01
1.83887899e-01
1.86145023e-01
1.84700876e-01
1.86903074e-01
1.70101717e-01
1.65985793e-01
1.76978350e-01
1.82486236e-01
1.68785468e-01
1.63201526e-01
1.70466542e-01
1.61586940e-01
1.86045066e-01
1.62990868e-01
1.63755000e-01
1.67829424e-01
1.64068043e-01
1.63130835e-01
1.58895448e-01
1.65159434e-01
1.83350667e-01
1.73543334e-01
1.58078834e-01
1.54158577e-01
1.71855897e-01
1.56821132e-01
1.51424631e-01
1.72671750e-01
1.74782142e-01
1.62659928e-01
1.51587918e-01
1.44713461e-01
1.47421047e-01
1.65968165e-01
1.42435402e-01
1.51331291e-01
1.53646931e-01
1.47428006e-01
1.65273860e-01
1.47103325e-01
1.47580951e-01
1.65646523e-01
1.33585006e-01
1.52151823e-01
1.55339986e-01
1.34529188e-01
1.51105925e-01
1.75085187e-01
1.57836184e-01
1.42063171e-01
1.23455301e-01
1.49273142e-01
1.61004826e-01
1.33342981e-01
1.25331253e-01
1.31287649e-01
1.44834444e-01
1.30482361e-01
1.24524720e-01
1.27274379e-01
1.25007227e-01
1.18671581e-01
1.01775646e-01
1.12480931e-01
1.13458931e-01
1.20416276e-01
1.31933317e-01
1.32423997e-01
1.36376038e-01
1.26913458e-01
1.54086456e-01
1.24689654e-01
1.32242516e-01
1.35681659e-01
1.30342409e-01
1.50519773e-01
1.53042793e-01
1.43834323e-01
1.59121156e-01
1.55308574e-01
1.44354090e-01
1.36784002e-01
1.52204379e-01
1.57685444e-01
1.36247009e-01
1.54493481e-01
1.54888451e-01
1.35716259e-01
1.32260785e-01
1.46901041e-01
1.19267583e-01
1.26767293e-01
1.39637560e-01
1.40801862e-01
1.35430992e-01
1.38947234e-01
1.21161461e-01
1.40534371e-01
1.58538938e-01
1.58390164e-01
1.51240349e-01
1.28338277e-01
1.52982607e-01
1.43803164e-01
1.42809629e-01
1.58882454e-01
1.54411182e-01
1.44839033e-01
1.46602482e-01
1.47924945e-01
1.48681208e-01
1.48743212e-01
1.48134142e-01
1.49271786e-01
1.53504461e-01
1.48795292e-01
1.46498829e-01
1.39791340e-01
1.42240673e-01
1.60661951e-01
1.45078912e-01
1.41338617e-01
1.46617323e-01
1.42999262e-01
1.52267560e-01
1.44023672e-01
1.39206916e-01
1.46793574e-01
1.50022537e-01
1.42493621e-01
1.37414262e-01
1.50762156e-01
1.60986796e-01
1.55960590e-01
1.35882765e-01
1.31951153e-01
1.55738443e-01
1.52392194e-01
1.59528017e-01
1.47709161e-01
1.34309307e-01
1.48095578e-01
1.57287300e-01
1.52597368e-01
1.36144891e-01
1.51289314e-01
1.72272891e-01
1.64235130e-01
1.56425849e-01
1.34857163e-01
1.59389123e-01
1.66634992e-01
1.53714269e-01
1.45891085e-01
1.58804879e-01
1.57421857e-01
1.46318942e-01
1.46961719e-01
1.39245763e-01
1.54480204e-01
1.46694064e-01
1.57755241e-01
1.69716120e-01
1.65207714e-01
1.64985672e-01
1.65767610e-01
1.70094907e-01
1.45023227e-01
1.62870333e-01
1.61675781e-01
1.47762626e-01
1.54757291e-01
1.50288448e-01
1.60589844e-01
1.59657374e-01
1.40949145e-01
1.40223131e-01
1.60958380e-01
1.71553016e-01
1.23856895e-01
1.71629459e-01
1.48647949e-01
1.42901301e-01
1.65490732e-01
1.53799057e-01
1.40735582e-01
1.50975034e-01
1.66318804e-01
1.68938980e-01
1.54134229e-01
1.47918925e-01
1.46179140e-01
1.53700486e-01
1.51222333e-01
1.52663171e-01
1.47496402e-01
1.60188049e-01
1.44022718e-01
1.53182492e-01
1.58392847e-01
1.35928556e-01
1.42081857e-01
1.57251582e-01
1.43526077e-01
1.63304731e-01
1.71115622e-01
1.55590817e-01
1.48205727e-01
1.47878394e-01
1.58939153e-01
1.63964048e-01
1.44947499e-01
1.40211821e-01
1.47728324e-01
1.52488053e-01
1.50827095e-01
1.51601925e-01
1.37271911e-01
1.40011787e-01
1.38207033e-01
1.48712516e-01
1.53948754e-01
1.35570124e-01
1.76246941e-01
1.51003376e-01
1.42818525e-01
1.56345934e-01
1.45570934e-01
1.51243791e-01
1.33189857e-01
1.45832822e-01
1.47275329e-01
1.40137389e-01
1.55861691e-01
1.54343918e-01
1.43660501e-01
1.37894958e-01
1.50091842e-01
1.49798959e-01
1.53408602e-01
1.63072377e-01
1.39058247e-01
1.56816825e-01
1.55978754e-01
1.33445442e-01
1.43355399e-01
1.42779395e-01
1.36055380e-01
1.36715844e-01
1.50920585e-01
1.58993706e-01
1.48513407e-01
1.53814614e-01
1.55802980e-01
1.54979646e-01
1.31736532e-01
1.33197218e-01
1.49686575e-01
1.57903329e-01
1.52750969e-01
1.42011002e-01
1.44071653e-01
1.46500021e-01
1.46025896e-01
1.41377121e-01
1.59415767e-01
1.54161602e-01
1.57394037e-01
1.45540759e-01
1.31019682e-01
1.46064848e-01
1.57395750e-01
1.34686708e-01
1.29054576e-01
1.37170628e-01
1.36448234e-01
1.58806533e-01
1.41438976e-01
1.32386386e-01
1.48822173e-01
1.34524912e-01
1.36531442e-01
1.37271881e-01
1.52413994e-01
1.48755178e-01
1.42330259e-01
1.32976472e-01
1.44465402e-01
1.39022544e-01
1.42120332e-01
1.33265719e-01
1.42858222e-01
1.49682924e-01
1.40681103e-01
1.49639621e-01
1.33939222e-01
1.53192341e-01
1.55870229e-01
1.48173362e-01
1.48583621e-01
1.37165383e-01
1.46528587e-01
1.43595263e-01
1.37436047e-01
1.34134412e-01
1.31755844e-01
1.26414508e-01
1.49794146e-01
1.52647674e-01
1.61844105e-01
1.45907819e-01
1.35641962e-01
1.34843439e-01
1.37606815e-01
1.40265137e-01
1.60565540e-01
1.61359161e-01
1.22724302e-01
1.26626134e-01
1.36892661e-01
1.33704260e-01
1.30036384e-01
1.34691432e-01
1.20596632e-01
1.43723577e-01
1.22507021e-01
1.09687522e-01
1.43163234e-01
1.44299924e-01
1.22966662e-01
1.17376007e-01
1.39920861e-01
1.51138842e-01
1.28348306e-01
1.46923617e-01
1.52040213e-01
1.29263967e-01
1.27294704e-01
1.36690170e-01
1.37258545e-01
1.16305172e-01
1.31069168e-01
1.46417946e-01
1.36385813e-01
1.39365613e-01
1.33756697e-01
1.34255245e-01
1.29972652e-01
1.25856504e-01
1.33231476e-01
1.49661288e-01
1.37323141e-01
1.41949505e-01
1.42755613e-01
1.42965287e-01
1.50296360e-01
1.36149034e-01
1.46364614e-01
1.37919590e-01
1.38301507e-01
1.30895138e-01
1.28521144e-01
1.36392504e-01
1.32516637e-01
1.43609881e-01
1.26272142e-01
1.20773621e-01
1.37700364e-01
1.40663087e-01
1.26922905e-01
1.31130278e-01
1.42375574e-01
1.14336178e-01
1.34392783e-01
1.32331923e-01
1.33522645e-01
1.22347616e-01
1.31415829e-01
1.34765416e-01
1.23161621e-01
1.16974056e-01
1.15125045e-01
1.20805383e-01
1.27937421e-01
1.36703447e-01
1.26073033e-01
1.30451754e-01
1.36670977e-01
1.23562731e-01
1.44778803e-01
1.36160329e-01
1.30299300e-01
1.18488371e-01
1.21380217e-01
1.14349402e-01
1.24765135e-01
1.11154929e-01
1.25873968e-01
1.32404268e-01
1.29950821e-01
1.35603726e-01
1.33048847e-01
1.20132603e-01
1.13443322e-01
1.25744760e-01
1.35911152e-01
1.23968065e-01
1.36481315e-01
1.46592513e-01
1.23757653e-01
1.24738388e-01
1.28922865e-01
1.36098608e-01
1.29551500e-01
1.23190068e-01
1.30180910e-01
1.20690681e-01
1.22661881e-01
1.26524940e-01
1.11512467e-01
1.33132994e-01
1.23465993e-01
1.18807822e-01
1.24966167e-01
1.31799921e-01
1.46005303e-01
1.32135093e-01
1.23793945e-01
1.23408936e-01
1.36100397e-01
1.24650985e-01
1.13090359e-01
1.16015203e-01
1.28651097e-01
1.35000482e-01
1.18026443e-01
1.13071613e-01
1.23493522e-01
1.22708581e-01
1.12780064e-01
1.18886329e-01
1.23982623e-01
1.22066624e-01
1.17870413e-01
1.11146547e-01
1.13772757e-01
1.13932185e-01
1.18261456e-01
1.22034781e-01
1.22701950e-01
1.25751436e-01
1.03355639e-01
1.23330198e-01
1.41611993e-01
1.24745376e-01
1.09097272e-01
1.21696077e-01
1.06399179e-01
1.03939772e-01
1.16452180e-01
1.27495393e-01
1.15066469e-01
1.10434055e-01
1.26302734e-01
1.26773730e-01
1.11322291e-01
1.18479937e-01
1.11954935e-01
1.10633038e-01
9.99001935e-02
1.02432974e-01
1.16965011e-01
1.35534897e-01
1.14071101e-01
1.10409208e-01
1.15793213e-01
1.19288012e-01
1.17408738e-01
1.17271610e-01
1.22458123e-01
1.09498546e-01
1.20009638e-01
1.27824903e-01
9.60920602e-02
1.09058149e-01
1.10936441e-01
9.85444561e-02
1.18462652e-01
1.15876362e-01
1.15885265e-01
1.14761338e-01
1.11993536e-01
1.29223496e-01
1.08473904e-01
9.71376225e-02
1.07370675e-01
1.15296960e-01
1.27411768e-01
1.05064608e-01
1.15406677e-01
1.19207948e-01
1.09483257e-01
1.18857957e-01
1.16652861e-01
1.09205544e-01
1.07014075e-01
1.22561969e-01
1.29443377e-01
1.03050575e-01
9.17567387e-02
9.80255902e-02
9.81790423e-02
1.23860180e-01
1.23999037e-01
1.12117849e-01
1.13925874e-01
1.10320635e-01
1.09091662e-01
1.19469844e-01
1.11781143e-01
1.22262642e-01
1.21566929e-01
1.14601761e-01
1.19475923e-01
1.07995123e-01
1.10811867e-01
1.22660294e-01
1.08670101e-01
9.81164500e-02
1.20023705e-01
1.11055911e-01
1.00093029e-01
1.29966944e-01
1.10715747e-01
1.18229136e-01
1.01863287e-01
1.09798595e-01
1.28914356e-01
1.11758560e-01
1.06730171e-01
1.12667680e-01
1.15403131e-01
9.73485932e-02
1.01780899e-01
1.07468076e-01
1.00993693e-01
1.01516120e-01
1.22198395e-01
1.06915414e-01
1.01019755e-01
1.09910481e-01
1.11921832e-01
1.17737614e-01
1.10283345e-01
1.09599933e-01
1.15110904e-01
1.00552820e-01
8.26218128e-02
1.08346276e-01
1.16014853e-01
1.02288619e-01
1.05523191e-01
1.06442742e-01
1.10897817e-01
1.20271511e-01
9.93569940e-02
1.02167055e-01
1.10239841e-01
1.03715234e-01
1.00989252e-01
1.00172237e-01
9.03880075e-02
9.83589292e-02
1.00716062e-01
1.08029887e-01
1.17298879e-01
1.00077197e-01
1.05160132e-01
1.00209266e-01
9.41022336e-02
9.61827338e-02
1.04200445e-01
1.01841860e-01
1.04359195e-01
1.18086770e-01
9.69133526e-02
1.04147419e-01
1.15508214e-01
1.04379565e-01
8.94797370e-02
1.00011922e-01
1.08961307e-01
1.10777132e-01
1.19921625e-01
1.10134281e-01
1.00140072e-01
9.83913839e-02
9.24071819e-02
9.82551426e-02
1.01759493e-01
9.28191543e-02
9.29742381e-02
9.38091800e-02
9.63054746e-02
1.06090970e-01
1.05740234e-01
1.22929826e-01
1.07115023e-01
1.01013660e-01
9.04096961e-02
9.91924554e-02
1.14890009e-01
1.10561982e-01
1.08898751e-01
1.10152982e-01
1.04803085e-01
1.05881639e-01
9.19975340e-02
9.93912891e-02
9.45759416e-02
8.40136260e-02
9.12036002e-02
1.13474816e-01
9.95662510e-02
1.06585175e-01
1.12025082e-01
9.59770828e-02
1.08647965e-01
1.07343949e-01
1.00979514e-01
1.04490288e-01
9.11759436e-02
1.08139202e-01
1.10322431e-01
1.03509851e-01
9.27287340e-02
8.98319185e-02
1.08727627e-01
1.00964993e-01
9.17515829e-02
1.06060408e-01
9.15296823e-02
9.10053700e-02
9.51010063e-02
8.84593055e-02
8.93708393e-02
1.02273166e-01
1.07626937e-01
1.01719484e-01
8.86264071e-02
8.39686692e-02
1.04239047e-01
1.04505084e-01
9.32556391e-02
1.00448154e-01
9.88655984e-02
1.42367512e-01
5.09269595e-01
5.02366841e-01
6.41726494e-01
3.91298294e-01
5.13713419e-01
2.55565464e-01
1.08589672e-01
1.07797317e-01
1.09692723e-01
9.57445651e-02
9.75469574e-02
9.05477181e-02
1.05173931e-01
9.86989513e-02
8.64558890e-02
9.47820544e-02
1.03011116e-01
9.58623365e-02
1.19569324e-01
9.94734615e-02
8.06719214e-02
8.88351947e-02
1.16764061e-01
9.60070938e-02
8.28267932e-02
9.19795632e-02
8.93994123e-02
8.85123014e-02
1.08726136e-01
8.78711492e-02
1.01848274e-01
1.06434263e-01
9.26516354e-02
1.02215081e-01
8.52812752e-02
8.39318335e-02
8.33143741e-02
8.24622661e-02
1.00298055e-01
9.73623320e-02
9.29489732e-02
1.00982316e-01
9.80320275e-02
9.98704135e-02
9.97247621e-02
9.57439393e-02
8.15268159e-02
8.49978179e-02
8.59175026e-02
8.51967260e-02
9.63858813e-02
1.03851408e-01
9.30841565e-02
7.68715441e-02
9.55371335e-02
1.01070821e-01
1.11808784e-01
1.35057166e-01
9.07211304e-02
1.02497667e-01
9.66493785e-02
9.62001309e-02
1.05026782e-01
8.91161263e-02
8.78058672e-02
8.33589584e-02
9.31858793e-02
9.41283330e-02
8.48460123e-02
9.87308249e-02
8.75290036e-02
8.84342417e-02
9.40916091e-02
8.47985819e-02
8.54973048e-02
9.19868499e-02
8.30590054e-02
8.17752033e-02
9.77821872e-02
9.49751362e-02
8.92791897e-02
7.92394280e-02
1.04117334e-01
9.26754400e-02
8.67376402e-02
9.51901153e-02
9.76026431e-02
1.22356325e-01
8.62108245e-02
8.57885480e-02
1.06771298e-01
8.36976767e-02
8.15274119e-02
9.07507837e-02
1.07784048e-01
9.61047933e-02
8.56911987e-02
1.00444779e-01
6.56030104e-02
8.73432308e-02
1.04948349e-01
9.57575738e-02
9.15327817e-02
8.27620625e-02
7.90846050e-02
8.49418491e-02
8.51357654e-02
9.38972384e-02
8.68027508e-02
8.53873044e-02
9.30648595e-02
9.35157314e-02
8.00809860e-02
7.23927915e-02
8.79184678e-02
8.76089334e-02
7.81517178e-02
9.41541865e-02
9.72638801e-02
7.72288367e-02
7.36565739e-02
8.30799118e-02
8.21920857e-02
9.64967832e-02
8.35742280e-02
8.60035270e-02
1.22328341e-01
9.88357291e-02
7.49790967e-02
9.92856473e-02
7.49700889e-02
7.92930052e-02
9.70071852e-02
7.32788369e-02
8.16100165e-02
8.57023150e-02
7.34193623e-02
8.58939439e-02
1.01198137e-01
9.86058488e-02
8.87780413e-02
8.58034417e-02
8.13127086e-02
7.95167163e-02
7.61479735e-02
9.24159810e-02
9.53224376e-02
8.50699618e-02
9.20404419e-02
9.01408121e-02
7.81533644e-02
7.58062825e-02
9.27195847e-02
8.41812491e-02
8.10530633e-02
8.93673599e-02
8.68291706e-02
8.85854140e-02
8.21757987e-02
7.76875839e-02
8.32166821e-02
8.34110528e-02
8.39405954e-02
9.19844285e-02
8.81761909e-02
8.51781219e-02
8.07256028e-02
7.69393593e-02
6.83812201e-02
7.32170790e-02
8.26541558e-02
8.45190883e-02
9.07161012e-02
8.96469876e-02
7.47727603e-02
9.18734297e-02
8.12300444e-02
7.45553002e-02
8.37804228e-02
9.19240192e-02
7.91947022e-02
8.66423771e-02
7.53500834e-02
9.83444378e-02
9.37665254e-02
8.46588165e-02
8.46901834e-02
8.79810899e-02
8.58709142e-02
7.61479959e-02
9.68649760e-02
1.08308651e-01
7.13725612e-02
8.77505690e-02
7.36045316e-02
8.72661099e-02
7.44624063e-02
8.12956020e-02
7.52037540e-02
9.78526473e-02
8.11035931e-02
7.01398253e-02
6.94649816e-02
9.33489576e-02
7.74927586e-02
6.52189851e-02
8.72998163e-02
9.04818997e-02
7.46414736e-02
7.28802830e-02
6.83031157e-02
7.76700974e-02
7.71094710e-02
7.91819245e-02
7.75188357e-02
8.91234949e-02
8.70720670e-02
8.61305892e-02
7.29226544e-02
7.22550377e-02
7.18653724e-02
8.60254243e-02
8.24178383e-02
7.02282935e-02
9.54086706e-02
6.79253861e-02
7.24912509e-02
8.77426416e-02
7.93268681e-02
7.92826265e-02
8.12382773e-02
8.04377198e-02
7.19787404e-02
7.34822378e-02
7.42672607e-02
5.82091287e-02
6.85769096e-02
1.15917124e-01
1.22840926e-01
1.83504045e-01
1.28675237e-01
1.21334948e-01
1.12266831e-01
1.41376570e-01
1.22919992e-01
1.09122969e-01
9.62502435e-02
8.94933045e-02
6.71333522e-02
6.88094795e-02
7.06355050e-02
8.10394511e-02
1.02450028e-01
7.68232271e-02
8.65598246e-02
8.38535205e-02
7.17050880e-02
9.30404067e-02
9.30872858e-02
7.95654505e-02
7.81762823e-02
8.07458460e-02
7.19417259e-02
7.16609284e-02
8.69087949e-02
7.92704821e-02
7.35356063e-02
8.25324804e-02
6.91285729e-02
7.45815486e-02
9.23816264e-02
8.13966021e-02
8.40565190e-02
8.54904726e-02
7.48322159e-02
7.05472082e-02
8.74220207e-02
7.75108114e-02
7.74702057e-02
8.18285048e-02
9.45766792e-02
1.02685317e-01
8.00947100e-02
7.71010071e-02
9.11015421e-02
8.15030634e-02
8.26015994e-02
7.65213370e-02
1.00805789e-01
7.82904550e-02
6.87476471e-02
7.49162361e-02
7.14757293e-02
7.67274126e-02
8.97611529e-02
7.23256320e-02
6.37792125e-02
8.10564831e-02
7.49365613e-02
7.53615946e-02
6.78685904e-02
7.96351209e-02
8.20978433e-02
8.44003335e-02
8.06103125e-02
7.71054178e-02
7.00876117e-02
9.22895670e-02
7.73645714e-02
7.99879059e-02
8.70580450e-02
7.60992542e-02
7.55273104e-02
8.82556885e-02
6.93122074e-02
7.08564520e-02
7.92422667e-02
7.34148324e-02
8.73285085e-02
8.07058588e-02
8.38712826e-02
6.35685548e-02
7.28445351e-02
6.81250691e-02
7.21321031e-02
6.47725463e-02
7.54873157e-02
6.11945316e-02
9.17108282e-02
8.18750560e-02
7.51572698e-02
8.14754069e-02
7.35590830e-02
8.31566378e-02
8.19709450e-02
7.50870481e-02
8.52984190e-02
7.04215840e-02
7.06718788e-02
7.07423985e-02
7.55917132e-02
9.30853784e-02
6.76083192e-02
6.08281717e-02
7.29028285e-02
6.77102506e-02
7.04099461e-02
7.66209215e-02
7.01890364e-02
7.16369599e-02
7.59268552e-02
7.35289827e-02
6.96993098e-02
6.09656200e-02
6.80630207e-02
6.92193210e-02
8.31626430e-02
6.99804276e-02
7.51124397e-02
7.41156489e-02
6.41003400e-02
8.38048607e-02
7.96259344e-02
7.17935711e-02
6.22428507e-02
6.92453161e-02
7.43679479e-02
8.68608430e-02
7.64373317e-02
7.04997033e-02
7.42980018e-02
7.03378469e-02
6.83756843e-02
7.78383836e-02
8.17620754e-02
7.11214021e-02
8.04995149e-02
5.51886633e-02
7.48628378e-02
9.67683941e-02
6.17839135e-02
9.04747471e-02
7.57926553e-02
7.29843751e-02
8.63652453e-02
7.21564591e-02
6.21911325e-02
8.09647515e-02
7.50032067e-02
8.33242014e-02
7.32807964e-02
6.58326298e-02
8.43500867e-02
7.24716261e-02
7.46511966e-02
8.85373726e-02
8.60455930e-02
7.74328560e-02
5.76888584e-02
5.67360483e-02
7.07868040e-02
6.92293718e-02
7.06551671e-02
6.04538731e-02
5.73503226e-02
7.69425035e-02
7.76201487e-02
7.69797564e-02
6.18434511e-02
6.85924739e-02
7.07329586e-02
7.09482133e-02
6.41192272e-02
7.38415569e-02
9.12615806e-02
7.21137524e-02
8.44455734e-02
7.21275359e-02
6.04044721e-02
8.82871300e-02
1.00467086e-01
8.94587412e-02
6.68728501e-02
7.48005137e-02
8.33173618e-02
8.37456957e-02
7.14587644e-02
7.12486133e-02
8.37177858e-02
7.59761035e-02
7.35596716e-02
7.60539696e-02
6.80087954e-02
0.00000000e+00
6.31793737e-02
6.90067634e-02
5.50146997e-02
6.42167628e-02
7.95661882e-02
7.49628097e-02
5.48855402e-02
7.24693164e-02
8.48418549e-02
5.82996644e-02
6.42190725e-02
7.93733224e-02
7.22507238e-02
8.53578374e-02
7.19470531e-02
7.57308379e-02
5.64571805e-02
5.90979084e-02
7.38197193e-02
6.28942326e-02
7.35812038e-02
6.60296902e-02
6.85849041e-02
7.76909962e-02
5.92544228e-02
8.01446810e-02
5.73703125e-02
5.74307777e-02
6.38181791e-02
7.32781440e-02
1.01801448e-01
6.28128275e-02
5.44491187e-02
7.56050199e-02
7.69642368e-02
8.34228024e-02
7.06915036e-02
6.55973032e-02
7.13509396e-02
7.09676221e-02
6.35375679e-02
7.52516761e-02
9.01880190e-02
6.36639819e-02
6.61824346e-02
6.31334409e-02
7.18220472e-02
6.60582036e-02
7.10205287e-02
6.67963326e-02
5.99696077e-02
6.09407425e-02
7.33739436e-02
9.10655111e-02
7.67713413e-02
7.93755576e-02
7.97180608e-02
7.71911144e-02
6.45625368e-02
8.77786428e-02
5.99337295e-02
7.40526393e-02
7.41024464e-02
7.32792914e-02
7.62362033e-02
6.19122460e-02
8.09459537e-02
7.45293498e-02
5.90125695e-02
8.71456563e-02
8.48141089e-02
5.22823483e-02
6.41903207e-02
7.68074542e-02
7.05771893e-02
7.52377510e-02
6.97891340e-02
6.04893900e-02
8.18205550e-02
6.36975765e-02
7.29176924e-02
7.45484754e-02
7.13899955e-02
6.99709579e-02
7.42287189e-02
7.29033127e-02
6.53005540e-02
7.23026693e-02
6.93677440e-02
7.27171525e-02
7.78529048e-02
5.90432622e-02
7.34949857e-02
7.55161867e-02
5.98072037e-02
1.01019479e-01
1.61627978e-01
1.41551137e-01
2.63244480e-01
2.11072519e-01
1.20930411e-01
7.83577785e-02
7.97428712e-02
1.06242307e-01
6.60612807e-02
8.74737799e-02
7.14673996e-02
6.52050525e-02
7.84007087e-02
5.86093478e-02
6.72738478e-02
7.54621625e-02
7.43684545e-02
8.34078193e-02
6.63967878e-02
8.11548680e-02
5.80721162e-02
6.79197982e-02
8.60695541e-02
7.93673173e-02
6.59588799e-02
5.91249168e-02
5.40794879e-02
6.51334748e-02
5.88804074e-02
6.35513961e-02
6.29439428e-02
6.79110512e-02
8.13994408e-02
6.79625794e-02
6.64282888e-02
6.15331382e-02
7.31585026e-02
6.37002885e-02
6.02757186e-02
7.50634521e-02
8.41965005e-02
7.67504200e-02
7.85765573e-02
6.95939884e-02
1.32642046e-01
9.01583061e-02
1.48192629e-01
8.64831880e-02
6.08091317e-02
6.73947036e-02
8.09177086e-02
6.95247725e-02
5.74980564e-02
5.67072146e-02
5.18048480e-02
7.68030435e-02
6.77141324e-02
5.83385043e-02
6.12871088e-02
6.99814335e-02
5.84998280e-02
6.88578486e-02
6.90507144e-02
7.47274533e-02
7.61391744e-02
6.65985867e-02
5.73920608e-02
7.67470300e-02
5.58374487e-02
6.97003901e-02
7.05092698e-02
5.92904314e-02
6.31928891e-02
6.09086938e-02
6.76842779e-02
6.74213991e-02
6.92915320e-02
7.78945833e-02
5.95058724e-02
6.50131777e-02
7.54050836e-02
6.24230392e-02
7.34686926e-02
7.18310922e-02
6.59160316e-02
7.56611750e-02
6.02337010e-02
6.78364709e-02
6.80603012e-02
5.19270375e-02
6.00331537e-02
6.45901933e-02
5.70982285e-02
5.44902794e-02
6.89011216e-02
6.00720905e-02
5.52839190e-02
6.35420904e-02
6.16202615e-02
6.60380200e-02
6.44245148e-02
5.85796125e-02
6.47847429e-02
5.60077429e-02
6.01012670e-02
6.70512021e-02
6.82496279e-02
7.77417049e-02
7.35718161e-02
6.89735487e-02
7.74662793e-02
7.41504729e-02
7.76296854e-02
8.20210055e-02
7.90423825e-02
7.82208815e-02
9.10198763e-02
7.39500523e-02
6.76025599e-02
9.34754908e-02
8.33194330e-02
6.28118142e-02
5.88842146e-02
5.50122112e-02
6.65600374e-02
7.01561049e-02
5.06223291e-02
6.38547316e-02
7.22955912e-02
6.07266948e-02
6.65873215e-02
6.63879290e-02
6.92968518e-02
6.90757036e-02
6.78454638e-02
7.28669539e-02
6.66019320e-02
7.73515329e-02
9.07568336e-02
6.56199753e-02
6.48050085e-02
7.83153772e-02
6.81973472e-02
7.55527616e-02
6.98676482e-02
5.59057370e-02
6.62457943e-02
6.89314008e-02
7.55068138e-02
7.02027678e-02
6.54505640e-02
6.45605996e-02
7.88844079e-02
6.93936944e-02
6.69528991e-02
6.63169846e-02
8.23324025e-02
7.08414316e-02
6.73269182e-02
7.35312477e-02
8.13419893e-02
7.72362575e-02
8.34643841e-02
8.68765265e-02
8.61089677e-02
7.20180646e-02
8.99086371e-02
8.40912014e-02
8.79991427e-02
7.43150339e-02
6.47136122e-02
7.43863359e-02
7.79215544e-02
7.10722357e-02
6.72515109e-02
6.70287088e-02
6.70268983e-02
7.07444847e-02
6.27355799e-02
6.12701625e-02
6.41584024e-02
5.89010790e-02
6.30433187e-02
6.89942390e-02
6.86491951e-02
6.12348057e-02
6.23388886e-02
7.51301050e-02
7.75968432e-02
7.37954453e-02
8.14136267e-02
7.53531530e-02
7.49853700e-02
8.80519599e-02
8.00658390e-02
7.72314593e-02
7.68623501e-02
7.44995996e-02
7.15409741e-02
8.86538327e-02
7.06352443e-02
6.12391829e-02
5.82731962e-02
6.82988167e-02
6.53798431e-02
7.06482232e-02
6.87022209e-02
7.70720020e-02
6.46761954e-02
6.92067817e-02
6.58457503e-02
7.43573755e-02
6.92350939e-02
6.90304786e-02
6.70075566e-02
7.36678168e-02
7.08393902e-02
6.81440309e-02
6.59610108e-02
7.75348172e-02
8.29456225e-02
7.81499073e-02
6.40063733e-02
5.63609786e-02
5.83168119e-02
8.19447637e-02
7.86731467e-02
5.83061837e-02
6.00837171e-02
8.60952660e-02
7.85109252e-02
6.13593049e-02
6.93702176e-02
7.38284066e-02
6.63584322e-02
6.29441515e-02
6.38060495e-02
6.34919479e-02
6.71007708e-02
7.96764120e-02
5.94347641e-02
5.32681271e-02
6.06161617e-02
6.66642040e-02
6.07728437e-02
6.36804774e-02
7.05073029e-02
5.93822896e-02
5.99049479e-02
6.03122041e-02
5.78167550e-02
6.24419637e-02
6.53756708e-02
5.27822599e-02
6.74110204e-02
7.41024390e-02
6.75307661e-02
6.83644935e-02
6.32630438e-02
6.93705305e-02
5.04069366e-02
6.10469133e-02
6.20679036e-02
5.79607300e-02
5.70444353e-02
4.97082584e-02
6.53225034e-02
6.25978038e-02
5.86509220e-02
7.37243742e-02
6.52498826e-02
5.61617538e-02
6.94561005e-02
6.88156188e-02
5.87683693e-02
5.94396703e-02
7.02103451e-02
6.84031248e-02
8.35967436e-02
6.58821464e-02
5.83877824e-02
6.91653937e-02
7.56786764e-02
5.38824983e-02
5.63044958e-02
5.69005162e-02
5.98342679e-02
5.63792810e-02
5.12068719e-02
7.49369040e-02
7.09290653e-02
6.59101233e-02
5.59469722e-02
5.56937717e-02
6.57685176e-02
6.33179396e-02
4.83183563e-02
7.02860653e-02
7.10113645e-02
5.24240136e-02
5.70604056e-02
7.10434988e-02
6.80832714e-02
5.44938222e-02
5.45141995e-02
5.77869080e-02
6.74231425e-02
7.09288567e-02
6.12407029e-02
5.17447963e-02
6.07241802e-02
5.02144285e-02
4.48822826e-02
6.34979531e-02
6.81968033e-02
5.40244244e-02
4.52554747e-02
5.72207309e-02
5.02063408e-02
5.63807227e-02
5.87363280e-02
5.75482436e-02
6.40029758e-02
6.81942627e-02
5.54259680e-02
5.14717400e-02
5.48000671e-02
6.52639493e-02
5.98696619e-02
6.29921705e-02
4.91054915e-02
5.55085689e-02
5.11707887e-02
5.28941564e-02
5.76842092e-02
5.94645031e-02
6.34993836e-02
5.87182529e-02
6.94563910e-02
6.12936988e-02
6.71882182e-02
5.17508946e-02
6.74578249e-02
5.54709993e-02
5.88827394e-02
5.81618920e-02
6.77980185e-02
5.38790226e-02
5.49343601e-02
6.45841509e-02
6.62694275e-02
6.57457337e-02
8.95024166e-02
7.33057037e-02
6.24460727e-02
7.78406411e-02
7.00460002e-02
6.22684658e-02
6.26091957e-02
6.44982308e-02
5.69505207e-02
5.51338531e-02
5.96651845e-02
6.63793087e-02
5.88492975e-02
5.43053411e-02
6.12906665e-02
5.74412569e-02
5.72288521e-02
5.73996007e-02
5.91040440e-02
5.50929904e-02
6.17962182e-02
5.00354990e-02
7.84429312e-02
9.47798863e-02
6.77231997e-02
6.13364093e-02
8.35046023e-02
6.07485175e-02
5.62327579e-02
5.69553934e-02
6.64314628e-02
5.86503521e-02
5.54702803e-02
7.75652304e-02
5.67346849e-02
5.24245724e-02
6.88923374e-02
6.52112514e-02
5.09724692e-02
5.44683635e-02
4.96027432e-02
4.95433137e-02
5.33158854e-02
4.86986414e-02
5.12904823e-02
5.99137247e-02
7.24096373e-02
6.56524226e-02
5.53053617e-02
5.87762147e-02
6.41605332e-02
6.30177632e-02
5.64973950e-02
6.64170012e-02
6.81529194e-02
5.41126579e-02
6.89628422e-02
6.81603104e-02
8.15879926e-02
7.63125494e-02
8.28520283e-02
7.33666569e-02
4.54869717e-02
5.88444211e-02
6.73129186e-02
6.15060814e-02
5.24300560e-02
5.27964532e-02
4.88326773e-02
5.33084050e-02
5.61288409e-02
6.28404468e-02
7.40054771e-02
6.97489381e-02
5.10338061e-02
7.41647929e-02
7.86822140e-02
5.76668270e-02
5.74930236e-02
6.69436380e-02
5.82091883e-02
6.63540959e-02
5.96207045e-02
5.47126047e-02
5.37270792e-02
5.00183851e-02
6.00448921e-02
6.18884303e-02
6.04236126e-02
6.32410422e-02
6.94347247e-02
5.01308031e-02
6.67535290e-02
7.40192309e-02
6.67055175e-02
6.78445101e-02
5.98257929e-02
6.04947358e-02
5.36947101e-02
5.64447120e-02
6.37317970e-02
5.31765632e-02
5.37831262e-02
5.85338436e-02
4.86740991e-02
5.05178869e-02
6.55477569e-02
5.04449718e-02
5.61300106e-02
6.46143556e-02
6.37842342e-02
5.24788946e-02
4.99779955e-02
6.12976924e-02
6.44395575e-02
6.13165535e-02
5.15831895e-02
5.85844629e-02
5.27066477e-02
5.11719622e-02
5.25983684e-02
5.92182539e-02
5.25040142e-02
5.87988794e-02
5.96356094e-02
6.27632439e-02
5.63125759e-02
5.21831587e-02
5.32099083e-02
5.47281168e-02
6.02384768e-02
6.29571229e-02
6.27134964e-02
6.18471652e-02
5.49179204e-02
6.56773448e-02
5.20724989e-02
5.96263818e-02
6.48108646e-02
5.88121414e-02
7.00450465e-02
5.54873459e-02
6.19987473e-02
7.00254440e-02
5.77982441e-02
5.27814962e-02
4.77868207e-02
5.88981509e-02
6.66946173e-02
5.93544729e-02
5.71107343e-02
4.99639995e-02
4.68249209e-02
5.03281765e-02
4.77254838e-02
6.19600043e-02
6.55553937e-02
5.15447930e-02
5.53726628e-02
4.47167791e-02
5.11255190e-02
5.74648343e-02
5.61517105e-02
6.01456836e-02
5.46079166e-02
6.23764023e-02
6.58789724e-02
5.78706153e-02
5.05757518e-02
4.93438393e-02
4.81017604e-02
5.55939153e-02
5.50829470e-02
5.89069389e-02
5.85685000e-02
5.66421635e-02
4.90043238e-02
5.21576293e-02
5.93342148e-02
5.39568774e-02
5.55002019e-02
5.86076453e-02
5.17693125e-02
4.80941460e-02
5.59632555e-02
5.34030944e-02
6.16253130e-02
5.22562750e-02
5.63489012e-02
6.08903542e-02
4.75215651e-02
5.22986427e-02
4.83275019e-02
5.47253415e-02
6.07459806e-02
4.92910892e-02
4.59686033e-02
5.35136834e-02
6.13751560e-02
6.34140000e-02
5.46244904e-02
6.33801669e-02
5.79938740e-02
5.52802235e-02
6.74373433e-02
5.72796017e-02
5.29734604e-02
5.12891896e-02
5.13112359e-02
5.24572991e-02
4.93336916e-02
5.78888617e-02
5.47791757e-02
5.15785515e-02
4.88710068e-02
6.03831224e-02
6.09343983e-02
6.21951371e-02
4.83354405e-02
5.74853830e-02
5.56687377e-02
5.47904111e-02
5.90234138e-02
5.26768081e-02
4.67120372e-02
5.45670800e-02
5.60901947e-02
5.97125031e-02
5.66182956e-02
6.06567375e-02
5.45598976e-02
5.74676320e-02
5.61866909e-02
5.77944815e-02
5.35839722e-02
4.89769392e-02
5.06731421e-02
6.51499629e-02
5.17869405e-02
6.31469190e-02
7.07426667e-02
5.05071171e-02
5.98909594e-02
5.56598231e-02
4.90757860e-02
5.54417074e-02
5.86270764e-02
5.82162067e-02
5.58687374e-02
6.23662956e-02
5.19536696e-02
5.49436845e-02
7.22032636e-02
1.00889727e-01
1.18774563e-01
9.29675251e-02
9.80784222e-02
1.21799603e-01
7.52021149e-02
5.54475412e-02
7.44104609e-02
6.76177293e-02
6.30539581e-02
7.21741915e-02
5.79509251e-02
6.64511696e-02
6.56431988e-02
5.29757068e-02
5.10822572e-02
5.19709289e-02
6.41057715e-02
6.48833886e-02
6.26945272e-02
6.74999654e-02
8.90022591e-02
1.19233817e-01
1.04307339e-01
8.48330334e-02
5.52273355e-02
7.03179985e-02
6.17376268e-02
7.21372515e-02
6.42644167e-02
6.17311969e-02
5.98389469e-02
6.08844236e-02
6.42291978e-02
5.32266200e-02
6.94959089e-02
7.59054348e-02
5.92485853e-02
5.84190153e-02
6.82374015e-02
5.90550341e-02
6.23008050e-02
5.15499935e-02
4.88877557e-02
6.33514822e-02
8.23051557e-02
1.03484944e-01
9.39681008e-02
8.28276873e-02
6.06551915e-02
5.05348109e-02
5.54122403e-02
6.65327013e-02
6.70487583e-02
7.95464292e-02
6.93918318e-02
5.35769388e-02
5.37967347e-02
6.30560294e-02
7.45543242e-02
1.03777394e-01
1.31670415e-01
9.33662951e-02
7.03791901e-02
5.34225293e-02
5.68680204e-02
5.51562719e-02
5.55216484e-02
5.98679595e-02
5.44208586e-02
6.11663349e-02
7.01954067e-02
7.55627006e-02
5.55651896e-02
5.19387759e-02
6.10540248e-02
7.50171766e-02
9.99258384e-02
7.58976564e-02
8.16249773e-02
5.93472347e-02
6.13992587e-02
5.27277738e-02
5.13637848e-02
5.36509231e-02
5.55569530e-02
6.11591041e-02
5.77232242e-02
6.71010241e-02
6.87878355e-02
5.55566177e-02
5.64937554e-02
6.29850030e-02
6.27957955e-02
6.07113764e-02
6.00361936e-02
8.33939090e-02
7.14171752e-02
6.73715547e-02
5.35542518e-02
5.31614833e-02
4.88716550e-02
5.74054420e-02
5.45606054e-02
4.81103174e-02
4.95635793e-02
6.56680539e-02
5.85686788e-02
5.93335070e-02
5.60049601e-02
5.04212752e-02
5.53960577e-02
5.86153716e-02
6.20656386e-02
6.30477592e-02
6.18251748e-02
5.59776537e-02
6.25548661e-02
7.60155171e-02
6.92093223e-02
5.54122142e-02
4.99776229e-02
5.68119399e-02
5.56074679e-02
5.17223440e-02
5.30307889e-02
4.66549546e-02
4.84467857e-02
5.18608093e-02
5.35545535e-02
5.02779111e-02
5.66901043e-02
5.58975376e-02
5.32639548e-02
7.21070543e-02
5.71483970e-02
5.74666113e-02
5.85841686e-02
6.02263100e-02
6.19657971e-02
6.88053071e-02
5.81474490e-02
6.98267445e-02
6.46196306e-02
7.23199099e-02
6.22963421e-02
6.26106262e-02
5.10393716e-02
4.58976403e-02
5.63652664e-02
6.51501492e-02
6.50797784e-02
5.93967438e-02
5.42357750e-02
5.09443358e-02
5.42016961e-02
4.99340110e-02
6.19265847e-02
5.81932887e-02
5.53402267e-02
5.06579876e-02
5.08052334e-02
5.39049730e-02
5.94898798e-02
5.60176782e-02
5.75642921e-02
8.96016583e-02
7.35555738e-02
8.83122757e-02
8.35324377e-02
5.83708920e-02
6.03759177e-02
6.93065152e-02
5.56912720e-02
5.19846454e-02
6.00873344e-02
6.41759560e-02
6.16333224e-02
6.33825734e-02
6.49892911e-02
5.33728376e-02
5.34994155e-02
5.01867533e-02
4.31425162e-02
5.19696474e-02
6.36573732e-02
4.93480414e-02
7.28166699e-02
5.73626719e-02
6.66187108e-02
6.38223290e-02
5.11063673e-02
5.26696220e-02
6.86671957e-02
6.68125600e-02
7.15046227e-02
7.68090859e-02
6.22160695e-02
5.91376238e-02
5.59864119e-02
6.47945777e-02
6.53489456e-02
5.71600497e-02
4.65965010e-02
4.77091186e-02
6.38805702e-02
5.09670600e-02
4.95590605e-02
7.43613616e-02
8.05749893e-02
1.06470235e-01
1.42204702e-01
9.04020295e-02
9.99270231e-02
1.09773248e-01
1.25425786e-01
7.75496364e-02
8.66273418e-02
7.65703842e-02
7.56072327e-02
6.69331774e-02
5.96260242e-02
6.10981435e-02
5.30080684e-02
6.02671802e-02
6.23374730e-02
7.34657198e-02
1.13642916e-01
1.01834558e-01
8.15603286e-02
5.89896515e-02
6.55769482e-02
4.46969457e-02
5.41747287e-02
7.16340691e-02
6.22903220e-02
6.26335591e-02
6.56268448e-02
6.26640171e-02
6.84983954e-02
5.88689931e-02
5.50269708e-02
5.84080778e-02
5.01422696e-02
6.04148060e-02
5.64144924e-02
5.92173897e-02
5.39522655e-02
5.60745299e-02
5.53266890e-02
5.37175201e-02
5.78743108e-02
5.34463376e-02
6.47476241e-02
5.34800291e-02
5.05026355e-02
5.92651963e-02
4.65273783e-02
6.17135018e-02
5.68279922e-02
6.04664497e-02
9.03600752e-02
6.92342594e-02
5.39292619e-02
5.25708571e-02
6.81659058e-02
6.96296990e-02
5.64193875e-02
5.38164638e-02
5.66711463e-02
5.24377152e-02
5.51938489e-02
6.31443784e-02
6.67681545e-02
9.55048651e-02
1.25153989e-01
1.15056895e-01
1.05998859e-01
9.22687501e-02
7.87170902e-02
6.31002560e-02
5.89735396e-02
6.96767941e-02
6.30506948e-02
5.71940169e-02
5.97761311e-02
5.77389114e-02
6.39362633e-02
5.47645390e-02
5.73161580e-02
5.50154038e-02
6.02561459e-02
5.99933490e-02
6.44363314e-02
6.51972145e-02
9.70341861e-02
1.53782114e-01
1.22612558e-01
8.67848769e-02
6.61477819e-02
7.83379152e-02
6.93030432e-02
7.63308927e-02
6.63653314e-02
6.49499297e-02
5.99356070e-02
5.04279323e-02
5.58918417e-02
5.58181740e-02
6.24612756e-02
5.93701527e-02
6.25416785e-02
6.64790645e-02
5.48431613e-02
7.61179924e-02
6.48250431e-02
5.51210456e-02
5.73421642e-02
5.50395958e-02
6.15110993e-02
7.97042325e-02
9.78002846e-02
7.65506998e-02
7.84387812e-02
4.87906747e-02
4.80595194e-02
5.53530417e-02
6.03386573e-02
7.87012056e-02
7.10156113e-02
5.72554767e-02
5.85745908e-02
5.34998477e-02
5.69888055e-02
8.05560797e-02
1.12693265e-01
1.14525303e-01
1.01281166e-01
9.05546769e-02
6.91887885e-02
6.88256770e-02
5.20994216e-02
5.52005507e-02
5.49331903e-02
5.37679493e-02
6.47125542e-02
6.12404756e-02
6.01078011e-02
7.26898313e-02
6.25469461e-02
4.92481887e-02
7.40803778e-02
1.02259971e-01
1.07559465e-01
1.23648047e-01
1.08758450e-01
7.93464556e-02
8.02798197e-02
7.84825757e-02
8.29893723e-02
6.61616400e-02
7.67750889e-02
6.28723651e-02
8.40634629e-02
8.44007730e-02
8.86763483e-02
6.89298436e-02
5.58314584e-02
6.40911087e-02
6.90539330e-02
6.21425994e-02
5.72793819e-02
6.38342202e-02
8.12264308e-02
8.64690468e-02
6.75301626e-02
6.30591735e-02
5.56578040e-02
5.60751446e-02
5.41781373e-02
5.65572456e-02
5.40931784e-02
5.86320311e-02
5.95912263e-02
5.91707900e-02
9.74284112e-02
1.07873000e-01
1.16912007e-01
1.32050619e-01
8.34745318e-02
9.16332155e-02
7.36535341e-02
8.06899071e-02
6.06562309e-02
5.27115166e-02
6.98197037e-02
8.22603330e-02
7.05564320e-02
6.58115521e-02
6.51425943e-02
6.09326102e-02
5.02986200e-02
5.61730303e-02
5.65087311e-02
6.64422661e-02
6.06664456e-02
5.72219975e-02
6.29677624e-02
6.48941472e-02
5.24504855e-02
5.40790483e-02
5.89285046e-02
5.82613871e-02
8.34838748e-02
1.26727477e-01
1.38647541e-01
9.85786393e-02
6.64215609e-02
5.92958033e-02
5.33841997e-02
5.94428256e-02
6.75748438e-02
7.45748729e-02
7.10593387e-02
7.70305470e-02
6.55869767e-02
5.03464490e-02
5.84186018e-02
7.08962753e-02
1.01028807e-01
1.10692672e-01
1.37030855e-01
9.54978019e-02
6.82996586e-02
5.40896170e-02
5.57530299e-02
5.97497560e-02
5.93921915e-02
6.62477836e-02
6.12138920e-02
6.48406669e-02
8.50513205e-02
1.08572647e-01
9.26059037e-02
7.00383708e-02
7.69096315e-02
9.88595709e-02
1.77013263e-01
1.64838150e-01
1.00666456e-01
7.62492120e-02
6.78823292e-02
6.15086481e-02
4.49371934e-02
5.38979881e-02
5.91378100e-02
7.02132061e-02
6.61094412e-02
5.26499785e-02
5.69814667e-02
6.10324889e-02
7.59418905e-02
6.88334107e-02
5.45737781e-02
5.28703667e-02
4.88341525e-02
6.17424175e-02
8.18284154e-02
7.02598020e-02
6.60924911e-02
7.21981525e-02
6.27953187e-02
5.34179434e-02
5.05963676e-02
4.45776992e-02
4.93068174e-02
6.57605529e-02
6.56595603e-02
5.16369641e-02
5.46169020e-02
5.16114533e-02
5.54770157e-02
5.52403666e-02
5.88298216e-02
5.44878505e-02
5.60066216e-02
6.83648959e-02
6.44491538e-02
7.20553398e-02
6.11287989e-02
5.70520870e-02
6.50263429e-02
5.43130450e-02
5.34696132e-02
4.93509322e-02
4.57021147e-02
5.13554662e-02
5.07364906e-02
6.12768643e-02
5.91408871e-02
5.34232222e-02
5.78026697e-02
5.43910377e-02
5.60769513e-02
4.61593047e-02
5.25533482e-02
5.13171367e-02
6.36418611e-02
6.27481192e-02
5.17187119e-02
6.85750470e-02
5.18453494e-02
6.81010336e-02
6.92057163e-02
5.61777800e-02
5.63358031e-02
5.89287877e-02
6.10470809e-02
5.46296202e-02
5.20050488e-02
5.55951633e-02
6.25299662e-02
5.61651699e-02
5.13032265e-02
5.41854836e-02
5.38344942e-02
5.10780178e-02
5.01415245e-02
5.64982854e-02
5.64967021e-02
5.24823442e-02
6.55672327e-02
5.68709299e-02
5.12251593e-02
5.12712784e-02
5.10453247e-02
5.65703809e-02
6.08261786e-02
5.95059358e-02
5.57405055e-02
6.24815561e-02
6.06115907e-02
5.58488630e-02
6.05705455e-02
6.66585118e-02
5.92307784e-02
5.00032306e-02
5.10281064e-02
5.19851632e-02
5.20633236e-02
5.41581847e-02
5.86417653e-02
5.38725406e-02
4.98277247e-02
5.37995100e-02
5.07065319e-02
5.64981401e-02
5.55122904e-02
6.58809617e-02
6.27769828e-02
5.31099215e-02
5.67807108e-02
5.87182753e-02
5.90595491e-02
5.69529198e-02
5.41125610e-02
6.23180792e-02
6.09653518e-02
5.99941351e-02
5.77308387e-02
6.15088642e-02
5.06438352e-02
4.55979258e-02
5.63327484e-02
5.59406430e-02
4.99519669e-02
4.93031442e-02
4.98775840e-02
4.53989767e-02
5.46745546e-02
6.64322227e-02
6.50435910e-02
7.17705265e-02
8.69495347e-02
8.20718110e-02
7.06905127e-02
8.62621367e-02
1.14118151e-01
1.39318332e-01
9.97157395e-02
7.73951188e-02
7.31992275e-02
1.08564243e-01
1.42080560e-01
1.05888039e-01
9.55925286e-02
6.72058240e-02
5.47210909e-02
7.42956251e-02
8.31254795e-02
6.78079501e-02
5.42026944e-02
5.61326146e-02
5.86269647e-02
5.85490353e-02
5.51470332e-02
5.72937764e-02
6.06525876e-02
6.69752955e-02
5.94651885e-02
5.11981025e-02
5.78812622e-02
5.68359122e-02
5.37388027e-02
6.27148226e-02
1.07417963e-01
1.70030907e-01
1.65474102e-01
2.18342870e-01
1.14728011e-01
1.00336783e-01
1.08794726e-01
7.45313317e-02
7.59899542e-02
5.06833829e-02
5.85725307e-02
6.67655542e-02
8.19070712e-02
7.87798464e-02
5.45894094e-02
4.71045449e-02
5.06081767e-02
5.61646037e-02
6.03615306e-02
5.98524921e-02
7.21503720e-02
7.97928795e-02
9.11891609e-02
6.94533885e-02
5.93404323e-02
5.99427335e-02
5.54131866e-02
6.07205480e-02
6.21540211e-02
1.50907084e-01
1.74611971e-01
2.15575054e-01
1.38114899e-01
7.22132549e-02
5.54089621e-02
6.01504259e-02
5.28067052e-02
6.76163882e-02
8.67327377e-02
9.76819545e-02
7.65338391e-02
5.83951361e-02
5.78876473e-02
5.13393618e-02
8.03228170e-02
1.63786694e-01
2.01744705e-01
2.32878327e-01
1.92139909e-01
7.58415610e-02
4.89916503e-02
5.48232719e-02
5.71189523e-02
6.18124343e-02
6.08039461e-02
6.32040575e-02
5.97435944e-02
6.95981756e-02
1.01821922e-01
7.78087601e-02
5.77749163e-02
5.82367629e-02
6.82737976e-02
1.04213864e-01
1.47784948e-01
1.53202400e-01
1.08829878e-01
7.74951875e-02
5.70783727e-02
5.31747527e-02
6.64751530e-02
5.47742955e-02
5.47467880e-02
6.32558912e-02
5.88871241e-02
4.74906303e-02
7.02600032e-02
5.70861399e-02
6.98000193e-02
8.57352167e-02
6.95711076e-02
5.95103651e-02
5.50407544e-02
7.49142244e-02
1.20240584e-01
9.38063711e-02
8.19332227e-02
6.60829544e-02
6.63318112e-02
5.40599115e-02
6.34639412e-02
5.86242303e-02
5.61054759e-02
5.64145707e-02
5.53157553e-02
5.61897531e-02
5.48923425e-02
5.26526384e-02
5.55843413e-02
5.91996312e-02
5.33684380e-02
6.92491755e-02
6.23921640e-02
6.13423549e-02
5.50251491e-02
5.67772575e-02
7.60390460e-02
5.83223030e-02
6.03631251e-02
5.51294908e-02
6.51059896e-02
6.52817413e-02
5.18282838e-02
5.36577888e-02
5.59678897e-02
5.88350706e-02
6.06581531e-02
5.36450818e-02
5.64924665e-02
4.75198291e-02
5.68017177e-02
6.00236282e-02
5.14653251e-02
5.76493964e-02
5.86325973e-02
5.01090214e-02
5.60869202e-02
6.46695048e-02
6.19712509e-02
5.52172810e-02
5.96242398e-02
5.47175258e-02
6.67627901e-02
6.85094297e-02
4.98524234e-02
5.28972149e-02
4.99562360e-02
5.14944345e-02
6.36040196e-02
6.16483428e-02
6.98938370e-02
7.12531060e-02
7.67521113e-02
7.29172975e-02
7.42888823e-02
6.56157807e-02
7.17949942e-02
6.51172772e-02
6.24034405e-02
7.74488673e-02
8.38783234e-02
8.24981257e-02
8.16314071e-02
7.07094744e-02
5.53933680e-02
6.28654882e-02
6.49729222e-02
7.90771544e-02
7.86002055e-02
9.86646116e-02
1.05249703e-01
9.89334062e-02
1.08773313e-01
7.90291652e-02
8.63656700e-02
8.06948766e-02
8.36524442e-02
9.50373113e-02
8.18252787e-02
7.59687498e-02
9.28348824e-02
6.74624667e-02
6.10322282e-02
6.16227798e-02
6.54858425e-02
5.80457263e-02
6.24785833e-02
6.11247793e-02
5.12068719e-02
4.88294736e-02
5.76852188e-02
5.81715181e-02
5.75817302e-02
6.02308176e-02
5.14778271e-02
4.85411175e-02
5.25745116e-02
5.75183220e-02
6.14978597e-02
5.77491112e-02
5.03656417e-02
5.98571599e-02
5.89136779e-02
5.55580445e-02
5.72822653e-02
6.27784878e-02
5.68501130e-02
5.96366115e-02
5.58713637e-02
5.47625721e-02
5.97266667e-02
5.69251776e-02
6.05630763e-02
5.66686727e-02
5.96107729e-02
6.17844574e-02
5.83765581e-02
5.30042499e-02
5.52316085e-02
6.00079633e-02
5.83146177e-02
6.32922351e-02
1.02368377e-01
1.37710571e-01
1.09555639e-01
1.33128926e-01
1.52426600e-01
2.19503805e-01
1.52437463e-01
1.24534965e-01
9.04102698e-02
1.40351936e-01
1.80407196e-01
1.59568176e-01
8.36685076e-02
6.76790550e-02
5.51877543e-02
9.17665213e-02
9.04788077e-02
8.67441371e-02
6.45062998e-02
5.96525185e-02
5.61212152e-02
5.58163412e-02
5.60531616e-02
5.92842996e-02
5.52086234e-02
6.34067431e-02
5.18605411e-02
5.24965189e-02
5.63230589e-02
5.45485802e-02
5.87286390e-02
5.65723926e-02
1.02501690e-01
2.34846696e-01
4.09213930e-01
2.98998028e-01
2.51814902e-01
1.27853021e-01
1.25040025e-01
1.94666535e-01
9.75893438e-02
8.05738792e-02
6.13589101e-02
5.98517098e-02
6.00970685e-02
8.29463229e-02
8.03735927e-02
6.65753335e-02
5.95939010e-02
6.07906505e-02
6.04854636e-02
6.49046302e-02
7.75513574e-02
7.42053166e-02
1.03284679e-01
7.33595788e-02
8.87477770e-02
6.26378581e-02
5.56390472e-02
6.51199073e-02
6.26182333e-02
1.14042707e-01
2.27344662e-01
2.85312206e-01
1.47549480e-01
1.13364048e-01
7.23242164e-02
6.38172999e-02
5.33236563e-02
5.27882539e-02
1.02444440e-01
1.31145865e-01
1.17160052e-01
7.54167214e-02
5.69522306e-02
5.74600995e-02
6.42950907e-02
7.42256790e-02
2.04747200e-01
3.00110072e-01
2.79292792e-01
1.80568323e-01
1.07720844e-01
5.70924133e-02
5.33693321e-02
5.55315502e-02
6.58067539e-02
6.46109059e-02
7.21985549e-02
6.83509558e-02
9.05489996e-02
1.06528923e-01
9.30791348e-02
7.18880296e-02
6.13088384e-02
5.29434495e-02
7.64604583e-02
1.48678333e-01
2.35155106e-01
1.97789058e-01
1.10464610e-01
7.43093267e-02
5.57875261e-02
5.87786958e-02
5.32160066e-02
5.48523888e-02
5.70073538e-02
6.03655800e-02
5.65112829e-02
5.86365983e-02
5.43799363e-02
5.47154099e-02
9.24101472e-02
1.06619462e-01
8.93955603e-02
6.01994842e-02
6.67469949e-02
7.11761117e-02
2.02200174e-01
1.59321517e-01
1.37779415e-01
