3.18468380e+00
3.08111358e+00
3.04734612e+00
3.01385689e+00
3.02906919e+00
3.13234258e+00
3.13271618e+00
3.07849288e+00
2.95299482e+00
3.03781772e+00
3.11374712e+00
3.06120491e+00
3.21352959e+00
3.04093719e+00
3.00675106e+00
3.16202950e+00
3.23145843e+00
3.14644837e+00
2.99054694e+00
3.11222506e+00
3.09207916e+00
3.12788677e+00
3.09968042e+00
3.07856894e+00
3.04451656e+00
3.08873868e+00
3.09390545e+00
3.10865307e+00
3.06689072e+00
2.86124849e+00
3.06294966e+00
3.13292718e+00
3.01054668e+00
2.96940351e+00
2.99359679e+00
2.95277524e+00
3.00082898e+00
3.02131176e+00
2.94153595e+00
2.84490681e+00
2.90494466e+00
2.97269869e+00
2.94158530e+00
2.84854436e+00
2.80392814e+00
2.84975719e+00
2.86556768e+00
2.92978263e+00
2.95685291e+00
2.95628357e+00
2.92777014e+00
2.98720789e+00
3.03565145e+00
3.02740121e+00
2.96816635e+00
2.99548364e+00
3.00992918e+00
2.95998740e+00
2.96247864e+00
3.01927853e+00
3.01540256e+00
3.07870698e+00
3.09474492e+00
3.04888248e+00
2.98698759e+00
3.04264879e+00
3.24719810e+00
3.11277509e+00
3.13266039e+00
3.20462227e+00
3.17395735e+00
3.19661689e+00
3.08959842e+00
3.05884075e+00
3.05868483e+00
2.95963025e+00
2.97140932e+00
2.98788023e+00
3.06159043e+00
2.99209571e+00
3.01976061e+00
2.98493409e+00
2.92997265e+00
2.95261765e+00
2.94307113e+00
2.95633483e+00
2.95288610e+00
2.96043777e+00
2.93396854e+00
2.84900451e+00
2.83899069e+00
2.83126116e+00
2.72135401e+00
2.68117642e+00
2.64595366e+00
2.60042071e+00
2.70807958e+00
2.58483148e+00
2.45996404e+00
2.50839210e+00
2.52417755e+00
2.30166578e+00
2.45222950e+00
2.42232800e+00
2.29363084e+00
2.36301136e+00
2.36704087e+00
2.40888882e+00
2.46342516e+00
2.48507357e+00
2.56117630e+00
2.58885145e+00
2.60994887e+00
2.60727191e+00
2.74203110e+00
2.76672196e+00
2.77198315e+00
2.76399875e+00
2.86089444e+00
2.82657671e+00
2.87001562e+00
2.95944738e+00
2.93105578e+00
3.00902557e+00
3.05206203e+00
2.90302706e+00
3.00433373e+00
3.04450250e+00
3.00340605e+00
3.11277175e+00
3.18502879e+00
3.10909534e+00
3.08562589e+00
3.29313874e+00
3.07070661e+00
3.07439137e+00
3.35889149e+00
3.15069747e+00
3.16653156e+00
3.23938918e+00
3.20640659e+00
3.22181916e+00
3.20057154e+00
3.17489004e+00
3.23837614e+00
3.24701047e+00
3.21082807e+00
3.15955472e+00
3.19508266e+00
3.15734434e+00
3.16777396e+00
3.20171309e+00
3.06456518e+00
3.04605389e+00
3.11428857e+00
3.14740968e+00
3.13014650e+00
3.12126040e+00
3.05710697e+00
3.00474763e+00
3.06147099e+00
3.09039903e+00
3.05378747e+00
3.06136084e+00
2.98632884e+00
2.93871665e+00
2.91422629e+00
2.93053412e+00
2.83802629e+00
2.88359714e+00
2.87921381e+00
2.83392596e+00
2.86863804e+00
2.77905130e+00
2.72460437e+00
2.79849720e+00
2.67024899e+00
2.58734632e+00
2.61346364e+00
2.49540997e+00
2.53364921e+00
2.54754639e+00
2.44076109e+00
2.36589432e+00
2.31539178e+00
2.24808788e+00
2.32224369e+00
2.25339913e+00
2.16969538e+00
2.12298131e+00
2.06776595e+00
2.04475141e+00
1.87136519e+00
1.82217026e+00
1.92695069e+00
1.96098983e+00
1.99875534e+00
2.01949978e+00
2.06541920e+00
2.07132626e+00
2.13725495e+00
2.25883460e+00
2.29128122e+00
2.32296276e+00
2.35490108e+00
2.44756007e+00
2.41007185e+00
2.41573787e+00
2.44499302e+00
2.53115678e+00
2.54307938e+00
2.66977930e+00
2.73082685e+00
2.65127802e+00
2.67035031e+00
2.76121783e+00
2.73374581e+00
2.80364299e+00
2.79626250e+00
2.81330657e+00
2.92165470e+00
2.90407419e+00
2.96820164e+00
2.95789337e+00
2.95429993e+00
3.02655149e+00
3.08619785e+00
3.00894618e+00
3.15142179e+00
3.04545760e+00
3.11847591e+00
3.17873621e+00
3.10695076e+00
3.22391033e+00
3.15380383e+00
3.17879653e+00
3.19369793e+00
3.12760615e+00
3.19446015e+00
3.30277205e+00
3.15614939e+00
3.28050137e+00
3.31563377e+00
3.29196358e+00
3.31001377e+00
3.22672391e+00
3.29871488e+00
3.30035114e+00
3.36461997e+00
3.28774738e+00
3.23578906e+00
3.29247141e+00
3.29684734e+00
3.26108098e+00
3.32274365e+00
3.36355400e+00
3.36322355e+00
3.33331299e+00
3.29880810e+00
3.24030519e+00
3.33195591e+00
3.32886839e+00
3.27184963e+00
3.38236117e+00
3.33733964e+00
3.32854795e+00
3.38213444e+00
3.36184597e+00
3.24606109e+00
3.26525021e+00
3.35510063e+00
3.36805296e+00
3.33344221e+00
3.25606418e+00
3.21159577e+00
3.28599429e+00
3.28431058e+00
3.27585793e+00
3.28757763e+00
3.27277970e+00
3.18029428e+00
3.15897846e+00
3.32843471e+00
3.25180840e+00
3.32535625e+00
3.22455645e+00
3.07052398e+00
3.27481103e+00
3.22642565e+00
3.12890649e+00
3.12832785e+00
3.17286301e+00
3.15263176e+00
3.16541219e+00
3.02954268e+00
3.02176952e+00
3.01626706e+00
3.00168586e+00
2.97216964e+00
2.95938563e+00
2.94014573e+00
2.96057796e+00
2.89227295e+00
2.85499978e+00
2.82373142e+00
2.81242990e+00
2.77130175e+00
2.69423079e+00
2.66426182e+00
2.62673783e+00
2.61998868e+00
2.65607381e+00
2.54140425e+00
2.56381655e+00
2.54430294e+00
2.53550529e+00
2.44674468e+00
2.36529827e+00
2.38243008e+00
2.31941605e+00
2.26900387e+00
2.28284955e+00
2.27927470e+00
2.15878057e+00
2.11338091e+00
2.10193610e+00
2.02696514e+00
2.02435780e+00
2.02075100e+00
1.90605688e+00
1.85823190e+00
1.77688968e+00
1.76562905e+00
1.72486448e+00
1.68922424e+00
1.64297390e+00
1.53922760e+00
1.66303611e+00
1.72660494e+00
1.72620368e+00
1.79047346e+00
1.86574280e+00
1.92181075e+00
1.88803339e+00
1.91768205e+00
1.96631682e+00
2.00863433e+00
2.02374792e+00
2.02425241e+00
2.12074280e+00
2.24203777e+00
2.26256013e+00
2.23471022e+00
2.31939101e+00
2.33813310e+00
2.36777568e+00
2.41065550e+00
2.48812675e+00
2.56912494e+00
2.51081991e+00
2.48891997e+00
2.53200293e+00
2.56455970e+00
2.62429142e+00
2.67568636e+00
2.68374181e+00
2.75717330e+00
2.71598387e+00
2.71752715e+00
2.75148439e+00
2.75247312e+00
2.78773546e+00
2.80914378e+00
2.81515241e+00
2.81612992e+00
2.84871721e+00
2.85799599e+00
2.89823842e+00
2.97717643e+00
3.00226116e+00
3.01980114e+00
2.96713233e+00
2.93584132e+00
3.09723449e+00
3.00051403e+00
3.03277159e+00
3.03847218e+00
3.03560090e+00
3.10887647e+00
3.10257864e+00
3.16961956e+00
3.11959839e+00
3.06059361e+00
3.11251211e+00
3.16802740e+00
3.13125396e+00
3.14030480e+00
3.15322375e+00
3.13716364e+00
3.15620136e+00
3.18869758e+00
3.15820408e+00
3.15808725e+00
3.25855708e+00
3.14336658e+00
3.14094186e+00
3.24851561e+00
3.20262885e+00
3.25722003e+00
3.22203445e+00
3.21722317e+00
3.25442171e+00
3.28216314e+00
3.35227609e+00
3.30207872e+00
3.22441578e+00
3.26323414e+00
3.29410791e+00
3.21686077e+00
3.21608472e+00
3.32646608e+00
3.25047898e+00
3.33520722e+00
3.36196208e+00
3.25731206e+00
3.19829273e+00
3.22836065e+00
3.21324348e+00
3.24507713e+00
3.29411745e+00
3.26993608e+00
3.30195546e+00
3.29118633e+00
3.29463530e+00
3.21319532e+00
3.20151901e+00
3.20995259e+00
3.21212125e+00
3.26300883e+00
3.26432109e+00
3.30004454e+00
3.30155420e+00
3.26767468e+00
3.27838039e+00
3.26932049e+00
3.26545811e+00
3.26292348e+00
3.25440097e+00
3.29393005e+00
3.29931784e+00
3.26958179e+00
3.25955343e+00
3.20559192e+00
3.19795132e+00
3.23445415e+00
3.21688986e+00
3.23830462e+00
3.21389985e+00
3.28263354e+00
3.26342964e+00
3.14201021e+00
3.21027613e+00
3.22992539e+00
3.18573833e+00
3.14589882e+00
3.18464184e+00
3.22711062e+00
3.19986916e+00
3.15611172e+00
3.24350238e+00
3.24124599e+00
3.21502471e+00
3.21816921e+00
3.21685457e+00
3.21338296e+00
3.17883182e+00
3.21404505e+00
3.22690749e+00
3.17489362e+00
3.13183689e+00
3.16701341e+00
3.14618397e+00
3.20707059e+00
3.19824624e+00
3.18856287e+00
3.12954044e+00
3.10818410e+00
3.10665584e+00
3.16219997e+00
3.18542862e+00
3.15784550e+00
3.08789730e+00
3.11550832e+00
3.13591218e+00
3.10652018e+00
3.06813383e+00
3.09272432e+00
3.07093072e+00
3.11645269e+00
3.05342436e+00
3.04831409e+00
3.05549455e+00
3.00956440e+00
3.04753208e+00
3.06839013e+00
2.99574041e+00
3.02285790e+00
3.05666876e+00
3.04805422e+00
3.00329256e+00
2.96928430e+00
2.94246721e+00
2.95082402e+00
2.97988248e+00
2.97008443e+00
2.89013791e+00
3.00297308e+00
2.91976070e+00
2.88566613e+00
2.91746378e+00
2.93170428e+00
2.96155667e+00
2.88818121e+00
2.93731546e+00
2.88372660e+00
2.86284947e+00
2.90178299e+00
2.87013984e+00
2.85170007e+00
2.78605962e+00
2.81449318e+00
2.80653667e+00
2.76228309e+00
2.75468636e+00
2.67829108e+00
2.73535275e+00
2.73209858e+00
2.67578220e+00
2.71329188e+00
2.66088271e+00
2.61179137e+00
2.64332414e+00
2.64802980e+00
2.59930158e+00
2.56209087e+00
2.55202627e+00
2.51508403e+00
2.54195976e+00
2.49844360e+00
2.43970346e+00
2.51436758e+00
2.41464162e+00
2.39101434e+00
2.35867095e+00
2.36511159e+00
2.34602642e+00
2.27325511e+00
2.26490784e+00
2.29898643e+00
2.18255496e+00
2.14731288e+00
2.16567731e+00
2.12659788e+00
2.12841320e+00
2.00785089e+00
2.01321054e+00
2.00239921e+00
1.93849885e+00
1.88730371e+00
1.90623605e+00
1.83638656e+00
1.77112901e+00
1.75869870e+00
1.72536981e+00
1.66643000e+00
1.63723063e+00
1.59951830e+00
1.52791953e+00
1.46922493e+00
1.45086288e+00
1.38110483e+00
1.26858592e+00
1.28978741e+00
1.38153553e+00
1.44942188e+00
1.47213125e+00
1.51025498e+00
1.55952156e+00
1.60351384e+00
1.70681584e+00
1.74713910e+00
1.74579287e+00
1.81825495e+00
1.83864725e+00
1.86318886e+00
1.87944436e+00
1.91060591e+00
1.94403732e+00
1.96790147e+00
1.99996269e+00
2.07716656e+00
2.02825880e+00
2.06275558e+00
2.13737154e+00
2.16060114e+00
2.18327618e+00
2.17580104e+00
2.24560118e+00
2.23965788e+00
2.23265529e+00
2.32055497e+00
2.32068586e+00
2.35192776e+00
2.36255908e+00
2.42871952e+00
2.40310574e+00
2.35874319e+00
2.43499327e+00
2.41331911e+00
2.44145250e+00
2.41601300e+00
2.45676231e+00
2.52080846e+00
2.45393538e+00
2.53928971e+00
2.50680971e+00
2.54226398e+00
2.56605411e+00
2.52341032e+00
2.56906700e+00
2.55985069e+00
2.61376476e+00
2.58237505e+00
2.58631802e+00
2.59982133e+00
2.55633831e+00
2.63884115e+00
2.63490510e+00
2.59244561e+00
2.62465239e+00
2.68872833e+00
2.63522148e+00
2.70981002e+00
2.67696667e+00
2.66274357e+00
2.71420503e+00
2.67047453e+00
2.69961810e+00
2.72193336e+00
2.70791173e+00
2.72677398e+00
2.72198391e+00
2.74246025e+00
2.70439816e+00
2.69375563e+00
2.75826693e+00
2.72235346e+00
2.69249558e+00
2.74975801e+00
2.76333523e+00
2.76323915e+00
2.78657508e+00
2.79678178e+00
2.74116325e+00
2.72575521e+00
2.76952648e+00
2.66232634e+00
2.74638796e+00
2.80097318e+00
2.78952789e+00
2.75590158e+00
2.73610401e+00
2.74635029e+00
2.70452976e+00
2.70693493e+00
2.78937840e+00
2.86771297e+00
2.76496243e+00
2.75122881e+00
2.74989986e+00
2.78796268e+00
2.75717735e+00
2.72359490e+00
2.79051423e+00
2.75358462e+00
2.77052903e+00
2.77085686e+00
2.76333189e+00
2.74743533e+00
2.73847246e+00
2.72445798e+00
2.76315498e+00
2.75591564e+00
2.71662807e+00
2.71898365e+00
2.77291536e+00
2.72458482e+00
2.72305751e+00
2.75460434e+00
2.78969026e+00
2.77254963e+00
2.70393729e+00
2.73700237e+00
2.74921703e+00
2.75462222e+00
2.79016089e+00
2.81182003e+00
2.73000956e+00
2.71237659e+00
2.72891116e+00
2.75449657e+00
2.77146268e+00
2.76027584e+00
2.73742652e+00
2.75448704e+00
2.78823423e+00
2.71716785e+00
2.70580602e+00
2.76345325e+00
2.72992110e+00
2.68999052e+00
2.76864910e+00
2.78227997e+00
2.72727203e+00
2.70997334e+00
2.74039245e+00
2.77932811e+00
2.75116420e+00
2.73418999e+00
2.70786786e+00
2.67593169e+00
2.76190925e+00
2.72817945e+00
2.76315308e+00
2.75776124e+00
2.70453477e+00
2.70080805e+00
2.71476269e+00
2.67825842e+00
2.72150445e+00
2.71432447e+00
2.68735266e+00
2.66788316e+00
2.63367629e+00
2.68052411e+00
2.61826801e+00
2.61351085e+00
2.69606018e+00
2.72216916e+00
2.72719479e+00
2.67868161e+00
2.70264673e+00
2.72178960e+00
2.71512747e+00
2.71175003e+00
2.70389605e+00
2.74271870e+00
2.66686463e+00
2.70059395e+00
2.79169679e+00
2.73105526e+00
2.71948886e+00
2.63202548e+00
2.71613836e+00
2.76959515e+00
2.74272990e+00
2.71654177e+00
2.64560986e+00
2.68216801e+00
2.65638638e+00
2.62755799e+00
2.65351868e+00
2.71957254e+00
2.65998268e+00
2.70954609e+00
2.68081927e+00
2.65788531e+00
2.67726970e+00
2.68169951e+00
2.63820195e+00
2.66492701e+00
2.65695620e+00
2.66459274e+00
2.65516829e+00
2.66813374e+00
2.67490554e+00
2.65509415e+00
2.68004656e+00
2.66140461e+00
2.60956573e+00
2.57059669e+00
2.67481494e+00
2.66651821e+00
2.63380432e+00
2.63557267e+00
2.62935138e+00
2.61652184e+00
2.66141605e+00
2.63354802e+00
2.60409045e+00
2.57810283e+00
2.61747336e+00
2.64003205e+00
2.61323714e+00
2.65975475e+00
2.59882402e+00
2.56869984e+00
2.60276079e+00
2.63052893e+00
2.54671502e+00
2.56385112e+00
2.59332871e+00
2.58294368e+00
2.59616470e+00
2.57164717e+00
2.55006719e+00
2.60553098e+00
2.60367131e+00
2.60952592e+00
2.62502170e+00
2.58985949e+00
2.61015034e+00
2.55274272e+00
2.59344125e+00
2.58128262e+00
2.52296686e+00
2.56404996e+00
2.55388355e+00
2.49234009e+00
2.50608253e+00
2.56711245e+00
2.58451128e+00
2.56352592e+00
2.59230018e+00
2.55189037e+00
2.54840183e+00
2.54453421e+00
2.55281162e+00
2.56697345e+00
2.54948187e+00
2.56596184e+00
2.58486390e+00
2.51375961e+00
2.48095250e+00
2.54577875e+00
2.50784612e+00
2.53741479e+00
2.53024769e+00
2.51100826e+00
2.48824263e+00
2.48868823e+00
2.56303096e+00
2.52433228e+00
2.49717426e+00
2.49318767e+00
2.51649570e+00
2.52555537e+00
2.50144076e+00
2.45935845e+00
2.50454879e+00
2.51958823e+00
2.49593234e+00
2.51987052e+00
2.50038052e+00
2.50032640e+00
2.50988960e+00
2.50533032e+00
2.47252703e+00
2.49474382e+00
2.51028180e+00
2.45443726e+00
2.47186446e+00
2.46810627e+00
2.46396041e+00
2.47004175e+00
2.46804953e+00
2.47657347e+00
2.45816326e+00
2.47510910e+00
2.48153019e+00
2.44504213e+00
2.44716859e+00
2.48396087e+00
2.44239283e+00
2.46912694e+00
2.49188662e+00
2.45469785e+00
2.49695301e+00
2.42523503e+00
2.44142985e+00
2.48510432e+00
2.49777198e+00
2.46491766e+00
2.42816496e+00
2.47444153e+00
2.42180586e+00
2.38091207e+00
2.46041608e+00
2.49808192e+00
2.43545604e+00
2.45593977e+00
2.46504521e+00
2.46471095e+00
2.43118382e+00
2.38364053e+00
2.42719555e+00
2.40381837e+00
2.42480564e+00
2.40803409e+00
2.39585447e+00
2.40339136e+00
2.38128281e+00
2.41768169e+00
2.40849304e+00
2.37683201e+00
2.39980030e+00
2.37453604e+00
2.36244941e+00
2.36506319e+00
2.40034056e+00
2.41975951e+00
2.40134478e+00
2.34845448e+00
2.40716434e+00
2.40754318e+00
2.38861179e+00
2.40326118e+00
2.38366461e+00
2.34865189e+00
2.40117359e+00
2.35375762e+00
2.38820338e+00
2.38795185e+00
2.35663295e+00
2.36941242e+00
2.35190463e+00
2.37538981e+00
2.36713719e+00
2.34499073e+00
2.30821562e+00
2.30804133e+00
2.39292622e+00
2.33937430e+00
2.31009960e+00
2.32363749e+00
2.32197881e+00
2.30347943e+00
2.29124880e+00
2.27494144e+00
2.29891634e+00
2.31135774e+00
2.31029153e+00
2.33608246e+00
2.32830715e+00
2.26849079e+00
2.26741958e+00
2.28816605e+00
2.29678702e+00
2.30806231e+00
2.27044749e+00
2.30698776e+00
2.25886202e+00
2.24800777e+00
2.27727604e+00
2.26058841e+00
2.27655339e+00
2.31843972e+00
2.27457380e+00
2.23784304e+00
2.26912236e+00
2.24168539e+00
2.23025680e+00
2.23001266e+00
2.25514507e+00
2.25570846e+00
2.23287439e+00
2.24116659e+00
2.25643682e+00
2.21713901e+00
2.23215628e+00
2.25486779e+00
2.23295593e+00
2.20013762e+00
2.21718574e+00
2.20208216e+00
2.19684362e+00
2.23083687e+00
2.22644091e+00
2.15311956e+00
2.17855644e+00
2.16865921e+00
2.14780211e+00
2.15822101e+00
2.17906475e+00
2.17971683e+00
2.16538382e+00
2.16414404e+00
2.17852736e+00
2.15496683e+00
2.12430620e+00
2.10020280e+00
2.10912967e+00
2.16416073e+00
2.15903926e+00
2.13923931e+00
2.12932634e+00
2.12059760e+00
2.13547969e+00
2.05795670e+00
2.06174707e+00
2.10349941e+00
2.08677387e+00
2.03734708e+00
2.09599352e+00
2.04285288e+00
2.02748227e+00
2.02857971e+00
2.00957417e+00
1.99616981e+00
2.02309251e+00
2.05415249e+00
1.97634065e+00
1.96145010e+00
1.99545562e+00
2.01067948e+00
1.94411385e+00
1.97147131e+00
1.92945123e+00
1.86090660e+00
1.87865043e+00
1.93384600e+00
1.86235297e+00
1.89286423e+00
1.90797472e+00
1.85969603e+00
1.83280623e+00
1.86118484e+00
1.86650634e+00
1.81225693e+00
1.79760087e+00
1.80569756e+00
1.81142724e+00
1.75613797e+00
1.76045358e+00
1.75221825e+00
1.73157978e+00
1.70941424e+00
1.69104528e+00
1.67970669e+00
1.67729962e+00
1.66034949e+00
1.62326753e+00
1.58295584e+00
1.56706393e+00
1.55895555e+00
1.56695724e+00
1.51920938e+00
1.48924005e+00
1.44763803e+00
1.44360304e+00
1.47920358e+00
1.41728258e+00
1.34746945e+00
1.38128066e+00
1.35499859e+00
1.29194081e+00
1.30593646e+00
1.25115681e+00
1.24799967e+00
1.21105254e+00
1.11973703e+00
1.06646407e+00
1.04361081e+00
9.60037529e-01
9.51197088e-01
1.01691842e+00
1.09253955e+00
1.16786575e+00
1.15187502e+00
1.19309187e+00
1.24812829e+00
1.26155424e+00
1.28710032e+00
1.32818174e+00
1.33377290e+00
1.33355820e+00
1.39228475e+00
1.40615034e+00
1.40792644e+00
1.45067334e+00
1.48751986e+00
1.45370471e+00
1.47976160e+00
1.52735960e+00
1.55559385e+00
1.56332779e+00
1.57975125e+00
1.60306787e+00
1.62547147e+00
1.62607133e+00
1.62645018e+00
1.62339103e+00
1.63937819e+00
1.65534067e+00
1.70131910e+00
1.68526995e+00
1.67896259e+00
1.70325315e+00
1.69894564e+00
1.72849464e+00
1.73875427e+00
1.75462127e+00
1.76786029e+00
1.77884150e+00
1.76145339e+00
1.78719521e+00
1.77036047e+00
1.79010797e+00
1.79546952e+00
1.80747163e+00
1.84044600e+00
1.83565092e+00
1.87671256e+00
1.83284974e+00
1.84347069e+00
1.87384093e+00
1.82751608e+00
1.85144186e+00
1.88653231e+00
1.89367867e+00
1.89088058e+00
1.89384222e+00
1.92380202e+00
1.83798623e+00
1.96163511e+00
1.93281364e+00
1.87526464e+00
1.91465890e+00
1.90278006e+00
1.89843798e+00
1.86623573e+00
1.89851105e+00
1.95468354e+00
1.92664909e+00
1.92482102e+00
1.91853201e+00
1.97010481e+00
1.92701042e+00
1.91214395e+00
1.93279409e+00
1.91630042e+00
1.90262544e+00
1.93703890e+00
1.93357038e+00
1.95079064e+00
1.96790266e+00
1.92198324e+00
1.94331872e+00
1.93442404e+00
1.95092010e+00
1.95511675e+00
1.92118478e+00
1.93993318e+00
1.97989869e+00
1.92982864e+00
1.92017114e+00
1.93970811e+00
1.96649659e+00
1.90277374e+00
1.95596063e+00
1.91193366e+00
1.90011346e+00
1.92952216e+00
1.92302084e+00
1.94325805e+00
1.95928299e+00
1.93028092e+00
1.92937553e+00
1.94855964e+00
1.93603706e+00
1.95782030e+00
1.96952868e+00
1.92143965e+00
1.94715226e+00
1.95952928e+00
1.92636299e+00
1.94414186e+00
1.94970620e+00
1.92473900e+00
1.94398367e+00
1.93880713e+00
1.93368208e+00
1.95850372e+00
1.93091393e+00
1.95156753e+00
1.90499437e+00
1.88936591e+00
1.92948616e+00
1.96660364e+00
1.93187582e+00
1.98023117e+00
1.92054725e+00
1.90033996e+00
1.94192171e+00
1.93137491e+00
1.92827165e+00
1.94743896e+00
1.92798853e+00
1.91337478e+00
1.94391549e+00
1.92972136e+00
1.95930266e+00
1.93309319e+00
1.93804598e+00
1.94463778e+00
1.93585181e+00
1.96128464e+00
1.91962731e+00
1.91565681e+00
1.91570902e+00
1.90816009e+00
1.90986001e+00
1.89284945e+00
1.91497338e+00
1.95142257e+00
1.93628585e+00
1.91610098e+00
1.91018379e+00
1.90454292e+00
1.89714026e+00
1.89803445e+00
1.90999937e+00
1.90264809e+00
1.91664553e+00
1.88798666e+00
1.88964319e+00
1.90485907e+00
1.88367975e+00
1.87939179e+00
1.90476358e+00
1.90554512e+00
1.91270399e+00
1.88038874e+00
1.92080545e+00
1.93334663e+00
1.90412736e+00
1.91729593e+00
1.92556906e+00
1.86685264e+00
1.86036408e+00
1.89713800e+00
1.88813615e+00
1.89245009e+00
1.87077689e+00
1.88450074e+00
1.87636483e+00
1.87676096e+00
1.87603247e+00
1.88096261e+00
1.89139092e+00
1.90628731e+00
1.90374815e+00
1.87483764e+00
1.86593735e+00
1.89382005e+00
1.83329368e+00
1.87394738e+00
1.89338636e+00
1.84986985e+00
1.84115434e+00
1.89304495e+00
1.84301293e+00
1.82251227e+00
1.83579612e+00
1.84960878e+00
1.84927702e+00
1.89025927e+00
1.86591780e+00
1.83819771e+00
1.84200943e+00
1.83865273e+00
1.85014999e+00
1.85848725e+00
1.80037165e+00
1.82727265e+00
1.86901450e+00
1.86488891e+00
1.84874213e+00
1.82708716e+00
1.85008979e+00
1.86086357e+00
1.84311152e+00
1.81620431e+00
1.79650140e+00
1.84247589e+00
1.84039962e+00
1.83335900e+00
1.82600808e+00
1.81872177e+00
1.82434952e+00
1.81971657e+00
1.83050489e+00
1.82750559e+00
1.79737711e+00
1.80146921e+00
1.84295082e+00
1.80803740e+00
1.80714929e+00
1.83925414e+00
1.82663393e+00
1.82278907e+00
1.82241607e+00
1.80615258e+00
1.84041548e+00
1.79700136e+00
1.80902433e+00
1.82092750e+00
1.76937437e+00
1.79837584e+00
1.80919671e+00
1.79874551e+00
1.80609179e+00
1.78919280e+00
1.78532624e+00
1.80395484e+00
1.71519136e+00
1.78464448e+00
1.80848014e+00
1.77321851e+00
1.77063608e+00
1.78250313e+00
1.79248106e+00
1.78233337e+00
1.77571702e+00
1.78078794e+00
1.78561783e+00
1.80530417e+00
1.76357198e+00
1.80070436e+00
1.78896856e+00
1.76285005e+00
1.78751290e+00
1.77893746e+00
1.75625181e+00
1.74855995e+00
1.72463572e+00
1.75915277e+00
1.79076982e+00
1.76898742e+00
1.76006639e+00
1.74876952e+00
1.72301233e+00
1.72676456e+00
1.77316809e+00
1.76220369e+00
1.78783655e+00
1.75154066e+00
1.74004662e+00
1.74047422e+00
1.72425508e+00
1.74926865e+00
1.74393952e+00
1.73144698e+00
1.72660148e+00
1.71663475e+00
1.71513045e+00
1.75623620e+00
1.73301125e+00
1.71621192e+00
1.70828366e+00
1.72381806e+00
1.73766506e+00
1.73216617e+00
1.72290421e+00
1.70401371e+00
1.71171784e+00
1.72701490e+00
1.74259305e+00
1.73270309e+00
1.75467062e+00
1.71965265e+00
1.71993279e+00
1.72711563e+00
1.69732034e+00
1.66539335e+00
1.70532286e+00
1.73901057e+00
1.69603872e+00
1.70217228e+00
1.74286461e+00
1.69100320e+00
1.70738113e+00
1.71956205e+00
1.70404804e+00
1.73489392e+00
1.74638057e+00
1.69455206e+00
1.68675470e+00
1.72995591e+00
1.71300232e+00
1.69835675e+00
1.68903100e+00
1.68693709e+00
1.69657612e+00
1.67204630e+00
1.69861066e+00
1.71317422e+00
1.69300377e+00
1.70601892e+00
1.69713318e+00
1.69092238e+00
1.69423294e+00
1.70510435e+00
1.68069398e+00
1.64096522e+00
1.70119727e+00
1.71714509e+00
1.66982853e+00
1.65269351e+00
1.67989087e+00
1.64994228e+00
1.68723154e+00
1.67423069e+00
1.66404796e+00
1.66758454e+00
1.65639067e+00
1.64606726e+00
1.68369269e+00
1.66629744e+00
1.64031982e+00
1.68318236e+00
1.70829141e+00
1.63815606e+00
1.63962960e+00
1.67074800e+00
1.66036391e+00
1.65996504e+00
1.67086506e+00
1.63082790e+00
1.64917707e+00
1.62321830e+00
1.65513992e+00
1.64373279e+00
1.61422157e+00
1.63771641e+00
1.61571717e+00
1.66527855e+00
1.65573931e+00
1.63369513e+00
1.65324926e+00
1.62815690e+00
1.66589701e+00
1.60475266e+00
1.58298254e+00
1.60925305e+00
1.63651860e+00
1.65113473e+00
1.63279939e+00
1.58307433e+00
1.57710564e+00
1.60542095e+00
1.64097929e+00
1.64213896e+00
1.57457650e+00
1.62001312e+00
1.61269319e+00
1.60240424e+00
1.62143338e+00
1.59380698e+00
1.60670030e+00
1.59461260e+00
1.57595599e+00
1.57784641e+00
1.59515047e+00
1.59578538e+00
1.60120904e+00
1.63073814e+00
1.60580850e+00
1.59313667e+00
1.60901415e+00
1.60732985e+00
1.55849409e+00
1.56994009e+00
1.58531439e+00
1.58499551e+00
1.58396018e+00
1.62228858e+00
1.61636722e+00
1.59070241e+00
1.58132112e+00
1.57490087e+00
1.59202850e+00
1.59548151e+00
1.61053205e+00
1.59821129e+00
1.62131929e+00
1.63796556e+00
1.61360216e+00
1.54497290e+00
1.58538055e+00
1.60876238e+00
1.59009707e+00
1.57121766e+00
1.56638002e+00
1.57470214e+00
1.56678677e+00
1.58442330e+00
1.56536686e+00
1.56122231e+00
1.57535481e+00
1.58809495e+00
1.56475890e+00
1.57295358e+00
1.56335354e+00
1.54611647e+00
1.56063318e+00
1.58205795e+00
1.55697811e+00
1.54056215e+00
1.56165826e+00
1.56841016e+00
1.55331671e+00
1.53562045e+00
1.56076968e+00
1.56435335e+00
1.52570367e+00
1.52134275e+00
1.54567826e+00
1.53237510e+00
1.57317221e+00
1.55603397e+00
1.54217803e+00
1.55019712e+00
1.57465005e+00
1.52127624e+00
1.52740407e+00
1.56704283e+00
1.56416810e+00
1.54205370e+00
1.54692400e+00
1.53757286e+00
1.49743700e+00
1.53901875e+00
1.54786944e+00
1.55367410e+00
1.55708075e+00
1.52681494e+00
1.54807842e+00
1.53008497e+00
1.52581334e+00
1.53919148e+00
1.49632895e+00
1.49037755e+00
1.51533699e+00
1.49648666e+00
1.50331223e+00
1.51192856e+00
1.50796425e+00
1.50435305e+00
1.50637972e+00
1.50626099e+00
1.50891376e+00
1.50894439e+00
1.49904954e+00
1.52029634e+00
1.51006269e+00
1.48561192e+00
1.49492443e+00
1.51633048e+00
1.49616897e+00
1.51145422e+00
1.49184334e+00
1.49672174e+00
1.50463569e+00
1.50728226e+00
1.51082945e+00
1.49565113e+00
1.50863779e+00
1.52072597e+00
1.50008702e+00
1.49318314e+00
1.49938071e+00
1.48630548e+00
1.49473703e+00
1.48996615e+00
1.49634349e+00
1.48909032e+00
1.46443045e+00
1.48254883e+00
1.48958766e+00
1.49081039e+00
1.47958636e+00
1.47855604e+00
1.46271348e+00
1.45240068e+00
1.51048565e+00
1.48447287e+00
1.46690083e+00
1.46916246e+00
1.44835615e+00
1.44612658e+00
1.48935294e+00
1.47413397e+00
1.42402601e+00
1.42518151e+00
1.44098282e+00
1.44636345e+00
1.48258162e+00
1.45401299e+00
1.43330371e+00
1.45549309e+00
1.44294751e+00
1.43097734e+00
1.43827641e+00
1.44872844e+00
1.43806064e+00
1.42408490e+00
1.44166625e+00
1.44391465e+00
1.43810701e+00
1.43009067e+00
1.43728149e+00
1.43070960e+00
1.41226327e+00
1.42864180e+00
1.44889152e+00
1.42212915e+00
1.45281172e+00
1.46246660e+00
1.42913795e+00
1.46687019e+00
1.41833055e+00
1.43508601e+00
1.44669914e+00
1.44279397e+00
1.43861675e+00
1.45058680e+00
1.44375682e+00
1.43561530e+00
1.43733060e+00
1.43530178e+00
1.43219435e+00
1.43822885e+00
1.41548419e+00
1.39769101e+00
1.41610134e+00
1.42619681e+00
1.41229248e+00
1.43125236e+00
1.40990996e+00
1.42143154e+00
1.43209922e+00
1.41227913e+00
1.38592863e+00
1.40229845e+00
1.44935179e+00
1.39534903e+00
1.37839735e+00
1.41416526e+00
1.40573752e+00
1.41632080e+00
1.42020464e+00
1.40395403e+00
1.41585207e+00
1.42752290e+00
1.40493953e+00
1.33875978e+00
1.10482264e+00
1.09906054e+00
1.31647635e+00
1.40686715e+00
1.17162025e+00
1.33522713e+00
1.38113904e+00
1.39095140e+00
1.39004052e+00
1.39280641e+00
1.38632250e+00
1.37356901e+00
1.36225319e+00
1.35271668e+00
1.37051475e+00
1.37644017e+00
1.37175965e+00
1.39503419e+00
1.38920069e+00
1.37773585e+00
1.38868904e+00
1.38715386e+00
1.35820925e+00
1.37155867e+00
1.41119730e+00
1.39377046e+00
1.36021471e+00
1.37798572e+00
1.39031971e+00
1.35186028e+00
1.37348175e+00
1.37999678e+00
1.37700665e+00
1.37173939e+00
1.36109424e+00
1.34545946e+00
1.35616159e+00
1.37257683e+00
1.35505950e+00
1.33815742e+00
1.35174966e+00
1.35236239e+00
1.31585753e+00
1.35878158e+00
1.34720182e+00
1.33991873e+00
1.34636033e+00
1.36317635e+00
1.34550691e+00
1.35761487e+00
1.37129092e+00
1.34732580e+00
1.33919764e+00
1.33478308e+00
1.32953763e+00
1.34300566e+00
1.34356797e+00
1.33182991e+00
1.31207800e+00
1.32954717e+00
1.36842251e+00
1.33027625e+00
1.32493377e+00
1.33698702e+00
1.31473792e+00
1.32443893e+00
1.33921957e+00
1.34807277e+00
1.33466256e+00
1.32050765e+00
1.32527173e+00
1.32935619e+00
1.30070329e+00
1.30456197e+00
1.30114424e+00
1.29188251e+00
1.30829763e+00
1.32904053e+00
1.35420656e+00
1.32466674e+00
1.27829790e+00
1.28428805e+00
1.33386278e+00
1.32662416e+00
1.33365619e+00
1.34146798e+00
1.31709051e+00
1.30753505e+00
1.31846428e+00
1.32699966e+00
1.29387021e+00
1.28776503e+00
1.30106974e+00
1.29135489e+00
1.29061878e+00
1.30371940e+00
1.34189785e+00
1.31173086e+00
1.32539773e+00
1.30061638e+00
1.24449360e+00
1.30618906e+00
1.29585147e+00
1.29937255e+00
1.29440260e+00
1.28984821e+00
1.29877067e+00
1.31719267e+00
1.29244256e+00
1.26674616e+00
1.28913999e+00
1.30170274e+00
1.26485097e+00
1.27364635e+00
1.29311240e+00
1.28353226e+00
1.27614832e+00
1.29827821e+00
1.29888344e+00
1.26363528e+00
1.29009831e+00
1.28537214e+00
1.28446472e+00
1.25573087e+00
1.22339475e+00
1.28747857e+00
1.29976475e+00
1.28059888e+00
1.26776493e+00
1.28708124e+00
1.29484510e+00
1.27469361e+00
1.27289689e+00
1.24222910e+00
1.23946249e+00
1.26090634e+00
1.27259934e+00
1.25306749e+00
1.28458321e+00
1.28853619e+00
1.26285028e+00
1.26942563e+00
1.25324500e+00
1.22463012e+00
1.22762012e+00
1.23302412e+00
1.25342202e+00
1.27792215e+00
1.25691175e+00
1.27430141e+00
1.24965501e+00
1.27175188e+00
1.24660766e+00
1.25833356e+00
1.27264476e+00
1.24083209e+00
1.25057232e+00
1.24403727e+00
1.26244044e+00
1.26110864e+00
1.22488821e+00
1.23925400e+00
1.23086441e+00
1.24858832e+00
1.22963226e+00
1.21063566e+00
1.22077608e+00
1.24233627e+00
1.22526240e+00
1.22627783e+00
1.22977316e+00
1.23089778e+00
1.21839547e+00
1.22380543e+00
1.20734644e+00
1.19754863e+00
1.21694744e+00
1.21677625e+00
1.20413113e+00
1.24222136e+00
1.24906874e+00
1.23593116e+00
1.23499978e+00
1.23367548e+00
1.21324217e+00
1.21753883e+00
1.19086933e+00
1.23038125e+00
1.24593925e+00
1.19381261e+00
1.18967962e+00
1.22462094e+00
1.20411444e+00
1.19119918e+00
1.20070541e+00
1.20536804e+00
1.18501484e+00
1.17386675e+00
1.19874227e+00
1.20804107e+00
1.19237995e+00
1.21490836e+00
1.23827362e+00
1.21319973e+00
1.18520510e+00
1.19907606e+00
1.16913271e+00
1.17309165e+00
1.23305368e+00
1.21362245e+00
1.17504072e+00
1.17503035e+00
1.19220567e+00
1.21491456e+00
1.20850754e+00
1.18445766e+00
1.18967116e+00
1.18912053e+00
1.20263124e+00
1.20931756e+00
1.19450080e+00
1.17300212e+00
1.17507553e+00
1.16882706e+00
1.16412568e+00
1.16681802e+00
1.18959165e+00
1.21061182e+00
1.11942816e+00
1.15783393e+00
1.19418740e+00
1.19782269e+00
1.18606973e+00
1.19366252e+00
1.17107677e+00
1.14389944e+00
1.15649331e+00
1.14768970e+00
1.14944565e+00
1.22501910e+00
1.12825346e+00
1.08473957e+00
1.13035822e+00
1.19195831e+00
1.17917109e+00
1.13097835e+00
1.12398243e+00
1.14338732e+00
1.15603065e+00
1.15522933e+00
1.17489827e+00
1.17437804e+00
1.20655775e+00
1.17301750e+00
1.13939619e+00
1.13669276e+00
1.16248512e+00
1.19571126e+00
1.17216313e+00
1.14779472e+00
1.13577747e+00
1.12716925e+00
1.13196301e+00
1.17055750e+00
1.15930033e+00
1.19404113e+00
1.16546834e+00
1.15939987e+00
1.15459085e+00
1.11268246e+00
1.12894046e+00
1.13884270e+00
1.15664864e+00
1.15181601e+00
1.14069045e+00
1.14465189e+00
1.15383089e+00
1.13242698e+00
1.11296916e+00
1.13249481e+00
1.15542030e+00
1.15573943e+00
1.13744974e+00
1.11444068e+00
1.11478698e+00
1.12366593e+00
1.11985457e+00
1.11045325e+00
1.12654269e+00
1.15166712e+00
1.12914610e+00
1.11630785e+00
1.11099565e+00
1.09628820e+00
1.10857642e+00
1.08873522e+00
1.13736963e+00
1.14444101e+00
1.09743464e+00
1.13973951e+00
1.11679888e+00
1.12437081e+00
1.09468329e+00
1.08641136e+00
1.08930087e+00
1.10498321e+00
1.11767459e+00
1.10794210e+00
1.08991468e+00
1.10944092e+00
1.12988663e+00
1.07792449e+00
1.09092379e+00
1.10455024e+00
1.11467814e+00
1.12320483e+00
1.12407327e+00
1.09665048e+00
1.08729076e+00
1.08591437e+00
1.09459376e+00
1.10406518e+00
1.10356009e+00
1.10153913e+00
1.08867526e+00
1.09146762e+00
1.08839262e+00
1.07717800e+00
1.07344651e+00
1.10028553e+00
1.07958448e+00
1.08161318e+00
1.10075343e+00
1.07840133e+00
1.08186436e+00
1.11127460e+00
1.06877065e+00
1.09110308e+00
1.08484757e+00
1.08158362e+00
1.11059737e+00
1.06288576e+00
1.08948970e+00
1.10429502e+00
1.08856559e+00
1.07928228e+00
1.10134757e+00
1.09606493e+00
1.10055029e+00
1.08441520e+00
1.06862068e+00
1.07567596e+00
1.07943869e+00
1.07553017e+00
1.09060645e+00
1.06715226e+00
1.08529973e+00
1.09035170e+00
1.04720020e+00
1.07043791e+00
1.06493688e+00
1.08543503e+00
1.10122097e+00
1.07960558e+00
1.04011893e+00
1.06402814e+00
1.06072760e+00
1.01016843e+00
1.03236723e+00
1.07364142e+00
1.08593845e+00
1.07545376e+00
1.08775282e+00
1.05741084e+00
1.03508115e+00
1.04903710e+00
1.07314634e+00
1.06508958e+00
1.07827508e+00
1.05193806e+00
1.07149446e+00
1.05141556e+00
1.01590002e+00
1.07249606e+00
1.01865375e+00
1.00249422e+00
1.03378856e+00
1.06418967e+00
1.05667806e+00
1.02877760e+00
1.02490568e+00
1.06348050e+00
1.05611014e+00
1.04854012e+00
1.05136013e+00
1.01739633e+00
1.04605019e+00
1.05497217e+00
1.04638612e+00
1.06339705e+00
1.06133604e+00
1.02874625e+00
1.01645124e+00
1.02431309e+00
1.04071724e+00
1.04946780e+00
1.05129874e+00
1.04206252e+00
1.00916743e+00
1.00397205e+00
1.03918135e+00
1.04243231e+00
1.00222957e+00
1.02105057e+00
1.01617265e+00
9.88904119e-01
1.01321471e+00
1.03446877e+00
1.04423809e+00
1.00926375e+00
9.74443734e-01
1.02501333e+00
1.03800428e+00
1.00497603e+00
1.01029038e+00
1.02523816e+00
1.03434098e+00
9.97701943e-01
9.95791018e-01
1.01089776e+00
1.02751195e+00
1.00018358e+00
1.01990461e+00
1.00000000e+00
9.84045029e-01
1.01086628e+00
1.01637793e+00
9.81687784e-01
1.00173712e+00
1.00060129e+00
1.01395917e+00
1.02008045e+00
9.83174980e-01
1.00025702e+00
1.00682700e+00
9.91623998e-01
1.01086247e+00
1.01207089e+00
9.82670546e-01
1.00699544e+00
9.97262537e-01
9.95102227e-01
9.93635476e-01
9.93067861e-01
9.95665848e-01
9.92359161e-01
9.58735883e-01
9.89794075e-01
9.89281535e-01
9.96963739e-01
1.01033056e+00
9.72068250e-01
9.82075453e-01
9.85792279e-01
9.92465317e-01
9.84914124e-01
9.60536957e-01
9.58051145e-01
9.81227040e-01
9.70559776e-01
9.60932076e-01
9.66349602e-01
9.91522372e-01
9.66340065e-01
9.75991130e-01
9.56152260e-01
9.74340022e-01
9.80209768e-01
9.53532636e-01
9.91251528e-01
9.92678225e-01
9.64831769e-01
9.69861448e-01
9.74532425e-01
9.59763765e-01
9.47893143e-01
9.37775910e-01
9.80733216e-01
9.99614596e-01
9.61739957e-01
9.52805102e-01
9.61399198e-01
9.54021752e-01
9.70547974e-01
9.93955612e-01
9.94379461e-01
9.85953867e-01
9.50324714e-01
9.42265928e-01
9.59027171e-01
9.39786196e-01
9.38809156e-01
9.48964119e-01
9.64803457e-01
9.91314590e-01
9.32489157e-01
9.27666962e-01
9.72594976e-01
9.64979291e-01
9.25122142e-01
9.57724273e-01
9.57749128e-01
9.38814878e-01
9.42099988e-01
9.45996046e-01
9.25865889e-01
9.41219747e-01
9.33148086e-01
9.16934848e-01
9.24034357e-01
9.37634766e-01
9.21308219e-01
8.99150133e-01
9.27997708e-01
9.31578934e-01
9.22099352e-01
9.57230806e-01
9.23489869e-01
9.44331288e-01
9.27396536e-01
9.00814891e-01
9.19520795e-01
1.06298459e+00
1.00972044e+00
8.55352521e-01
9.10387993e-01
1.00107718e+00
9.93720353e-01
9.27382231e-01
8.90230298e-01
9.12530243e-01
9.18365717e-01
9.04716909e-01
9.19130743e-01
9.50838923e-01
9.19235110e-01
8.94014239e-01
9.06770408e-01
9.16553259e-01
9.27228689e-01
9.31416512e-01
8.78073514e-01
9.21579778e-01
9.19839144e-01
9.15785551e-01
9.16157007e-01
9.09319162e-01
9.22328413e-01
9.21069384e-01
9.17584181e-01
9.15490270e-01
9.17832255e-01
9.00516272e-01
9.17822540e-01
9.24515486e-01
9.22835886e-01
9.10519600e-01
8.99538279e-01
9.06293333e-01
8.88385177e-01
8.69125187e-01
9.00912583e-01
9.01974797e-01
8.68124723e-01
8.54563594e-01
8.69260490e-01
9.36466098e-01
9.16963696e-01
9.02948380e-01
9.05649304e-01
8.65920007e-01
8.86077940e-01
8.75057936e-01
8.39416504e-01
8.77686381e-01
9.04437304e-01
8.84370863e-01
8.81898344e-01
8.90246391e-01
8.78935575e-01
8.73982191e-01
8.87741089e-01
8.96390796e-01
8.98753464e-01
8.79546404e-01
8.74467611e-01
8.75924349e-01
8.93027544e-01
8.92390132e-01
8.70022416e-01
8.72829676e-01
9.05639112e-01
8.76337111e-01
8.37760031e-01
8.74717474e-01
8.81488085e-01
8.77460361e-01
8.66423607e-01
8.76058102e-01
8.71484101e-01
8.60162020e-01
8.82825434e-01
8.59087229e-01
8.64276290e-01
8.68270755e-01
8.62289548e-01
8.86935830e-01
8.86610925e-01
8.45933914e-01
8.49602818e-01
8.61968577e-01
8.56998920e-01
8.31728697e-01
8.65753710e-01
8.41969013e-01
8.56811881e-01
8.54501188e-01
8.35570574e-01
8.47202599e-01
8.48187923e-01
8.41738999e-01
8.65901172e-01
8.54048491e-01
8.31571996e-01
8.49389911e-01
8.64445567e-01
8.45605195e-01
8.61984491e-01
8.40224683e-01
8.22049499e-01
8.15015972e-01
8.40379298e-01
8.44335318e-01
8.36867571e-01
8.27007353e-01
8.24648619e-01
8.08915198e-01
7.90671885e-01
8.22414994e-01
8.26060772e-01
8.13275337e-01
8.18526506e-01
8.18897486e-01
8.08069348e-01
8.06018949e-01
8.02648842e-01
8.14659059e-01
8.04691553e-01
8.13512206e-01
8.23998392e-01
8.09069753e-01
7.91906476e-01
7.74143219e-01
7.77087390e-01
7.80608058e-01
7.70739794e-01
7.77678788e-01
7.83624411e-01
7.85007238e-01
7.77730048e-01
7.89253235e-01
7.66125441e-01
7.50638366e-01
7.56607771e-01
7.61744797e-01
7.67574191e-01
7.50712156e-01
7.37863600e-01
7.46337593e-01
7.50542700e-01
7.32093334e-01
7.23335028e-01
7.26976633e-01
7.17279136e-01
7.22139597e-01
7.03882635e-01
7.02357411e-01
7.07659006e-01
7.08113432e-01
6.97461128e-01
7.11202204e-01
6.89041257e-01
6.71844006e-01
6.82991743e-01
6.69038951e-01
6.55385017e-01
6.32624328e-01
6.38029575e-01
6.37971640e-01
6.15029037e-01
6.13138676e-01
6.16944015e-01
5.88239849e-01
5.75718284e-01
5.84083080e-01
5.85422873e-01
5.61629355e-01
5.36878765e-01
5.29601455e-01
4.65758055e-01
4.41695869e-01
4.71271783e-01
4.90996033e-01
5.30074477e-01
5.57518244e-01
5.72306514e-01
5.77752531e-01
5.78302979e-01
5.96175492e-01
6.08111203e-01
6.07457757e-01
6.17523193e-01
6.36307955e-01
6.33435488e-01
6.22327805e-01
6.44065082e-01
6.44449949e-01
6.46674812e-01
6.67039752e-01
6.74625456e-01
6.61365330e-01
6.74155235e-01
6.65961027e-01
6.77330256e-01
6.83505356e-01
6.68925047e-01
6.76790893e-01
6.74993217e-01
6.91958964e-01
6.88226640e-01
6.95636988e-01
7.04385340e-01
6.98414207e-01
7.23387301e-01
7.11238384e-01
7.25046039e-01
7.33310819e-01
7.22071052e-01
7.11621583e-01
7.22416937e-01
7.06698000e-01
7.08092272e-01
7.33907282e-01
7.29426801e-01
7.21636474e-01
7.66792059e-01
7.40396500e-01
7.23700047e-01
7.43759751e-01
7.69579113e-01
7.36917257e-01
7.31545210e-01
7.46636450e-01
7.46202052e-01
7.40715981e-01
7.39269495e-01
7.56470740e-01
7.51311481e-01
7.45607674e-01
7.60661781e-01
7.57354736e-01
7.30606318e-01
7.27495432e-01
7.78141499e-01
7.46329963e-01
7.49500036e-01
7.49961138e-01
7.37515688e-01
7.56213903e-01
7.37474978e-01
7.50478268e-01
7.47706294e-01
7.48713613e-01
7.40388811e-01
7.41477370e-01
7.48411477e-01
7.42606819e-01
7.44114041e-01
7.40255833e-01
7.43584394e-01
7.47079968e-01
7.33921230e-01
7.39508212e-01
7.36508667e-01
7.37979054e-01
7.42497146e-01
7.44979739e-01
7.56716371e-01
7.52166688e-01
7.43892193e-01
7.45991170e-01
7.50034213e-01
7.55073786e-01
7.44703591e-01
7.44596243e-01
7.56335855e-01
7.51347780e-01
7.38684416e-01
7.49806523e-01
7.34820426e-01
7.57765770e-01
7.33439326e-01
7.35779285e-01
7.54775345e-01
7.23479331e-01
7.42286325e-01
7.43831575e-01
7.30415106e-01
7.43189156e-01
7.69363403e-01
7.52664208e-01
7.32268274e-01
7.55178750e-01
7.41176903e-01
7.38259554e-01
7.36865759e-01
7.16681838e-01
7.26229548e-01
7.31973350e-01
7.43411779e-01
7.35929251e-01
7.24442303e-01
7.35840321e-01
7.41624355e-01
7.26348937e-01
7.25472748e-01
7.24940717e-01
7.32847452e-01
7.33655274e-01
7.36836553e-01
7.30202794e-01
7.33654857e-01
7.30106115e-01
7.24726379e-01
7.20920324e-01
7.18829870e-01
7.17676938e-01
7.25903809e-01
7.28830397e-01
7.20616281e-01
7.31968403e-01
7.47015774e-01
7.40336537e-01
7.18124151e-01
7.25548983e-01
7.52647161e-01
7.26737499e-01
7.09596395e-01
7.33111322e-01
7.17688441e-01
7.01342344e-01
7.17032433e-01
7.24199891e-01
6.91672504e-01
7.09501922e-01
7.27840424e-01
7.21373737e-01
7.08406568e-01
7.08877623e-01
7.00254261e-01
7.03075826e-01
7.09156036e-01
7.13466406e-01
7.05705345e-01
7.04810798e-01
7.30320990e-01
7.23463893e-01
6.99415743e-01
7.07032740e-01
7.12221265e-01
7.12939084e-01
7.09717989e-01
7.36172616e-01
7.08950222e-01
7.17066467e-01
7.37867475e-01
6.83907270e-01
7.15461314e-01
6.84186995e-01
6.97067499e-01
7.23571062e-01
7.20761418e-01
7.06934392e-01
6.99991643e-01
7.00129092e-01
6.92415714e-01
7.07299769e-01
7.20528245e-01
7.13368475e-01
7.25136340e-01
7.03487337e-01
7.01774240e-01
6.83892667e-01
6.82798982e-01
7.48765826e-01
7.21650600e-01
7.05979586e-01
6.87678635e-01
6.85480177e-01
6.96716011e-01
7.13136911e-01
7.01448321e-01
6.90902650e-01
6.92041159e-01
7.02680528e-01
7.16339469e-01
7.12889731e-01
6.99227452e-01
6.98896348e-01
6.93067253e-01
6.91107869e-01
6.84071183e-01
6.86228395e-01
6.83847427e-01
6.87196076e-01
6.79283142e-01
6.81607008e-01
6.99260473e-01
6.92357838e-01
6.82443082e-01
6.83903277e-01
6.94828451e-01
6.80845201e-01
6.72192812e-01
6.99869454e-01
6.95971727e-01
6.98080420e-01
6.81245923e-01
6.79325581e-01
6.81543946e-01
6.66331291e-01
6.72666252e-01
6.88787222e-01
6.86499655e-01
6.70581043e-01
6.73413038e-01
6.91394389e-01
6.72035456e-01
6.75990880e-01
6.72364593e-01
6.70576453e-01
6.80256546e-01
6.75375700e-01
6.81986094e-01
6.71047330e-01
6.67841375e-01
6.51609659e-01
6.58098578e-01
7.21706271e-01
6.78740799e-01
6.80922627e-01
6.72886193e-01
6.64699614e-01
6.68841600e-01
6.70333445e-01
6.65694892e-01
6.57559693e-01
6.62549675e-01
6.60779893e-01
6.61165476e-01
6.66430831e-01
6.68889999e-01
6.58792377e-01
6.69561148e-01
6.71661675e-01
6.67206764e-01
6.72868013e-01
6.54857099e-01
6.71835184e-01
6.67980611e-01
6.71068072e-01
6.80680215e-01
6.57773972e-01
6.48118198e-01
6.60757482e-01
6.58705831e-01
6.62604868e-01
6.59886897e-01
6.56642199e-01
6.75118744e-01
6.63888097e-01
6.66277528e-01
6.59746826e-01
6.51872694e-01
6.51157200e-01
6.48348153e-01
6.48108244e-01
6.64686620e-01
6.54036045e-01
6.44463062e-01
6.57994986e-01
6.42988086e-01
6.45560145e-01
6.56795442e-01
6.57886446e-01
6.53791428e-01
6.58289194e-01
6.40902877e-01
6.34671271e-01
6.32414997e-01
6.39979601e-01
6.52396619e-01
6.36768878e-01
6.40419841e-01
6.39002323e-01
6.46471381e-01
6.53009176e-01
6.39783144e-01
6.52665257e-01
6.34597063e-01
6.49389625e-01
6.41141593e-01
6.37121916e-01
6.43753409e-01
6.45798385e-01
6.42096758e-01
6.22454822e-01
6.24102950e-01
6.43397510e-01
6.46896482e-01
6.40279949e-01
6.52949631e-01
6.25102997e-01
6.38433218e-01
6.44021571e-01
6.29394054e-01
6.30025327e-01
6.26906335e-01
6.27900541e-01
6.34419501e-01
6.35675490e-01
6.43492699e-01
6.61188543e-01
6.15226030e-01
6.19054079e-01
6.27875984e-01
6.22320473e-01
6.28364801e-01
6.47888422e-01
6.40228271e-01
6.36974275e-01
6.25230730e-01
6.18378639e-01
6.24324799e-01
6.33432329e-01
6.39938116e-01
6.38432384e-01
6.24707162e-01
6.08210683e-01
6.12675548e-01
6.19184136e-01
6.14026129e-01
6.22928619e-01
6.29270792e-01
6.33687913e-01
6.33692026e-01
6.29317999e-01
6.06446922e-01
6.13952637e-01
6.18389845e-01
6.25132322e-01
6.28891706e-01
6.11369610e-01
6.25631154e-01
6.14906132e-01
6.11322701e-01
6.04480028e-01
6.02987051e-01
6.19086087e-01
5.84821939e-01
5.97177565e-01
6.12072110e-01
6.18237376e-01
6.19282067e-01
6.16574883e-01
5.97660720e-01
5.97772241e-01
6.13757372e-01
6.16667032e-01
6.09699488e-01
6.13394916e-01
6.17828906e-01
6.03209257e-01
6.05551779e-01
6.05480731e-01
5.90709031e-01
5.83496869e-01
6.19818807e-01
6.04760349e-01
6.09607697e-01
6.09088838e-01
5.95732927e-01
5.96937954e-01
6.08325839e-01
6.08763456e-01
6.02710962e-01
5.95238149e-01
5.91131091e-01
5.90450704e-01
6.04259551e-01
6.16121531e-01
5.93849123e-01
5.90405345e-01
6.17159426e-01
6.06031299e-01
6.08743548e-01
5.92037857e-01
6.02910995e-01
6.11313522e-01
6.01532936e-01
5.97813845e-01
5.86225092e-01
5.85648954e-01
5.87532759e-01
5.88519692e-01
5.80790281e-01
5.85518003e-01
5.95897913e-01
6.01723433e-01
5.90193689e-01
5.85699677e-01
5.93239903e-01
5.99333227e-01
5.92943192e-01
5.47853529e-01
5.60829639e-01
5.84548712e-01
5.83701074e-01
5.78591704e-01
6.02008879e-01
6.16405904e-01
5.80150366e-01
5.66956758e-01
5.86051822e-01
5.76769829e-01
6.04342699e-01
5.86895704e-01
5.90624332e-01
5.87734342e-01
5.58238745e-01
5.70537984e-01
5.76172054e-01
5.66255271e-01
5.91755271e-01
5.91766953e-01
5.70825636e-01
5.40130913e-01
4.99465674e-01
5.94292819e-01
6.27106428e-01
5.69028556e-01
5.36391556e-01
5.56495190e-01
5.69783032e-01
5.83760500e-01
5.79109967e-01
5.69743693e-01
5.80799580e-01
5.75832486e-01
5.68635702e-01
5.84742844e-01
5.65403163e-01
5.57285428e-01
5.75588346e-01
5.74666739e-01
5.77590346e-01
5.56942642e-01
5.59501410e-01
5.61353922e-01
5.63450396e-01
5.49419880e-01
5.52259445e-01
5.64485669e-01
5.89569807e-01
5.82136273e-01
5.64003646e-01
5.48119366e-01
5.64581871e-01
5.42647898e-01
5.64766407e-01
5.90785265e-01
5.61980069e-01
5.73090076e-01
5.58912218e-01
5.19742846e-01
4.89416331e-01
5.46263993e-01
6.25365555e-01
5.70088625e-01
5.66297293e-01
5.63776255e-01
5.52376032e-01
5.60422778e-01
5.59542596e-01
5.42558730e-01
5.41375875e-01
5.62418699e-01
5.81815243e-01
5.59896767e-01
5.50412893e-01
5.64180255e-01
5.31420767e-01
5.30756116e-01
5.76752186e-01
5.91106415e-01
5.59076548e-01
5.38058400e-01
5.47855854e-01
5.47673881e-01
5.47824621e-01
5.62105358e-01
5.61756074e-01
5.53811371e-01
5.51488876e-01
5.45845807e-01
5.59309721e-01
5.77521026e-01
5.64916134e-01
5.49762905e-01
5.59871793e-01
5.46407163e-01
5.12767792e-01
5.26724517e-01
5.73258936e-01
5.43844819e-01
5.43760061e-01
5.42594910e-01
5.35203516e-01
5.37060559e-01
5.52656233e-01
5.51494777e-01
5.29739439e-01
5.25869012e-01
5.36038399e-01
5.42004049e-01
5.39722741e-01
5.50177038e-01
5.19108474e-01
5.33708870e-01
5.45959771e-01
5.41725695e-01
5.35609841e-01
5.26417971e-01
5.31804740e-01
5.50535083e-01
5.38607359e-01
5.32838166e-01
5.45144320e-01
5.17742872e-01
5.33069849e-01
5.20353675e-01
5.23385167e-01
5.39092541e-01
5.25656819e-01
5.34100890e-01
5.52579463e-01
5.27848423e-01
5.24101257e-01
5.45438886e-01
5.32355428e-01
5.07159472e-01
5.27475178e-01
5.20729244e-01
5.11499822e-01
5.37983179e-01
5.42093456e-01
4.71426427e-01
5.14122486e-01
5.38167417e-01
5.20757139e-01
5.20769954e-01
5.39626598e-01
5.23125589e-01
5.46585083e-01
5.31336665e-01
5.30878782e-01
5.35162926e-01
5.31119704e-01
5.19078732e-01
5.28529465e-01
5.35006881e-01
5.27357340e-01
5.33163726e-01
5.27484715e-01
5.06605387e-01
5.26820123e-01
5.22617579e-01
5.15037656e-01
5.18935680e-01
5.26068568e-01
5.21020889e-01
4.71995622e-01
5.07828593e-01
5.64744055e-01
5.64781427e-01
5.05527794e-01
5.06568193e-01
5.09358525e-01
5.16866744e-01
4.98913437e-01
5.01814127e-01
5.11070192e-01
5.25319993e-01
5.13374031e-01
5.02831042e-01
5.16336977e-01
5.05480528e-01
4.96097624e-01
5.14742196e-01
5.14983356e-01
4.92451400e-01
5.03268540e-01
5.18171966e-01
5.06686509e-01
5.09280205e-01
5.29133141e-01
4.96268123e-01
5.10086536e-01
5.11822104e-01
4.76409227e-01
5.05759895e-01
5.19725561e-01
5.04644990e-01
5.00530243e-01
5.07165432e-01
4.91643101e-01
4.97697979e-01
4.83409613e-01
4.96518016e-01
5.02565920e-01
5.10262787e-01
5.17938554e-01
5.03006816e-01
4.98436600e-01
5.05293667e-01
4.84031558e-01
4.87290919e-01
5.07651389e-01
4.80199814e-01
4.75389123e-01
4.92432714e-01
4.89092141e-01
4.89879191e-01
5.17903388e-01
5.13275862e-01
4.85630929e-01
4.83083844e-01
4.97713149e-01
5.04122019e-01
4.97904897e-01
4.84256864e-01
4.99625325e-01
4.62278306e-01
4.89991993e-01
5.09378552e-01
4.94306564e-01
4.90511477e-01
4.92376328e-01
4.77411956e-01
4.75532472e-01
5.03458083e-01
5.06056905e-01
4.96461540e-01
4.91471350e-01
5.02187550e-01
5.02178729e-01
4.91072118e-01
4.81825560e-01
4.93138105e-01
4.84976888e-01
4.83584195e-01
4.76665497e-01
4.78848577e-01
4.89650875e-01
4.83057171e-01
5.00547886e-01
4.73289490e-01
4.86754298e-01
5.09647965e-01
4.73725468e-01
4.77750778e-01
4.71237540e-01
4.87087786e-01
4.80783194e-01
4.74054188e-01
4.82092977e-01
4.71137255e-01
4.78028655e-01
4.83861715e-01
4.90316540e-01
4.91601586e-01
4.78475094e-01
4.70240176e-01
4.79793072e-01
4.83679026e-01
4.75723892e-01
4.68923420e-01
4.70752031e-01
4.66733575e-01
4.66088176e-01
4.88271564e-01
4.61178452e-01
4.20156181e-01
4.29767460e-01
4.78285670e-01
5.02945423e-01
4.80298251e-01
4.91737723e-01
4.99377370e-01
4.66225684e-01
4.60180610e-01
4.64425564e-01
4.78468150e-01
4.75565016e-01
4.68067169e-01
4.77141589e-01
4.75938171e-01
4.80858803e-01
4.72605377e-01
4.94438499e-01
4.71568733e-01
3.91267031e-01
4.44338948e-01
4.84795094e-01
4.65621054e-01
4.46165234e-01
4.48096484e-01
4.55075204e-01
4.59737778e-01
4.68092233e-01
4.54997599e-01
4.64822829e-01
4.71819341e-01
4.49769974e-01
4.57881451e-01
4.71381336e-01
4.66210037e-01
4.53112930e-01
4.64898795e-01
4.68591213e-01
4.41505760e-01
4.69142109e-01
4.68034893e-01
4.80460912e-01
4.81993616e-01
4.56223279e-01
4.71108079e-01
4.53395039e-01
4.53807235e-01
4.61364537e-01
4.50506091e-01
4.43612278e-01
4.56287026e-01
4.24025118e-01
4.60730284e-01
4.80878681e-01
4.61497635e-01
4.49318469e-01
4.65213150e-01
5.01453161e-01
4.34845924e-01
4.11819577e-01
4.37932521e-01
4.49206561e-01
4.52629685e-01
4.46447641e-01
4.62472767e-01
4.50022578e-01
4.39912170e-01
4.54786718e-01
4.59319651e-01
4.30361420e-01
4.49287355e-01
4.47876126e-01
4.48643059e-01
4.55369413e-01
4.31329459e-01
4.50217307e-01
3.94192815e-01
4.34144109e-01
4.97820169e-01
4.38953698e-01
4.30617452e-01
4.35752451e-01
4.38628048e-01
4.43205178e-01
4.49823707e-01
4.39856112e-01
4.11465019e-01
4.50845361e-01
4.57443386e-01
4.49276388e-01
4.35400873e-01
4.49256957e-01
4.50185835e-01
4.38959748e-01
4.52903539e-01
4.35932994e-01
3.97141337e-01
4.28643465e-01
4.56767917e-01
4.31029648e-01
4.47703987e-01
4.47037756e-01
4.31771964e-01
4.36652124e-01
4.47464257e-01
4.45724368e-01
4.38805908e-01
4.45897937e-01
4.37803894e-01
4.10986722e-01
4.65507448e-01
4.21275198e-01
4.20334816e-01
4.15763348e-01
4.16352928e-01
4.54039723e-01
4.30313498e-01
4.18286473e-01
4.21857893e-01
4.34922129e-01
4.51657027e-01
4.40755963e-01
4.42126513e-01
4.29145217e-01
4.22851294e-01
4.22582239e-01
4.29137141e-01
4.29428518e-01
4.14664328e-01
4.27616328e-01
4.45798755e-01
4.46547866e-01
4.27492112e-01
4.18104291e-01
4.31309909e-01
4.42038715e-01
4.04492259e-01
3.88746202e-01
4.25418437e-01
4.32333320e-01
4.12111223e-01
4.32190418e-01
4.18493271e-01
4.20562446e-01
4.20420080e-01
4.02041882e-01
4.20275569e-01
4.16740447e-01
4.32818800e-01
4.20996130e-01
4.33638304e-01
4.40067649e-01
4.00626302e-01
4.24768895e-01
4.62180346e-01
4.23410863e-01
4.01673496e-01
4.29396331e-01
4.07356948e-01
4.31662947e-01
4.33223158e-01
4.21821743e-01
4.16748375e-01
4.27965015e-01
4.21310633e-01
4.11045015e-01
4.16869998e-01
4.12568420e-01
4.05445188e-01
4.14047122e-01
4.09031898e-01
3.87125552e-01
3.90809894e-01
4.11314279e-01
4.05372113e-01
4.08444196e-01
4.15749907e-01
4.20187712e-01
4.23542053e-01
4.13517594e-01
4.03541207e-01
4.11097258e-01
4.19974923e-01
3.97209615e-01
4.17687833e-01
4.37491387e-01
4.24460977e-01
4.11909372e-01
4.16338563e-01
4.09438550e-01
4.21394467e-01
4.03888583e-01
3.93671244e-01
4.11785841e-01
4.06259179e-01
4.15107787e-01
4.06169742e-01
4.10097808e-01
4.10129488e-01
4.08996940e-01
4.18251187e-01
4.01337892e-01
4.14525926e-01
4.18682218e-01
4.17493224e-01
4.12562698e-01
3.95139515e-01
3.99787068e-01
4.09936339e-01
4.09623444e-01
3.96037221e-01
4.06903327e-01
4.00191188e-01
4.11283135e-01
4.18699861e-01
4.09289181e-01
3.95833999e-01
4.05006468e-01
3.96342605e-01
4.05202895e-01
3.99559319e-01
4.00064826e-01
3.99243474e-01
3.95642519e-01
3.98269743e-01
4.01703119e-01
3.85563731e-01
4.00088817e-01
4.04122233e-01
3.91729236e-01
3.99086297e-01
3.94395232e-01
4.11334574e-01
4.05479074e-01
3.85860056e-01
3.90456051e-01
4.01239544e-01
3.85883033e-01
3.93380374e-01
3.92761916e-01
3.89322579e-01
3.96531194e-01
4.03839946e-01
3.78348470e-01
3.95063907e-01
3.90161395e-01
3.77805561e-01
4.05089349e-01
3.99442971e-01
3.99575531e-01
3.87246013e-01
3.88552040e-01
3.97932976e-01
3.94938409e-01
3.96694511e-01
3.90111804e-01
3.95410746e-01
3.97790074e-01
3.80841613e-01
3.79647762e-01
3.96301866e-01
3.68663937e-01
3.72885346e-01
3.77644271e-01
3.88502121e-01
3.98824871e-01
3.89566988e-01
3.79435450e-01
3.90209734e-01
4.03115749e-01
3.89765054e-01
3.68827254e-01
3.91744792e-01
3.81427646e-01
3.87112707e-01
3.92646432e-01
3.81766200e-01
3.60637277e-01
3.64695519e-01
3.79320711e-01
3.77736121e-01
3.77313435e-01
3.71992230e-01
3.84950638e-01
3.71528983e-01
3.76591951e-01
3.69264841e-01
3.62501949e-01
3.71661067e-01
3.78788114e-01
3.78143400e-01
3.78050685e-01
3.82796884e-01
3.82532954e-01
3.79086912e-01
3.82318258e-01
3.85904491e-01
3.75451863e-01
3.86197060e-01
3.86865824e-01
3.80868793e-01
3.65883082e-01
3.71388942e-01
3.69388729e-01
3.75533611e-01
3.80032212e-01
3.85418981e-01
3.97796154e-01
3.60848308e-01
3.97341102e-01
3.89703661e-01
3.57910424e-01
3.42609346e-01
3.43360305e-01
3.75284493e-01
3.77737850e-01
3.52975070e-01
3.34431797e-01
3.55357081e-01
3.59372377e-01
3.57536495e-01
3.47298861e-01
3.73039126e-01
3.76529902e-01
3.68592024e-01
3.75072658e-01
3.72565001e-01
3.61714542e-01
3.70814204e-01
3.67723137e-01
3.67418796e-01
3.67361337e-01
3.66819024e-01
3.74345183e-01
3.75854611e-01
3.74880344e-01
3.69452268e-01
3.52897495e-01
3.70639563e-01
4.35321152e-01
3.68136525e-01
3.14212620e-01
3.33298892e-01
3.33472103e-01
3.73230994e-01
3.73096824e-01
3.54630649e-01
3.53305727e-01
3.67520005e-01
3.70699883e-01
3.41093481e-01
3.59617949e-01
3.57662201e-01
3.60472351e-01
3.65166157e-01
3.55088830e-01
3.50003332e-01
3.65011513e-01
3.65531713e-01
3.89198184e-01
3.89971584e-01
3.52916032e-01
3.57265472e-01
3.54859471e-01
3.64084125e-01
3.51734579e-01
3.53260398e-01
3.81514013e-01
3.09506804e-01
3.17044377e-01
3.42802316e-01
3.47286403e-01
3.49625468e-01
3.54345530e-01
3.45993221e-01
3.49102497e-01
3.40688616e-01
3.28031391e-01
3.29427689e-01
3.52961928e-01
3.53974223e-01
3.64990562e-01
3.46667856e-01
3.50923777e-01
3.70405436e-01
3.20781440e-01
3.28170627e-01
3.28506947e-01
3.44613343e-01
3.58006120e-01
3.46352309e-01
3.34577918e-01
3.40282649e-01
3.45218450e-01
3.32182169e-01
3.39909047e-01
3.30188781e-01
3.32248151e-01
3.27637494e-01
3.35847199e-01
3.56647551e-01
3.35999131e-01
2.93026567e-01
2.91033715e-01
2.96540201e-01
3.50977421e-01
3.36172342e-01
3.36802185e-01
3.42493027e-01
3.49101663e-01
3.56364608e-01
3.36586475e-01
3.44103336e-01
3.42803121e-01
3.32195193e-01
3.39695811e-01
3.60927284e-01
3.28022242e-01
3.18370879e-01
3.42153400e-01
3.49019885e-01
3.43608558e-01
3.44627172e-01
2.89833277e-01
2.99844921e-01
3.30942839e-01
3.35985303e-01
3.48024428e-01
3.38534862e-01
3.49760890e-01
3.52081597e-01
3.37241888e-01
3.26179594e-01
3.39699268e-01
3.42251182e-01
3.41906458e-01
3.51789862e-01
3.37652743e-01
3.27689856e-01
3.57221752e-01
3.59179914e-01
3.27821225e-01
3.31216276e-01
3.44714284e-01
3.56693894e-01
3.36526006e-01
3.11481953e-01
3.40919465e-01
3.32464099e-01
3.28362793e-01
3.35105389e-01
3.33398730e-01
3.22804809e-01
3.38725567e-01
3.34341317e-01
3.32228333e-01
3.41852427e-01
3.40567708e-01
3.37275147e-01
3.25493127e-01
3.39386582e-01
3.22374552e-01
3.10717463e-01
3.38878334e-01
3.29912454e-01
3.30558568e-01
3.39676708e-01
3.36001396e-01
3.33309531e-01
3.20504040e-01
3.31761688e-01
3.43752742e-01
3.28297108e-01
3.22876900e-01
3.30322564e-01
3.27889651e-01
3.25323939e-01
3.31930906e-01
3.44497114e-01
3.43545943e-01
3.42771173e-01
3.35067481e-01
3.43884975e-01
3.24712753e-01
3.00985754e-01
2.96660513e-01
3.26044351e-01
3.35949987e-01
3.12913626e-01
3.33676517e-01
3.39286208e-01
3.26689869e-01
3.22583735e-01
3.27336997e-01
3.19755018e-01
3.61961007e-01
3.49001378e-01
3.38348269e-01
3.36712182e-01
2.94913888e-01
3.21406484e-01
3.07384521e-01
3.07878256e-01
3.10035586e-01
2.94870526e-01
3.37808460e-01
3.44297379e-01
3.12987357e-01
3.12714040e-01
3.20631087e-01
3.13350230e-01
3.08070779e-01
3.06386948e-01
3.23711514e-01
3.19440275e-01
3.19464356e-01
3.35538030e-01
3.28211099e-01
3.15551907e-01
3.25948179e-01
3.22721422e-01
3.14139992e-01
3.14860880e-01
3.22737426e-01
3.11265439e-01
3.20480347e-01
3.05665702e-01
3.07499558e-01
3.17031860e-01
3.18980098e-01
3.06014329e-01
3.11791271e-01
3.09536368e-01
3.08439940e-01
3.12353730e-01
3.14769149e-01
3.24826509e-01
3.16323161e-01
3.15133423e-01
3.16054940e-01
3.07636559e-01
3.09797257e-01
3.28496099e-01
3.18809241e-01
3.04484427e-01
3.02644581e-01
3.21015388e-01
3.21815521e-01
3.04584235e-01
2.99037844e-01
3.41351211e-01
3.07619870e-01
2.88372904e-01
3.72780770e-01
3.53437155e-01
2.62006134e-01
2.82649875e-01
3.06532830e-01
2.89576709e-01
3.14038485e-01
2.03280881e-01
2.69046307e-01
2.97419012e-01
3.05428624e-01
3.13248307e-01
3.10824394e-01
3.09682101e-01
3.01820159e-01
2.88607419e-01
3.08960080e-01
3.11654210e-01
2.88982451e-01
3.09033364e-01
2.98015952e-01
3.16165715e-01
3.19015980e-01
3.11107785e-01
3.14193666e-01
3.02891850e-01
3.08024526e-01
2.98993945e-01
2.99900740e-01
3.53645563e-01
4.20372665e-01
2.54893780e-01
2.14783877e-01
2.28488758e-01
3.18546355e-01
3.34442973e-01
1.88358739e-01
2.89777756e-01
2.75075942e-01
2.94956475e-01
3.08492422e-01
3.06846470e-01
3.21462989e-01
2.73357183e-01
2.84511417e-01
2.91760445e-01
2.87997693e-01
2.92156845e-01
2.88593143e-01
2.88031280e-01
3.23711216e-01
2.96743512e-01
2.65451401e-01
2.76150674e-01
2.82811701e-01
2.97500968e-01
2.98000276e-01
2.92530388e-01
3.35076690e-01
3.15466583e-01
1.07714906e-01
2.27577046e-01
2.96086162e-01
2.91927963e-01
2.94319272e-01
2.84830570e-01
2.81307995e-01
3.25992703e-01
2.63907433e-01
2.79601127e-01
3.09338570e-01
2.94401616e-01
2.90291697e-01
2.86000133e-01
2.99188018e-01
3.10035586e-01
2.84997642e-01
2.34641731e-01
2.84975618e-01
2.77835935e-01
2.81554103e-01
2.79621780e-01
2.93291152e-01
2.95385122e-01
2.69749612e-01
2.90089458e-01
2.97669142e-01
2.83107758e-01
2.65739918e-01
2.69029528e-01
2.85148442e-01
2.71318555e-01
2.78319180e-01
3.06275100e-01
3.03573966e-01
2.65589595e-01
2.28683814e-01
2.54911005e-01
2.75890976e-01
2.76425660e-01
2.85173059e-01
2.83457130e-01
2.87526578e-01
2.88524717e-01
2.87154615e-01
2.94398040e-01
2.96750784e-01
2.95330405e-01
3.02274197e-01
2.90724009e-01
2.55302459e-01
2.42668837e-01
2.61228919e-01
2.76109219e-01
3.30431879e-01
2.98985630e-01
2.45245859e-01
2.39264593e-01
