2.07045650e+00
2.01178241e+00
1.99670243e+00
2.04421735e+00
2.08586383e+00
2.11857200e+00
2.15023446e+00
2.13991690e+00
2.12398148e+00
2.09994698e+00
2.15844774e+00
2.15297341e+00
2.13508606e+00
2.15806890e+00
2.16394925e+00
2.18108153e+00
2.19430304e+00
2.17874241e+00
2.17806220e+00
2.13129973e+00
2.18142247e+00
2.15671682e+00
2.15546775e+00
2.14205909e+00
2.15517211e+00
2.15223360e+00
2.17639923e+00
2.17005992e+00
2.11973500e+00
2.11518455e+00
2.10083270e+00
2.06635499e+00
2.07287836e+00
2.05563474e+00
2.08710074e+00
2.03671312e+00
2.02796698e+00
2.05213976e+00
2.02881336e+00
1.99370766e+00
1.95998824e+00
1.93867171e+00
1.89870608e+00
1.89080906e+00
1.85068095e+00
1.89913011e+00
1.92149746e+00
1.95241320e+00
2.05033278e+00
1.99893248e+00
2.01809120e+00
2.06397915e+00
2.05911231e+00
2.09686542e+00
2.09305048e+00
2.10094142e+00
2.16424680e+00
2.13563633e+00
2.11735868e+00
2.13987732e+00
2.11340165e+00
2.15700912e+00
2.15545774e+00
2.15551257e+00
2.17595840e+00
2.17598152e+00
2.17983365e+00
2.18653679e+00
2.15167284e+00
2.20741034e+00
2.18539214e+00
2.14124560e+00
2.12207723e+00
2.14437175e+00
2.14475536e+00
2.13260412e+00
2.19454408e+00
2.12791491e+00
2.15708160e+00
2.18269277e+00
2.11541080e+00
2.11066294e+00
2.09939289e+00
2.06769466e+00
2.11190391e+00
2.09125876e+00
2.06437540e+00
2.06960797e+00
2.01520157e+00
1.98111415e+00
1.96484447e+00
1.98791325e+00
1.94875717e+00
1.91330707e+00
1.87476408e+00
1.86855841e+00
1.87106812e+00
1.82363987e+00
1.77593279e+00
1.77049005e+00
1.72794425e+00
1.71765447e+00
1.67431855e+00
1.63317907e+00
1.62153828e+00
1.61332202e+00
1.64930093e+00
1.71140313e+00
1.74474287e+00
1.73726702e+00
1.80228579e+00
1.83037364e+00
1.85892689e+00
1.89457166e+00
1.91528845e+00
1.93219447e+00
1.94865656e+00
2.00120068e+00
2.00220966e+00
1.98251140e+00
2.04267478e+00
2.05998540e+00
2.04787588e+00
2.01801777e+00
2.04092741e+00
2.09902430e+00
2.15554357e+00
2.17665863e+00
2.13167739e+00
2.16538930e+00
2.17136788e+00
2.14998484e+00
2.16537809e+00
2.16541719e+00
2.12899303e+00
2.16316462e+00
2.22109342e+00
2.18221498e+00
2.18835068e+00
2.17684889e+00
2.18815494e+00
2.22528005e+00
2.20285773e+00
2.20237684e+00
2.16475105e+00
2.15851021e+00
2.21519351e+00
2.16706467e+00
2.18362117e+00
2.19047427e+00
2.16358757e+00
2.13827038e+00
2.14095020e+00
2.15020108e+00
2.14883924e+00
2.11784029e+00
2.12400436e+00
2.16974235e+00
2.20157623e+00
2.16421390e+00
2.12889981e+00
2.18772626e+00
2.15240192e+00
2.11245465e+00
2.09576082e+00
2.11318278e+00
2.12240553e+00
2.08307028e+00
2.06659126e+00
2.02834463e+00
2.00249100e+00
1.98186874e+00
2.00554109e+00
1.96654844e+00
1.93690979e+00
1.96359718e+00
1.94343734e+00
1.89640486e+00
1.87943816e+00
1.90558255e+00
1.84867465e+00
1.82328415e+00
1.82724166e+00
1.78933156e+00
1.72991335e+00
1.70915091e+00
1.67241299e+00
1.63131928e+00
1.61203277e+00
1.53357720e+00
1.48793912e+00
1.40875483e+00
1.34459972e+00
1.30159807e+00
1.31551147e+00
1.37998486e+00
1.41578734e+00
1.48249078e+00
1.52995872e+00
1.58593178e+00
1.64888322e+00
1.69711125e+00
1.72435963e+00
1.74170625e+00
1.78391278e+00
1.75286400e+00
1.80693579e+00
1.84355700e+00
1.84691000e+00
1.87592196e+00
1.87430120e+00
1.93470120e+00
1.98640835e+00
1.96868443e+00
1.99771571e+00
2.00842333e+00
2.07540154e+00
2.04840636e+00
2.06759024e+00
2.09360838e+00
2.07755661e+00
2.06122303e+00
2.08941054e+00
2.11558914e+00
2.10414267e+00
2.11839890e+00
2.13921905e+00
2.11879778e+00
2.16720414e+00
2.17279387e+00
2.16564536e+00
2.17043257e+00
2.19353199e+00
2.20702362e+00
2.19220018e+00
2.18883252e+00
2.22193408e+00
2.19727612e+00
2.20546103e+00
2.21571684e+00
2.22319221e+00
2.23536038e+00
2.22297978e+00
2.24095488e+00
2.23784328e+00
2.23775983e+00
2.24575996e+00
2.24639130e+00
2.24532938e+00
2.21240187e+00
2.23208237e+00
2.25515008e+00
2.22492933e+00
2.24306488e+00
2.24210835e+00
2.24610496e+00
2.25554800e+00
2.26089048e+00
2.27685809e+00
2.25917244e+00
2.25624633e+00
2.26047826e+00
2.28733349e+00
2.28351879e+00
2.25833678e+00
2.28822064e+00
2.26587558e+00
2.24534535e+00
2.24397182e+00
2.27955437e+00
2.23755860e+00
2.24352622e+00
2.27768993e+00
2.23151445e+00
2.24643564e+00
2.23825026e+00
2.26343727e+00
2.22042370e+00
2.20220995e+00
2.25442314e+00
2.23161578e+00
2.23800397e+00
2.19743299e+00
2.21524954e+00
2.22353387e+00
2.23568273e+00
2.19494081e+00
2.17606974e+00
2.19011998e+00
2.15517712e+00
2.16944790e+00
2.14466691e+00
2.16416049e+00
2.16032743e+00
2.12871742e+00
2.13747621e+00
2.10812759e+00
2.10019207e+00
2.11128497e+00
2.10024071e+00
2.08407998e+00
2.07124138e+00
2.05960965e+00
2.04452562e+00
2.01384878e+00
2.03514576e+00
2.04077268e+00
2.02775693e+00
1.96670878e+00
1.95450211e+00
1.93502069e+00
1.92694235e+00
1.93769979e+00
1.90611243e+00
1.89550817e+00
1.85964036e+00
1.83535373e+00
1.84873819e+00
1.79338574e+00
1.77553070e+00
1.75939119e+00
1.72185326e+00
1.70341527e+00
1.64600646e+00
1.63120282e+00
1.59393561e+00
1.56889868e+00
1.52669787e+00
1.48147440e+00
1.42292011e+00
1.40416586e+00
1.34420872e+00
1.25517774e+00
1.20692968e+00
1.12314391e+00
1.08902991e+00
1.11346602e+00
1.17530513e+00
1.23437953e+00
1.31298375e+00
1.38268840e+00
1.43616104e+00
1.46902287e+00
1.50239587e+00
1.52616179e+00
1.55994117e+00
1.63127875e+00
1.62407315e+00
1.66554439e+00
1.69288945e+00
1.73150110e+00
1.71997464e+00
1.73203433e+00
1.78622127e+00
1.80860007e+00
1.83225012e+00
1.82034397e+00
1.85207021e+00
1.89474070e+00
1.88587236e+00
1.89201522e+00
1.94148195e+00
1.95310843e+00
1.95081174e+00
1.95871687e+00
1.99575531e+00
1.98143721e+00
2.00450325e+00
2.02152967e+00
1.99654508e+00
2.01374936e+00
2.03344703e+00
2.03577161e+00
2.05165839e+00
2.05670571e+00
2.10738111e+00
2.07828164e+00
2.06863284e+00
2.09063029e+00
2.09234762e+00
2.10411668e+00
2.10593200e+00
2.10127711e+00
2.10885906e+00
2.13671494e+00
2.13431191e+00
2.11007214e+00
2.12487984e+00
2.17109036e+00
2.17584300e+00
2.18991566e+00
2.15891314e+00
2.13773370e+00
2.14154816e+00
2.15542960e+00
2.16024160e+00
2.18033624e+00
2.17349124e+00
2.15082693e+00
2.16484475e+00
2.17930722e+00
2.17114639e+00
2.18272424e+00
2.17266202e+00
2.20030689e+00
2.21200442e+00
2.19083977e+00
2.19798779e+00
2.19828033e+00
2.22046971e+00
2.20410919e+00
2.21676707e+00
2.22323346e+00
2.22633123e+00
2.23704028e+00
2.22688746e+00
2.22252727e+00
2.19463706e+00
2.20714927e+00
2.21110892e+00
2.19420481e+00
2.21281338e+00
2.18598700e+00
2.22789598e+00
2.21053505e+00
2.18166947e+00
2.21635628e+00
2.20725918e+00
2.21121478e+00
2.19782257e+00
2.19833469e+00
2.20453238e+00
2.18974757e+00
2.20893383e+00
2.22364497e+00
2.21051168e+00
2.19116211e+00
2.21232271e+00
2.20213604e+00
2.21158504e+00
2.22499371e+00
2.21424437e+00
2.20892882e+00
2.22855926e+00
2.21318817e+00
2.23122191e+00
2.24104786e+00
2.20276690e+00
2.23733735e+00
2.24715495e+00
2.19418311e+00
2.20943928e+00
2.20537734e+00
2.20364308e+00
2.22114897e+00
2.22877359e+00
2.21149802e+00
2.20007062e+00
2.19898772e+00
2.19503498e+00
2.19791794e+00
2.18178773e+00
2.19742370e+00
2.21685815e+00
2.19237518e+00
2.19809866e+00
2.19094276e+00
2.17571497e+00
2.18132353e+00
2.18864369e+00
2.18027997e+00
2.15935993e+00
2.17826223e+00
2.19227052e+00
2.18584371e+00
2.17619514e+00
2.16892886e+00
2.17203069e+00
2.17798448e+00
2.18341208e+00
2.17446899e+00
2.17375541e+00
2.14981031e+00
2.16175008e+00
2.16295552e+00
2.16186690e+00
2.18416166e+00
2.16959667e+00
2.12046385e+00
2.16950774e+00
2.13898921e+00
2.15364981e+00
2.16346216e+00
2.12319374e+00
2.15424848e+00
2.16285777e+00
2.14296198e+00
2.13558555e+00
2.13384175e+00
2.13816500e+00
2.14486289e+00
2.13164091e+00
2.13307858e+00
2.14148808e+00
2.12216735e+00
2.12566948e+00
2.12770462e+00
2.09957409e+00
2.11828923e+00
2.08827949e+00
2.07521462e+00
2.09788203e+00
2.11581445e+00
2.06654525e+00
2.08051252e+00
2.07504344e+00
2.08091784e+00
2.09123731e+00
2.03944182e+00
2.03962207e+00
2.05852509e+00
2.05447054e+00
2.04210973e+00
2.03685832e+00
2.05012798e+00
2.04382706e+00
2.02401090e+00
2.01758218e+00
2.03351045e+00
2.02310252e+00
2.02781391e+00
2.03889346e+00
2.00196886e+00
2.00182962e+00
1.98667049e+00
1.97458279e+00
1.97849321e+00
1.94329476e+00
1.95758235e+00
1.96651328e+00
1.96816409e+00
1.94091892e+00
1.92697608e+00
1.93543625e+00
1.91768062e+00
1.92664135e+00
1.90831518e+00
1.86412334e+00
1.87395740e+00
1.83859742e+00
1.85384429e+00
1.83263731e+00
1.80127978e+00
1.79804885e+00
1.79095042e+00
1.78217554e+00
1.74740028e+00
1.74589634e+00
1.74907780e+00
1.71527374e+00
1.69444597e+00
1.68814516e+00
1.66769445e+00
1.64332485e+00
1.60780871e+00
1.61751544e+00
1.61010683e+00
1.54822671e+00
1.51832128e+00
1.49141979e+00
1.45858288e+00
1.46779180e+00
1.42022038e+00
1.38745594e+00
1.31513476e+00
1.26563573e+00
1.24856651e+00
1.18182790e+00
1.09067988e+00
1.01880908e+00
9.30573761e-01
9.06422257e-01
9.41339195e-01
1.03008103e+00
1.11854851e+00
1.17143106e+00
1.25474679e+00
1.29455125e+00
1.33000994e+00
1.36541820e+00
1.38478279e+00
1.43112791e+00
1.45541739e+00
1.47871351e+00
1.52268744e+00
1.55128837e+00
1.54738450e+00
1.58076715e+00
1.59761858e+00
1.61619031e+00
1.62480581e+00
1.65153217e+00
1.67969179e+00
1.71679473e+00
1.70667613e+00
1.72218084e+00
1.72394431e+00
1.74240422e+00
1.75960624e+00
1.75339091e+00
1.76779628e+00
1.77668059e+00
1.79016531e+00
1.81500816e+00
1.81588209e+00
1.83588386e+00
1.85388255e+00
1.84175241e+00
1.85051525e+00
1.87374091e+00
1.86783552e+00
1.84412324e+00
1.84866369e+00
1.88015473e+00
1.88941395e+00
1.90470958e+00
1.91266906e+00
1.88046122e+00
1.88628614e+00
1.90142691e+00
1.89433610e+00
1.92632854e+00
1.91692519e+00
1.92129803e+00
1.93044722e+00
1.92951787e+00
1.93186986e+00
1.93032944e+00
1.94957137e+00
1.93871641e+00
1.95282793e+00
1.93645215e+00
1.94406438e+00
1.96903849e+00
1.95388126e+00
1.95703518e+00
1.95283365e+00
1.96659946e+00
1.94785404e+00
1.94645667e+00
1.96174192e+00
1.96826172e+00
1.97010231e+00
1.97813523e+00
1.98407876e+00
1.96697676e+00
1.95930696e+00
1.98596895e+00
1.96759713e+00
1.96399641e+00
1.96457469e+00
1.97355509e+00
1.99420309e+00
1.99275279e+00
2.00023746e+00
1.98540437e+00
1.97791553e+00
1.96942210e+00
1.97701430e+00
1.98240769e+00
1.98346758e+00
1.97952950e+00
1.97136486e+00
2.00548315e+00
1.98933733e+00
1.97091544e+00
1.99178481e+00
2.00063133e+00
1.99119604e+00
1.98576391e+00
1.99428785e+00
2.00083089e+00
1.95550609e+00
1.97731626e+00
1.98477387e+00
1.97448444e+00
1.98060954e+00
1.97147572e+00
1.98070872e+00
1.99156022e+00
1.97549045e+00
1.96778119e+00
1.98432040e+00
1.97900248e+00
1.96552324e+00
1.99484015e+00
1.96854532e+00
1.96337068e+00
1.98114049e+00
1.99195957e+00
2.00520205e+00
1.96375442e+00
1.96860194e+00
1.98066294e+00
1.97430098e+00
1.99484003e+00
2.01256466e+00
1.98084068e+00
1.97092962e+00
1.97001815e+00
1.97676396e+00
1.97390604e+00
1.97859323e+00
1.97957623e+00
1.99112439e+00
2.00581622e+00
1.99530482e+00
1.98372996e+00
1.97463024e+00
1.97764373e+00
1.99005651e+00
1.99298775e+00
1.97989559e+00
1.97505999e+00
1.98370147e+00
1.98435509e+00
1.98763537e+00
1.99493158e+00
1.98869610e+00
1.99601328e+00
1.96254039e+00
1.97552431e+00
1.97989571e+00
1.94360042e+00
1.97135615e+00
1.96163881e+00
1.96673059e+00
1.97528386e+00
1.96891534e+00
1.94904125e+00
1.98005617e+00
1.99017239e+00
1.96049297e+00
1.97300541e+00
1.94651127e+00
1.94125545e+00
1.96123528e+00
1.95092320e+00
1.96607554e+00
1.96447551e+00
1.94796646e+00
1.97511363e+00
1.95383048e+00
1.96267283e+00
1.96954560e+00
1.96756256e+00
1.95530677e+00
1.94768083e+00
1.96490383e+00
1.95779622e+00
1.95644832e+00
1.97392952e+00
1.99510550e+00
1.96626151e+00
1.95888853e+00
1.97897506e+00
1.97042811e+00
1.96345210e+00
1.94595373e+00
1.95552802e+00
1.95887268e+00
1.92723286e+00
1.92729354e+00
1.93928397e+00
1.93700683e+00
1.95419252e+00
1.96538889e+00
1.93943751e+00
1.94588375e+00
1.94693017e+00
1.93160295e+00
1.94145489e+00
1.95755291e+00
1.93388724e+00
1.92611420e+00
1.94368839e+00
1.94804525e+00
1.93687022e+00
1.93080139e+00
1.94868195e+00
1.94008362e+00
1.93709087e+00
1.93329859e+00
1.93079245e+00
1.94777739e+00
1.94181192e+00
1.94770575e+00
1.93282700e+00
1.92263377e+00
1.92400920e+00
1.93425369e+00
1.93878138e+00
1.92869353e+00
1.92038023e+00
1.91428900e+00
1.90431786e+00
1.91627443e+00
1.91667306e+00
1.91285169e+00
1.91422546e+00
1.91872644e+00
1.91517401e+00
1.92055595e+00
1.91314948e+00
1.90403926e+00
1.91280818e+00
1.91898501e+00
1.92696476e+00
1.90353155e+00
1.90532267e+00
1.90050423e+00
1.90507436e+00
1.90552604e+00
1.89575791e+00
1.92771482e+00
1.91316795e+00
1.90109527e+00
1.88668299e+00
1.88558888e+00
1.90322781e+00
1.90263128e+00
1.88252890e+00
1.89061499e+00
1.87929022e+00
1.90968251e+00
1.89793050e+00
1.88982415e+00
1.90593195e+00
1.89582860e+00
1.87639463e+00
1.86984384e+00
1.87924731e+00
1.89594567e+00
1.87774169e+00
1.86210001e+00
1.88785315e+00
1.88624549e+00
1.87737978e+00
1.87456381e+00
1.88201559e+00
1.89244974e+00
1.88702774e+00
1.86889935e+00
1.87599504e+00
1.87346411e+00
1.88325477e+00
1.88369513e+00
1.89021325e+00
1.86415887e+00
1.87599087e+00
1.85852122e+00
1.84912753e+00
1.88578761e+00
1.86810827e+00
1.85416245e+00
1.86088800e+00
1.87369633e+00
1.87926924e+00
1.86466134e+00
1.86295724e+00
1.86269617e+00
1.85927236e+00
1.87666714e+00
1.86002612e+00
1.86097157e+00
1.86116123e+00
1.86104751e+00
1.86439753e+00
1.86319256e+00
1.85848832e+00
1.85318100e+00
1.86034656e+00
1.83349431e+00
1.84630251e+00
1.84630525e+00
1.83648753e+00
1.84311509e+00
1.83844995e+00
1.85286009e+00
1.85478592e+00
1.85153580e+00
1.83615744e+00
1.85494852e+00
1.84634829e+00
1.83725035e+00
1.82747388e+00
1.84710455e+00
1.86950469e+00
1.85108125e+00
1.84328187e+00
1.84729362e+00
1.83945584e+00
1.83574188e+00
1.84711111e+00
1.84526169e+00
1.83518445e+00
1.83663845e+00
1.83189464e+00
1.82519662e+00
1.80600750e+00
1.82170522e+00
1.82658637e+00
1.82077026e+00
1.81296885e+00
1.82230723e+00
1.80838180e+00
1.80332303e+00
1.81332850e+00
1.82623708e+00
1.83293247e+00
1.81828415e+00
1.81775570e+00
1.81824052e+00
1.80689085e+00
1.81818473e+00
1.81747115e+00
1.82041860e+00
1.83059597e+00
1.81689131e+00
1.80311930e+00
1.81908333e+00
1.82151163e+00
1.80331802e+00
1.80499649e+00
1.80224645e+00
1.78607273e+00
1.80595112e+00
1.80445468e+00
1.78535032e+00
1.78200519e+00
1.79594147e+00
1.79309893e+00
1.78534997e+00
1.76063788e+00
1.78590667e+00
1.78593338e+00
1.78538096e+00
1.79264295e+00
1.78319812e+00
1.78564274e+00
1.76953685e+00
1.77236700e+00
1.77338398e+00
1.78224325e+00
1.77394521e+00
1.76890981e+00
1.75385189e+00
1.77207446e+00
1.78739679e+00
1.77003133e+00
1.76502967e+00
1.75545871e+00
1.74863696e+00
1.74459743e+00
1.74817646e+00
1.74438584e+00
1.75417483e+00
1.75800693e+00
1.75380468e+00
1.74787998e+00
1.73233485e+00
1.75261521e+00
1.74209344e+00
1.73462558e+00
1.73493814e+00
1.74119961e+00
1.72403622e+00
1.72168636e+00
1.72856641e+00
1.72474027e+00
1.71477699e+00
1.73258483e+00
1.72940838e+00
1.70893013e+00
1.71364141e+00
1.70755029e+00
1.71393681e+00
1.70584786e+00
1.71467388e+00
1.71069717e+00
1.70628595e+00
1.71210325e+00
1.68977153e+00
1.70071542e+00
1.69501340e+00
1.69267476e+00
1.69127572e+00
1.69916403e+00
1.68019450e+00
1.66335428e+00
1.66417384e+00
1.65760136e+00
1.66828430e+00
1.68604338e+00
1.66826689e+00
1.65796101e+00
1.67394805e+00
1.65996957e+00
1.65215850e+00
1.65717256e+00
1.64566815e+00
1.62354231e+00
1.64698994e+00
1.65258932e+00
1.64815044e+00
1.65192676e+00
1.63750505e+00
1.62560034e+00
1.62802804e+00
1.62081552e+00
1.61346829e+00
1.60230947e+00
1.61812317e+00
1.60556555e+00
1.59790289e+00
1.59154892e+00
1.58477366e+00
1.57542205e+00
1.58235693e+00
1.57950509e+00
1.56189847e+00
1.55706322e+00
1.54764366e+00
1.53929412e+00
1.54021049e+00
1.53617358e+00
1.53005779e+00
1.52002621e+00
1.52200699e+00
1.51025331e+00
1.50468099e+00
1.50250602e+00
1.48266947e+00
1.46265435e+00
1.45589709e+00
1.45714414e+00
1.45569026e+00
1.43590641e+00
1.43813992e+00
1.42726827e+00
1.41831684e+00
1.40455174e+00
1.39240241e+00
1.37364221e+00
1.36259115e+00
1.34362268e+00
1.31228220e+00
1.30578792e+00
1.28943002e+00
1.28171146e+00
1.26139998e+00
1.24007273e+00
1.22309244e+00
1.21404099e+00
1.17850280e+00
1.14480913e+00
1.11212170e+00
1.08235073e+00
1.03536165e+00
9.87875521e-01
9.38136637e-01
8.64880085e-01
7.94376433e-01
7.40000904e-01
7.65821815e-01
8.25897515e-01
8.98468316e-01
9.67209935e-01
1.02060068e+00
1.06166399e+00
1.11270440e+00
1.13385570e+00
1.15336609e+00
1.18314075e+00
1.21412730e+00
1.22887146e+00
1.24313200e+00
1.26810813e+00
1.27578890e+00
1.30870867e+00
1.30752087e+00
1.31477988e+00
1.34296298e+00
1.34398091e+00
1.36650252e+00
1.38368809e+00
1.40134847e+00
1.40578842e+00
1.40447628e+00
1.41651213e+00
1.42135143e+00
1.43181205e+00
1.44585228e+00
1.43749142e+00
1.44346309e+00
1.45064533e+00
1.45336843e+00
1.46677852e+00
1.48549879e+00
1.48835337e+00
1.49583781e+00
1.49390721e+00
1.49551451e+00
1.49045861e+00
1.49255133e+00
1.50346398e+00
1.52708852e+00
1.52353156e+00
1.50317025e+00
1.51795685e+00
1.53094053e+00
1.52631319e+00
1.51926041e+00
1.52545834e+00
1.54580367e+00
1.55007470e+00
1.53332388e+00
1.53211129e+00
1.54136157e+00
1.55742991e+00
1.55907810e+00
1.55546677e+00
1.55308640e+00
1.56714368e+00
1.55587280e+00
1.56488740e+00
1.56753302e+00
1.55892122e+00
1.57507432e+00
1.56924236e+00
1.58073258e+00
1.58165145e+00
1.56652093e+00
1.58118701e+00
1.56802261e+00
1.57093942e+00
1.58236587e+00
1.57467163e+00
1.58493018e+00
1.57720971e+00
1.56871879e+00
1.56246746e+00
1.58204043e+00
1.58354366e+00
1.56943130e+00
1.57525253e+00
1.59203458e+00
1.59216666e+00
1.57857072e+00
1.58775365e+00
1.59276342e+00
1.59586465e+00
1.58809042e+00
1.59445477e+00
1.58703434e+00
1.59201515e+00
1.58689177e+00
1.57749486e+00
1.57931244e+00
1.58008087e+00
1.58440983e+00
1.59091973e+00
1.58426869e+00
1.59036469e+00
1.58933961e+00
1.58257484e+00
1.58258843e+00
1.57454515e+00
1.58924198e+00
1.57086456e+00
1.57723391e+00
1.60260355e+00
1.58602881e+00
1.57395124e+00
1.57346785e+00
1.58172810e+00
1.58034599e+00
1.58016181e+00
1.57940030e+00
1.57881069e+00
1.59406877e+00
1.59826934e+00
1.57966888e+00
1.56822109e+00
1.57221854e+00
1.55958796e+00
1.57300735e+00
1.58446085e+00
1.57488048e+00
1.57714844e+00
1.57379615e+00
1.57354248e+00
1.57275856e+00
1.57843935e+00
1.58001101e+00
1.56461430e+00
1.58296657e+00
1.58028889e+00
1.57988715e+00
1.56929803e+00
1.57573581e+00
1.58032095e+00
1.58251429e+00
1.56615543e+00
1.57758915e+00
1.58021367e+00
1.57889795e+00
1.56960988e+00
1.56827998e+00
1.56888282e+00
1.58034313e+00
1.57062125e+00
1.56481326e+00
1.56721044e+00
1.56470072e+00
1.55395675e+00
1.56798315e+00
1.56586540e+00
1.56245780e+00
1.56449795e+00
1.56144750e+00
1.55068827e+00
1.56887877e+00
1.58002102e+00
1.57303035e+00
1.58295345e+00
1.57296991e+00
1.57084298e+00
1.56582808e+00
1.54980862e+00
1.56650388e+00
1.56004083e+00
1.55180812e+00
1.56199789e+00
1.55173302e+00
1.54465795e+00
1.56634283e+00
1.56286931e+00
1.56693101e+00
1.55501223e+00
1.55097687e+00
1.55727839e+00
1.56198120e+00
1.55305803e+00
1.54312599e+00
1.55439818e+00
1.56409013e+00
1.55656564e+00
1.55520523e+00
1.54387474e+00
1.55196512e+00
1.55558240e+00
1.54644275e+00
1.54415548e+00
1.55590856e+00
1.54595602e+00
1.55329716e+00
1.54739797e+00
1.54157460e+00
1.54677987e+00
1.54155397e+00
1.54163229e+00
1.53742051e+00
1.53938496e+00
1.54837167e+00
1.53362691e+00
1.53899872e+00
1.53607380e+00
1.54993892e+00
1.53829324e+00
1.53853726e+00
1.53776610e+00
1.54456961e+00
1.53252673e+00
1.52808046e+00
1.53597140e+00
1.54087043e+00
1.53731990e+00
1.53165317e+00
1.53649557e+00
1.52781188e+00
1.52111435e+00
1.52815461e+00
1.51214027e+00
1.52805412e+00
1.53043163e+00
1.52035916e+00
1.52574825e+00
1.51137066e+00
1.51068974e+00
1.51193917e+00
1.53221869e+00
1.53045261e+00
1.51140046e+00
1.51814902e+00
1.53492737e+00
1.51828718e+00
1.51164186e+00
1.51290321e+00
1.52246189e+00
1.51606083e+00
1.50378263e+00
1.52069092e+00
1.52155650e+00
1.49880707e+00
1.50081861e+00
1.50658727e+00
1.50948644e+00
1.52121580e+00
1.51621330e+00
1.50853491e+00
1.49660277e+00
1.50948167e+00
1.50483847e+00
1.50668430e+00
1.52280366e+00
1.50870967e+00
1.50428247e+00
1.49940729e+00
1.49922431e+00
1.50839162e+00
1.50824511e+00
1.51659274e+00
1.52047014e+00
1.50612295e+00
1.48858917e+00
1.49029601e+00
1.49694765e+00
1.50014246e+00
1.48413563e+00
1.48501456e+00
1.50257206e+00
1.48944438e+00
1.48580742e+00
1.48249257e+00
1.49075150e+00
1.47190845e+00
1.46979618e+00
1.47872591e+00
1.47226143e+00
1.47306693e+00
1.47534239e+00
1.47369277e+00
1.47534466e+00
1.47152781e+00
1.47927105e+00
1.48151338e+00
1.46725011e+00
1.46072805e+00
1.47663867e+00
1.48641658e+00
1.46448874e+00
1.46087849e+00
1.48038554e+00
1.46885073e+00
1.47150481e+00
1.47506654e+00
1.47265935e+00
1.47601342e+00
1.47273529e+00
1.47273302e+00
1.46227467e+00
1.46725798e+00
1.45948017e+00
1.47386634e+00
1.47875321e+00
1.47416461e+00
1.46255076e+00
1.46056771e+00
1.46887517e+00
1.47114778e+00
1.46048677e+00
1.46039629e+00
1.47063649e+00
1.45950520e+00
1.46493936e+00
1.46729386e+00
1.46265125e+00
1.46055114e+00
1.45082498e+00
1.45340717e+00
1.44409204e+00
1.46170712e+00
1.46105540e+00
1.44980502e+00
1.45975184e+00
1.46586037e+00
1.44582117e+00
1.43870795e+00
1.44672787e+00
1.45202827e+00
1.45522690e+00
1.43327820e+00
1.44000506e+00
1.44141603e+00
1.44276094e+00
1.45026529e+00
1.44988561e+00
1.43890619e+00
1.43987501e+00
1.45340896e+00
1.44154990e+00
1.43356156e+00
1.42504132e+00
1.43495262e+00
1.44664288e+00
1.43274355e+00
1.44220328e+00
1.43699729e+00
1.42520726e+00
1.43364072e+00
1.43371749e+00
1.43421030e+00
1.43430281e+00
1.44279492e+00
1.42508864e+00
1.43330073e+00
1.43161333e+00
1.42683136e+00
1.43517542e+00
1.42967355e+00
1.42697573e+00
1.43895352e+00
1.42069495e+00
1.42240381e+00
1.43049860e+00
1.41306245e+00
1.42562139e+00
1.42246878e+00
1.41865373e+00
1.41941297e+00
1.42243838e+00
1.41148984e+00
1.41288733e+00
1.42317712e+00
1.41614151e+00
1.42305338e+00
1.42361319e+00
1.41862750e+00
1.42245507e+00
1.41691864e+00
1.41819990e+00
1.41144335e+00
1.40447545e+00
1.40363216e+00
1.40563214e+00
1.41466117e+00
1.39735496e+00
1.40215421e+00
1.40873218e+00
1.39927888e+00
1.41164672e+00
1.40971661e+00
1.40210855e+00
1.39441621e+00
1.39445472e+00
1.39982665e+00
1.39935720e+00
1.39173460e+00
1.39700520e+00
1.40204525e+00
1.39653146e+00
1.38718915e+00
1.39362884e+00
1.39552546e+00
1.39227605e+00
1.38820076e+00
1.38015079e+00
1.37286675e+00
1.37698233e+00
1.38591349e+00
1.38134181e+00
1.37353873e+00
1.38328063e+00
1.37842870e+00
1.39038467e+00
1.38639796e+00
1.38333333e+00
1.39824367e+00
1.38856328e+00
1.39163518e+00
1.39649618e+00
1.38929152e+00
1.38141406e+00
1.37792230e+00
1.37927222e+00
1.36764538e+00
1.38185716e+00
1.37492847e+00
1.38360643e+00
1.38990021e+00
1.38825035e+00
1.38656747e+00
1.38019848e+00
1.37242818e+00
1.36617136e+00
1.37734318e+00
1.38063443e+00
1.37658763e+00
1.37798750e+00
1.36353505e+00
1.35819519e+00
1.36246741e+00
1.35697615e+00
1.36718893e+00
1.36628079e+00
1.35806072e+00
1.36760449e+00
1.37764347e+00
1.36290979e+00
1.34762287e+00
1.35630953e+00
1.36344934e+00
1.36129141e+00
1.35014570e+00
1.35183990e+00
1.34765112e+00
1.34909439e+00
1.35969567e+00
1.35477710e+00
1.34945953e+00
1.34968495e+00
1.34959137e+00
1.35253668e+00
1.34950745e+00
1.34312582e+00
1.34889054e+00
1.35296178e+00
1.33931530e+00
1.35046375e+00
1.35547483e+00
1.33410144e+00
1.34431624e+00
1.34845686e+00
1.34952700e+00
1.34811962e+00
1.32736528e+00
1.34751952e+00
1.35512471e+00
1.35557306e+00
1.34434271e+00
1.33325469e+00
1.32581854e+00
1.34646976e+00
1.34021115e+00
1.33279502e+00
1.34380507e+00
1.32853389e+00
1.32295012e+00
1.32102966e+00
1.32273114e+00
1.34531403e+00
1.34727824e+00
1.32711160e+00
1.31836259e+00
1.33305657e+00
1.34519291e+00
1.32814837e+00
1.33253360e+00
1.32610798e+00
1.33894503e+00
1.32208622e+00
1.32402825e+00
1.33402359e+00
1.31811976e+00
1.33085501e+00
1.32919717e+00
1.31897902e+00
1.33150280e+00
1.33050597e+00
1.31015420e+00
1.31243968e+00
1.33395910e+00
1.32328379e+00
1.31064177e+00
1.32560444e+00
1.31387174e+00
1.29920602e+00
1.30979359e+00
1.32130241e+00
1.30789864e+00
1.30729270e+00
1.31351995e+00
1.31067109e+00
1.31988800e+00
1.31662619e+00
1.31359267e+00
1.31060970e+00
1.31403196e+00
1.30318713e+00
1.28617609e+00
1.28988075e+00
1.29170322e+00
1.29868042e+00
1.29676116e+00
1.30173945e+00
1.30066895e+00
1.29775751e+00
1.30612183e+00
1.30436850e+00
1.29026365e+00
1.30028951e+00
1.29478741e+00
1.28258479e+00
1.28447294e+00
1.28673041e+00
1.29365599e+00
1.28989100e+00
1.28872728e+00
1.29064274e+00
1.29947138e+00
1.28555381e+00
1.28870475e+00
1.29891944e+00
1.29182303e+00
1.29141748e+00
1.28993714e+00
1.28068960e+00
1.27923477e+00
1.28671575e+00
1.28167629e+00
1.27824163e+00
1.27805650e+00
1.29076004e+00
1.29406321e+00
1.29707801e+00
1.28597844e+00
1.28618789e+00
1.28425646e+00
1.26616395e+00
1.27974868e+00
1.29876995e+00
1.27785230e+00
1.26351953e+00
1.28220117e+00
1.28767192e+00
1.27916300e+00
1.27654922e+00
1.27501702e+00
1.27246130e+00
1.27308691e+00
1.26523280e+00
1.26939583e+00
1.26415634e+00
1.26081634e+00
1.27190077e+00
1.27619958e+00
1.26562500e+00
1.26369786e+00
1.25978982e+00
1.25516927e+00
1.26077950e+00
1.27148819e+00
1.26941371e+00
1.26483333e+00
1.25979042e+00
1.28661239e+00
1.21278286e+00
1.21195424e+00
1.27610779e+00
1.26521790e+00
1.14402127e+00
1.20188737e+00
1.27425408e+00
1.27294147e+00
1.24496484e+00
1.25302243e+00
1.26009154e+00
1.26573443e+00
1.25851703e+00
1.25522041e+00
1.25494301e+00
1.25738204e+00
1.26798844e+00
1.26261818e+00
1.24573863e+00
1.25042200e+00
1.25291586e+00
1.23658931e+00
1.23430574e+00
1.24520612e+00
1.24322164e+00
1.23884690e+00
1.24019241e+00
1.24767900e+00
1.24256516e+00
1.24034321e+00
1.24006093e+00
1.24632466e+00
1.25239038e+00
1.23532116e+00
1.23240352e+00
1.25127351e+00
1.24074900e+00
1.24488521e+00
1.24338806e+00
1.24391520e+00
1.22914827e+00
1.23044527e+00
1.23615384e+00
1.22917414e+00
1.22890222e+00
1.22499537e+00
1.23865855e+00
1.24451685e+00
1.22457111e+00
1.23707366e+00
1.22852695e+00
1.22542942e+00
1.23743939e+00
1.23158276e+00
1.22529185e+00
1.21590459e+00
1.22422338e+00
1.23101175e+00
1.21947050e+00
1.20991218e+00
1.21790159e+00
1.22282386e+00
1.22318280e+00
1.22054780e+00
1.23180950e+00
1.23338652e+00
1.22121429e+00
1.21730435e+00
1.22289467e+00
1.20736134e+00
1.21079850e+00
1.20806980e+00
1.21993732e+00
1.21314776e+00
1.20988083e+00
1.21891022e+00
1.21507061e+00
1.20884573e+00
1.20610833e+00
1.20828450e+00
1.21198297e+00
1.21241736e+00
1.21084690e+00
1.21593821e+00
1.21434414e+00
1.21075046e+00
1.19978321e+00
1.20352662e+00
1.20707607e+00
1.19484222e+00
1.19620156e+00
1.20086169e+00
1.21188045e+00
1.20245540e+00
1.19696760e+00
1.18992639e+00
1.19276690e+00
1.20844340e+00
1.19254601e+00
1.20184302e+00
1.20629442e+00
1.19130290e+00
1.19334602e+00
1.19884181e+00
1.19277930e+00
1.18969059e+00
1.19373369e+00
1.17936373e+00
1.18413353e+00
1.19488811e+00
1.18532383e+00
1.19240260e+00
1.19987810e+00
1.18903625e+00
1.18257761e+00
1.18312931e+00
1.17562032e+00
1.18682957e+00
1.19612670e+00
1.18986273e+00
1.18546951e+00
1.17842841e+00
1.16611540e+00
1.18970573e+00
1.17541671e+00
1.17665088e+00
1.18528461e+00
1.17896163e+00
1.18039227e+00
1.16542220e+00
1.17290890e+00
1.16188121e+00
1.16294575e+00
1.16649604e+00
1.17157173e+00
1.17053890e+00
1.16156495e+00
1.17549372e+00
1.17496359e+00
1.16845334e+00
1.17701054e+00
1.17184544e+00
1.16325879e+00
1.15445507e+00
1.15805495e+00
1.15911341e+00
1.15733123e+00
1.16811168e+00
1.16792202e+00
1.16179740e+00
1.18241990e+00
1.16490245e+00
1.15475488e+00
1.16356146e+00
1.16446447e+00
1.16453481e+00
1.17718208e+00
1.16082513e+00
1.16081715e+00
1.17573738e+00
1.17366612e+00
1.16770744e+00
1.15711820e+00
1.15588999e+00
1.15302777e+00
1.15644920e+00
1.14708388e+00
1.14659858e+00
1.15298474e+00
1.15202868e+00
1.14509177e+00
1.15533900e+00
1.15545988e+00
1.15304148e+00
1.14604771e+00
1.15093982e+00
1.15127206e+00
1.13687575e+00
1.15529251e+00
1.15249193e+00
1.14209282e+00
1.15798521e+00
1.14473486e+00
1.13274312e+00
1.14383948e+00
1.14655578e+00
1.14029527e+00
1.13346696e+00
1.13596880e+00
1.12937272e+00
1.13464773e+00
1.14585745e+00
1.13567626e+00
1.12845993e+00
1.12938964e+00
1.11928105e+00
1.12022555e+00
1.13788843e+00
1.14150882e+00
1.14224315e+00
1.13592327e+00
1.12507975e+00
1.12489986e+00
1.12363505e+00
1.12422025e+00
1.12269664e+00
1.14189363e+00
1.13637304e+00
1.11712885e+00
1.13611972e+00
1.12581527e+00
1.12293112e+00
1.12661576e+00
1.12787211e+00
1.12431014e+00
1.13047326e+00
1.12964725e+00
1.12033904e+00
1.11499417e+00
1.11895382e+00
1.13692641e+00
1.12623298e+00
1.11516893e+00
1.12040293e+00
1.11314607e+00
1.11320436e+00
1.11019254e+00
1.10890400e+00
1.11752653e+00
1.11418211e+00
1.11915851e+00
1.11466122e+00
1.10020530e+00
1.11202514e+00
1.09900641e+00
1.10525548e+00
1.10290468e+00
1.09221804e+00
1.08961463e+00
1.07706070e+00
1.08004951e+00
1.06129873e+00
1.08744252e+00
1.10748863e+00
1.07909393e+00
1.06191146e+00
1.08661127e+00
1.09487748e+00
1.09504032e+00
1.11378133e+00
1.11265433e+00
1.11344624e+00
1.11135256e+00
1.10228789e+00
1.08898687e+00
1.10302794e+00
1.10518825e+00
1.10354078e+00
1.10660446e+00
1.10162497e+00
1.08853984e+00
1.08425999e+00
1.09350562e+00
1.07595372e+00
1.07996345e+00
1.09166193e+00
1.09473479e+00
1.09570360e+00
1.08578324e+00
1.09260178e+00
1.08941925e+00
1.09058070e+00
1.09048033e+00
1.09398532e+00
1.09827566e+00
1.07832408e+00
1.07822406e+00
1.06950498e+00
1.08561110e+00
1.07043576e+00
1.07549536e+00
1.07039714e+00
1.08281231e+00
1.07489562e+00
1.07372308e+00
1.08976579e+00
1.07804418e+00
1.08224702e+00
1.08389664e+00
1.06542015e+00
1.07624400e+00
1.07802296e+00
1.07635224e+00
1.07684410e+00
1.07741070e+00
1.07230282e+00
1.07605314e+00
1.08163524e+00
1.07276201e+00
1.07390034e+00
1.07036865e+00
1.06793582e+00
1.08121383e+00
1.06124341e+00
1.07036495e+00
1.07332039e+00
1.08208501e+00
1.06897938e+00
1.07718170e+00
1.07047069e+00
1.07473743e+00
1.06615973e+00
1.05790329e+00
1.06241369e+00
1.06232977e+00
1.06691694e+00
1.06507397e+00
1.05509400e+00
1.06900036e+00
1.05595374e+00
1.05301070e+00
1.05711269e+00
1.05088699e+00
1.06289661e+00
1.06357849e+00
1.05512106e+00
1.04553699e+00
1.04906261e+00
1.04515541e+00
1.05650640e+00
1.04694128e+00
1.04204118e+00
1.05854321e+00
1.06042647e+00
1.05675411e+00
1.05554986e+00
1.05734384e+00
1.04903781e+00
1.04511976e+00
1.03981125e+00
1.04955709e+00
1.05249476e+00
1.05147338e+00
1.04813039e+00
1.04019105e+00
1.03860998e+00
1.03815949e+00
1.04410243e+00
1.04982245e+00
1.04334879e+00
1.04459143e+00
1.04392457e+00
1.03884900e+00
1.02900267e+00
1.04008722e+00
1.03737617e+00
1.04948545e+00
1.04088902e+00
1.02863073e+00
1.03237295e+00
1.04021394e+00
1.03308606e+00
1.02640188e+00
1.02556264e+00
1.03296864e+00
1.03861761e+00
1.03241503e+00
1.02080834e+00
1.02722633e+00
1.04105997e+00
1.03133786e+00
1.03018761e+00
1.02700174e+00
1.03387558e+00
1.02766800e+00
1.02504170e+00
1.02424979e+00
1.02861488e+00
1.02690244e+00
1.02297246e+00
1.02957892e+00
1.03489244e+00
1.02923024e+00
1.01865339e+00
1.02418983e+00
1.03009593e+00
1.02863431e+00
1.02171564e+00
1.03098786e+00
1.02069354e+00
1.02585137e+00
1.01826310e+00
1.01246321e+00
1.02288294e+00
1.01773167e+00
1.01329422e+00
1.01959181e+00
1.01784861e+00
1.00384843e+00
1.01128113e+00
1.00235689e+00
1.00428903e+00
1.00557363e+00
1.00956094e+00
1.01388407e+00
1.00293076e+00
1.01192117e+00
1.01400018e+00
1.00731432e+00
1.01232493e+00
1.00598931e+00
1.02222276e+00
1.00701010e+00
1.00557649e+00
1.01013482e+00
1.00587630e+00
1.01018167e+00
1.00956047e+00
9.96800303e-01
1.00090027e+00
1.01566827e+00
1.00293612e+00
1.00564373e+00
9.99210298e-01
1.00293219e+00
1.00801826e+00
1.00282550e+00
9.98133421e-01
1.00987732e+00
9.98793483e-01
9.87247705e-01
9.85015869e-01
9.90643501e-01
1.00000000e+00
1.00430572e+00
9.97923076e-01
9.89968181e-01
9.68976438e-01
9.82202530e-01
9.91633534e-01
9.98031139e-01
1.00765455e+00
1.01055264e+00
9.96440947e-01
9.92323637e-01
9.87938762e-01
9.90717888e-01
9.87449646e-01
9.85659361e-01
9.83722568e-01
9.88077044e-01
9.84331727e-01
9.85651255e-01
9.81260598e-01
9.92313862e-01
9.86586809e-01
9.82139587e-01
9.89240408e-01
9.79529083e-01
9.76168394e-01
9.72507894e-01
9.69664812e-01
9.76160407e-01
9.82149124e-01
9.95686948e-01
9.75907743e-01
9.62617397e-01
9.81927931e-01
9.78338897e-01
9.70941603e-01
9.73295748e-01
9.81025219e-01
9.72141862e-01
9.72189128e-01
9.68185306e-01
9.77907419e-01
9.65357721e-01
9.69295800e-01
9.83465374e-01
9.70770955e-01
9.76417899e-01
9.69672620e-01
9.65722859e-01
9.62519228e-01
9.57291365e-01
9.58347976e-01
9.60299969e-01
9.66317236e-01
9.69393492e-01
9.70424175e-01
9.66645539e-01
9.50413525e-01
9.50610459e-01
9.69609618e-01
9.65357780e-01
9.57832158e-01
9.52194095e-01
9.51151967e-01
9.50648308e-01
9.60353792e-01
9.47269142e-01
9.52390492e-01
9.59340811e-01
9.52724218e-01
9.57195580e-01
9.52324569e-01
9.57046151e-01
9.57547545e-01
9.54494715e-01
9.44067299e-01
9.54217911e-01
9.62572098e-01
9.40960526e-01
9.37991142e-01
9.52181220e-01
9.54617560e-01
9.45239961e-01
9.47025895e-01
9.46042478e-01
9.39804435e-01
9.44045901e-01
9.55106139e-01
9.56553102e-01
9.41968143e-01
9.45572913e-01
9.42361653e-01
9.46847796e-01
9.36883926e-01
9.21044230e-01
9.25880313e-01
9.12820816e-01
9.19141531e-01
9.63561177e-01
9.04876888e-01
8.62371922e-01
9.16799843e-01
9.95752871e-01
9.90617752e-01
9.38281596e-01
9.02647853e-01
9.05007243e-01
9.22443867e-01
9.47330415e-01
9.34363067e-01
9.27991807e-01
9.38601494e-01
9.27294314e-01
9.28984046e-01
9.25210238e-01
9.27911282e-01
9.32781339e-01
9.25901353e-01
9.31641638e-01
9.23880339e-01
9.16261375e-01
9.26611841e-01
9.27720666e-01
9.26315665e-01
9.19268727e-01
9.17953610e-01
9.22077477e-01
9.20819283e-01
9.22305465e-01
9.25716817e-01
9.15222168e-01
9.14624989e-01
9.20074105e-01
9.11998272e-01
9.05618131e-01
9.13499534e-01
9.21240032e-01
9.13693964e-01
9.02083158e-01
9.02184606e-01
9.08104599e-01
9.15349782e-01
9.05054510e-01
9.08633888e-01
8.95825207e-01
9.05895650e-01
9.20599878e-01
9.09517825e-01
9.02978063e-01
8.99723291e-01
9.04075623e-01
9.06238437e-01
9.06119406e-01
9.17350411e-01
9.07186687e-01
9.00918961e-01
9.08622622e-01
9.07517195e-01
8.97417307e-01
8.91149282e-01
8.93901050e-01
8.95419300e-01
8.88855696e-01
8.95679533e-01
8.94982994e-01
8.79679680e-01
8.92442048e-01
8.99042487e-01
8.94841254e-01
8.91792834e-01
8.86994600e-01
8.91466379e-01
8.89874518e-01
8.84225726e-01
8.80227566e-01
8.84967029e-01
8.86090279e-01
8.77188563e-01
8.84048820e-01
8.85200381e-01
8.81859899e-01
8.76229703e-01
8.82832050e-01
8.81834865e-01
8.79633665e-01
8.83443594e-01
8.79370928e-01
8.76896322e-01
8.72754872e-01
8.74911487e-01
8.79405379e-01
8.77478898e-01
8.70237708e-01
8.68322551e-01
8.70707452e-01
8.68268430e-01
8.79065394e-01
8.68727386e-01
8.62678051e-01
8.69404137e-01
8.69939625e-01
8.68518531e-01
8.58545125e-01
8.54326069e-01
8.53212714e-01
8.55823398e-01
8.62481534e-01
8.57659101e-01
8.56841147e-01
8.58100176e-01
8.46751869e-01
8.36129427e-01
8.41672003e-01
8.47372711e-01
8.46644700e-01
8.44466507e-01
8.40709269e-01
8.47376466e-01
8.50548863e-01
8.44031096e-01
8.40026855e-01
8.34858954e-01
8.31682742e-01
8.29223931e-01
8.33785653e-01
8.38331699e-01
8.32568169e-01
8.29322815e-01
8.21941257e-01
8.21707249e-01
8.26664269e-01
8.27486455e-01
8.17574024e-01
8.12630177e-01
8.14961314e-01
8.06106210e-01
8.15083325e-01
8.16695690e-01
8.00135195e-01
7.90626168e-01
8.02150607e-01
8.03648114e-01
7.84218192e-01
7.90374637e-01
7.86100507e-01
7.81132877e-01
7.85422266e-01
7.71155238e-01
7.78457284e-01
7.74744451e-01
7.70964921e-01
7.63295591e-01
7.47303784e-01
7.47928202e-01
7.50066757e-01
7.48052239e-01
7.31995165e-01
7.26273715e-01
7.23320842e-01
7.18581200e-01
7.10873604e-01
6.97797298e-01
6.92189038e-01
6.77506685e-01
6.79754019e-01
6.65599704e-01
6.64918482e-01
6.47229254e-01
6.26453876e-01
6.16552889e-01
5.97592592e-01
5.69543719e-01
5.44271111e-01
5.13128877e-01
4.87939864e-01
4.50399339e-01
4.24822718e-01
4.58177805e-01
5.15427470e-01
5.49341440e-01
5.63366413e-01
5.93021333e-01
6.13409996e-01
6.20857239e-01
6.42140687e-01
6.55609369e-01
6.52436018e-01
6.77536309e-01
6.81059361e-01
6.83847427e-01
6.89122081e-01
6.99872732e-01
7.10019946e-01
7.14205861e-01
7.17520535e-01
7.22931921e-01
7.33687222e-01
7.29142427e-01
7.34479368e-01
7.35044777e-01
7.31281936e-01
7.43017316e-01
7.47929096e-01
7.34208107e-01
7.41822839e-01
7.60003686e-01
7.54866004e-01
7.61320293e-01
7.63220131e-01
7.69455254e-01
7.77656019e-01
7.72459388e-01
7.62039483e-01
7.61276066e-01
7.71182358e-01
7.84038484e-01
7.86222279e-01
7.71420717e-01
7.72031724e-01
7.75078833e-01
7.76838481e-01
7.78926611e-01
7.82059908e-01
7.81490922e-01
7.82055676e-01
7.92795062e-01
7.92243123e-01
7.88286209e-01
7.85879254e-01
7.81561077e-01
7.87914395e-01
7.85389543e-01
7.91216850e-01
7.87176132e-01
7.80781269e-01
7.88904965e-01
7.88227141e-01
7.92319357e-01
7.92343497e-01
7.81182766e-01
7.89408267e-01
7.87213922e-01
7.85251141e-01
7.98125207e-01
7.90987372e-01
7.85649180e-01
7.95723617e-01
7.98121095e-01
7.94809759e-01
7.91234612e-01
7.96761036e-01
7.99634039e-01
7.91636646e-01
7.93525815e-01
7.99668074e-01
7.96356559e-01
7.88086593e-01
7.90595889e-01
7.87676990e-01
7.85865128e-01
7.91715920e-01
7.92732418e-01
7.90504098e-01
7.83589244e-01
7.86463320e-01
7.97551394e-01
7.83164620e-01
7.83513129e-01
7.99217105e-01
7.93526053e-01
7.94891238e-01
7.99154282e-01
7.85021722e-01
7.83739626e-01
8.02108645e-01
7.98848033e-01
7.99235821e-01
7.89349914e-01
7.87504911e-01
7.92421937e-01
7.88454294e-01
7.88179040e-01
7.88552165e-01
7.87115574e-01
7.86989391e-01
7.87689686e-01
7.86673248e-01
7.87116647e-01
7.84340441e-01
7.84653723e-01
7.80477524e-01
7.88175523e-01
7.82704353e-01
7.85098732e-01
7.80912578e-01
7.86974907e-01
7.92244852e-01
7.86676466e-01
7.83352554e-01
7.78856456e-01
7.87543893e-01
7.84485698e-01
7.81887829e-01
7.75519311e-01
7.80571520e-01
7.75881529e-01
7.69979417e-01
7.83816099e-01
7.77258217e-01
7.78834701e-01
7.84287035e-01
7.73472130e-01
7.76239991e-01
7.88864672e-01
7.79720187e-01
7.76495099e-01
7.79344618e-01
7.82138228e-01
7.80764043e-01
7.71227598e-01
7.70385027e-01
7.68755317e-01
7.70098269e-01
7.65731931e-01
7.71928847e-01
7.75579214e-01
7.67065883e-01
7.74109602e-01
7.66156018e-01
7.62711227e-01
7.73573816e-01
7.70643890e-01
7.64681101e-01
7.63128042e-01
7.65631795e-01
7.66913533e-01
7.65398562e-01
7.64787197e-01
7.73800671e-01
7.63546646e-01
7.71658480e-01
7.70683825e-01
7.52543390e-01
7.70949304e-01
7.68868208e-01
7.64253139e-01
7.65367329e-01
7.54249036e-01
7.55319238e-01
7.67508209e-01
7.69225001e-01
7.66514063e-01
7.66893983e-01
7.55385637e-01
7.56451428e-01
7.63827860e-01
7.58854389e-01
7.54988968e-01
7.59681702e-01
7.58454442e-01
7.64842749e-01
7.60543942e-01
7.58761525e-01
7.52092838e-01
7.57670760e-01
7.53809214e-01
7.52592325e-01
7.50732481e-01
7.57073879e-01
7.54600048e-01
7.41798699e-01
7.41455078e-01
7.30951130e-01
7.44798362e-01
7.59028018e-01
7.43243575e-01
7.50674367e-01
7.51495123e-01
7.51572430e-01
7.45379567e-01
7.51491487e-01
7.60944128e-01
7.39931643e-01
7.35284865e-01
7.48035073e-01
7.57449865e-01
7.56457984e-01
7.42018223e-01
7.52824426e-01
7.51483381e-01
7.41971970e-01
7.40099490e-01
7.50369549e-01
7.62839794e-01
7.50854790e-01
7.47219205e-01
7.48726666e-01
7.48157382e-01
7.51231611e-01
7.52488375e-01
7.42083848e-01
7.41073608e-01
7.40229666e-01
7.34925210e-01
7.38730729e-01
7.44961858e-01
7.48479009e-01
7.34053731e-01
7.39957213e-01
7.36703336e-01
7.36982703e-01
7.42255390e-01
7.31871605e-01
7.37816036e-01
7.37188578e-01
7.28257716e-01
7.25792944e-01
7.36850441e-01
7.41841376e-01
7.29612410e-01
7.34609008e-01
7.28313386e-01
7.30653882e-01
7.44563580e-01
7.38128364e-01
7.26982594e-01
7.27050543e-01
7.31600940e-01
7.40015745e-01
7.32216358e-01
7.20347166e-01
7.37780929e-01
7.26851702e-01
7.22167671e-01
7.29571462e-01
7.18510091e-01
7.23666370e-01
7.24904418e-01
7.20851243e-01
7.23214328e-01
7.21393108e-01
7.30480075e-01
7.34533846e-01
7.21587300e-01
7.17119336e-01
7.25374579e-01
7.12546945e-01
7.15788245e-01
7.19015300e-01
7.20354557e-01
7.20149159e-01
7.17292607e-01
7.24310637e-01
7.27050662e-01
7.27996826e-01
7.17539191e-01
7.19154477e-01
7.25261390e-01
7.28498697e-01
7.16939569e-01
7.20962465e-01
7.18722165e-01
7.16577947e-01
7.18971550e-01
7.13380039e-01
7.08720148e-01
7.14695394e-01
7.11693704e-01
7.15002954e-01
7.16317415e-01
7.12924600e-01
7.10502326e-01
7.02026844e-01
7.06956565e-01
7.17703819e-01
7.11533606e-01
7.10057139e-01
7.13545024e-01
7.17490673e-01
7.07217216e-01
7.01481342e-01
7.03582287e-01
7.04277337e-01
7.07639933e-01
7.13889480e-01
7.04394162e-01
7.00516403e-01
7.04713345e-01
7.08352685e-01
7.11894214e-01
7.09228635e-01
6.99489236e-01
6.97319806e-01
7.02629685e-01
7.01033711e-01
7.02866256e-01
7.00886369e-01
7.00796306e-01
7.00683653e-01
7.02363968e-01
7.04862416e-01
7.02042222e-01
7.02096403e-01
7.01082766e-01
6.90804601e-01
6.93010747e-01
7.01702952e-01
7.05772817e-01
6.96874082e-01
6.94106042e-01
6.96399868e-01
6.93428218e-01
6.93403244e-01
6.89221680e-01
6.91786706e-01
6.92301095e-01
6.96922541e-01
6.89990222e-01
6.91951990e-01
6.94547415e-01
6.90299809e-01
6.94165826e-01
6.87932789e-01
6.92571402e-01
6.97357893e-01
6.89462543e-01
6.95339978e-01
6.90108776e-01
6.89974010e-01
6.92605853e-01
6.81062341e-01
6.79218173e-01
6.82735503e-01
6.85650229e-01
6.80311918e-01
6.78362429e-01
6.83611453e-01
6.85693800e-01
6.89524174e-01
6.85817659e-01
6.81459606e-01
6.82866335e-01
6.78759634e-01
6.85746253e-01
6.80142939e-01
6.82300746e-01
6.82328820e-01
6.73619926e-01
6.81838334e-01
6.81428730e-01
6.78815246e-01
6.76795840e-01
6.80588663e-01
6.84337676e-01
6.77308500e-01
6.71579063e-01
6.74823999e-01
6.81071937e-01
6.75697625e-01
6.76662624e-01
6.74083292e-01
6.71507478e-01
6.75964832e-01
6.78749323e-01
6.69136345e-01
6.70773447e-01
6.76452696e-01
6.71612382e-01
6.78886175e-01
6.68114066e-01
6.68036640e-01
6.72317028e-01
6.68317378e-01
6.71474159e-01
6.72750115e-01
6.81017280e-01
6.73880041e-01
6.67677999e-01
6.71585917e-01
6.73604667e-01
6.80925012e-01
6.65877044e-01
6.67556047e-01
6.69579983e-01
6.62268281e-01
6.74723923e-01
6.66250944e-01
6.66474700e-01
6.66350305e-01
6.64915860e-01
6.67359471e-01
6.63159788e-01
6.64572835e-01
6.68422461e-01
6.57234907e-01
6.63419187e-01
6.65543199e-01
6.62373066e-01
6.57903314e-01
6.49022579e-01
6.69621527e-01
6.63983226e-01
6.64940178e-01
6.45245075e-01
6.61619365e-01
6.64987743e-01
6.47612035e-01
6.57662809e-01
6.60530567e-01
6.58368409e-01
6.60843730e-01
6.49953842e-01
6.52499259e-01
6.54062629e-01
6.50314093e-01
6.50948107e-01
6.52612567e-01
6.55151069e-01
6.51948333e-01
6.50042355e-01
6.45231962e-01
6.39226615e-01
6.33015037e-01
6.47691905e-01
6.42971694e-01
6.24992788e-01
6.45418227e-01
6.53545737e-01
6.45007849e-01
6.45469129e-01
6.37078345e-01
6.41343474e-01
6.39216661e-01
6.40344620e-01
6.51944399e-01
6.46658123e-01
6.30499661e-01
6.35932446e-01
6.40708089e-01
6.48070991e-01
6.44180357e-01
6.42605424e-01
6.47316813e-01
6.38711274e-01
6.36187315e-01
6.35276496e-01
6.38220787e-01
6.47636294e-01
6.28770769e-01
6.21471286e-01
6.35685027e-01
6.40808582e-01
6.39783144e-01
6.33724689e-01
6.32219493e-01
6.38076007e-01
6.39583111e-01
6.35991156e-01
6.42453432e-01
6.32259071e-01
6.29647434e-01
6.44108057e-01
6.50779366e-01
6.29068613e-01
6.24445498e-01
6.41250610e-01
6.39301956e-01
6.30619526e-01
6.33799136e-01
6.31507754e-01
6.24374747e-01
6.32441223e-01
6.36280656e-01
6.22043371e-01
6.28565192e-01
6.25327826e-01
6.29318118e-01
6.23164415e-01
6.41172469e-01
6.37726843e-01
6.14041924e-01
6.26567543e-01
6.27995372e-01
6.25211716e-01
6.21149778e-01
6.19412124e-01
6.26626015e-01
6.22655451e-01
6.23647332e-01
6.29606605e-01
6.24256134e-01
6.26014054e-01
6.29244924e-01
6.25320911e-01
6.18939817e-01
6.18822098e-01
6.15361333e-01
6.21861994e-01
6.26404822e-01
6.15708888e-01
6.14646614e-01
6.17807150e-01
6.18955314e-01
6.27402782e-01
6.18339121e-01
6.12865448e-01
6.18157625e-01
6.18683040e-01
6.25977755e-01
6.16071641e-01
6.13657892e-01
6.16321146e-01
6.13980711e-01
6.16903126e-01
6.22730553e-01
6.18520379e-01
6.14503682e-01
6.06591642e-01
6.13002658e-01
6.18458509e-01
6.14464700e-01
6.07662857e-01
6.12826288e-01
6.17979586e-01
6.13638282e-01
6.06337726e-01
6.07447624e-01
6.08563960e-01
6.09078109e-01
6.08917356e-01
6.10643208e-01
6.10156894e-01
6.02162421e-01
6.07350409e-01
6.04786336e-01
6.08308315e-01
6.08549058e-01
6.06586576e-01
6.05884612e-01
6.05331600e-01
6.04892790e-01
5.99115252e-01
5.98229468e-01
6.02521002e-01
6.06216729e-01
6.11649215e-01
6.09525561e-01
5.98141670e-01
5.98445356e-01
6.07577384e-01
6.01923406e-01
6.00294352e-01
6.12865925e-01
5.99369466e-01
6.02618098e-01
6.08486474e-01
6.01753950e-01
6.00780785e-01
6.01097226e-01
5.95187902e-01
5.98836660e-01
6.02613628e-01
5.98868847e-01
5.99231720e-01
6.01738036e-01
5.97161770e-01
5.87475955e-01
5.98339438e-01
6.03562593e-01
5.88174284e-01
5.77859581e-01
5.89112461e-01
6.00819588e-01
5.90633631e-01
5.89889109e-01
5.97197473e-01
5.89099944e-01
5.88686347e-01
5.84007859e-01
5.91095448e-01
5.85810900e-01
5.89920521e-01
5.96459568e-01
5.88357031e-01
5.94674170e-01
5.90168357e-01
5.92487633e-01
5.91097891e-01
5.88084877e-01
5.96128404e-01
5.94992697e-01
5.88945568e-01
5.91482043e-01
5.83887935e-01
5.90130508e-01
5.89065552e-01
5.87739050e-01
5.82054973e-01
5.82129836e-01
5.90400100e-01
5.94430923e-01
5.87074578e-01
5.80229759e-01
5.77068627e-01
5.84430397e-01
5.88993371e-01
5.77914953e-01
5.81362665e-01
5.92375338e-01
5.72948933e-01
5.83893299e-01
5.86011231e-01
5.72995126e-01
5.58329642e-01
5.89910865e-01
5.99609852e-01
5.83109617e-01
5.73389351e-01
5.78135788e-01
5.95021307e-01
5.73024511e-01
5.81539690e-01
5.83180308e-01
5.81883430e-01
5.74243009e-01
5.74348390e-01
5.84283829e-01
5.77825904e-01
5.73396564e-01
5.73734581e-01
5.76086879e-01
5.71513116e-01
5.60975611e-01
5.81416905e-01
5.82896531e-01
5.66566169e-01
5.79910994e-01
5.75778425e-01
5.63581765e-01
5.65847993e-01
5.60008764e-01
5.61737359e-01
5.75753450e-01
5.77432036e-01
5.70433021e-01
5.70592642e-01
5.60788572e-01
5.72162271e-01
5.82481623e-01
5.67689896e-01
5.65561235e-01
5.73958337e-01
5.64451158e-01
5.65900087e-01
5.65297127e-01
5.64840674e-01
5.68430901e-01
5.65789700e-01
5.68536043e-01
5.73456883e-01
5.62963903e-01
5.67256391e-01
5.71063399e-01
5.68996906e-01
5.57156622e-01
5.65614164e-01
5.64211845e-01
5.59653580e-01
5.69753826e-01
5.67901134e-01
5.61149478e-01
5.55591464e-01
5.59996068e-01
5.58350921e-01
5.55897593e-01
5.57603300e-01
5.57009280e-01
5.54911792e-01
5.58183014e-01
5.54684699e-01
5.47444403e-01
5.42140663e-01
5.55830538e-01
5.46341836e-01
5.40975392e-01
5.47650099e-01
5.46768367e-01
5.47355533e-01
5.57146668e-01
5.52251875e-01
5.51725626e-01
5.54530561e-01
5.56945920e-01
5.53904295e-01
5.54755270e-01
5.50005972e-01
5.53907216e-01
5.50608039e-01
5.51440835e-01
5.30598640e-01
5.40359139e-01
5.51890850e-01
5.51590264e-01
5.59110582e-01
5.47995329e-01
5.47794282e-01
5.53582251e-01
5.44224977e-01
5.47839999e-01
5.49951851e-01
5.47204018e-01
5.53170562e-01
5.48211336e-01
5.40393710e-01
5.46888888e-01
5.48536599e-01
5.42264760e-01
5.43707371e-01
5.50681293e-01
5.42050064e-01
5.42865098e-01
5.51322758e-01
5.37360489e-01
5.19789875e-01
5.29851973e-01
5.46601772e-01
5.49696326e-01
5.45400143e-01
5.46058953e-01
5.48864782e-01
5.36430597e-01
5.27049065e-01
5.43849289e-01
5.43230116e-01
5.38397968e-01
5.45147717e-01
5.46345413e-01
5.22867560e-01
5.08173704e-01
5.21448433e-01
5.34182310e-01
5.31103671e-01
5.38112521e-01
5.38979888e-01
5.32660365e-01
5.36888242e-01
5.36135435e-01
5.33049107e-01
5.24968445e-01
5.14585674e-01
5.27910233e-01
5.37716210e-01
5.31535447e-01
5.41827857e-01
5.22659719e-01
5.30563116e-01
5.13550878e-01
5.24357140e-01
5.31938434e-01
5.30252457e-01
5.25978804e-01
5.22892118e-01
5.29938936e-01
5.26673496e-01
5.25506616e-01
5.21023512e-01
5.15944839e-01
5.28325379e-01
5.18942952e-01
5.18343687e-01
5.28140485e-01
5.30072987e-01
5.23877919e-01
5.14954627e-01
5.25619209e-01
5.14899611e-01
5.27245581e-01
5.27094901e-01
5.19609928e-01
5.20511925e-01
5.22577703e-01
5.27555406e-01
5.29974937e-01
5.23197472e-01
5.19335330e-01
5.17487466e-01
4.98640567e-01
4.80731159e-01
5.21726966e-01
5.31336069e-01
4.99649853e-01
4.97212976e-01
5.08612335e-01
5.33636034e-01
5.11482120e-01
5.17845809e-01
5.15004575e-01
5.10430992e-01
5.16904950e-01
5.20602524e-01
5.13973355e-01
5.16894817e-01
5.12813807e-01
5.09449661e-01
5.15119374e-01
5.08887947e-01
5.08801341e-01
5.28414607e-01
5.23606002e-01
5.14306486e-01
5.11125922e-01
5.11387050e-01
5.07422209e-01
5.11303127e-01
4.84960169e-01
4.78978336e-01
5.14765501e-01
5.22009850e-01
5.14711380e-01
5.10590494e-01
5.09248734e-01
5.12358308e-01
5.10195136e-01
4.96084720e-01
5.05340040e-01
5.08707225e-01
5.06497800e-01
5.05006611e-01
5.05001903e-01
4.99377787e-01
4.91339594e-01
5.04687428e-01
5.32856882e-01
5.12116313e-01
4.85560030e-01
5.04663646e-01
5.03716826e-01
5.05942225e-01
4.99103963e-01
4.97719437e-01
5.01391530e-01
5.00213087e-01
4.89329219e-01
4.74818647e-01
4.79407638e-01
4.90807831e-01
4.94423360e-01
5.00883818e-01
4.93898064e-01
4.88903761e-01
4.66608167e-01
4.85779881e-01
4.95928317e-01
5.04049659e-01
4.99570817e-01
4.99381423e-01
5.05173385e-01
5.02064943e-01
5.02423346e-01
4.91955668e-01
4.91225839e-01
4.91487801e-01
5.03858924e-01
5.01050174e-01
4.97275412e-01
4.92298186e-01
4.95223641e-01
4.92919385e-01
4.87830877e-01
4.84634727e-01
4.83934969e-01
4.89428669e-01
4.91566598e-01
4.93003309e-01
4.92975026e-01
4.93526220e-01
4.97538656e-01
4.90620464e-01
4.93302375e-01
4.93885577e-01
4.91369128e-01
4.98436689e-01
4.91098285e-01
4.91035879e-01
4.95199144e-01
4.96826977e-01
4.92131978e-01
4.91292834e-01
4.91274744e-01
4.91949052e-01
4.95743603e-01
4.87196445e-01
4.83066320e-01
4.91028249e-01
4.88826215e-01
4.90123659e-01
4.90057379e-01
4.88827825e-01
4.84836429e-01
4.84601766e-01
4.88579929e-01
4.93239284e-01
4.85398591e-01
4.89273131e-01
4.91254300e-01
4.85900611e-01
4.88583922e-01
4.81012821e-01
4.78150815e-01
4.82837081e-01
4.82608199e-01
4.82282251e-01
4.83352572e-01
4.88706559e-01
4.86407459e-01
4.71642137e-01
4.85808164e-01
4.89347786e-01
4.84129012e-01
4.90115404e-01
4.90391463e-01
4.82367337e-01
4.84350413e-01
4.75035369e-01
4.82267231e-01
4.85239267e-01
4.78847682e-01
4.80855078e-01
4.85535443e-01
4.82299805e-01
4.77187127e-01
4.83399868e-01
4.74757612e-01
4.82630640e-01
4.81377095e-01
4.78056163e-01
4.73536998e-01
4.74015415e-01
4.81049985e-01
4.82446879e-01
4.78943139e-01
4.69273597e-01
4.66283679e-01
4.78738189e-01
4.73323047e-01
4.73842084e-01
4.74505961e-01
4.76593018e-01
4.75045592e-01
4.75090802e-01
4.75950092e-01
4.72992033e-01
4.71971750e-01
4.71575379e-01
4.76021141e-01
4.72125858e-01
4.71943498e-01
4.70464021e-01
4.75381553e-01
4.68641579e-01
4.62982446e-01
4.66897815e-01
4.69919235e-01
4.65988517e-01
4.66595739e-01
4.64072376e-01
4.63580042e-01
4.71102625e-01
4.63288128e-01
4.63674068e-01
4.67734933e-01
4.71666217e-01
4.60982651e-01
4.61367488e-01
4.69100595e-01
4.67557788e-01
4.66075122e-01
4.66129452e-01
4.61955935e-01
4.64060068e-01
4.63645875e-01
4.64211017e-01
4.63580549e-01
4.61142778e-01
4.49581057e-01
4.55858707e-01
4.69344109e-01
4.63853866e-01
4.36617762e-01
4.39844072e-01
4.47486550e-01
4.52128381e-01
4.63104337e-01
4.43342090e-01
4.45750952e-01
4.51513767e-01
4.38099861e-01
4.57593709e-01
4.58932549e-01
4.47470188e-01
4.60713506e-01
4.62314367e-01
4.54151154e-01
4.63202298e-01
4.63885486e-01
4.55610871e-01
4.51129645e-01
4.63494509e-01
4.52959746e-01
4.53634679e-01
4.49930251e-01
4.56442207e-01
4.59412962e-01
4.51198816e-01
4.60125685e-01
4.50726449e-01
4.42683756e-01
4.58615303e-01
4.66210127e-01
4.11683619e-01
4.13482606e-01
4.43538070e-01
4.59083796e-01
4.36758190e-01
4.37103420e-01
4.45635766e-01
4.50509727e-01
4.52385575e-01
4.55545932e-01
4.46702302e-01
4.38852429e-01
4.46018904e-01
4.56836790e-01
4.50491250e-01
4.53693062e-01
4.54015762e-01
4.54822987e-01
4.39870775e-01
4.30226415e-01
4.31298435e-01
4.39604551e-01
4.49786872e-01
4.51484770e-01
4.47965562e-01
4.43625093e-01
4.55459505e-01
4.59364951e-01
4.26317692e-01
4.09137189e-01
4.33487386e-01
4.48231429e-01
4.35756594e-01
4.42869246e-01
4.44539070e-01
4.37714428e-01
4.38594759e-01
4.37194884e-01
4.36618179e-01
4.34671700e-01
4.42947567e-01
4.29876477e-01
4.33420748e-01
4.40695584e-01
4.18141842e-01
3.96346807e-01
4.28666919e-01
4.37812537e-01
4.33181226e-01
4.40098673e-01
4.44530427e-01
4.41079885e-01
4.38141495e-01
4.29294854e-01
4.22119915e-01
4.35301751e-01
4.30168867e-01
4.30932850e-01
4.37301457e-01
4.28981274e-01
4.20818746e-01
4.13226396e-01
4.33410794e-01
4.22946572e-01
4.35281873e-01
4.32919681e-01
4.29336607e-01
4.29357201e-01
4.36158657e-01
4.37135905e-01
4.32044804e-01
4.39143598e-01
4.36597884e-01
4.38584507e-01
4.32597786e-01
4.33251768e-01
4.33959872e-01
4.30497974e-01
4.25515443e-01
4.32574332e-01
4.25420702e-01
4.04798299e-01
4.26984102e-01
4.26672220e-01
4.28285122e-01
4.30327028e-01
4.30865616e-01
4.26032692e-01
4.23806459e-01
4.23906446e-01
4.19809729e-01
4.22223479e-01
4.24452245e-01
4.29657161e-01
4.28963155e-01
4.26941782e-01
4.27973449e-01
4.24565226e-01
4.23420131e-01
4.23907071e-01
4.21515167e-01
4.28087443e-01
4.25246686e-01
4.22571599e-01
4.25627679e-01
4.21118021e-01
4.18833196e-01
4.20956522e-01
4.21690136e-01
4.25361454e-01
4.22813952e-01
4.23635721e-01
4.26032752e-01
4.26823437e-01
4.18719113e-01
4.21216279e-01
4.20252591e-01
4.16214764e-01
4.22285646e-01
4.16187108e-01
4.18354303e-01
4.18907225e-01
4.18020040e-01
4.08911884e-01
4.15456891e-01
4.20931071e-01
4.16478634e-01
4.16889131e-01
4.17804867e-01
4.18926477e-01
4.08013970e-01
4.17646468e-01
4.21030998e-01
4.17219579e-01
4.17855740e-01
4.10544366e-01
4.11937863e-01
4.16100711e-01
4.19284642e-01
4.24173385e-01
4.03373271e-01
3.99798751e-01
4.21242476e-01
4.19602036e-01
4.00420785e-01
4.05598223e-01
3.95002693e-01
4.05493021e-01
4.17608231e-01
4.03275043e-01
4.05239373e-01
4.05458689e-01
4.08299714e-01
4.17002141e-01
4.01986301e-01
4.07730281e-01
4.10671949e-01
3.97824466e-01
3.99867475e-01
4.10225093e-01
4.04959142e-01
3.97927761e-01
4.03205156e-01
3.83067667e-01
4.01732355e-01
4.06407654e-01
4.04981643e-01
3.98243040e-01
4.03549731e-01
4.00332540e-01
4.00960624e-01
4.07834709e-01
4.09316957e-01
4.10727918e-01
4.03873622e-01
4.07760710e-01
4.04338658e-01
4.00230408e-01
4.01362062e-01
4.08257246e-01
4.14403975e-01
4.03797209e-01
3.98312330e-01
3.99248779e-01
3.93479288e-01
4.03970212e-01
4.12306756e-01
4.00449187e-01
3.99341494e-01
4.04986382e-01
4.01810199e-01
3.99712950e-01
3.98794323e-01
3.97494853e-01
4.00117576e-01
3.97817314e-01
3.99071068e-01
3.99004906e-01
3.99242908e-01
3.99901628e-01
3.97161245e-01
3.91545862e-01
3.98996472e-01
4.04630065e-01
4.01470602e-01
3.98502588e-01
3.97564709e-01
3.98216784e-01
4.00364071e-01
4.06540692e-01
4.01557237e-01
3.65893543e-01
3.86311889e-01
3.91158700e-01
3.94677967e-01
3.69174540e-01
3.69279295e-01
4.01329547e-01
3.62870395e-01
3.63996625e-01
3.61110032e-01
3.77567798e-01
3.87977332e-01
3.93634558e-01
3.96261811e-01
3.83192748e-01
3.83193910e-01
3.80852193e-01
3.86698961e-01
3.93739641e-01
3.90802264e-01
3.88965666e-01
3.90705198e-01
3.92613977e-01
3.85329396e-01
3.87003243e-01
3.87959242e-01
3.87588829e-01
3.81475210e-01
3.85216653e-01
3.93079102e-01
3.64792228e-01
3.33767682e-01
3.69793028e-01
3.30967754e-01
3.44095439e-01
3.80640328e-01
3.76750708e-01
3.77321213e-01
3.67900252e-01
3.75517428e-01
3.84546399e-01
3.83907944e-01
3.80273074e-01
3.87306720e-01
3.84257376e-01
3.71285260e-01
3.82604450e-01
3.81526232e-01
3.89716595e-01
3.82336438e-01
3.67666483e-01
3.91009420e-01
4.00162786e-01
3.66933227e-01
3.63458574e-01
3.82040530e-01
3.83894742e-01
3.86502832e-01
3.75987411e-01
3.70241314e-01
3.85409862e-01
3.68839473e-01
3.61214042e-01
3.52159053e-01
3.76371175e-01
3.79377067e-01
3.75548482e-01
3.77597630e-01
3.77608538e-01
3.83971751e-01
3.74500901e-01
3.68254066e-01
3.73073399e-01
3.71571362e-01
3.75928491e-01
3.73671353e-01
3.74983102e-01
4.05118555e-01
3.63532513e-01
3.33522648e-01
3.56974274e-01
3.71756703e-01
3.75598490e-01
3.84301811e-01
3.71560544e-01
3.78052741e-01
3.80021006e-01
3.72630924e-01
3.70952696e-01
3.79002869e-01
3.52747858e-01
3.57538551e-01
3.75566334e-01
3.70248169e-01
3.78492475e-01
3.76816034e-01
3.60850692e-01
3.48859906e-01
3.44242722e-01
3.65315169e-01
3.75585526e-01
3.71463180e-01
3.68673533e-01
3.70149463e-01
3.68689865e-01
3.70836943e-01
3.71195287e-01
3.64633441e-01
3.68769556e-01
3.70425820e-01
3.68669748e-01
3.45137775e-01
3.29220802e-01
3.60904574e-01
3.93179893e-01
3.95217091e-01
3.66488189e-01
3.54339480e-01
3.35733026e-01
