2.66987920e+00
2.60545993e+00
2.61236453e+00
2.62279344e+00
2.79896450e+00
2.71246934e+00
2.64806938e+00
2.76681614e+00
2.68701005e+00
2.80295038e+00
2.67384982e+00
2.73918772e+00
2.73729277e+00
2.74886775e+00
2.82080126e+00
2.74043965e+00
2.73109388e+00
2.78012943e+00
2.73409128e+00
2.77626085e+00
2.75388074e+00
2.64329696e+00
2.72900796e+00
2.75166512e+00
2.75583363e+00
2.82226062e+00
2.72465897e+00
2.71442223e+00
2.76745343e+00
2.70264030e+00
2.69804263e+00
2.67728138e+00
2.55608273e+00
2.73997688e+00
2.63312006e+00
2.58901882e+00
2.58181858e+00
2.54704928e+00
2.59627771e+00
2.59825325e+00
2.54421353e+00
2.51536751e+00
2.47234631e+00
2.47823024e+00
2.54576516e+00
2.41296577e+00
2.45654535e+00
2.55124497e+00
2.52698350e+00
2.57487750e+00
2.57646179e+00
2.52771544e+00
2.59547329e+00
2.64777231e+00
2.65535617e+00
2.71027994e+00
2.72019029e+00
2.74899030e+00
2.74593973e+00
2.65352321e+00
2.68860078e+00
2.73080087e+00
2.77439451e+00
2.68783498e+00
2.69091749e+00
2.78312659e+00
2.83422685e+00
2.71530509e+00
2.67272043e+00
2.75239038e+00
2.75045514e+00
2.73303628e+00
2.66885328e+00
2.72285843e+00
2.71057367e+00
2.61315536e+00
2.67074800e+00
2.73194337e+00
2.76756930e+00
2.72530818e+00
2.70431185e+00
2.67879105e+00
2.59662366e+00
2.57441092e+00
2.60766459e+00
2.60154915e+00
2.58085179e+00
2.59869266e+00
2.50951481e+00
2.57865477e+00
2.58616948e+00
2.45902157e+00
2.47150707e+00
2.43201661e+00
2.37869406e+00
2.32639956e+00
2.32405281e+00
2.32672858e+00
2.27780890e+00
2.28646183e+00
2.21635628e+00
2.19437099e+00
2.17107463e+00
2.10882354e+00
2.12780523e+00
2.10278106e+00
2.21191072e+00
2.23248363e+00
2.20511675e+00
2.18318796e+00
2.24162126e+00
2.31714892e+00
2.35993838e+00
2.38636303e+00
2.35861802e+00
2.34453678e+00
2.47367525e+00
2.48259830e+00
2.50771403e+00
2.50538564e+00
2.57530475e+00
2.52698517e+00
2.53686047e+00
2.62582517e+00
2.55573344e+00
2.73512745e+00
2.71995926e+00
2.71294355e+00
2.71746683e+00
2.73136377e+00
2.71696949e+00
2.70334053e+00
2.76380014e+00
2.75502539e+00
2.70872498e+00
2.70099616e+00
2.73292375e+00
2.78674889e+00
2.82837868e+00
2.85251880e+00
2.83306146e+00
2.78270006e+00
2.71443748e+00
2.78730798e+00
2.80926132e+00
2.81265330e+00
2.76800752e+00
2.74063253e+00
2.74877572e+00
2.81928992e+00
2.74660730e+00
2.70011759e+00
2.72938204e+00
2.69134426e+00
2.70658016e+00
2.75778341e+00
2.77331948e+00
2.75834894e+00
2.81866217e+00
2.77443600e+00
2.68394589e+00
2.66548562e+00
2.63904119e+00
2.58129668e+00
2.65370488e+00
2.58408093e+00
2.60239959e+00
2.58037972e+00
2.53292322e+00
2.53928208e+00
2.54029298e+00
2.50872922e+00
2.48723865e+00
2.48458242e+00
2.45833850e+00
2.42642379e+00
2.36609674e+00
2.38720965e+00
2.41651177e+00
2.26703906e+00
2.21429110e+00
2.18955398e+00
2.06825995e+00
2.17605805e+00
2.13304591e+00
2.08926320e+00
2.03529859e+00
1.95185423e+00
1.93585443e+00
1.94057083e+00
1.85021555e+00
1.77244413e+00
1.73783910e+00
1.74047279e+00
1.72435391e+00
1.78335714e+00
1.76482689e+00
1.86638916e+00
1.92910922e+00
1.93411064e+00
1.95599604e+00
2.01335645e+00
2.08580399e+00
2.03788853e+00
2.09528017e+00
2.17295861e+00
2.23880506e+00
2.24047899e+00
2.24801207e+00
2.20640683e+00
2.30190086e+00
2.39006329e+00
2.39094210e+00
2.33358860e+00
2.41066813e+00
2.48134685e+00
2.49179196e+00
2.53350639e+00
2.52245355e+00
2.48197770e+00
2.57839227e+00
2.59481645e+00
2.63417125e+00
2.69958806e+00
2.69768071e+00
2.63952208e+00
2.67812037e+00
2.84576917e+00
2.80867481e+00
2.71683598e+00
2.71927214e+00
2.74532318e+00
2.76383233e+00
2.82454658e+00
2.82549953e+00
2.80783701e+00
2.84632730e+00
2.82823110e+00
2.83977914e+00
2.90198779e+00
2.86284471e+00
2.82170224e+00
2.81931734e+00
2.77927637e+00
2.89571500e+00
2.81856036e+00
2.85920715e+00
2.96333027e+00
2.87444043e+00
2.88255262e+00
2.89928484e+00
2.89911628e+00
2.95957589e+00
2.91874790e+00
2.88416958e+00
2.86036825e+00
2.85702777e+00
2.96868467e+00
2.97515416e+00
2.92053771e+00
2.94943881e+00
2.92877340e+00
2.99006557e+00
2.96339703e+00
2.93677950e+00
2.94583869e+00
2.91377759e+00
2.94900489e+00
2.88717747e+00
2.87545919e+00
2.94128132e+00
2.95806885e+00
2.88647437e+00
2.89719987e+00
2.87111330e+00
2.88437128e+00
2.91957331e+00
2.89564395e+00
2.87986159e+00
2.83246517e+00
2.82043552e+00
2.83577347e+00
2.83474827e+00
2.88337708e+00
2.82557797e+00
2.76425004e+00
2.84345436e+00
2.83160400e+00
2.78462839e+00
2.74590087e+00
2.73489165e+00
2.72155261e+00
2.72408295e+00
2.69577813e+00
2.71754432e+00
2.72631431e+00
2.65438890e+00
2.60892487e+00
2.68179584e+00
2.53873754e+00
2.55110550e+00
2.59852505e+00
2.55622578e+00
2.51966977e+00
2.45824504e+00
2.47033811e+00
2.45858383e+00
2.43536830e+00
2.42996693e+00
2.42144084e+00
2.34541941e+00
2.34812379e+00
2.26590371e+00
2.23647070e+00
2.26735759e+00
2.24244022e+00
2.18241715e+00
2.13354588e+00
2.06604862e+00
2.07244062e+00
2.14788055e+00
2.02493572e+00
2.06951666e+00
2.02470589e+00
1.98411667e+00
1.92441905e+00
1.85203302e+00
1.83425665e+00
1.76811707e+00
1.74170697e+00
1.71464837e+00
1.64582336e+00
1.59412277e+00
1.52031839e+00
1.43408191e+00
1.38930058e+00
1.40892959e+00
1.49539447e+00
1.58629489e+00
1.59810591e+00
1.62342751e+00
1.74721301e+00
1.79286027e+00
1.74587810e+00
1.79113185e+00
1.81009746e+00
1.95268989e+00
1.91716981e+00
1.97855747e+00
1.99753547e+00
2.00126338e+00
2.12543249e+00
2.08877635e+00
2.10634923e+00
2.19963360e+00
2.19390631e+00
2.17169213e+00
2.23480582e+00
2.18284321e+00
2.22591591e+00
2.24630880e+00
2.23883033e+00
2.31725526e+00
2.33687282e+00
2.39554572e+00
2.41761231e+00
2.36815643e+00
2.43697715e+00
2.50392008e+00
2.47820210e+00
2.48489380e+00
2.51817846e+00
2.51316857e+00
2.53448820e+00
2.57462096e+00
2.55430126e+00
2.53491569e+00
2.64391494e+00
2.63802266e+00
2.64206433e+00
2.66685748e+00
2.59689426e+00
2.65161252e+00
2.67880583e+00
2.68814349e+00
2.66308928e+00
2.70566773e+00
2.71480942e+00
2.72113132e+00
2.72835088e+00
2.78020883e+00
2.80983686e+00
2.74814820e+00
2.77495861e+00
2.81726980e+00
2.89119744e+00
2.80839086e+00
2.79493928e+00
2.78714180e+00
2.78728104e+00
2.78818917e+00
2.79983854e+00
2.85876226e+00
2.88732505e+00
2.81781340e+00
2.83070111e+00
2.84441137e+00
2.86563206e+00
2.87777734e+00
2.83586717e+00
2.89584613e+00
2.89543796e+00
2.93046379e+00
2.88456988e+00
2.87903214e+00
2.86863756e+00
2.84290099e+00
2.90950441e+00
2.89409995e+00
2.90333247e+00
2.90375161e+00
2.89115119e+00
2.92756867e+00
2.84072328e+00
2.87323213e+00
2.86063910e+00
2.89550376e+00
2.91067529e+00
2.88664293e+00
2.94177151e+00
2.90264392e+00
2.85847330e+00
2.83457065e+00
2.86395049e+00
2.93505478e+00
2.89082742e+00
2.92069769e+00
2.91143680e+00
2.91644263e+00
2.93770599e+00
2.92764664e+00
2.93374825e+00
2.92098999e+00
2.91301155e+00
2.92623448e+00
2.92309666e+00
2.93190861e+00
2.85850549e+00
2.85746098e+00
2.92892790e+00
2.90986204e+00
2.85838175e+00
2.90328217e+00
2.89472175e+00
2.93682528e+00
2.92084694e+00
2.88549256e+00
2.87457824e+00
2.83154225e+00
2.83950853e+00
2.82990122e+00
2.88584828e+00
2.93296623e+00
2.89566779e+00
2.84137034e+00
2.90056205e+00
2.86690664e+00
2.83384275e+00
2.82278514e+00
2.81100321e+00
2.82194138e+00
2.84495544e+00
2.88229656e+00
2.89057732e+00
2.89099646e+00
2.87211156e+00
2.81197023e+00
2.81748557e+00
2.88150692e+00
2.80868554e+00
2.79315758e+00
2.85462403e+00
2.77523184e+00
2.78742313e+00
2.81444001e+00
2.76522040e+00
2.80632186e+00
2.85631609e+00
2.79913926e+00
2.78762436e+00
2.74977994e+00
2.77412462e+00
2.75822663e+00
2.77047825e+00
2.74735546e+00
2.81043363e+00
2.74604607e+00
2.73788643e+00
2.77828622e+00
2.76120543e+00
2.68756223e+00
2.76159000e+00
2.73286963e+00
2.70811820e+00
2.71613812e+00
2.69495630e+00
2.73991203e+00
2.69737411e+00
2.70496821e+00
2.69188380e+00
2.67414904e+00
2.66708326e+00
2.65830421e+00
2.62723732e+00
2.63168049e+00
2.59520292e+00
2.63289571e+00
2.63620949e+00
2.58675838e+00
2.55703449e+00
2.58353639e+00
2.56917763e+00
2.52940345e+00
2.54954982e+00
2.54508138e+00
2.54345751e+00
2.47935247e+00
2.50370216e+00
2.51358294e+00
2.54066205e+00
2.54670501e+00
2.45310140e+00
2.42592025e+00
2.40261602e+00
2.42298341e+00
2.43801713e+00
2.45124817e+00
2.44760108e+00
2.38465953e+00
2.39259982e+00
2.36904192e+00
2.32172751e+00
2.33334255e+00
2.28610754e+00
2.28149199e+00
2.29397488e+00
2.28948474e+00
2.26342154e+00
2.28567195e+00
2.22439313e+00
2.19716787e+00
2.21725774e+00
2.17048097e+00
2.13154936e+00
2.12491989e+00
2.12958121e+00
2.06551552e+00
2.02502346e+00
2.02262378e+00
2.02510858e+00
1.98524928e+00
1.89484894e+00
1.92320561e+00
1.87209904e+00
1.85873854e+00
1.86021471e+00
1.84512687e+00
1.82136738e+00
1.80587041e+00
1.69809806e+00
1.62461364e+00
1.61312699e+00
1.61108434e+00
1.58485329e+00
1.50528562e+00
1.48801768e+00
1.45225966e+00
1.43095100e+00
1.35364044e+00
1.25756383e+00
1.18694472e+00
1.15679502e+00
1.20284164e+00
1.24076033e+00
1.28140044e+00
1.43601012e+00
1.48380053e+00
1.47408700e+00
1.48891032e+00
1.53782630e+00
1.59416807e+00
1.57466149e+00
1.67241359e+00
1.76500022e+00
1.74407125e+00
1.75602436e+00
1.80460405e+00
1.79828572e+00
1.82454062e+00
1.81610966e+00
1.86878347e+00
1.87068427e+00
1.92158818e+00
1.94727671e+00
1.93017542e+00
1.94361043e+00
2.00724101e+00
2.03742743e+00
2.05710006e+00
2.11335230e+00
2.08962941e+00
2.10592628e+00
2.10160255e+00
2.12145853e+00
2.14239049e+00
2.16745138e+00
2.24729252e+00
2.22899628e+00
2.20610905e+00
2.24358416e+00
2.23278284e+00
2.23403144e+00
2.23807359e+00
2.26075888e+00
2.28605103e+00
2.30053759e+00
2.29798532e+00
2.29072976e+00
2.29085302e+00
2.34882140e+00
2.38249636e+00
2.32751250e+00
2.30652118e+00
2.36561537e+00
2.39660025e+00
2.33186722e+00
2.39621472e+00
2.41015077e+00
2.38260317e+00
2.40466475e+00
2.41109800e+00
2.41011906e+00
2.41850710e+00
2.37250662e+00
2.39221478e+00
2.41431451e+00
2.41666937e+00
2.36930561e+00
2.44205999e+00
2.45747995e+00
2.39525008e+00
2.46730947e+00
2.43808365e+00
2.47511029e+00
2.47351313e+00
2.43992043e+00
2.45414877e+00
2.44891024e+00
2.48901463e+00
2.51960468e+00
2.48745871e+00
2.46430230e+00
2.47538257e+00
2.49955153e+00
2.55131483e+00
2.48771715e+00
2.47247839e+00
2.50401187e+00
2.54073811e+00
2.48942685e+00
2.50629020e+00
2.44670200e+00
2.46096087e+00
2.52056527e+00
2.50910521e+00
2.52343917e+00
2.51723194e+00
2.52397394e+00
2.49731016e+00
2.49898553e+00
2.47841859e+00
2.51646829e+00
2.49320650e+00
2.48713064e+00
2.47261262e+00
2.48397923e+00
2.52715349e+00
2.50197530e+00
2.52578235e+00
2.43819499e+00
2.47901154e+00
2.51238942e+00
2.49452949e+00
2.50539804e+00
2.53008676e+00
2.52484035e+00
2.53682661e+00
2.51953125e+00
2.51082015e+00
2.54939032e+00
2.53350234e+00
2.54179525e+00
2.55065966e+00
2.56851172e+00
2.54150462e+00
2.54022336e+00
2.55184364e+00
2.50154877e+00
2.49724960e+00
2.50484538e+00
2.46770549e+00
2.52762222e+00
2.53118515e+00
2.50374603e+00
2.50633144e+00
2.48155570e+00
2.50610018e+00
2.50926805e+00
2.50126600e+00
2.53528666e+00
2.54283309e+00
2.55330062e+00
2.53822112e+00
2.50225353e+00
2.48982096e+00
2.45902205e+00
2.51740098e+00
2.48741269e+00
2.47512221e+00
2.50422597e+00
2.54730463e+00
2.53907585e+00
2.52190590e+00
2.51725173e+00
2.50889754e+00
2.51619864e+00
2.53661323e+00
2.49159837e+00
2.45614624e+00
2.48257518e+00
2.52402997e+00
2.55330372e+00
2.47053695e+00
2.45123482e+00
2.43950653e+00
2.46108699e+00
2.48361301e+00
2.48200035e+00
2.47406912e+00
2.47994328e+00
2.47039700e+00
2.47081733e+00
2.46741104e+00
2.48324442e+00
2.51093841e+00
2.49470949e+00
2.46981549e+00
2.46167803e+00
2.49698043e+00
2.49797821e+00
2.47753882e+00
2.53853345e+00
2.50005031e+00
2.45191455e+00
2.49637222e+00
2.44091892e+00
2.48921561e+00
2.48338223e+00
2.52046537e+00
2.47200036e+00
2.46504903e+00
2.48257565e+00
2.45305085e+00
2.49872971e+00
2.42243481e+00
2.40111637e+00
2.47360325e+00
2.44886422e+00
2.47704172e+00
2.44125485e+00
2.46209049e+00
2.46800399e+00
2.46263313e+00
2.44952011e+00
2.48505926e+00
2.45831418e+00
2.46476698e+00
2.45743632e+00
2.44410992e+00
2.39696074e+00
2.46112061e+00
2.47139287e+00
2.41699767e+00
2.40827680e+00
2.45562577e+00
2.45454431e+00
2.40355158e+00
2.44402814e+00
2.41614699e+00
2.40083885e+00
2.46836710e+00
2.42880654e+00
2.39648104e+00
2.42100382e+00
2.40502739e+00
2.37054682e+00
2.45167804e+00
2.39982605e+00
2.42121220e+00
2.45678616e+00
2.37219071e+00
2.39679241e+00
2.44742274e+00
2.40539813e+00
2.38636565e+00
2.39453244e+00
2.42351246e+00
2.43096948e+00
2.43021917e+00
2.39019752e+00
2.40780854e+00
2.41994762e+00
2.39966583e+00
2.40248322e+00
2.42015195e+00
2.38057089e+00
2.37833190e+00
2.36970949e+00
2.40588260e+00
2.39715219e+00
2.38528967e+00
2.41274285e+00
2.37867761e+00
2.38612986e+00
2.36800051e+00
2.37070131e+00
2.37823224e+00
2.36819434e+00
2.33504891e+00
2.35910249e+00
2.33915782e+00
2.36147356e+00
2.38111687e+00
2.33647656e+00
2.36272478e+00
2.37686276e+00
2.37223315e+00
2.34155369e+00
2.34328556e+00
2.35894966e+00
2.31624794e+00
2.32208633e+00
2.32939601e+00
2.35570908e+00
2.33970904e+00
2.27591586e+00
2.36039519e+00
2.33795047e+00
2.33912230e+00
2.35805535e+00
2.31875420e+00
2.31887197e+00
2.26717544e+00
2.26814389e+00
2.32109499e+00
2.30188966e+00
2.30544233e+00
2.30641890e+00
2.30255318e+00
2.34453583e+00
2.33243656e+00
2.35694361e+00
2.33442783e+00
2.27145743e+00
2.26871467e+00
2.33511710e+00
2.29604602e+00
2.26202798e+00
2.30151343e+00
2.30965018e+00
2.28975415e+00
2.32738090e+00
2.30652452e+00
2.30196285e+00
2.31833673e+00
2.30505514e+00
2.29914618e+00
2.29394698e+00
2.27544093e+00
2.27469778e+00
2.29059219e+00
2.28810358e+00
2.28628397e+00
2.29137063e+00
2.28427172e+00
2.30547595e+00
2.30314970e+00
2.24557757e+00
2.25880599e+00
2.27511215e+00
2.32515359e+00
2.29032445e+00
2.25451851e+00
2.30334282e+00
2.24661398e+00
2.28109765e+00
2.29682469e+00
2.23565388e+00
2.23481178e+00
2.24856448e+00
2.23819423e+00
2.18210912e+00
2.22369266e+00
2.29203510e+00
2.26753426e+00
2.22544312e+00
2.20505428e+00
2.21027589e+00
2.25682688e+00
2.26823831e+00
2.23126292e+00
2.28968048e+00
2.26358938e+00
2.26022959e+00
2.26114440e+00
2.24513078e+00
2.22176075e+00
2.20202422e+00
2.24299598e+00
2.21966577e+00
2.23005581e+00
2.23493671e+00
2.19733906e+00
2.17678189e+00
2.20703483e+00
2.18564796e+00
2.16135144e+00
2.19849658e+00
2.22304225e+00
2.16345167e+00
2.19721389e+00
2.14834094e+00
2.15362692e+00
2.19195628e+00
2.18115473e+00
2.19444466e+00
2.19692850e+00
2.18070745e+00
2.14966774e+00
2.13226247e+00
2.14776731e+00
2.16781926e+00
2.16967154e+00
2.13032222e+00
2.18093491e+00
2.20226192e+00
2.18139648e+00
2.14868069e+00
2.13292885e+00
2.13947415e+00
2.09787917e+00
2.10853171e+00
2.15841222e+00
2.11455369e+00
2.09820795e+00
2.10858345e+00
2.08777404e+00
2.12052417e+00
2.13886213e+00
2.06990981e+00
2.11478543e+00
2.09726596e+00
2.11061573e+00
2.12438345e+00
2.11575937e+00
2.08938980e+00
2.17318964e+00
2.12323403e+00
2.08180213e+00
2.11723065e+00
2.11157322e+00
2.09086585e+00
2.08122301e+00
2.08524895e+00
2.06254482e+00
2.06288791e+00
2.05193830e+00
2.05740929e+00
2.07246137e+00
2.11098671e+00
2.04155588e+00
2.01840782e+00
2.03291416e+00
2.00482869e+00
2.05830741e+00
2.04057074e+00
1.97990870e+00
1.99863887e+00
2.05738044e+00
1.99135983e+00
2.04160142e+00
1.95063245e+00
1.95857525e+00
2.01100850e+00
1.97711706e+00
1.96556985e+00
1.93536437e+00
1.99412203e+00
1.96492040e+00
1.93514693e+00
1.93533361e+00
1.94552541e+00
1.92722309e+00
1.93367994e+00
1.92240238e+00
1.90519011e+00
1.87910485e+00
1.89697564e+00
1.86381114e+00
1.89624810e+00
1.88319075e+00
1.83792543e+00
1.88093102e+00
1.85807025e+00
1.83228421e+00
1.83219898e+00
1.81908882e+00
1.85224271e+00
1.83163869e+00
1.81680965e+00
1.79352868e+00
1.78707016e+00
1.77201986e+00
1.75714731e+00
1.76999474e+00
1.72557366e+00
1.71413231e+00
1.73235786e+00
1.69947064e+00
1.68425703e+00
1.71500206e+00
1.69978690e+00
1.62106848e+00
1.61327052e+00
1.61699390e+00
1.62789869e+00
1.58366477e+00
1.57845497e+00
1.61001885e+00
1.57805037e+00
1.56249011e+00
1.51357102e+00
1.47156501e+00
1.48569155e+00
1.46580470e+00
1.50270641e+00
1.52831495e+00
1.44442177e+00
1.39108133e+00
1.37862313e+00
1.37923920e+00
1.34238958e+00
1.30257416e+00
1.30027974e+00
1.28303587e+00
1.25782168e+00
1.20188427e+00
1.15038180e+00
1.13683712e+00
1.13596523e+00
1.07416606e+00
1.04262519e+00
9.87033904e-01
9.35932279e-01
9.78550315e-01
1.00177264e+00
1.02458298e+00
1.12295866e+00
1.15291667e+00
1.16044629e+00
1.20960557e+00
1.25332081e+00
1.27872467e+00
1.32006383e+00
1.30119967e+00
1.33543932e+00
1.35402405e+00
1.34832454e+00
1.36975634e+00
1.42808938e+00
1.41615200e+00
1.45161080e+00
1.47197390e+00
1.46811736e+00
1.49205232e+00
1.46219242e+00
1.50345373e+00
1.51363146e+00
1.52956247e+00
1.53968155e+00
1.53918374e+00
1.59946311e+00
1.54046583e+00
1.57306194e+00
1.59964013e+00
1.62254953e+00
1.63984215e+00
1.63835192e+00
1.61087716e+00
1.62242401e+00
1.66787517e+00
1.68624437e+00
1.68338156e+00
1.68885672e+00
1.66488791e+00
1.69186437e+00
1.74120295e+00
1.70107734e+00
1.69253099e+00
1.70228899e+00
1.73344028e+00
1.71302533e+00
1.75451493e+00
1.77085209e+00
1.73714209e+00
1.74757409e+00
1.79070175e+00
1.80887187e+00
1.80588746e+00
1.79687238e+00
1.81325138e+00
1.78943574e+00
1.80405831e+00
1.83329546e+00
1.84609294e+00
1.81534481e+00
1.81498146e+00
1.80508888e+00
1.79478598e+00
1.83558679e+00
1.85366607e+00
1.82538557e+00
1.81584704e+00
1.85728085e+00
1.81443834e+00
1.81739116e+00
1.85401797e+00
1.83885467e+00
1.85222495e+00
1.84036362e+00
1.78709757e+00
1.83332610e+00
1.85988486e+00
1.83068061e+00
1.81759107e+00
1.82006550e+00
1.87190628e+00
1.85617948e+00
1.83868504e+00
1.85235405e+00
1.82652414e+00
1.81674325e+00
1.84793139e+00
1.84685814e+00
1.82095158e+00
1.83439445e+00
1.84473300e+00
1.86327791e+00
1.86739135e+00
1.85876334e+00
1.86345756e+00
1.85769689e+00
1.83580303e+00
1.84148145e+00
1.86121178e+00
1.86293268e+00
1.84482098e+00
1.86659098e+00
1.87592053e+00
1.83900952e+00
1.89314461e+00
1.84525788e+00
1.84170508e+00
1.85716617e+00
1.85165429e+00
1.90107787e+00
1.87996411e+00
1.87255216e+00
1.85476863e+00
1.85666072e+00
1.84097815e+00
1.87590683e+00
1.88407207e+00
1.85530591e+00
1.83957946e+00
1.85268486e+00
1.86150134e+00
1.83083439e+00
1.84977257e+00
1.84378052e+00
1.86956942e+00
1.85399127e+00
1.83901787e+00
1.88928759e+00
1.88655949e+00
1.85527742e+00
1.83283544e+00
1.83329833e+00
1.84415686e+00
1.86462176e+00
1.87332177e+00
1.85358548e+00
1.81837761e+00
1.83876216e+00
1.87247646e+00
1.83107162e+00
1.84397566e+00
1.88107777e+00
1.87348533e+00
1.86750877e+00
1.87028825e+00
1.87622499e+00
1.87261271e+00
1.85114825e+00
1.85890937e+00
1.86027741e+00
1.86625791e+00
1.89870024e+00
1.86119354e+00
1.85816693e+00
1.84980273e+00
1.84730387e+00
1.83032560e+00
1.83779073e+00
1.81964016e+00
1.85071969e+00
1.83363104e+00
1.84914756e+00
1.87900019e+00
1.84295094e+00
1.85428596e+00
1.87367749e+00
1.84279370e+00
1.82230079e+00
1.84709716e+00
1.87174034e+00
1.84458721e+00
1.82854414e+00
1.83037806e+00
1.82956314e+00
1.83191967e+00
1.82148921e+00
1.82085502e+00
1.80341303e+00
1.81922662e+00
1.84457171e+00
1.82655752e+00
1.84348893e+00
1.83514190e+00
1.84789371e+00
1.84077406e+00
1.79098368e+00
1.80636585e+00
1.79032719e+00
1.80066431e+00
1.80458760e+00
1.80148613e+00
1.83460259e+00
1.82178164e+00
1.78271222e+00
1.84965622e+00
1.79497766e+00
1.81537640e+00
1.83641922e+00
1.79958963e+00
1.81848526e+00
1.81594467e+00
1.81089330e+00
1.80928099e+00
1.80259454e+00
1.79882360e+00
1.81140506e+00
1.81298637e+00
1.80569887e+00
1.80349815e+00
1.80023086e+00
1.81861687e+00
1.82507455e+00
1.78469205e+00
1.79290426e+00
1.81075943e+00
1.80375278e+00
1.77919972e+00
1.81331646e+00
1.81055915e+00
1.81366289e+00
1.82180965e+00
1.79404891e+00
1.78578961e+00
1.79292190e+00
1.77387190e+00
1.77355015e+00
1.78768265e+00
1.76801014e+00
1.76749420e+00
1.79948545e+00
1.81066024e+00
1.79415894e+00
1.76957071e+00
1.78876078e+00
1.80960262e+00
1.75940764e+00
1.79592538e+00
1.77821445e+00
1.77252102e+00
1.78322458e+00
1.77000916e+00
1.76906157e+00
1.76245892e+00
1.75457466e+00
1.76270413e+00
1.78485036e+00
1.76474357e+00
1.74876666e+00
1.78037262e+00
1.74241757e+00
1.75714564e+00
1.77560163e+00
1.75139701e+00
1.76046693e+00
1.78059196e+00
1.75258672e+00
1.74864376e+00
1.75758910e+00
1.74756706e+00
1.76412046e+00
1.73966908e+00
1.76713645e+00
1.76223814e+00
1.73281646e+00
1.71954978e+00
1.71159065e+00
1.76102424e+00
1.75042176e+00
1.73080075e+00
1.73547006e+00
1.68357790e+00
1.71728015e+00
1.71044087e+00
1.72522449e+00
1.71678436e+00
1.69970322e+00
1.72503543e+00
1.70307112e+00
1.71331489e+00
1.72902024e+00
1.70867789e+00
1.71738935e+00
1.75016510e+00
1.70905304e+00
1.72347116e+00
1.74317062e+00
1.72540915e+00
1.70314574e+00
1.71006644e+00
1.70319176e+00
1.75005853e+00
1.73157465e+00
1.72594571e+00
1.75710535e+00
1.71822786e+00
1.70704961e+00
1.71010363e+00
1.73257899e+00
1.74479032e+00
1.71708357e+00
1.71756101e+00
1.71061122e+00
1.71219337e+00
1.72740555e+00
1.70475972e+00
1.68141651e+00
1.69450295e+00
1.72905385e+00
1.72983444e+00
1.68339300e+00
1.70084500e+00
1.71176147e+00
1.68632090e+00
1.70077801e+00
1.68686891e+00
1.70742810e+00
1.69276905e+00
1.69663894e+00
1.69792926e+00
1.66378760e+00
1.69093144e+00
1.68310332e+00
1.69901335e+00
1.69856524e+00
1.67908573e+00
1.71808136e+00
1.66297960e+00
1.69571698e+00
1.72500825e+00
1.68405616e+00
1.64597452e+00
1.69595683e+00
1.67467356e+00
1.70542288e+00
1.67298150e+00
1.63346004e+00
1.66796958e+00
1.66514349e+00
1.66559505e+00
1.64712083e+00
1.63043499e+00
1.64211273e+00
1.64162266e+00
1.63876855e+00
1.64042020e+00
1.66157329e+00
1.63964295e+00
1.64939892e+00
1.66991353e+00
1.64622486e+00
1.64711952e+00
1.61497772e+00
1.66262913e+00
1.66409266e+00
1.60466313e+00
1.62073493e+00
1.62125504e+00
1.64310837e+00
1.65249789e+00
1.66197026e+00
1.63874984e+00
1.63888419e+00
1.64455295e+00
1.64425206e+00
1.61583972e+00
1.62494707e+00
1.62740767e+00
1.64408827e+00
1.63652766e+00
1.62289929e+00
1.61555576e+00
1.61173975e+00
1.62340796e+00
1.63295531e+00
1.64664674e+00
1.62669575e+00
1.58858788e+00
1.60499883e+00
1.63562572e+00
1.58638978e+00
1.62435293e+00
1.63049746e+00
1.60891545e+00
1.62927592e+00
1.64091873e+00
1.61982334e+00
1.62870347e+00
1.61157191e+00
1.62353551e+00
1.61945891e+00
1.60672176e+00
1.63006091e+00
1.62537050e+00
1.60317159e+00
1.59590268e+00
1.58645415e+00
1.59642160e+00
1.61435962e+00
1.61403787e+00
1.58930898e+00
1.59128320e+00
1.59626973e+00
1.58184373e+00
1.54961812e+00
1.59276545e+00
1.59507525e+00
1.55940413e+00
1.56306529e+00
1.57943964e+00
1.58229101e+00
1.56121767e+00
1.57757485e+00
1.58748651e+00
1.58193696e+00
1.59740520e+00
1.59365892e+00
1.59998143e+00
1.60188925e+00
1.59762216e+00
1.57341576e+00
1.55678117e+00
1.54714990e+00
1.56147146e+00
1.57894444e+00
1.58860016e+00
1.58592939e+00
1.59349668e+00
1.58219647e+00
1.54235339e+00
1.58215284e+00
1.58803761e+00
1.56135070e+00
1.57016480e+00
1.59466708e+00
1.56820858e+00
1.55776763e+00
1.57656515e+00
1.58185875e+00
1.58080256e+00
1.55151737e+00
1.55565572e+00
1.61487222e+00
1.56566775e+00
1.52456689e+00
1.58280802e+00
1.58330452e+00
1.55207229e+00
1.52406502e+00
1.53837144e+00
1.55967498e+00
1.55538404e+00
1.55179369e+00
1.52612805e+00
1.53687131e+00
1.55310154e+00
1.54410851e+00
1.54949021e+00
1.55582631e+00
1.53841007e+00
1.52516115e+00
1.52152157e+00
1.52258253e+00
1.54474139e+00
1.56984055e+00
1.55696166e+00
1.56691873e+00
1.55290198e+00
1.52201831e+00
1.53426230e+00
1.55335593e+00
1.56533790e+00
1.54999197e+00
1.53089452e+00
1.52630079e+00
1.54937363e+00
1.53814328e+00
1.50603974e+00
1.51592326e+00
1.52725708e+00
1.53546131e+00
1.48965478e+00
1.50852680e+00
1.53714991e+00
1.49931061e+00
1.48676693e+00
1.52074850e+00
1.52848899e+00
1.50508332e+00
1.56454873e+00
1.51645160e+00
1.48545742e+00
1.49402022e+00
1.48188007e+00
1.50876355e+00
1.50998175e+00
1.52880275e+00
1.51232672e+00
1.50694323e+00
1.51319039e+00
1.49023318e+00
1.48307323e+00
1.52088749e+00
1.49771047e+00
1.48067498e+00
1.48772287e+00
1.48959851e+00
1.48127663e+00
1.54056132e+00
1.53958690e+00
1.49766207e+00
1.46501267e+00
1.47429323e+00
1.51946735e+00
1.48679352e+00
1.47973454e+00
1.49791956e+00
1.50711644e+00
1.49451184e+00
1.49583364e+00
1.45500839e+00
1.47396231e+00
1.51022625e+00
1.48091757e+00
1.47453105e+00
1.43262672e+00
1.44989872e+00
1.47985780e+00
1.48309195e+00
1.45924795e+00
1.45696425e+00
1.43690324e+00
1.48155212e+00
1.47234511e+00
1.45692599e+00
1.49564946e+00
1.45696938e+00
1.43771315e+00
1.46782541e+00
1.47846198e+00
1.47187662e+00
1.49905705e+00
1.48939300e+00
1.46389771e+00
1.47739291e+00
1.43837047e+00
1.43777537e+00
1.46471739e+00
1.44757569e+00
1.42917764e+00
1.44600236e+00
1.46656513e+00
1.44637454e+00
1.42299664e+00
1.43583214e+00
1.43361056e+00
1.41111958e+00
1.44436324e+00
1.44690490e+00
1.41544020e+00
1.46924841e+00
1.45671654e+00
1.44422424e+00
1.43579233e+00
1.42044115e+00
1.41085052e+00
1.44391429e+00
1.46814442e+00
1.44337940e+00
1.43138957e+00
1.42539060e+00
1.42147708e+00
1.43274903e+00
1.41626358e+00
1.45682955e+00
1.42900491e+00
1.37900305e+00
1.43769646e+00
1.43300736e+00
1.43158126e+00
1.41503608e+00
1.41276300e+00
1.43763530e+00
1.38911474e+00
1.38967025e+00
1.41843593e+00
1.40322912e+00
1.39951158e+00
1.42740571e+00
1.42370057e+00
1.42268503e+00
1.42891884e+00
1.43962455e+00
1.46975768e+00
1.33064401e+00
1.18280602e+00
1.43412876e+00
1.46527541e+00
1.39027596e+00
1.41956747e+00
1.42333877e+00
1.40332496e+00
1.39314210e+00
1.41935611e+00
1.39496827e+00
1.39577377e+00
1.41168666e+00
1.41987729e+00
1.41741204e+00
1.41101587e+00
1.40507984e+00
1.39153886e+00
1.36679852e+00
1.37220955e+00
1.39166558e+00
1.35653412e+00
1.39305389e+00
1.39565802e+00
1.40285861e+00
1.40521741e+00
1.37757158e+00
1.37782001e+00
1.38801825e+00
1.38830674e+00
1.38610482e+00
1.37629259e+00
1.34748673e+00
1.37665069e+00
1.38379765e+00
1.39738882e+00
1.40442705e+00
1.37478054e+00
1.35919523e+00
1.42068255e+00
1.36791730e+00
1.35019112e+00
1.39355016e+00
1.39080131e+00
1.37289155e+00
1.37530911e+00
1.35645032e+00
1.38865924e+00
1.39529836e+00
1.36387122e+00
1.38991964e+00
1.36542892e+00
1.37615955e+00
1.39218760e+00
1.35802150e+00
1.32731390e+00
1.37445426e+00
1.39162374e+00
1.39247513e+00
1.36709678e+00
1.32862234e+00
1.33803344e+00
1.35150683e+00
1.37534440e+00
1.36911583e+00
1.32602382e+00
1.32779384e+00
1.34990275e+00
1.36252987e+00
1.36485434e+00
1.39603245e+00
1.38049400e+00
1.35294664e+00
1.35961127e+00
1.35436738e+00
1.32196820e+00
1.33583224e+00
1.33447731e+00
1.31126940e+00
1.32902730e+00
1.33682251e+00
1.32545543e+00
1.34537458e+00
1.34724259e+00
1.32988453e+00
1.34940886e+00
1.36738431e+00
1.32003486e+00
1.35034692e+00
1.34626806e+00
1.34554696e+00
1.34820771e+00
1.30303264e+00
1.32450151e+00
1.33193207e+00
1.34561563e+00
1.34622228e+00
1.33869457e+00
1.33404732e+00
1.34790480e+00
1.28744209e+00
1.30185437e+00
1.34549487e+00
1.33611155e+00
1.32953465e+00
1.31546199e+00
1.30588794e+00
1.32170248e+00
1.33109403e+00
1.32335544e+00
1.33634746e+00
1.30617523e+00
1.29631007e+00
1.30512142e+00
1.31686437e+00
1.28937149e+00
1.30478895e+00
1.29668236e+00
1.30359781e+00
1.30614460e+00
1.28622484e+00
1.31037843e+00
1.33224571e+00
1.31006002e+00
1.29046488e+00
1.27068925e+00
1.28780210e+00
1.29600036e+00
1.27674389e+00
1.28987157e+00
1.28307152e+00
1.26698661e+00
1.26223707e+00
1.26665068e+00
1.29620767e+00
1.28786123e+00
1.29531217e+00
1.30583107e+00
1.30284142e+00
1.27177119e+00
1.31035161e+00
1.30038643e+00
1.29701674e+00
1.27300477e+00
1.27682221e+00
1.30796146e+00
1.25020206e+00
1.29744983e+00
1.30194545e+00
1.27441049e+00
1.27242780e+00
1.28316557e+00
1.29508364e+00
1.29622459e+00
1.29107845e+00
1.28253353e+00
1.28261197e+00
1.28346932e+00
1.25608623e+00
1.27984309e+00
1.26191950e+00
1.27177095e+00
1.29158247e+00
1.28304327e+00
1.22983730e+00
1.25161839e+00
1.24499381e+00
1.23405170e+00
1.24477267e+00
1.23586810e+00
1.26133478e+00
1.22515643e+00
1.26546371e+00
1.27599144e+00
1.25567877e+00
1.25377214e+00
1.27488720e+00
1.25196779e+00
1.27298725e+00
1.26435375e+00
1.24633920e+00
1.26508164e+00
1.24219191e+00
1.25505269e+00
1.20733690e+00
1.18321669e+00
1.22882986e+00
1.25260448e+00
1.22506666e+00
1.23983228e+00
1.21641386e+00
1.22885835e+00
1.24988961e+00
1.20476115e+00
1.27625906e+00
1.21688473e+00
1.24057209e+00
1.26410961e+00
1.23162901e+00
1.22738242e+00
1.20448899e+00
1.26202548e+00
1.24307168e+00
1.21501303e+00
1.20213425e+00
1.22690642e+00
1.18329990e+00
1.21978831e+00
1.22926641e+00
1.23051214e+00
1.24191296e+00
1.22090757e+00
1.25678313e+00
1.20478106e+00
1.21112943e+00
1.20648909e+00
1.20023656e+00
1.21433711e+00
1.21232498e+00
1.20934272e+00
1.22800040e+00
1.23045301e+00
1.22001946e+00
1.23877847e+00
1.24465978e+00
1.25635922e+00
1.19382811e+00
1.19751346e+00
1.22723043e+00
1.22519743e+00
1.20359457e+00
1.18004549e+00
1.17986810e+00
1.20526755e+00
1.21009707e+00
1.19185019e+00
1.17920685e+00
1.09033167e+00
1.12238264e+00
1.20529270e+00
1.19964421e+00
1.15553391e+00
1.15421665e+00
1.17912233e+00
1.15543854e+00
1.19293845e+00
1.24559140e+00
1.20675015e+00
1.24148262e+00
1.18799698e+00
1.21056890e+00
1.19149160e+00
1.16312802e+00
1.21659350e+00
1.20973098e+00
1.19846737e+00
1.22123671e+00
1.21136701e+00
1.20730007e+00
1.21448052e+00
1.14297593e+00
1.15690100e+00
1.19475567e+00
1.18753481e+00
1.19661438e+00
1.21345878e+00
1.17578220e+00
1.15305412e+00
1.15956450e+00
1.18252540e+00
1.18881845e+00
1.21756351e+00
1.19381261e+00
1.18828237e+00
1.17628527e+00
1.18260372e+00
1.17174017e+00
1.16550946e+00
1.19177651e+00
1.17406189e+00
1.19008315e+00
1.18660867e+00
1.17015862e+00
1.18505228e+00
1.21260679e+00
1.16561019e+00
1.14873588e+00
1.16883171e+00
1.17466223e+00
1.16412854e+00
1.18263340e+00
1.16584158e+00
1.19875669e+00
1.20922995e+00
1.17391706e+00
1.15491831e+00
1.14411664e+00
1.16610169e+00
1.17132068e+00
1.16886079e+00
1.14348674e+00
1.15725756e+00
1.16820729e+00
1.15306520e+00
1.16325140e+00
1.16182697e+00
1.15712535e+00
1.15874481e+00
1.17167771e+00
1.12104797e+00
1.14903843e+00
1.15940392e+00
1.13065815e+00
1.17795718e+00
1.17985320e+00
1.16798723e+00
1.17765772e+00
1.13709414e+00
1.11628318e+00
1.13862824e+00
1.13659751e+00
1.19464195e+00
1.16716266e+00
1.18426657e+00
1.20831561e+00
1.16089880e+00
1.15193522e+00
1.15226603e+00
1.17190945e+00
1.14734554e+00
1.13889778e+00
1.15832114e+00
1.13094807e+00
1.11977410e+00
1.15967011e+00
1.14566016e+00
1.10490894e+00
1.13564885e+00
1.11927009e+00
1.13817346e+00
1.14505327e+00
1.11946440e+00
1.09610248e+00
1.11851454e+00
1.14583516e+00
1.11021376e+00
1.09228122e+00
1.13348162e+00
1.14049900e+00
1.12676740e+00
1.06936944e+00
1.13814414e+00
1.11395085e+00
1.09150004e+00
1.12660456e+00
1.14250779e+00
1.12992167e+00
1.09477484e+00
1.12184024e+00
1.11823094e+00
1.10306716e+00
1.11701560e+00
1.09531486e+00
1.15102708e+00
1.11508536e+00
1.10363638e+00
1.12347162e+00
1.09771681e+00
1.09782588e+00
1.12279749e+00
1.13925147e+00
1.13008726e+00
1.09815371e+00
1.05853188e+00
1.12489021e+00
1.10352862e+00
1.09897494e+00
1.14451849e+00
1.13547683e+00
1.07573140e+00
1.10075545e+00
1.07705450e+00
1.09311914e+00
1.12176263e+00
1.11130619e+00
1.08012152e+00
1.12198496e+00
1.12315273e+00
1.11778760e+00
1.07883763e+00
1.07196724e+00
1.14017224e+00
1.12564480e+00
1.08991039e+00
1.06691086e+00
1.07157099e+00
1.09299254e+00
1.12065935e+00
1.08841455e+00
1.09161937e+00
1.09425366e+00
1.08789575e+00
1.09586585e+00
1.06492555e+00
1.08331764e+00
1.09023964e+00
1.08801997e+00
1.07529187e+00
1.08137429e+00
1.09990144e+00
1.08280873e+00
1.07604682e+00
1.09384620e+00
1.09080672e+00
1.06585002e+00
1.06686270e+00
1.08915186e+00
1.10745406e+00
1.08867478e+00
1.06498826e+00
1.05970967e+00
1.09483945e+00
1.08874750e+00
1.05563724e+00
1.05842233e+00
1.07442248e+00
1.06890404e+00
1.06317747e+00
1.08308303e+00
1.08638358e+00
1.03125167e+00
1.00000000e+00
1.04605007e+00
1.02388227e+00
1.05726254e+00
1.03343868e+00
1.04955566e+00
1.07429469e+00
1.06380761e+00
1.04520869e+00
1.02445257e+00
1.02795446e+00
1.03432870e+00
1.02248168e+00
1.04557908e+00
1.07748973e+00
1.01796055e+00
1.03704202e+00
1.04866517e+00
1.04825997e+00
1.02340150e+00
1.03355753e+00
1.06259155e+00
1.05801785e+00
1.03481352e+00
1.05227244e+00
1.05797672e+00
1.03187251e+00
1.04668748e+00
1.06335163e+00
1.05060649e+00
1.04178131e+00
1.04812288e+00
1.07037747e+00
9.92051244e-01
1.02735448e+00
1.02181637e+00
1.01603568e+00
1.01627243e+00
1.02198768e+00
1.07100475e+00
1.07369471e+00
1.05950391e+00
1.01845586e+00
1.00107813e+00
1.00090873e+00
1.05708444e+00
1.02433574e+00
9.97025430e-01
1.01619828e+00
1.04469526e+00
1.03220558e+00
1.02205181e+00
1.02990496e+00
1.00971794e+00
1.01040757e+00
1.04636800e+00
1.05177081e+00
1.05227089e+00
1.01667023e+00
1.01483989e+00
9.92131114e-01
9.86405194e-01
1.02223861e+00
1.02616799e+00
9.90045905e-01
1.00127041e+00
1.01785564e+00
1.02072263e+00
1.00682735e+00
1.02472961e+00
9.73382115e-01
9.98281419e-01
1.01792765e+00
1.00471210e+00
1.01927698e+00
9.93715644e-01
1.00087464e+00
9.94180024e-01
9.84371006e-01
9.94975090e-01
9.93760884e-01
1.00751066e+00
1.03758931e+00
1.02137983e+00
1.00070393e+00
1.00659275e+00
1.02903175e+00
1.01126552e+00
1.04841208e+00
1.01810396e+00
9.65483189e-01
9.84390914e-01
1.01865494e+00
9.85726178e-01
1.00661409e+00
1.01528299e+00
9.69607532e-01
9.18389976e-01
9.84908581e-01
1.09878016e+00
1.01004422e+00
7.71983862e-01
9.04081047e-01
1.12212205e+00
1.11151063e+00
1.02289391e+00
9.21861947e-01
9.23864603e-01
9.48836684e-01
9.82341170e-01
1.00590491e+00
9.76116955e-01
9.70121086e-01
9.83128369e-01
9.95317638e-01
9.70438957e-01
9.65342760e-01
9.83161926e-01
9.51996803e-01
9.81222749e-01
9.95517790e-01
9.65338230e-01
9.59281266e-01
9.68266428e-01
9.97480750e-01
9.88562584e-01
9.70742464e-01
9.78138804e-01
9.60962176e-01
9.68886197e-01
9.84555423e-01
9.52298760e-01
9.37982738e-01
9.59527075e-01
9.72771108e-01
9.81773198e-01
9.50888515e-01
9.57871318e-01
9.71654952e-01
9.40426528e-01
9.57851768e-01
9.44961846e-01
9.21958566e-01
9.46818113e-01
9.44190741e-01
9.43647385e-01
9.93736982e-01
9.35626686e-01
9.71013010e-01
9.58755732e-01
9.55254555e-01
9.55060303e-01
9.19258833e-01
9.68284607e-01
9.40282524e-01
9.45821404e-01
9.38818216e-01
9.34893906e-01
9.46522117e-01
9.54275548e-01
9.37769115e-01
9.29131627e-01
9.38338399e-01
9.32431459e-01
9.13852572e-01
9.47452188e-01
9.39418256e-01
9.35437620e-01
9.32910562e-01
9.22835946e-01
9.34012175e-01
9.12501633e-01
9.39795077e-01
9.59490240e-01
9.30230677e-01
9.30843532e-01
9.59306359e-01
9.39044535e-01
9.32227135e-01
9.16661084e-01
8.99407387e-01
9.30117846e-01
9.41295087e-01
9.14168119e-01
9.17202532e-01
8.95224929e-01
9.05221641e-01
9.12213981e-01
8.93673182e-01
9.37135875e-01
9.12950039e-01
8.83841217e-01
9.00237858e-01
9.21402037e-01
9.25594807e-01
9.20891285e-01
9.03611958e-01
9.31391776e-01
9.37360883e-01
9.03522432e-01
8.93781483e-01
8.92415524e-01
8.84223819e-01
8.99782538e-01
9.01058793e-01
8.79475832e-01
8.67170095e-01
8.97001147e-01
8.83962154e-01
8.81288528e-01
8.88631940e-01
8.75875771e-01
8.65823269e-01
9.22717690e-01
8.86719525e-01
8.67716312e-01
8.82839382e-01
8.76758218e-01
8.80147398e-01
8.68646979e-01
8.61644804e-01
8.46718371e-01
8.27964664e-01
8.51248324e-01
8.35645556e-01
8.48796129e-01
8.41568053e-01
8.47631335e-01
8.46575081e-01
8.50225925e-01
8.51387501e-01
8.54767144e-01
8.37199032e-01
7.76202083e-01
8.03269804e-01
8.50073159e-01
8.01176548e-01
8.13100457e-01
8.52919936e-01
8.36861610e-01
8.14701617e-01
8.27855587e-01
8.28892827e-01
7.86892176e-01
7.98121274e-01
7.90763974e-01
7.74465919e-01
7.69896209e-01
7.81438172e-01
7.73532629e-01
7.91271269e-01
7.82603323e-01
7.61375964e-01
7.54293203e-01
7.66839445e-01
7.60724306e-01
7.81695187e-01
7.53663421e-01
7.39740849e-01
7.36756444e-01
7.09245980e-01
7.03813434e-01
6.86327636e-01
7.01825976e-01
7.09403932e-01
6.91343009e-01
6.75245583e-01
6.82924509e-01
6.64088130e-01
6.23057842e-01
6.03426099e-01
6.07221544e-01
6.19616568e-01
6.09761178e-01
5.15941679e-01
4.98796433e-01
5.37434518e-01
5.07704377e-01
5.03789842e-01
5.76302171e-01
5.77146947e-01
5.91166556e-01
6.18196130e-01
6.15430951e-01
6.26502454e-01
6.17047548e-01
6.56584680e-01
6.60721004e-01
6.82470441e-01
6.74876273e-01
6.70996368e-01
7.00848639e-01
6.75444067e-01
6.98588014e-01
7.31769502e-01
7.06591725e-01
6.98181570e-01
7.41591990e-01
7.27861345e-01
7.01085389e-01
7.16423750e-01
7.37212718e-01
7.46690392e-01
7.09832013e-01
7.47055233e-01
7.65725017e-01
7.60139763e-01
7.75171995e-01
7.85035074e-01
7.94788718e-01
7.63723135e-01
7.56382942e-01
7.71613359e-01
7.72312999e-01
7.80003130e-01
7.67867863e-01
7.54390121e-01
8.04040492e-01
7.98474669e-01
7.84424126e-01
7.98742890e-01
7.99729645e-01
7.98885047e-01
7.87646711e-01
8.16485345e-01
8.24406743e-01
7.83299029e-01
7.91787386e-01
7.87205100e-01
7.97405064e-01
8.16872776e-01
8.45273018e-01
8.17440450e-01
8.07330549e-01
7.89335489e-01
8.07873845e-01
7.96961248e-01
7.90706217e-01
8.22487950e-01
8.17447484e-01
8.00295234e-01
8.02757084e-01
7.99326301e-01
7.94880152e-01
8.11453462e-01
8.34394872e-01
8.17304969e-01
8.06616843e-01
8.15209568e-01
8.18211496e-01
8.07684898e-01
7.81633317e-01
7.94072866e-01
8.25253844e-01
8.21483135e-01
8.26027870e-01
8.35705519e-01
8.13473761e-01
8.11872661e-01
8.14156473e-01
8.27171504e-01
8.17007601e-01
8.01415265e-01
8.44419956e-01
8.07944179e-01
8.29756021e-01
8.12523901e-01
7.94422150e-01
8.27112436e-01
7.97492564e-01
8.21780741e-01
8.11001718e-01
8.04148912e-01
7.91411996e-01
7.78286159e-01
7.98558533e-01
8.00676465e-01
7.99540460e-01
8.14441562e-01
8.22783709e-01
8.26429844e-01
7.92533100e-01
7.88844228e-01
8.07354152e-01
8.04900169e-01
7.77436912e-01
7.97432780e-01
8.00065756e-01
8.09575975e-01
8.00307512e-01
7.77920663e-01
8.02215278e-01
7.97838449e-01
8.05049419e-01
8.04572284e-01
8.05369258e-01
7.97089040e-01
8.05092394e-01
7.93791354e-01
8.14680517e-01
8.08768272e-01
7.99021482e-01
8.06578517e-01
7.87549853e-01
8.00864637e-01
8.21333826e-01
7.79729784e-01
7.60315835e-01
7.92780876e-01
8.20918560e-01
7.93451667e-01
7.73318887e-01
7.97135472e-01
7.97318399e-01
8.01453710e-01
8.02974224e-01
8.10628057e-01
8.29770803e-01
7.95598805e-01
8.41855884e-01
8.28538358e-01
8.00309241e-01
7.96312869e-01
7.85094082e-01
7.81914175e-01
7.86231339e-01
7.81597912e-01
7.73446143e-01
8.10737252e-01
7.77454257e-01
7.61455238e-01
7.82445729e-01
7.91617155e-01
7.78550565e-01
7.82810926e-01
7.90935099e-01
7.87285686e-01
8.07363570e-01
7.91142881e-01
7.79721558e-01
7.97749102e-01
7.74668872e-01
7.71834493e-01
7.80835032e-01
8.08781326e-01
7.95446277e-01
7.46447027e-01
7.79894114e-01
7.70325243e-01
7.62292206e-01
7.75092542e-01
7.65186608e-01
7.18283355e-01
7.87659943e-01
7.57665157e-01
7.78473973e-01
7.95645297e-01
7.76894331e-01
7.84202993e-01
7.76547492e-01
7.69027948e-01
7.57552624e-01
7.68104672e-01
7.69504130e-01
7.66257405e-01
7.88381815e-01
7.73000717e-01
7.56764352e-01
7.66687810e-01
7.63409019e-01
7.34636009e-01
7.62831450e-01
7.70178378e-01
7.52995729e-01
7.73038566e-01
7.86588967e-01
7.33716607e-01
7.51703382e-01
7.84179747e-01
7.56597400e-01
7.58208275e-01
7.82725871e-01
7.55256712e-01
7.96557248e-01
7.83163786e-01
7.68893123e-01
7.64499247e-01
7.65487909e-01
7.70149350e-01
7.57894456e-01
7.43823946e-01
7.61859179e-01
7.78483093e-01
7.50910223e-01
7.55959630e-01
7.55060077e-01
7.53606081e-01
7.65143096e-01
7.71235526e-01
7.60903060e-01
7.61386752e-01
7.64676630e-01
7.52225876e-01
7.51729965e-01
7.44636714e-01
7.47519255e-01
7.78876066e-01
7.27402925e-01
7.43370056e-01
7.40667105e-01
7.32787013e-01
7.59945571e-01
7.58152187e-01
7.37678587e-01
7.68394351e-01
7.66137958e-01
7.42583394e-01
7.26137877e-01
7.61157632e-01
7.48572290e-01
7.33094037e-01
7.27531433e-01
7.48573661e-01
7.55446672e-01
7.19132841e-01
7.39682257e-01
7.45732546e-01
7.42008865e-01
7.44814038e-01
7.29452312e-01
7.22206831e-01
7.33256817e-01
7.21132100e-01
7.43579268e-01
7.43092477e-01
7.29737997e-01
7.54813433e-01
7.29178548e-01
7.04109251e-01
7.29828060e-01
7.26900458e-01
7.15068817e-01
7.55301952e-01
7.31412709e-01
7.25350499e-01
7.47168183e-01
7.35447526e-01
7.15489626e-01
7.36826062e-01
7.41020322e-01
7.36132681e-01
7.30099857e-01
7.26962566e-01
7.28805244e-01
7.16454268e-01
7.07777619e-01
7.31809199e-01
7.37491727e-01
7.17423677e-01
7.30607212e-01
7.52690315e-01
7.14272797e-01
7.26027489e-01
7.20037222e-01
7.10271478e-01
7.26503134e-01
7.28648186e-01
7.11805820e-01
7.20083356e-01
7.00385928e-01
7.15600073e-01
7.37053990e-01
7.19092429e-01
6.97883189e-01
7.23899662e-01
7.39947677e-01
7.34037042e-01
7.20466435e-01
7.11230695e-01
7.23995507e-01
7.17874467e-01
7.28119016e-01
7.19591439e-01
7.04481125e-01
7.26246178e-01
7.20547438e-01
7.10438132e-01
7.08709598e-01
6.97291017e-01
7.06341267e-01
7.14653432e-01
6.85237288e-01
6.95008695e-01
7.15012729e-01
7.06672072e-01
6.96388185e-01
6.94882631e-01
6.95031285e-01
6.88991070e-01
6.92176461e-01
7.04210579e-01
6.94277108e-01
6.86899543e-01
6.84297502e-01
6.93013370e-01
7.00727940e-01
7.16887116e-01
7.10028410e-01
6.91794574e-01
7.03929424e-01
7.03929961e-01
6.99063957e-01
7.08393157e-01
7.12238133e-01
6.91118002e-01
6.81052566e-01
6.95596278e-01
7.02657700e-01
6.91494524e-01
6.79777682e-01
6.98441684e-01
7.12852120e-01
7.04248488e-01
6.91586673e-01
7.01128066e-01
7.17451930e-01
7.04379857e-01
6.97844207e-01
7.02413201e-01
7.00458109e-01
7.03128934e-01
6.94638073e-01
6.84143007e-01
6.99419916e-01
6.75676584e-01
6.93131506e-01
6.96613252e-01
6.79654956e-01
6.88639998e-01
6.66230619e-01
6.83916807e-01
6.86342776e-01
6.88169837e-01
6.93029463e-01
6.93280101e-01
6.86709404e-01
6.94693923e-01
6.76463425e-01
6.72273874e-01
6.86953783e-01
6.74556792e-01
6.73027098e-01
6.79110229e-01
6.70335650e-01
6.56315923e-01
6.64118469e-01
6.80937409e-01
6.65887296e-01
6.67468250e-01
6.56235635e-01
6.71179116e-01
6.79576516e-01
6.70635760e-01
6.80498898e-01
6.96204901e-01
6.79489315e-01
6.82244182e-01
6.94290340e-01
6.69087768e-01
6.99013174e-01
6.72787845e-01
6.49898291e-01
6.76439583e-01
6.79106355e-01
6.53431058e-01
6.63629889e-01
6.71376467e-01
6.56411767e-01
6.62216306e-01
6.70223117e-01
6.72567785e-01
6.85660243e-01
6.67124391e-01
6.58282936e-01
6.44632936e-01
6.59510434e-01
6.84076488e-01
6.93054140e-01
6.60644054e-01
6.56224966e-01
6.67646646e-01
6.67993009e-01
6.65303230e-01
6.93495810e-01
6.58574820e-01
6.52964056e-01
6.51785672e-01
6.54153705e-01
6.70604885e-01
6.48857892e-01
6.47493184e-01
6.45862222e-01
6.63509309e-01
6.56222880e-01
6.47601724e-01
6.44413173e-01
6.37300968e-01
6.70751512e-01
6.69078290e-01
6.38334692e-01
6.52499318e-01
6.61889017e-01
6.57790244e-01
6.61084950e-01
6.59254432e-01
6.50187850e-01
6.56210661e-01
6.44236028e-01
6.47457421e-01
6.44374251e-01
6.47035599e-01
6.62339211e-01
6.68892384e-01
6.47279561e-01
6.63534999e-01
6.54131293e-01
6.25119984e-01
6.38069689e-01
6.55009031e-01
6.22163355e-01
6.32402718e-01
6.50098324e-01
6.50157273e-01
6.45227492e-01
6.26862049e-01
6.16317570e-01
6.52930617e-01
6.66234314e-01
6.50111020e-01
6.40144110e-01
6.47816241e-01
6.29254162e-01
6.46669447e-01
6.50261223e-01
6.45618379e-01
6.62193656e-01
6.46448612e-01
5.93335867e-01
6.08715057e-01
6.30326152e-01
6.43366933e-01
6.42476320e-01
6.66557610e-01
6.44097745e-01
6.35745704e-01
6.48962438e-01
6.30238891e-01
6.25423074e-01
6.51236057e-01
6.32079542e-01
6.62048101e-01
6.53356671e-01
6.31224513e-01
6.27400160e-01
6.29508674e-01
6.33361936e-01
6.35622859e-01
6.54943109e-01
6.48104787e-01
6.28015041e-01
6.31093979e-01
6.45737648e-01
6.37698293e-01
6.31675184e-01
6.32243037e-01
6.13700390e-01
6.48014545e-01
6.17812276e-01
6.01876020e-01
6.36881411e-01
6.28579438e-01
6.07880414e-01
6.30345047e-01
6.31454527e-01
6.18784428e-01
6.21454358e-01
6.30584121e-01
6.33738756e-01
6.47753060e-01
6.15724623e-01
6.11508071e-01
6.34028256e-01
6.39226913e-01
6.34980798e-01
6.24904335e-01
6.16364956e-01
6.47743046e-01
6.23076797e-01
6.04597688e-01
6.15722954e-01
6.21717751e-01
6.25218928e-01
6.33014441e-01
6.14038229e-01
6.16554737e-01
6.38953328e-01
6.14132702e-01
6.26902640e-01
6.19464338e-01
6.22873485e-01
6.19837701e-01
6.00344896e-01
6.19060993e-01
6.23592734e-01
6.00010455e-01
6.14208519e-01
6.12332344e-01
6.00072861e-01
6.15559578e-01
5.99433422e-01
6.08762205e-01
5.96862435e-01
6.06132686e-01
6.29124045e-01
6.10131443e-01
6.01874769e-01
6.29716277e-01
6.33568347e-01
6.20339751e-01
6.09201789e-01
6.17841184e-01
6.18955016e-01
5.92981875e-01
5.93647480e-01
6.05440974e-01
5.98112941e-01
6.03990972e-01
6.12272441e-01
6.09141469e-01
5.99713027e-01
5.94207466e-01
6.16237819e-01
6.28309011e-01
5.76920807e-01
5.82717061e-01
5.91760814e-01
6.01098180e-01
5.97163260e-01
5.91636121e-01
5.95481873e-01
6.01262927e-01
5.97203255e-01
5.99100709e-01
6.20178103e-01
6.09026074e-01
6.02346361e-01
5.97873747e-01
6.14080846e-01
6.00513279e-01
5.82215130e-01
5.97832382e-01
6.09459639e-01
5.87370038e-01
6.11028254e-01
6.18812561e-01
5.82434356e-01
5.83186448e-01
5.90361536e-01
5.84450066e-01
5.86423397e-01
6.06961787e-01
6.00536883e-01
5.81895888e-01
5.88730156e-01
5.76204717e-01
5.88198364e-01
5.90235054e-01
5.83326638e-01
6.17626429e-01
5.95837474e-01
5.98183513e-01
6.06872320e-01
5.98120213e-01
5.86591542e-01
5.79076469e-01
5.82483470e-01
6.02939606e-01
5.93529105e-01
5.85784554e-01
5.80662489e-01
5.83099782e-01
5.66287279e-01
5.79575777e-01
5.82711339e-01
5.92452228e-01
6.07291162e-01
5.67638516e-01
5.72744548e-01
5.87044895e-01
5.55500448e-01
5.68938553e-01
5.91564596e-01
5.64710915e-01
5.82390487e-01
5.71904123e-01
5.80105901e-01
5.78948796e-01
5.72014928e-01
5.74154139e-01
5.72494447e-01
5.63804984e-01
5.56225181e-01
5.79418302e-01
5.66623688e-01
5.32082796e-01
5.92447698e-01
5.96046388e-01
6.01828814e-01
5.99824429e-01
5.77623606e-01
5.50159574e-01
5.61405778e-01
5.22947073e-01
5.61321616e-01
5.85447371e-01
5.43083251e-01
5.99463105e-01
5.29281378e-01
5.75735927e-01
5.73275387e-01
5.59016287e-01
5.61126769e-01
5.29560506e-01
5.95862389e-01
5.43053210e-01
5.33441067e-01
5.38261473e-01
5.52131236e-01
5.71905077e-01
5.35446346e-01
5.68485200e-01
5.53224862e-01
5.55076122e-01
5.84284902e-01
5.82424700e-01
5.67452908e-01
5.71511924e-01
5.66158473e-01
5.63537061e-01
5.61778545e-01
5.66447616e-01
5.67223608e-01
5.55627644e-01
5.43701231e-01
5.51668108e-01
5.68371058e-01
5.55348396e-01
5.38784981e-01
5.53938985e-01
5.48587978e-01
5.63683033e-01
5.73693097e-01
5.60024798e-01
5.53602040e-01
5.53035438e-01
5.72430670e-01
5.73203206e-01
5.56483865e-01
5.51636994e-01
5.39087713e-01
5.61908484e-01
5.71682334e-01
5.57479620e-01
5.43646097e-01
5.81107318e-01
5.56948960e-01
5.19552708e-01
5.49392045e-01
5.55258274e-01
5.55894494e-01
5.20509243e-01
5.48506618e-01
5.43702006e-01
5.30454516e-01
5.47604561e-01
5.59520960e-01
5.62634230e-01
5.61914265e-01
5.61317205e-01
5.49416363e-01
5.61186671e-01
5.79127431e-01
5.64853489e-01
5.34141004e-01
5.53130448e-01
5.68092883e-01
5.51091194e-01
5.34875631e-01
5.59142649e-01
5.62017739e-01
5.76173723e-01
5.58209121e-01
5.49349010e-01
5.61826825e-01
5.37735820e-01
5.65059423e-01
5.39537609e-01
5.27533114e-01
5.36608100e-01
5.50832510e-01
5.40407062e-01
5.50429940e-01
5.48049092e-01
5.59751570e-01
5.41944206e-01
5.14335752e-01
5.27963400e-01
5.58131814e-01
5.35299063e-01
5.32531738e-01
5.33474445e-01
5.42063594e-01
5.62142313e-01
5.07105529e-01
5.48384309e-01
5.57251513e-01
5.51528215e-01
5.39668143e-01
4.93798077e-01
5.39469361e-01
5.35404027e-01
5.22353470e-01
5.28307319e-01
5.29568732e-01
5.21317303e-01
5.42172790e-01
5.07752538e-01
5.04910946e-01
5.32050371e-01
5.41123509e-01
5.39361417e-01
5.26347697e-01
5.34785151e-01
5.30987978e-01
5.28828800e-01
5.34559727e-01
5.30550301e-01
5.29680908e-01
5.08103371e-01
5.23840189e-01
5.31616688e-01
5.06287992e-01
5.42725563e-01
5.37726760e-01
5.38713396e-01
5.35162687e-01
5.34854829e-01
5.33161938e-01
5.30372083e-01
5.15466094e-01
5.01131356e-01
5.07930279e-01
5.18063486e-01
5.38969874e-01
5.37042379e-01
5.26179612e-01
5.31312227e-01
5.33942878e-01
5.33562660e-01
5.16309023e-01
5.22259951e-01
5.11637747e-01
5.33486605e-01
5.16449749e-01
5.21894753e-01
5.30422509e-01
4.79568303e-01
5.10855436e-01
5.11423111e-01
5.14028370e-01
5.16094863e-01
5.12359083e-01
5.04873395e-01
5.02861500e-01
5.09050250e-01
5.32856226e-01
5.32683372e-01
4.92486238e-01
4.82322395e-01
5.64715207e-01
5.38798571e-01
5.29631138e-01
4.95936602e-01
4.75918889e-01
5.34040809e-01
5.00602603e-01
4.97067541e-01
5.13658822e-01
5.22223294e-01
5.23599625e-01
5.20355761e-01
5.01830995e-01
5.09670138e-01
5.10468185e-01
5.16106725e-01
5.12732327e-01
5.12911677e-01
4.89986658e-01
5.01173615e-01
5.28701127e-01
5.23100555e-01
4.95880425e-01
4.90895689e-01
5.17797649e-01
4.91824567e-01
4.85505015e-01
5.03620148e-01
5.38083076e-01
5.40763736e-01
5.03540754e-01
5.08727252e-01
5.14471412e-01
5.07886231e-01
4.93658841e-01
4.97166693e-01
5.31704426e-01
5.20807803e-01
5.18758357e-01
5.05257189e-01
4.85464334e-01
4.98598933e-01
4.75672692e-01
5.03847837e-01
5.37028134e-01
5.34956753e-01
5.26527762e-01
5.04588664e-01
5.01089156e-01
5.00214219e-01
4.96057689e-01
4.99113530e-01
5.01862228e-01
4.71656114e-01
4.29494023e-01
4.66643244e-01
4.91313964e-01
5.01127362e-01
4.92185324e-01
4.69176024e-01
4.55673575e-01
4.88963485e-01
5.33047378e-01
5.07338345e-01
5.07630348e-01
5.47456026e-01
4.06277806e-01
4.58497435e-01
5.00530183e-01
4.85661149e-01
4.89639670e-01
4.92120981e-01
5.04462183e-01
4.97926384e-01
4.77006286e-01
4.86209214e-01
5.00807583e-01
4.89262789e-01
5.01455724e-01
4.96651441e-01
4.73760903e-01
4.62408572e-01
4.99584943e-01
5.12395203e-01
4.93617028e-01
5.03826976e-01
4.95026946e-01
4.81574804e-01
4.80795443e-01
5.06922483e-01
5.06630480e-01
4.86790925e-01
4.84810263e-01
5.00542104e-01
4.98966038e-01
4.89389569e-01
4.94545043e-01
4.77480561e-01
4.67052788e-01
4.89277005e-01
4.96511579e-01
4.61770028e-01
5.01824617e-01
5.05607665e-01
4.82696682e-01
4.76660579e-01
4.87073421e-01
4.85329032e-01
4.94199932e-01
4.93372351e-01
4.76596683e-01
4.84403551e-01
5.06336808e-01
4.69168693e-01
5.04241049e-01
4.82641906e-01
4.72775459e-01
4.88720417e-01
4.90645170e-01
4.73670751e-01
4.97404903e-01
4.68575925e-01
4.83294249e-01
4.94094282e-01
4.70902383e-01
4.73545462e-01
4.77077812e-01
4.88761216e-01
4.80512738e-01
4.76420671e-01
4.98032749e-01
4.80630964e-01
4.90342349e-01
4.86882836e-01
4.71745253e-01
4.77180153e-01
4.79547024e-01
4.60753292e-01
4.49262351e-01
4.84424531e-01
4.83738482e-01
4.69272763e-01
4.71673727e-01
4.53971386e-01
4.55060005e-01
4.70126837e-01
4.71427053e-01
4.71187145e-01
4.81580555e-01
4.71731961e-01
4.62379724e-01
4.65840608e-01
4.72792596e-01
4.71413344e-01
4.63881761e-01
4.79971766e-01
4.66022342e-01
4.67521966e-01
4.68658954e-01
4.64692652e-01
4.59640265e-01
4.78710443e-01
4.73028123e-01
4.60164249e-01
4.64431673e-01
4.65546489e-01
4.55788732e-01
4.51063216e-01
4.74237233e-01
4.69064862e-01
4.56574768e-01
4.63602751e-01
4.60833758e-01
4.53720748e-01
4.50966567e-01
4.56105113e-01
4.52884197e-01
4.60715950e-01
4.62884188e-01
4.57072377e-01
4.76359755e-01
4.63014424e-01
4.62301552e-01
4.61733758e-01
4.37035531e-01
4.42857206e-01
4.73024160e-01
4.79125559e-01
4.72874373e-01
4.53490108e-01
4.42030877e-01
4.42639351e-01
4.46153104e-01
4.50607091e-01
4.06556129e-01
4.03878391e-01
4.56411302e-01
4.41815376e-01
4.46837515e-01
4.44989800e-01
4.29262966e-01
4.56919432e-01
4.88806427e-01
4.60224718e-01
4.68139768e-01
4.41589117e-01
4.26616579e-01
4.59168494e-01
4.83383924e-01
4.48285341e-01
4.65042889e-01
4.45398957e-01
4.39327627e-01
4.53441203e-01
4.50276524e-01
4.38129306e-01
4.44442123e-01
4.54488546e-01
4.63668227e-01
4.51606154e-01
4.33566868e-01
4.69723821e-01
4.37923849e-01
4.33826119e-01
4.43610579e-01
4.49861020e-01
4.49013412e-01
4.46267694e-01
4.35504645e-01
3.34317625e-01
4.12084788e-01
5.54894090e-01
4.85634804e-01
4.27874625e-01
4.50476378e-01
4.64196235e-01
4.54333514e-01
4.29454803e-01
4.36560035e-01
4.56566870e-01
4.42655623e-01
4.30986345e-01
4.38733518e-01
4.50933546e-01
4.53268111e-01
4.39582407e-01
4.51612085e-01
4.61865097e-01
4.33582753e-01
4.15988505e-01
4.51691628e-01
4.68853116e-01
4.54439700e-01
4.46044862e-01
4.32887346e-01
4.05788362e-01
4.29714799e-01
4.64359134e-01
4.32562411e-01
4.13266331e-01
4.51464802e-01
4.47987437e-01
4.34041679e-01
4.60166901e-01
4.23755795e-01
4.36672479e-01
4.46476340e-01
4.41882879e-01
4.35396492e-01
4.39235806e-01
4.41235065e-01
4.26476955e-01
4.32832241e-01
4.17909980e-01
3.74004245e-01
3.64404589e-01
4.47182626e-01
4.45802689e-01
4.30669844e-01
4.28939283e-01
4.47755754e-01
4.52337354e-01
4.43377823e-01
4.33705240e-01
4.42252934e-01
4.21047658e-01
4.00850773e-01
4.55996543e-01
4.36074317e-01
4.38306868e-01
4.51179087e-01
4.41449225e-01
3.84767324e-01
4.10959214e-01
4.39419478e-01
4.19587284e-01
4.26043957e-01
4.28635150e-01
4.17059690e-01
4.19264495e-01
4.17157233e-01
4.22969967e-01
4.33397681e-01
4.30753082e-01
4.12024498e-01
4.35152471e-01
4.18415070e-01
4.34556276e-01
4.40387458e-01
4.17224348e-01
4.12387222e-01
4.31156337e-01
3.66306990e-01
4.16211277e-01
4.43698496e-01
4.16081578e-01
4.26885277e-01
4.21756417e-01
4.36232388e-01
4.37750489e-01
4.48755264e-01
4.38643754e-01
4.06665057e-01
4.33361948e-01
4.32892263e-01
4.17346597e-01
4.16202605e-01
4.12061244e-01
4.10077363e-01
4.21258479e-01
4.05755728e-01
4.06681985e-01
4.28380638e-01
4.19526637e-01
4.00010079e-01
4.16625112e-01
4.00429845e-01
4.13095087e-01
4.08152878e-01
4.13039118e-01
4.27897722e-01
3.96464467e-01
4.22941536e-01
4.24625099e-01
4.09849197e-01
4.10968661e-01
4.32652116e-01
4.21849877e-01
4.05701309e-01
4.01547641e-01
4.00496364e-01
4.08863425e-01
4.03512150e-01
4.14826065e-01
4.13243860e-01
4.02476311e-01
4.13223803e-01
4.22241122e-01
4.20450389e-01
3.94765079e-01
3.95928979e-01
4.15738672e-01
4.08740699e-01
4.06339854e-01
4.14820135e-01
4.05063331e-01
4.12643999e-01
4.13481176e-01
4.15951729e-01
4.18641239e-01
4.23752546e-01
4.13932651e-01
4.00059998e-01
4.22316402e-01
4.27315056e-01
4.26259875e-01
4.22483265e-01
4.18151170e-01
3.89571756e-01
4.00184661e-01
4.00121331e-01
4.06840354e-01
4.38844532e-01
4.34870183e-01
4.18654978e-01
3.98851633e-01
4.02401358e-01
4.26622748e-01
4.16376859e-01
4.00665015e-01
3.96356523e-01
4.05520439e-01
3.99119526e-01
3.76587182e-01
3.98844033e-01
4.11941677e-01
4.04073954e-01
4.18743163e-01
3.93896520e-01
3.80400628e-01
4.27249283e-01
4.02114332e-01
3.97428960e-01
4.15398329e-01
4.09240454e-01
4.03692782e-01
4.01201487e-01
4.01252300e-01
4.03083265e-01
4.08536226e-01
3.94421101e-01
3.97560418e-01
4.10040200e-01
3.88551474e-01
3.93323094e-01
3.97238821e-01
3.92074466e-01
3.92950684e-01
4.03887153e-01
4.05044109e-01
3.91297817e-01
3.98114026e-01
4.06224459e-01
4.01206642e-01
3.99704754e-01
3.98140848e-01
4.03006494e-01
3.90419096e-01
3.79982978e-01
3.89362276e-01
3.95445883e-01
4.02598262e-01
4.03343230e-01
3.97664338e-01
3.81944418e-01
3.73636991e-01
3.86133105e-01
3.88059437e-01
3.90007138e-01
3.77009153e-01
3.51705551e-01
3.33776504e-01
4.01677728e-01
3.88688356e-01
3.69388968e-01
3.91706347e-01
4.17380601e-01
4.08036053e-01
3.74300748e-01
3.63267809e-01
3.49280030e-01
4.20482397e-01
4.07551974e-01
3.66894156e-01
3.86490136e-01
3.79665017e-01
3.78771812e-01
3.62880588e-01
3.96356165e-01
3.95681709e-01
3.77122015e-01
4.00373727e-01
3.89784902e-01
3.92181009e-01
3.86268348e-01
3.74934644e-01
3.75724584e-01
3.79944831e-01
3.88354570e-01
3.93510342e-01
3.87157530e-01
3.74568701e-01
3.63994360e-01
2.98601657e-01
2.63727367e-01
3.93037260e-01
4.16170865e-01
3.70332539e-01
3.26006591e-01
3.63457203e-01
3.91811967e-01
3.80313784e-01
3.76186103e-01
3.85161877e-01
3.83949012e-01
3.66541147e-01
3.92761976e-01
3.85104001e-01
3.76481861e-01
3.76827359e-01
3.76162708e-01
3.88535053e-01
3.53844821e-01
3.53369892e-01
3.73650670e-01
3.90178055e-01
3.91216278e-01
3.80641013e-01
3.72410953e-01
3.62654865e-01
3.93061429e-01
3.73207569e-01
2.77019411e-01
3.64169121e-01
4.44154173e-01
4.14664209e-01
3.77899945e-01
3.67692471e-01
3.90313327e-01
3.82972628e-01
3.58538657e-01
3.59641522e-01
4.13392812e-01
4.06696171e-01
3.52765828e-01
3.73912513e-01
3.68861377e-01
3.93734872e-01
3.17295134e-01
2.49255523e-01
3.41760546e-01
4.39532250e-01
3.89965117e-01
3.72921258e-01
3.83138984e-01
3.64395618e-01
3.51250648e-01
3.66142333e-01
3.78296614e-01
3.62443984e-01
3.48317057e-01
3.29249501e-01
3.60690206e-01
3.88406843e-01
3.74812186e-01
3.87197554e-01
3.66178393e-01
3.17321360e-01
2.82708973e-01
3.51693600e-01
3.89032871e-01
3.77280861e-01
3.67626578e-01
3.52270365e-01
3.62236023e-01
3.62400740e-01
3.72032940e-01
3.44384223e-01
3.45884472e-01
3.55353802e-01
3.55321079e-01
3.46554667e-01
3.36159259e-01
3.28362465e-01
3.44962299e-01
3.44772071e-01
3.75029027e-01
3.96973431e-01
3.42186898e-01
2.68105865e-01
3.45147759e-01
