2.87473917e+00
2.65134430e+00
1.85581660e+00
2.59172583e+00
4.62811947e+00
3.42903638e+00
2.41766357e+00
2.05473137e+00
2.86071491e+00
3.05040503e+00
2.27124190e+00
2.11496854e+00
2.15948009e+00
2.23365879e+00
2.31131458e+00
1.93672681e+00
2.19615674e+00
1.98578620e+00
1.92847455e+00
2.02701616e+00
1.86800373e+00
1.94040191e+00
2.19872785e+00
1.84182894e+00
2.63667655e+00
3.17766452e+00
1.83533692e+00
1.96887660e+00
2.44250727e+00
1.86783099e+00
2.22534037e+00
2.24348044e+00
1.78344929e+00
2.78491759e+00
2.27708602e+00
1.89590502e+00
1.66970313e+00
1.57233453e+00
1.98931432e+00
2.36401749e+00
1.87797034e+00
2.04062939e+00
1.74510050e+00
1.86641908e+00
2.66198230e+00
1.60204339e+00
1.90370083e+00
1.98351479e+00
2.06344223e+00
1.87380874e+00
1.98116624e+00
1.81290281e+00
2.34708858e+00
2.33223772e+00
2.01605797e+00
1.88865089e+00
2.58485746e+00
2.26662564e+00
2.23548317e+00
1.62288117e+00
1.87830806e+00
2.12204194e+00
1.86788392e+00
1.71473110e+00
1.58141363e+00
1.96782470e+00
3.36259151e+00
2.54188013e+00
2.03038025e+00
2.66169310e+00
2.02161765e+00
1.62973189e+00
1.85174930e+00
2.19186378e+00
1.96813393e+00
1.88962269e+00
1.92737198e+00
2.77469945e+00
2.66086268e+00
2.18696356e+00
1.94622672e+00
1.98884249e+00
1.83164358e+00
1.45171881e+00
2.07328367e+00
2.16345668e+00
1.71353912e+00
2.95349431e+00
1.63394094e+00
2.83089566e+00
2.84757900e+00
1.59853303e+00
1.78886378e+00
2.42568946e+00
2.30344176e+00
1.80440164e+00
1.53228307e+00
1.77698720e+00
1.79685938e+00
2.17974639e+00
1.69464815e+00
1.86303568e+00
1.55895638e+00
1.42172110e+00
2.03282833e+00
1.74199986e+00
2.46910143e+00
1.77232492e+00
1.67430556e+00
1.47600770e+00
1.67878318e+00
1.85360062e+00
2.63075805e+00
1.90712047e+00
1.54986429e+00
1.45235693e+00
1.98725796e+00
1.65039086e+00
1.62827921e+00
1.62939763e+00
1.73272085e+00
1.45594501e+00
1.55262518e+00
2.20346975e+00
2.16714740e+00
3.84599257e+00
2.90906882e+00
1.78460085e+00
3.35075426e+00
1.76543462e+00
1.71466589e+00
1.56417561e+00
1.74351692e+00
2.10388637e+00
1.66369915e+00
1.68796730e+00
2.00701809e+00
2.30914664e+00
2.21857715e+00
2.48255563e+00
2.53740859e+00
2.01555943e+00
1.74184835e+00
1.90474236e+00
2.06654882e+00
1.78274870e+00
2.05968261e+00
1.71913123e+00
1.56862473e+00
2.11549497e+00
1.42072153e+00
1.80118775e+00
1.89274883e+00
2.13935781e+00
1.79256308e+00
2.24781823e+00
2.18684959e+00
2.04469514e+00
3.07041168e+00
2.14615059e+00
1.43361259e+00
1.58149791e+00
1.76067162e+00
1.53145325e+00
1.78298998e+00
1.48499990e+00
1.60936177e+00
1.47193646e+00
1.39549434e+00
1.84484875e+00
1.96124232e+00
1.93269753e+00
2.14965153e+00
1.86300147e+00
1.94652951e+00
1.84211528e+00
1.49157310e+00
2.26258111e+00
2.91366506e+00
1.30578530e+00
1.24751520e+00
1.47611547e+00
2.53703356e+00
1.69308317e+00
1.20304775e+00
1.31100464e+00
1.39868248e+00
1.13813591e+00
1.60491824e+00
2.22498226e+00
1.20862865e+00
1.19108057e+00
1.20050144e+00
1.31342459e+00
1.39747226e+00
1.72925186e+00
1.16790736e+00
1.59974945e+00
1.46268082e+00
1.08507848e+00
1.10521746e+00
1.11622858e+00
2.00739479e+00
1.60584700e+00
1.34710681e+00
1.69109631e+00
1.94962013e+00
1.72779012e+00
1.36156082e+00
1.49685287e+00
1.59136200e+00
1.66341352e+00
2.22472000e+00
1.81790817e+00
1.34204733e+00
1.67349875e+00
1.95027733e+00
1.93639290e+00
1.56164682e+00
2.12925053e+00
1.73553562e+00
1.80013704e+00
2.06477332e+00
2.55911350e+00
2.09040594e+00
1.34666145e+00
1.71246529e+00
3.98132944e+00
2.96604347e+00
1.77406037e+00
1.67853355e+00
1.59996521e+00
1.65318239e+00
2.27823710e+00
2.19054341e+00
1.90473342e+00
2.16972733e+00
1.67456281e+00
2.53854370e+00
3.28181839e+00
1.87212229e+00
1.60914063e+00
1.79751420e+00
1.80293679e+00
2.69415808e+00
1.86907554e+00
1.91918147e+00
3.17303777e+00
1.91840649e+00
1.66548514e+00
1.63711464e+00
1.75930536e+00
1.91042018e+00
1.62309241e+00
2.00943017e+00
1.64060915e+00
1.57919264e+00
2.41238546e+00
2.65668988e+00
1.95576656e+00
1.48635197e+00
1.70008671e+00
2.85512376e+00
1.90504682e+00
1.87823880e+00
1.68773782e+00
1.53085732e+00
2.42336273e+00
1.65356457e+00
1.73219061e+00
2.67454767e+00
2.54604435e+00
1.98703778e+00
1.48121846e+00
1.52473927e+00
1.87251019e+00
2.45243430e+00
2.21821523e+00
1.55098617e+00
1.49920607e+00
1.66361129e+00
1.77261150e+00
2.04921818e+00
2.61679459e+00
1.53935242e+00
1.54841173e+00
2.78309298e+00
2.10961318e+00
1.52082765e+00
1.51755798e+00
1.86337698e+00
1.60680902e+00
1.60441637e+00
1.57786191e+00
2.00923657e+00
2.40012741e+00
1.78409827e+00
1.65521145e+00
2.78024292e+00
1.28972101e+00
1.49719906e+00
2.35175252e+00
1.40619016e+00
1.79501510e+00
1.70631409e+00
1.24232841e+00
1.44702446e+00
1.70031965e+00
1.72083879e+00
1.88620663e+00
1.30927289e+00
1.28415787e+00
1.23538244e+00
1.24622631e+00
1.75334656e+00
1.65835130e+00
1.17963719e+00
1.16881132e+00
2.49138856e+00
1.08184731e+00
3.78153634e+00
1.34431338e+00
2.09247303e+00
1.72873914e+00
2.16523099e+00
2.33324337e+00
1.20171511e+00
1.54685533e+00
1.48839951e+00
1.74437225e+00
1.44027066e+00
1.07122052e+00
1.45151114e+00
1.27255428e+00
7.94978797e-01
1.00349700e+00
9.37985182e-01
1.20249486e+00
1.21691465e+00
8.72335672e-01
1.14759469e+00
1.93677545e+00
1.99704301e+00
1.17079830e+00
1.35340738e+00
1.14402139e+00
1.78850424e+00
1.11664939e+00
1.30660915e+00
1.39809871e+00
1.06622791e+00
2.19175696e+00
1.38426149e+00
1.23831105e+00
2.20380354e+00
2.24838805e+00
1.39567745e+00
1.90307391e+00
1.06175268e+00
1.03270018e+00
1.22431505e+00
1.15303779e+00
1.15169370e+00
1.40368545e+00
1.77879012e+00
1.67406142e+00
1.13104653e+00
1.56747913e+00
2.25947237e+00
1.88112712e+00
1.91662204e+00
1.84797132e+00
1.75010955e+00
1.37854290e+00
1.59403408e+00
1.99829137e+00
1.68397450e+00
2.51371741e+00
1.98859227e+00
1.96409512e+00
2.38885403e+00
1.34439254e+00
1.57276046e+00
2.01897502e+00
1.63129449e+00
1.38844824e+00
1.58063042e+00
1.56739950e+00
2.04102111e+00
1.59676206e+00
2.65169215e+00
3.15383554e+00
1.47778451e+00
1.80963874e+00
2.18822646e+00
3.05004621e+00
2.63219762e+00
1.74524260e+00
1.72469425e+00
2.51581788e+00
1.46248567e+00
1.73210955e+00
2.81165910e+00
3.27610707e+00
2.02714705e+00
1.92230654e+00
2.07377315e+00
2.34339809e+00
1.91120839e+00
1.42062628e+00
1.84254944e+00
1.98599327e+00
2.68411160e+00
1.99938619e+00
1.85868573e+00
1.77856159e+00
1.55559623e+00
2.11340714e+00
1.96602917e+00
2.14736032e+00
2.00398731e+00
2.16195869e+00
2.22930026e+00
1.68905973e+00
1.91470551e+00
2.34656239e+00
2.52295208e+00
2.11056137e+00
1.79103422e+00
2.83515763e+00
1.95573497e+00
1.71412361e+00
1.33300447e+00
1.43438470e+00
2.94671440e+00
2.00912714e+00
3.07562351e+00
2.52775502e+00
2.48318481e+00
2.90625143e+00
2.56573129e+00
2.33301568e+00
2.49224281e+00
2.14336610e+00
2.18361831e+00
2.41603684e+00
2.19371200e+00
1.29268706e+00
1.43875611e+00
2.58413315e+00
2.11421680e+00
2.18396187e+00
3.42487502e+00
2.06190324e+00
2.46732473e+00
2.28704309e+00
2.28775072e+00
2.07540727e+00
1.46230173e+00
1.43134904e+00
1.41807783e+00
2.20898271e+00
3.39167404e+00
2.89401364e+00
1.88820755e+00
2.51280999e+00
1.99640965e+00
1.89506650e+00
1.57313645e+00
1.56857979e+00
2.15283084e+00
1.86957288e+00
2.06427884e+00
2.02134848e+00
2.57825518e+00
2.34932828e+00
1.49435639e+00
1.90271580e+00
2.30148125e+00
1.52966440e+00
1.64917850e+00
2.14376354e+00
1.38223076e+00
1.69055963e+00
2.07386684e+00
1.80551672e+00
2.22721672e+00
2.35000372e+00
2.25423217e+00
2.04099727e+00
1.41235816e+00
2.59710836e+00
2.21832347e+00
1.52979517e+00
1.72587860e+00
2.75106049e+00
1.58370602e+00
1.61768520e+00
2.89378119e+00
2.35367727e+00
1.22966719e+00
2.45883417e+00
2.15419030e+00
2.00862265e+00
1.76304710e+00
1.65180540e+00
2.69869065e+00
1.60370529e+00
2.57269478e+00
2.78706837e+00
1.87252235e+00
1.73120916e+00
2.19009638e+00
1.84826052e+00
1.61048579e+00
1.15147209e+00
1.68458915e+00
2.21994615e+00
1.91786754e+00
1.28165364e+00
1.70915902e+00
1.43335140e+00
1.30028939e+00
1.84941840e+00
2.12952185e+00
1.82876456e+00
1.25164199e+00
1.43758559e+00
1.68385816e+00
2.29568243e+00
3.21150804e+00
1.12500799e+00
1.41618359e+00
1.34451020e+00
1.40151036e+00
1.85049319e+00
1.45040655e+00
2.22291946e+00
1.95542812e+00
1.61324048e+00
1.50482607e+00
1.22333992e+00
1.42573655e+00
1.42131245e+00
1.37936532e+00
2.12603354e+00
1.83038187e+00
1.64640522e+00
2.66728091e+00
1.61142290e+00
1.65054440e+00
2.28413868e+00
1.72976160e+00
1.64906597e+00
2.15181184e+00
2.23058701e+00
1.23637199e+00
1.16796207e+00
1.18987036e+00
1.41758025e+00
1.90908611e+00
1.15443802e+00
1.61666739e+00
1.22726083e+00
1.13450181e+00
1.19180810e+00
1.55179811e+00
1.99482393e+00
1.88519132e+00
8.44025970e-01
8.09211791e-01
8.19943726e-01
8.72968435e-01
9.38246369e-01
7.28180230e-01
8.00970674e-01
8.30634773e-01
1.03914046e+00
8.88516366e-01
7.50794172e-01
9.20822322e-01
6.98020697e-01
8.21395099e-01
9.51905370e-01
1.29582059e+00
1.66780818e+00
1.57086170e+00
1.24574065e+00
8.77173901e-01
9.52454448e-01
8.38934600e-01
1.08576024e+00
9.87979829e-01
2.16273737e+00
1.29543698e+00
1.05821335e+00
1.41033459e+00
9.59907651e-01
1.11656845e+00
1.71518123e+00
1.03396356e+00
8.22378218e-01
1.22639418e+00
1.19755852e+00
8.91388834e-01
9.73617733e-01
1.23892975e+00
1.35847306e+00
1.07574475e+00
1.73736405e+00
1.60404539e+00
2.25325942e+00
1.49210644e+00
1.35071576e+00
1.48425353e+00
2.04086351e+00
3.03159189e+00
2.25159431e+00
1.67229736e+00
1.58466840e+00
1.11513960e+00
1.03296554e+00
1.21507525e+00
1.44579041e+00
1.81967783e+00
1.78352928e+00
1.41164720e+00
1.39620841e+00
1.58933115e+00
2.00907898e+00
2.46126318e+00
1.66512644e+00
1.24107873e+00
1.42517853e+00
2.35947585e+00
1.54715967e+00
1.71797407e+00
2.32002497e+00
1.58393049e+00
1.65682530e+00
2.46852231e+00
2.12568665e+00
1.40794230e+00
1.09885180e+00
1.41861331e+00
1.39271045e+00
1.44920683e+00
1.35389280e+00
1.82760942e+00
2.09081507e+00
1.06332898e+00
2.20415449e+00
1.20212579e+00
2.41338205e+00
2.20092344e+00
1.29041398e+00
1.42897737e+00
1.24680841e+00
1.83715463e+00
2.65028977e+00
2.32761645e+00
1.25545239e+00
1.23538995e+00
2.12422442e+00
3.26372695e+00
1.48953986e+00
1.70030510e+00
1.78739834e+00
2.24391317e+00
1.44893694e+00
1.91554999e+00
1.27052891e+00
1.00565195e+00
1.86155295e+00
1.83955550e+00
2.24651527e+00
1.99902391e+00
1.99785113e+00
2.28631544e+00
2.09640312e+00
1.24196899e+00
1.83942246e+00
1.67996645e+00
1.51350880e+00
1.54052448e+00
1.98018682e+00
2.69834638e+00
1.80756211e+00
2.44146395e+00
1.17719066e+00
1.49504244e+00
2.48714805e+00
1.77011383e+00
1.56930494e+00
2.89782691e+00
2.32517076e+00
1.96925151e+00
1.64665651e+00
1.93177295e+00
2.55184937e+00
1.98821557e+00
2.02047873e+00
2.79213595e+00
2.69976163e+00
1.76192141e+00
2.40998626e+00
2.65786505e+00
1.74976087e+00
1.23423707e+00
1.59934807e+00
1.35438120e+00
1.81894636e+00
2.61081529e+00
2.45299149e+00
1.85002697e+00
1.55476999e+00
1.51468194e+00
1.40470707e+00
1.98134136e+00
2.44299054e+00
2.44866157e+00
2.39814544e+00
1.94746542e+00
1.43843544e+00
1.60931373e+00
1.57992244e+00
1.84180689e+00
1.64754331e+00
1.33536863e+00
1.46910059e+00
2.48149204e+00
2.40488005e+00
2.21420908e+00
1.98673236e+00
1.88011098e+00
2.25997639e+00
2.66035438e+00
2.11582470e+00
1.71650100e+00
2.00113392e+00
2.09897876e+00
2.98292661e+00
1.69824624e+00
1.19488597e+00
1.10088229e+00
1.32555175e+00
2.43780565e+00
2.36480570e+00
1.61702120e+00
1.39661992e+00
1.72648418e+00
1.47974336e+00
1.51664639e+00
2.15767312e+00
2.22368646e+00
2.16489124e+00
1.58051169e+00
1.45729864e+00
1.73310506e+00
2.05067348e+00
1.68549895e+00
2.47655845e+00
1.90117598e+00
1.31054378e+00
2.05284238e+00
1.48883498e+00
2.03509855e+00
1.81969345e+00
2.41074872e+00
2.31891298e+00
1.50338686e+00
1.82965851e+00
1.88334656e+00
2.43027043e+00
1.20907044e+00
1.08955002e+00
1.94685447e+00
1.58934247e+00
2.34979820e+00
2.05550432e+00
1.90903199e+00
2.15751147e+00
2.04416347e+00
1.60945868e+00
2.33738065e+00
2.13220334e+00
1.61007237e+00
1.66071236e+00
1.51954699e+00
1.15430641e+00
1.89406621e+00
2.11308503e+00
1.41416585e+00
1.26443172e+00
1.84565043e+00
2.29054093e+00
1.16864634e+00
2.87551475e+00
1.72274411e+00
1.15311766e+00
3.10349560e+00
2.19060493e+00
1.58096802e+00
1.79390013e+00
1.73838437e+00
1.64585221e+00
2.42307806e+00
1.67345238e+00
1.98356152e+00
2.42847824e+00
1.45780742e+00
1.59687805e+00
2.83600760e+00
2.05479693e+00
1.67416108e+00
2.20028019e+00
2.46117711e+00
2.61315870e+00
2.92986679e+00
2.05877662e+00
1.87941802e+00
2.08519650e+00
2.04767680e+00
1.85239053e+00
2.34497046e+00
1.55729055e+00
1.73211455e+00
1.87187326e+00
2.09695935e+00
1.92319322e+00
1.88926291e+00
2.51254582e+00
1.62977827e+00
1.76829398e+00
1.72905672e+00
1.79680610e+00
2.37950492e+00
2.35704803e+00
1.13319492e+00
1.71493542e+00
1.36100507e+00
1.79270518e+00
2.61953759e+00
1.63318181e+00
2.14439416e+00
2.49376059e+00
2.09093618e+00
1.82545078e+00
2.18887925e+00
2.16072822e+00
1.50612271e+00
1.52630365e+00
1.61651683e+00
2.24233508e+00
1.89266479e+00
1.11520183e+00
2.12512755e+00
1.82234097e+00
2.06829309e+00
2.72267413e+00
1.99997163e+00
1.68757784e+00
1.08927643e+00
8.75232339e-01
1.57847512e+00
1.37855363e+00
1.16361523e+00
1.82279396e+00
1.49626899e+00
2.15906644e+00
2.07038736e+00
1.92681432e+00
1.93968332e+00
1.22536886e+00
1.02578199e+00
2.21071506e+00
2.04323673e+00
1.14237309e+00
1.50413322e+00
1.66624892e+00
1.62387025e+00
1.90396690e+00
1.85478103e+00
1.76400232e+00
2.20717454e+00
2.28321075e+00
1.97312880e+00
1.66963565e+00
1.27613318e+00
1.41997063e+00
1.97250164e+00
1.75112057e+00
1.47151780e+00
1.85525632e+00
1.28801060e+00
1.53859591e+00
2.33795834e+00
1.09770441e+00
1.30884492e+00
1.63313818e+00
2.37798715e+00
1.91014016e+00
1.38888144e+00
2.61419225e+00
1.31495345e+00
2.10769796e+00
2.33170533e+00
1.32325935e+00
1.20604622e+00
1.82646680e+00
1.71587920e+00
1.20445549e+00
1.19208539e+00
2.98490787e+00
2.15780759e+00
1.20608556e+00
9.98305082e-01
9.81255531e-01
1.98638141e+00
2.79713321e+00
1.89384615e+00
2.40566421e+00
1.71661091e+00
2.39530516e+00
2.39816761e+00
1.60507441e+00
1.25194454e+00
1.23637629e+00
2.38109088e+00
1.46046162e+00
1.48247337e+00
2.07705569e+00
1.24427569e+00
8.90372515e-01
1.87779248e+00
1.23400879e+00
9.74954963e-01
1.59792519e+00
1.90557492e+00
1.24436581e+00
1.73879659e+00
1.14909327e+00
1.19910610e+00
1.72679234e+00
1.54093289e+00
2.42434311e+00
2.49035048e+00
2.34990525e+00
1.63257575e+00
1.03446972e+00
1.20088840e+00
1.43635321e+00
2.03016067e+00
1.16348147e+00
1.57063580e+00
2.33562613e+00
2.13074565e+00
1.64635301e+00
1.49869430e+00
1.46488953e+00
8.94887984e-01
9.67679679e-01
1.90139580e+00
1.17483497e+00
9.88324404e-01
1.40256667e+00
9.92990971e-01
1.58929110e+00
2.49628711e+00
9.81074572e-01
1.75494313e+00
1.57168305e+00
1.52798128e+00
2.13333106e+00
1.79407179e+00
1.10278928e+00
3.52565026e+00
2.00556445e+00
1.56918120e+00
2.45533538e+00
2.02796698e+00
1.81146467e+00
1.70020986e+00
1.89639223e+00
1.81003237e+00
1.35660660e+00
1.34948945e+00
1.72217691e+00
1.59882760e+00
2.27714133e+00
1.51371980e+00
1.01283181e+00
1.52715874e+00
9.43628669e-01
1.84360647e+00
1.95244849e+00
1.07562590e+00
1.35090780e+00
2.75631356e+00
1.43796134e+00
2.65305924e+00
1.03839278e+00
9.13282931e-01
1.88073683e+00
1.32889450e+00
1.47500253e+00
1.13501644e+00
2.16671634e+00
2.00513220e+00
1.10989344e+00
1.00027812e+00
1.21475065e+00
1.37782490e+00
1.32563519e+00
1.25910568e+00
1.14710510e+00
8.77878606e-01
1.59085023e+00
7.91393399e-01
1.93551445e+00
1.32242548e+00
7.10025311e-01
1.76463091e+00
1.42846334e+00
1.00471389e+00
1.20272756e+00
1.11341310e+00
1.78389084e+00
2.23560405e+00
1.54563999e+00
1.30647516e+00
1.59299707e+00
1.31525373e+00
1.37216520e+00
1.69532156e+00
7.04100847e-01
8.42409611e-01
1.29971325e+00
9.96349752e-01
8.17735851e-01
1.85689318e+00
1.96605003e+00
7.15223193e-01
7.31456697e-01
7.96854496e-01
1.10159087e+00
7.58166373e-01
8.97240102e-01
1.33596444e+00
1.12174857e+00
1.04766536e+00
6.11959755e-01
7.03592539e-01
6.59825683e-01
5.74101031e-01
1.51060820e+00
2.11410904e+00
1.22156787e+00
5.57393670e-01
1.16168892e+00
1.02411604e+00
8.35220337e-01
5.58758318e-01
7.40875900e-01
7.99184620e-01
6.07555687e-01
5.47265053e-01
1.29783380e+00
5.89236796e-01
1.01380289e+00
6.74713612e-01
1.42967463e+00
1.38157666e+00
9.70854878e-01
1.25839591e+00
9.92980778e-01
4.42798018e-01
1.25814009e+00
1.01811898e+00
5.82035780e-01
1.38626242e+00
1.79013252e+00
1.25685537e+00
1.99206066e+00
9.85115707e-01
1.18726957e+00
1.29984093e+00
7.17919171e-01
5.79649746e-01
1.48037899e+00
9.03477430e-01
1.36364377e+00
1.33374345e+00
1.01269937e+00
1.19421017e+00
5.98999143e-01
6.53689861e-01
6.09897017e-01
8.30373406e-01
8.33491623e-01
1.07518196e+00
1.51938605e+00
7.67485678e-01
6.58256233e-01
9.23427701e-01
1.01591027e+00
1.57773149e+00
1.52654052e+00
7.52639890e-01
7.23797500e-01
1.40756512e+00
1.50591719e+00
1.17729855e+00
1.29995084e+00
9.17510509e-01
1.48714352e+00
1.66247880e+00
8.28353703e-01
7.96354115e-01
8.77130866e-01
1.03166437e+00
8.66136193e-01
1.33855808e+00
1.84510362e+00
9.69850063e-01
9.91979063e-01
2.07635617e+00
2.92038584e+00
2.03045368e+00
1.63208258e+00
2.44550753e+00
1.25440586e+00
9.71338868e-01
2.15665007e+00
1.90999877e+00
1.12098408e+00
1.33125913e+00
1.03456676e+00
7.92457700e-01
1.54273927e+00
1.88176072e+00
1.32136488e+00
1.08437443e+00
1.99381196e+00
1.30245245e+00
1.12493992e+00
1.36415386e+00
1.52362728e+00
1.77696955e+00
1.49792266e+00
9.87216890e-01
1.37278247e+00
1.70100784e+00
1.37948632e+00
9.38836515e-01
1.07908916e+00
2.14566231e+00
1.47340322e+00
1.30053186e+00
1.62912333e+00
1.26750255e+00
1.27232218e+00
1.59439588e+00
1.14843345e+00
9.74486947e-01
1.24941659e+00
1.24029362e+00
1.27539897e+00
1.91108096e+00
1.61070096e+00
1.40758979e+00
1.39793360e+00
1.14921153e+00
1.06550241e+00
1.47854483e+00
1.54909170e+00
1.17672658e+00
1.37061250e+00
1.89486420e+00
1.04392695e+00
1.41898751e+00
1.08705568e+00
1.28406250e+00
1.28854632e+00
1.04664791e+00
2.32541251e+00
1.56495559e+00
1.49540758e+00
1.39895940e+00
1.13098204e+00
9.49306607e-01
1.80551672e+00
2.27186704e+00
1.29356527e+00
1.08618438e+00
1.67789590e+00
1.95588624e+00
8.20136011e-01
1.24113882e+00
1.45643389e+00
1.88220859e+00
1.71472228e+00
1.16791677e+00
2.42363739e+00
2.18302751e+00
1.27828264e+00
8.79398346e-01
1.11678243e+00
1.40935850e+00
1.59831560e+00
2.13827991e+00
1.75192308e+00
8.41184616e-01
9.88929570e-01
1.96683526e+00
1.21738756e+00
1.03276575e+00
2.20418763e+00
1.93434978e+00
1.36947680e+00
1.93424380e+00
2.14949179e+00
1.60774958e+00
1.37278616e+00
1.91043913e+00
2.03925943e+00
1.85345578e+00
2.45421648e+00
2.04382443e+00
2.19358611e+00
1.96062434e+00
1.46193004e+00
1.20031345e+00
1.43562055e+00
1.03862095e+00
1.67154300e+00
1.70260298e+00
1.55036843e+00
2.78577113e+00
1.50742531e+00
1.59443045e+00
1.86826491e+00
1.54520559e+00
1.24455905e+00
1.53015554e+00
2.24690962e+00
1.62412453e+00
1.37548733e+00
1.30955398e+00
1.59466457e+00
1.95183802e+00
1.22686803e+00
1.34217823e+00
1.24960804e+00
1.42329264e+00
1.75335670e+00
1.61817205e+00
1.85307992e+00
1.30721569e+00
2.15288424e+00
1.46877587e+00
7.61311173e-01
1.25642157e+00
8.82301152e-01
9.38604712e-01
9.32241321e-01
1.20273352e+00
1.71081138e+00
1.51355112e+00
1.02955186e+00
2.13352680e+00
9.55212295e-01
1.21931350e+00
2.02653742e+00
1.08939993e+00
2.01084948e+00
1.62280881e+00
1.56850338e+00
1.46399713e+00
1.37252378e+00
1.63637316e+00
1.79357719e+00
1.54689121e+00
1.54279470e+00
1.55306637e+00
1.59834635e+00
1.85218716e+00
1.73256207e+00
1.06910253e+00
1.16454422e+00
1.85150981e+00
1.75965774e+00
1.04650390e+00
2.10961843e+00
1.87592816e+00
2.08057046e+00
1.99998915e+00
1.68614960e+00
1.57220972e+00
1.60910428e+00
1.28027940e+00
1.40962708e+00
1.50361311e+00
1.20211864e+00
1.22572255e+00
1.97119975e+00
2.28407907e+00
1.63596725e+00
1.29667366e+00
1.85640848e+00
1.98996711e+00
9.09887195e-01
1.86594939e+00
1.50801051e+00
1.41070843e+00
1.63883865e+00
1.22837341e+00
1.24244714e+00
1.30874360e+00
1.15860248e+00
1.66488874e+00
1.93083751e+00
1.36860931e+00
1.29691601e+00
1.82277560e+00
1.06931245e+00
1.34900057e+00
1.86908627e+00
1.47134197e+00
1.84696674e+00
2.14564800e+00
1.37333488e+00
1.45623553e+00
1.70466506e+00
1.21504557e+00
1.61198413e+00
1.10790420e+00
2.15464520e+00
2.04868913e+00
1.23762596e+00
1.13469744e+00
1.22042263e+00
2.36482263e+00
1.60959864e+00
1.58326328e+00
1.60931408e+00
7.28343368e-01
1.51584303e+00
1.15979517e+00
1.60990548e+00
1.53376937e+00
1.29417384e+00
1.79030454e+00
1.14748871e+00
1.43755817e+00
1.76982236e+00
1.22850776e+00
1.40173066e+00
2.67883420e+00
1.65386915e+00
1.79315186e+00
2.30582452e+00
1.68053961e+00
1.08756912e+00
1.19800186e+00
9.96155739e-01
2.16185021e+00
1.43253136e+00
1.61432612e+00
2.19479299e+00
1.44511938e+00
2.01443386e+00
1.40198493e+00
2.16472316e+00
2.23222709e+00
1.60978091e+00
1.85934234e+00
1.20712245e+00
1.76369798e+00
2.06283379e+00
1.51804256e+00
1.02544928e+00
1.30204594e+00
2.42780757e+00
2.14598346e+00
1.08428288e+00
1.41207635e+00
1.87134814e+00
1.44611657e+00
1.58346510e+00
1.29443026e+00
1.29530323e+00
1.40737426e+00
1.53984094e+00
1.56853902e+00
1.13014233e+00
1.47445619e+00
1.45008266e+00
1.91514504e+00
2.01235867e+00
1.38924611e+00
2.66621852e+00
1.35959792e+00
2.03445697e+00
2.77821636e+00
1.75833011e+00
7.95683980e-01
2.04526949e+00
1.76721382e+00
2.12239575e+00
1.56254685e+00
9.73817170e-01
1.33834362e+00
1.38165534e+00
1.42350578e+00
1.07928503e+00
8.70620012e-01
1.00328517e+00
1.00434220e+00
1.17113781e+00
1.02069986e+00
1.17492318e+00
1.36687839e+00
1.41456282e+00
1.32770336e+00
8.89231741e-01
1.28914380e+00
8.79463375e-01
1.29247189e+00
1.52242458e+00
5.74564695e-01
9.78650033e-01
8.46090734e-01
1.12378192e+00
1.71609449e+00
1.91512060e+00
1.52614307e+00
1.44447529e+00
1.58325851e+00
1.40466952e+00
1.28768075e+00
1.48260617e+00
1.41490805e+00
1.46385217e+00
1.65584254e+00
1.32415712e+00
1.27777481e+00
1.31178772e+00
1.25539780e+00
1.43519640e+00
1.78392649e+00
1.34297192e+00
7.21448839e-01
1.01830566e+00
1.75755477e+00
8.16729784e-01
1.48388219e+00
1.41670895e+00
1.18247497e+00
1.84189284e+00
2.30570292e+00
1.41592097e+00
1.86013448e+00
1.61236978e+00
1.45354199e+00
1.38855672e+00
1.36446083e+00
1.83423185e+00
1.65947521e+00
1.18545103e+00
1.02994180e+00
1.00915897e+00
1.67299628e+00
1.98640776e+00
1.84168482e+00
1.48115420e+00
1.32860255e+00
1.51407492e+00
1.35238969e+00
5.40747762e-01
1.63831651e+00
1.80222189e+00
1.28218961e+00
9.72792625e-01
1.30954874e+00
1.59759688e+00
7.54965484e-01
1.16630507e+00
1.26300013e+00
1.31876266e+00
2.19461536e+00
1.32152367e+00
1.57898533e+00
1.69774926e+00
1.57257521e+00
1.31241977e+00
1.01572716e+00
6.45506084e-01
1.17350519e+00
1.42857540e+00
1.40898776e+00
1.45244789e+00
1.88097370e+00
1.78245318e+00
8.90796423e-01
1.69876397e+00
1.71034753e+00
9.24180746e-01
1.34847808e+00
2.30000353e+00
1.42321074e+00
1.13507676e+00
1.58504355e+00
1.97065639e+00
1.68873394e+00
1.32893646e+00
1.39897931e+00
2.42368698e+00
1.51625180e+00
8.26371610e-01
2.24286008e+00
1.65942967e+00
8.94880176e-01
7.31423438e-01
1.11517799e+00
1.63612926e+00
1.65647054e+00
1.64161670e+00
1.02293575e+00
1.28825450e+00
1.54038787e+00
1.37272298e+00
1.68066657e+00
1.58118343e+00
1.27828908e+00
8.93073261e-01
9.90192771e-01
1.32529593e+00
1.52021420e+00
1.64288330e+00
1.91365290e+00
2.22006845e+00
1.75671816e+00
1.12989426e+00
1.13297451e+00
1.79145241e+00
2.23554564e+00
2.03693485e+00
1.32292402e+00
1.07899511e+00
1.85283005e+00
1.45291233e+00
7.79990792e-01
7.38759935e-01
1.68156636e+00
2.00072384e+00
7.66456842e-01
1.13664126e+00
1.73364782e+00
8.48838627e-01
7.46320665e-01
1.47153962e+00
1.51947451e+00
9.67117488e-01
2.31962109e+00
1.57724023e+00
7.38762200e-01
6.32397830e-01
7.33579576e-01
1.32707441e+00
2.02268100e+00
1.87994206e+00
1.36005795e+00
1.39167821e+00
1.68111265e+00
1.01184142e+00
1.37183559e+00
2.05453563e+00
1.93496287e+00
1.31474292e+00
1.03250718e+00
1.14774203e+00
1.22424364e+00
2.54468060e+00
2.31163692e+00
1.07709765e+00
7.46895075e-01
9.00274396e-01
1.78170526e+00
1.49838543e+00
9.99709129e-01
1.10779524e+00
1.61892903e+00
1.56265485e+00
1.69678783e+00
5.11631548e-01
8.06565821e-01
2.18945551e+00
1.61159670e+00
1.49015176e+00
6.44167602e-01
9.39974785e-01
1.98214412e+00
1.98077965e+00
1.01995838e+00
1.17760503e+00
6.77036345e-01
1.47883213e+00
1.40796089e+00
1.06817853e+00
1.81669295e+00
1.15223265e+00
8.04136276e-01
1.56494701e+00
1.70813131e+00
1.43173599e+00
1.76896441e+00
1.83099473e+00
1.90145826e+00
1.62525308e+00
1.00674725e+00
1.09442973e+00
1.78079677e+00
1.50500238e+00
1.20038033e+00
1.49812961e+00
1.60533333e+00
1.03729439e+00
5.62766016e-01
9.28230405e-01
8.45377743e-01
5.58566034e-01
1.11001444e+00
1.23366952e+00
6.52997971e-01
2.31308842e+00
1.52961290e+00
1.32080698e+00
1.18409216e+00
8.71758163e-01
1.13636899e+00
1.90421820e+00
1.79871559e+00
1.66550946e+00
1.49184597e+00
1.12056279e+00
1.07364142e+00
1.57402384e+00
9.42548871e-01
1.85677016e+00
1.27315354e+00
4.49762195e-01
1.37097096e+00
1.15276194e+00
2.09837079e+00
1.32760203e+00
1.30883253e+00
1.42682719e+00
7.00835109e-01
7.73730993e-01
1.41413188e+00
8.53253484e-01
7.83832431e-01
1.27341592e+00
1.30645454e+00
1.66280341e+00
1.95270801e+00
2.76872921e+00
1.93636739e+00
3.02792549e+00
2.53016400e+00
2.00477076e+00
1.19656968e+00
1.15638769e+00
1.67496991e+00
1.43561411e+00
1.36843348e+00
1.14626074e+00
1.40957415e+00
1.15996528e+00
9.52725530e-01
1.35242069e+00
1.79471815e+00
1.46406639e+00
1.21201599e+00
1.21263075e+00
1.12686646e+00
8.61482859e-01
1.03229845e+00
1.39383960e+00
9.06382263e-01
1.14191771e+00
1.47170937e+00
1.67057478e+00
1.84919190e+00
1.03946793e+00
1.16557956e+00
1.32103682e+00
1.18392134e+00
1.12558246e+00
1.13462234e+00
6.89587235e-01
1.38765132e+00
1.68962419e+00
1.69041920e+00
1.70718932e+00
1.35251069e+00
7.48915136e-01
2.38168430e+00
1.38916469e+00
9.30880010e-01
1.86054194e+00
1.87551153e+00
1.16984713e+00
1.33776784e+00
1.07902944e+00
1.71242476e+00
2.01676440e+00
9.33805704e-01
1.76112378e+00
1.64390481e+00
1.44701624e+00
1.64343429e+00
1.49386179e+00
1.04068267e+00
1.94269359e+00
1.59895539e+00
1.80329955e+00
1.36165440e+00
6.10412002e-01
8.15016091e-01
1.15121758e+00
2.13214493e+00
1.66240144e+00
9.78280902e-01
9.26057398e-01
1.08326435e+00
1.52628386e+00
1.56865299e+00
2.20429468e+00
1.79523587e+00
1.12494338e+00
1.70171857e+00
1.37131226e+00
7.94764638e-01
1.51919925e+00
1.24480712e+00
6.09397233e-01
8.48487020e-01
9.67193663e-01
1.04702830e+00
1.50076771e+00
1.62413740e+00
1.26382136e+00
1.27838147e+00
1.74706542e+00
1.08374667e+00
1.54394436e+00
1.55326891e+00
1.37646163e+00
1.62949479e+00
7.39118755e-01
1.05394065e+00
1.31041873e+00
1.51005995e+00
1.69202495e+00
1.42780447e+00
1.25234723e+00
1.56261635e+00
4.37866479e-01
6.90898895e-01
2.23779988e+00
1.76749301e+00
1.17545903e+00
1.05108774e+00
8.27860117e-01
1.09980154e+00
1.42772841e+00
1.27340341e+00
2.07020116e+00
1.17938328e+00
5.83010733e-01
1.36949778e+00
1.75069833e+00
5.40800571e-01
1.23447025e+00
1.08224785e+00
9.53864634e-01
1.07046962e+00
1.11563671e+00
1.12183714e+00
1.68965387e+00
1.42437136e+00
8.54794860e-01
6.30148709e-01
8.63744378e-01
9.08788621e-01
8.97307098e-01
1.43905628e+00
1.08512914e+00
6.98030651e-01
5.63553989e-01
8.07589233e-01
1.80102468e+00
1.25046790e+00
1.21238434e+00
1.77664518e+00
1.74697340e+00
1.26815808e+00
2.06612682e+00
1.60024929e+00
1.49537086e+00
1.09996772e+00
1.03420007e+00
1.87281120e+00
9.74269450e-01
1.68043697e+00
1.62933755e+00
1.00756061e+00
8.33843052e-01
1.15516925e+00
1.52285004e+00
1.57839251e+00
1.39456534e+00
1.15954721e+00
1.25050616e+00
1.41183496e+00
8.85376990e-01
1.18513691e+00
5.96396089e-01
9.09827054e-01
1.98302960e+00
1.34786129e+00
1.09581614e+00
7.82264233e-01
7.71100581e-01
7.04194486e-01
1.17120171e+00
7.26105034e-01
1.06839156e+00
3.88827622e-01
1.12760830e+00
1.45879769e+00
1.19401479e+00
1.09581149e+00
1.30751812e+00
1.34477794e+00
1.71120930e+00
1.42702234e+00
1.00710559e+00
1.30086696e+00
1.05719531e+00
1.69100034e+00
4.29620236e-01
4.26171273e-01
1.16343820e+00
1.39154994e+00
5.64217865e-01
1.23082101e+00
8.01853359e-01
8.60416174e-01
1.41427290e+00
3.48106831e-01
1.58590722e+00
6.61138475e-01
1.12911224e+00
1.36093748e+00
1.03067112e+00
1.10410404e+00
7.16714501e-01
1.91941750e+00
1.54425657e+00
4.66679066e-01
5.21603942e-01
1.09550583e+00
6.67755902e-01
9.60850775e-01
1.01404476e+00
1.35085011e+00
1.51245797e+00
6.31279945e-01
1.44389892e+00
7.48794019e-01
7.33541429e-01
7.39444852e-01
7.57047236e-01
8.76910686e-01
1.17300832e+00
1.35419047e+00
1.52826154e+00
1.57994854e+00
1.50113964e+00
1.49315476e+00
2.12190771e+00
1.99108922e+00
1.19708550e+00
9.66767073e-01
1.28782153e+00
1.59916151e+00
1.13969672e+00
6.78929567e-01
8.47567141e-01
9.87918079e-01
8.79033148e-01
1.15757108e+00
6.32245660e-01
1.23038828e+00
6.91876173e-01
1.44115889e+00
1.27668464e+00
1.09565532e+00
9.67567563e-01
1.04902875e+00
4.70882565e-01
1.46219230e+00
2.75516963e+00
1.42858863e+00
1.91835845e+00
8.99620235e-01
1.47584033e+00
1.20298076e+00
6.65474653e-01
1.81766284e+00
1.52709961e+00
1.24863613e+00
1.40604663e+00
1.42940760e+00
1.55386198e+00
1.62334597e+00
4.87770528e-01
8.17513347e-01
1.44393647e+00
1.45560098e+00
1.69419456e+00
2.06230021e+00
8.51548970e-01
3.93465698e-01
8.45464528e-01
9.87456858e-01
1.26452994e+00
2.34239292e+00
1.25287282e+00
1.13564682e+00
1.02558565e+00
1.08671451e+00
1.08215511e+00
9.43509877e-01
1.50409532e+00
1.01514018e+00
1.71649027e+00
1.48539448e+00
6.76338673e-01
1.57342541e+00
2.70129275e+00
1.00064766e+00
4.91311401e-01
9.42462564e-01
1.29218280e+00
1.27349722e+00
1.42266595e+00
1.10668719e+00
1.81059611e+00
2.04407883e+00
1.30974889e+00
8.13547313e-01
5.83979666e-01
9.91756916e-01
1.65659201e+00
1.19796646e+00
6.60326064e-01
1.01968169e+00
1.35108316e+00
1.49012601e+00
1.76516962e+00
1.49680817e+00
9.14180458e-01
9.45795476e-01
1.49610043e+00
4.78437573e-01
1.20651162e+00
1.08625388e+00
5.84996939e-01
2.12170911e+00
1.84155333e+00
1.23967206e+00
1.61645997e+00
1.00448358e+00
5.28777778e-01
1.47407734e+00
5.50815642e-01
2.37865782e+00
1.43228602e+00
1.59481895e+00
2.31501675e+00
1.45876193e+00
1.35652244e+00
1.11201763e+00
1.68117225e+00
8.15266013e-01
7.46733189e-01
1.39714289e+00
9.74536777e-01
8.71358395e-01
1.88854122e+00
1.44865441e+00
4.48666900e-01
1.08979440e+00
6.58508599e-01
1.32104206e+00
1.48072481e+00
8.93073142e-01
4.91579562e-01
8.07411671e-01
1.56814146e+00
4.68424767e-01
5.22180855e-01
1.13140345e+00
1.31203604e+00
1.05962980e+00
7.36436546e-01
1.70788515e+00
7.75535107e-01
6.96716905e-01
9.96878505e-01
1.40309453e+00
1.25086987e+00
6.38264060e-01
1.21931112e+00
9.49930131e-01
5.44970393e-01
9.97094631e-01
6.05763078e-01
1.86287034e+00
9.41998065e-01
6.66799128e-01
1.43202102e+00
6.48379624e-01
6.75093532e-01
1.54123962e+00
1.96443713e+00
1.56199086e+00
6.99000895e-01
3.34472775e-01
1.48199427e+00
7.05246091e-01
1.39163637e+00
2.32213020e+00
1.72621107e+00
6.73946619e-01
8.86980057e-01
5.04847229e-01
8.13897192e-01
1.77332294e+00
1.59383750e+00
5.33379793e-01
1.74841309e+00
1.63287818e+00
1.38323939e+00
5.68362534e-01
4.80369598e-01
2.21034098e+00
1.59875464e+00
9.84725714e-01
4.95360494e-01
5.50140262e-01
1.38300586e+00
2.13033700e+00
7.66777158e-01
9.89823103e-01
7.99854040e-01
1.25863612e+00
1.70045328e+00
5.15626192e-01
7.70473182e-01
1.32009840e+00
1.32750535e+00
1.17963922e+00
1.39482236e+00
1.81504893e+00
1.39563727e+00
7.48776972e-01
1.49965596e+00
1.75957227e+00
8.65601599e-01
6.19205117e-01
1.16702569e+00
1.69473064e+00
1.47274518e+00
8.26126218e-01
6.76579475e-01
1.36102724e+00
1.26728141e+00
1.00467825e+00
6.57851875e-01
9.49919343e-01
1.07170022e+00
8.09942424e-01
1.81473422e+00
1.65650129e+00
3.27863842e-01
0.00000000e+00
6.41543984e-01
4.52274621e-01
9.36885715e-01
6.04981422e-01
1.07765913e+00
1.47674322e+00
1.16309869e+00
8.17520797e-01
3.56944650e-01
3.72429430e-01
6.05939865e-01
6.13690019e-01
8.62242520e-01
1.28351212e+00
4.88325655e-01
6.05695546e-01
1.22584844e+00
9.25393283e-01
3.12774271e-01
5.13238311e-01
1.36603653e+00
1.02522624e+00
5.15748918e-01
1.02237093e+00
1.55482447e+00
6.89730227e-01
8.14777255e-01
1.43115044e+00
1.20968580e+00
7.68787444e-01
1.08678484e+00
2.20588446e+00
6.93149865e-01
8.10701609e-01
7.63776660e-01
4.25656527e-01
6.64957941e-01
7.82821536e-01
1.57376027e+00
1.84232712e+00
1.43510258e+00
7.05590367e-01
6.16331637e-01
5.09039760e-01
1.85518372e+00
5.39010227e-01
3.10266405e-01
9.30761576e-01
1.32133865e+00
8.04466963e-01
8.37004840e-01
7.76916862e-01
5.76335192e-01
7.96393156e-01
1.50425065e+00
1.50552344e+00
1.64800704e+00
9.78076756e-01
6.12911284e-01
3.67168278e-01
5.68216205e-01
1.01859283e+00
1.18233037e+00
4.39467907e-01
4.22704279e-01
1.09183657e+00
1.16211247e+00
1.08535111e+00
1.74130046e+00
4.60809380e-01
5.45964003e-01
1.30627227e+00
9.47833478e-01
7.03626037e-01
5.08992493e-01
8.80819261e-01
8.37222219e-01
4.53319460e-01
6.76731110e-01
8.01092625e-01
8.40927362e-01
1.71760118e+00
1.57358599e+00
1.03242171e+00
1.07178712e+00
1.50265050e+00
8.32955480e-01
1.73346484e+00
8.73168707e-01
5.68208575e-01
4.85447764e-01
1.33006871e+00
4.52270031e-01
9.42731619e-01
1.50946927e+00
6.19784594e-01
8.00488412e-01
1.42494452e+00
1.06507885e+00
7.37432539e-01
8.22244763e-01
4.48204607e-01
1.27583671e+00
1.22350752e+00
1.74065077e+00
3.68369669e-01
4.71915841e-01
8.52535784e-01
8.56993437e-01
1.53917849e+00
1.06281161e+00
1.03943741e+00
1.14311123e+00
1.10214424e+00
7.83027530e-01
7.30920315e-01
1.28697646e+00
3.86145324e-01
9.77953434e-01
1.09713817e+00
5.07297933e-01
1.17466080e+00
9.04652953e-01
1.57234454e+00
1.09907603e+00
7.05458939e-01
9.43212092e-01
7.52256870e-01
7.56061494e-01
9.81620789e-01
4.63992894e-01
3.78446013e-01
7.04927862e-01
1.12807477e+00
1.75571346e+00
6.07480168e-01
7.38303185e-01
8.97902310e-01
5.46667755e-01
9.80458558e-01
7.38111913e-01
6.53635204e-01
7.87442207e-01
5.52057207e-01
5.60199320e-01
2.05581546e+00
5.76426744e-01
1.05459547e+00
8.66099119e-01
7.92906821e-01
9.72042859e-01
5.21285117e-01
1.26741409e+00
7.01652110e-01
9.17203963e-01
1.04537773e+00
7.51008391e-01
9.34988141e-01
8.46799433e-01
6.89518332e-01
7.30047166e-01
9.52889264e-01
6.23153389e-01
7.30114818e-01
1.02629471e+00
7.59720564e-01
7.30439246e-01
6.44262552e-01
5.98910391e-01
1.06526446e+00
5.79128087e-01
9.60833609e-01
1.38787830e+00
1.41566777e+00
1.16442072e+00
1.12715197e+00
1.06287813e+00
7.63189971e-01
6.37548804e-01
3.64023894e-01
7.51524568e-01
1.47040975e+00
8.90203238e-01
9.74319100e-01
4.32550460e-01
7.45751321e-01
1.08631575e+00
3.60795826e-01
1.60864246e+00
7.06868649e-01
4.29002881e-01
7.30430424e-01
1.12311101e+00
1.41374457e+00
1.23758590e+00
1.01401460e+00
1.61213732e+00
1.68029213e+00
9.50867772e-01
6.95983350e-01
7.35368967e-01
5.68478942e-01
1.09724569e+00
1.13958609e+00
4.96383369e-01
3.95383596e-01
9.24224615e-01
6.93246007e-01
5.80835640e-01
8.09426367e-01
8.04492354e-01
4.33100104e-01
2.07755589e+00
1.03314149e+00
6.47539020e-01
8.20836246e-01
8.39561582e-01
1.08654583e+00
9.49669361e-01
9.22796607e-01
6.37546241e-01
2.75059104e-01
5.47885060e-01
3.77658606e-01
1.04320908e+00
5.21382570e-01
7.44219184e-01
5.44267833e-01
6.81889832e-01
9.97164071e-01
9.71916139e-01
4.39066350e-01
1.07205892e+00
5.25613546e-01
1.10061908e+00
3.29190105e-01
4.50157195e-01
1.88512576e+00
1.40995884e+00
6.96462274e-01
9.59048569e-01
9.22855496e-01
4.45121735e-01
6.14283741e-01
8.05398941e-01
3.39761853e-01
3.64422351e-01
3.79811287e-01
3.75821441e-01
9.41864908e-01
1.03204489e+00
4.40164298e-01
3.57180208e-01
1.02380383e+00
9.45140004e-01
1.85075128e+00
1.13202691e+00
6.84940219e-01
9.61131513e-01
4.96852577e-01
5.77546835e-01
3.76035005e-01
7.47974217e-01
1.05897498e+00
8.35179925e-01
1.08500242e+00
1.11306834e+00
8.51480007e-01
3.18396121e-01
5.94738781e-01
2.85489053e-01
9.82060134e-01
1.08277154e+00
6.13665879e-01
6.89161599e-01
1.67681193e+00
1.30008721e+00
8.56370628e-01
1.19604099e+00
4.83903766e-01
7.72877932e-01
8.45451415e-01
4.24371153e-01
5.94116330e-01
3.77621800e-01
8.11465979e-01
9.21078324e-01
7.26886034e-01
8.13659012e-01
9.17341530e-01
1.00584662e+00
4.77276951e-01
1.03766775e+00
1.22115421e+00
2.91544557e-01
3.04618716e-01
9.15944934e-01
3.72783005e-01
4.50190306e-01
3.09735030e-01
7.96220481e-01
6.53392315e-01
7.28037953e-01
5.78557253e-01
1.09790027e+00
9.25160944e-01
8.96530867e-01
1.11449158e+00
1.42952979e+00
5.55202603e-01
3.34979594e-01
5.88894367e-01
7.28478909e-01
5.58630824e-01
4.61436123e-01
3.87019813e-01
1.16677511e+00
1.31125104e+00
6.45272195e-01
1.38602746e+00
8.99654210e-01
7.77131319e-01
7.48472273e-01
1.28431213e+00
1.29546380e+00
4.87986058e-01
6.68001115e-01
4.27898556e-01
6.28119648e-01
1.47080123e+00
1.91868997e+00
1.03490353e+00
9.02978539e-01
5.28417587e-01
8.55870485e-01
7.34142125e-01
4.93885309e-01
9.64237988e-01
1.05056500e+00
4.42103952e-01
6.84614062e-01
8.01866353e-01
5.53732753e-01
7.68646419e-01
1.36419713e+00
1.00019681e+00
8.89058769e-01
1.06859362e+00
1.06072760e+00
5.91548443e-01
2.66530454e-01
4.99298573e-01
1.14619195e+00
1.10505414e+00
9.43230987e-01
1.09696829e+00
6.78511262e-01
7.12003589e-01
7.69442379e-01
1.12970519e+00
1.09221983e+00
4.42998379e-01
1.81394839e+00
8.28889668e-01
1.27460015e+00
9.85478878e-01
3.94876719e-01
1.35357678e+00
5.77302814e-01
8.71056378e-01
9.37082291e-01
6.26929045e-01
3.17993939e-01
4.49938685e-01
5.75285256e-01
7.93547451e-01
8.69940996e-01
9.24198806e-01
8.98682296e-01
8.91547740e-01
4.13782418e-01
3.90832871e-01
9.55474615e-01
6.46025360e-01
2.98001170e-01
9.21707630e-01
7.96798348e-01
1.03538144e+00
6.83998406e-01
2.83201069e-01
7.80166090e-01
5.46431839e-01
6.87832355e-01
6.90568149e-01
7.04411507e-01
6.48834825e-01
6.50654376e-01
6.81585729e-01
1.42939985e+00
8.36005390e-01
8.66163790e-01
8.78339291e-01
3.98338675e-01
6.54196203e-01
1.17632699e+00
3.77398461e-01
2.76647300e-01
7.98577905e-01
1.36002517e+00
8.20924461e-01
4.39449340e-01
8.46530974e-01
8.57974350e-01
9.49521184e-01
1.06140816e+00
1.06708407e+00
1.69264889e+00
6.35742009e-01
2.23375559e+00
1.26724267e+00
7.94617474e-01
8.34235072e-01
5.65745294e-01
6.47111416e-01
7.92976618e-01
5.83121419e-01
3.99216205e-01
1.27248037e+00
4.76051807e-01
2.56301314e-01
7.20093787e-01
9.80629981e-01
5.61452687e-01
5.86098075e-01
8.95517349e-01
8.37798834e-01
9.93111134e-01
8.63966465e-01
8.74328494e-01
1.00472915e+00
4.25748914e-01
4.08521950e-01
8.80098403e-01
1.56916893e+00
1.13526046e+00
5.26896477e-01
4.96998727e-01
5.45123100e-01
3.81381929e-01
6.95590556e-01
8.38527381e-01
1.29235196e+00
1.10173941e+00
2.90403962e-01
5.94531298e-01
1.32734668e+00
8.36035073e-01
8.01439166e-01
7.90245593e-01
8.84799004e-01
5.74751318e-01
5.08491158e-01
6.86613798e-01
5.44967294e-01
9.39739227e-01
1.11488247e+00
5.74141502e-01
7.76801765e-01
1.03784764e+00
3.00092548e-01
8.22424352e-01
8.67479026e-01
5.02310276e-01
8.06464314e-01
1.14310515e+00
2.83817291e-01
5.15059471e-01
1.39884377e+00
4.89916921e-01
4.53644872e-01
1.12082899e+00
4.99189407e-01
1.28740382e+00
1.36254978e+00
8.68532896e-01
5.91121197e-01
6.97243989e-01
1.04103076e+00
8.04382265e-01
3.36959422e-01
1.01266921e+00
1.17837632e+00
4.28791314e-01
4.60768759e-01
4.71937954e-01
5.93041599e-01
1.28498745e+00
1.09663332e+00
5.45303881e-01
1.06618083e+00
1.16784132e+00
6.66425169e-01
6.17299616e-01
5.83680391e-01
7.15615153e-01
1.53380477e+00
4.59224343e-01
5.72627187e-01
3.95549804e-01
2.51642376e-01
8.92225683e-01
9.70348179e-01
4.56065327e-01
9.75843072e-01
1.21539092e+00
5.15043557e-01
2.41740584e-01
1.24243438e+00
9.22163248e-01
5.72748899e-01
3.39858651e-01
7.31637478e-01
9.07943606e-01
4.80730146e-01
1.00585794e+00
8.00397158e-01
6.52382493e-01
7.91688025e-01
6.23908520e-01
2.96823174e-01
4.29835021e-01
3.73367339e-01
6.93968296e-01
5.65372050e-01
4.79297221e-01
1.19559062e+00
3.71328533e-01
3.62940699e-01
6.51657522e-01
4.69707638e-01
4.78761941e-01
1.12392211e+00
5.26883364e-01
4.51792240e-01
9.16752219e-01
8.44945550e-01
2.48059958e-01
6.63510144e-01
7.08671391e-01
8.29441786e-01
7.23285854e-01
7.28081107e-01
7.86377788e-01
3.23406339e-01
3.09185624e-01
6.60911560e-01
7.78768957e-01
5.32926798e-01
6.51243985e-01
1.08709073e+00
3.05441886e-01
6.77745938e-01
5.30810833e-01
3.27959687e-01
4.23570573e-01
5.52193582e-01
3.22865963e-01
5.51181674e-01
3.84309441e-01
4.78882223e-01
8.79980266e-01
6.01692259e-01
3.24744135e-01
8.53989840e-01
1.37336993e+00
1.03294206e+00
6.13010883e-01
5.77801943e-01
6.33679152e-01
7.18034446e-01
9.72182870e-01
7.36218929e-01
5.25810361e-01
9.76118147e-01
7.63551831e-01
5.61065912e-01
4.40802515e-01
3.05575639e-01
4.45073575e-01
6.18723810e-01
3.15538973e-01
2.93825060e-01
5.64543247e-01
6.48447990e-01
4.70864803e-01
4.02269185e-01
3.71446133e-01
3.11649501e-01
3.27558994e-01
5.94073236e-01
5.05937278e-01
2.84240037e-01
3.31196457e-01
3.51854086e-01
7.87566483e-01
9.80141938e-01
6.43290460e-01
4.31753725e-01
6.81276202e-01
9.94818509e-01
8.49702537e-01
8.82070363e-01
1.06270778e+00
6.90163553e-01
2.63483524e-01
5.74979603e-01
5.11863172e-01
2.90833414e-01
2.72909611e-01
6.58282936e-01
9.46845233e-01
9.36386764e-01
5.65685451e-01
5.76816380e-01
1.14165044e+00
1.09321213e+00
7.60287404e-01
7.31442153e-01
8.64837945e-01
8.47595692e-01
5.58343112e-01
4.94297147e-01
9.34247196e-01
4.24544573e-01
6.70381010e-01
7.86571741e-01
4.61619645e-01
5.11417449e-01
3.37508202e-01
6.24478161e-01
9.14730072e-01
6.91098690e-01
7.24087536e-01
9.19523120e-01
5.86642087e-01
7.16097236e-01
4.38626647e-01
3.69607508e-01
5.59501827e-01
4.57682222e-01
5.51000059e-01
7.04508841e-01
3.91082853e-01
4.14266199e-01
3.45845848e-01
7.30454862e-01
3.71725351e-01
3.64496678e-01
2.68947333e-01
3.79449010e-01
6.83095336e-01
5.45705676e-01
4.96351361e-01
1.08811927e+00
8.71163011e-01
8.66738856e-01
1.08963704e+00
5.01352787e-01
1.42767096e+00
5.41319728e-01
2.71596104e-01
7.91658580e-01
9.96635258e-01
2.16813833e-01
5.17760992e-01
5.65849662e-01
3.48938674e-01
4.18697119e-01
6.47755563e-01
6.33284152e-01
8.37255657e-01
6.86842203e-01
3.08675885e-01
3.45512718e-01
3.39215696e-01
1.00811303e+00
1.33047998e+00
4.12225723e-01
4.42253113e-01
8.05218697e-01
6.83578789e-01
6.61436558e-01
1.54186797e+00
4.39111650e-01
4.03598160e-01
4.89574671e-01
4.03505087e-01
9.30848420e-01
4.00943369e-01
4.29692298e-01
4.30422753e-01
7.23955572e-01
6.13827169e-01
3.68930966e-01
3.28322470e-01
3.36110413e-01
8.57335150e-01
8.34596157e-01
2.90179849e-01
5.67162573e-01
5.78097045e-01
6.58434570e-01
8.64718258e-01
5.73258638e-01
3.84310246e-01
9.50172305e-01
4.96018291e-01
4.80751276e-01
4.63577867e-01
4.11979198e-01
8.81998062e-01
1.11223459e+00
6.02232397e-01
9.39866126e-01
8.66889536e-01
3.65339726e-01
3.42854261e-01
8.36142302e-01
3.07004094e-01
5.67784190e-01
9.35705960e-01
8.03117990e-01
4.98676300e-01
3.57165396e-01
4.53794688e-01
8.31859469e-01
1.23471367e+00
7.71333575e-01
4.70341980e-01
5.58136463e-01
3.02013785e-01
4.94659007e-01
5.48400581e-01
7.62381494e-01
1.12536097e+00
6.51774049e-01
1.22773027e+00
4.34644520e-01
7.99602091e-01
5.64559460e-01
5.18035173e-01
1.45849383e+00
5.51794767e-01
5.53777397e-01
7.55143285e-01
5.67862093e-01
4.04540807e-01
8.85756850e-01
4.31506187e-01
1.26131582e+00
1.00789285e+00
5.38634539e-01
6.80354118e-01
7.47568667e-01
5.31619310e-01
8.50425363e-01
9.34853613e-01
6.73278093e-01
6.36005878e-01
7.42703795e-01
8.77346098e-01
6.85678184e-01
8.97751391e-01
5.47274888e-01
3.48930210e-01
1.05684865e+00
4.39569563e-01
5.28480709e-01
4.97720599e-01
5.60367465e-01
3.07940096e-01
6.86352372e-01
4.80681181e-01
2.51806259e-01
5.03455281e-01
7.00418949e-01
6.99978352e-01
9.93893981e-01
2.85399586e-01
5.15418649e-01
7.80031323e-01
7.55386233e-01
7.33306050e-01
8.04073274e-01
4.38998282e-01
1.13600469e+00
5.89551687e-01
3.47406477e-01
7.81691372e-01
4.54337716e-01
7.01710641e-01
7.59809732e-01
3.39259475e-01
3.97636890e-01
1.06480634e+00
6.08268976e-01
6.60608351e-01
5.31159282e-01
8.07118475e-01
7.78476536e-01
4.13695574e-01
6.87110066e-01
1.05260193e+00
3.39012563e-01
4.99426782e-01
6.59283876e-01
3.49492073e-01
5.26529551e-01
4.34564710e-01
6.71218753e-01
2.49495745e-01
3.86209339e-01
1.09253800e+00
3.91190946e-01
3.33538413e-01
1.03151870e+00
1.14892411e+00
7.98619449e-01
7.09030092e-01
8.35694075e-01
8.33848059e-01
4.65060890e-01
4.18438345e-01
5.24183214e-01
4.61630970e-01
5.19548774e-01
1.04395449e+00
5.90765774e-01
4.28390235e-01
8.07743430e-01
1.13141060e+00
1.18159437e+00
2.43028387e-01
3.93211603e-01
3.30967367e-01
6.32525623e-01
8.76148701e-01
3.33937585e-01
3.18891317e-01
5.22816002e-01
3.26239705e-01
4.97735083e-01
1.11262941e+00
8.34762394e-01
7.49505281e-01
7.33720303e-01
1.03098762e+00
7.28302240e-01
2.34726727e-01
6.17730916e-01
8.36995006e-01
2.53248453e-01
8.24088871e-01
1.07926464e+00
3.20492625e-01
4.86669809e-01
5.15275657e-01
6.30922854e-01
6.26303256e-01
8.77891719e-01
1.02130663e+00
3.32322896e-01
4.76622999e-01
4.91414279e-01
7.74207830e-01
7.35021949e-01
5.40541708e-01
1.17369151e+00
8.68391752e-01
7.27594376e-01
1.00407600e+00
8.50793600e-01
4.45216209e-01
5.56366384e-01
3.95325541e-01
7.42398798e-01
7.25346506e-01
5.57329595e-01
6.13651454e-01
5.77789485e-01
3.33120972e-01
3.49994540e-01
4.37475890e-01
6.91487610e-01
9.88882184e-01
4.23786998e-01
5.50210297e-01
5.20214140e-01
4.82793778e-01
2.38933891e-01
9.62780595e-01
2.53329635e-01
5.61491668e-01
3.25860769e-01
3.51151675e-01
5.27567625e-01
4.68533874e-01
5.20369828e-01
3.01406920e-01
2.96929240e-01
5.92343450e-01
9.61151123e-01
4.07644689e-01
7.57853091e-01
1.58202183e+00
8.09895754e-01
1.29020429e+00
1.72077036e+00
5.06028116e-01
4.06258762e-01
4.74743783e-01
1.31815791e+00
3.53720099e-01
6.44294918e-01
4.22436565e-01
1.56100607e+00
9.02502775e-01
6.65755153e-01
5.85680962e-01
4.52046752e-01
3.35160881e-01
3.62272024e-01
1.78025579e+00
3.54215980e-01
6.33158028e-01
2.65914887e-01
3.97164017e-01
3.74379992e-01
5.94734311e-01
5.20666361e-01
4.92159009e-01
3.65039438e-01
8.53263617e-01
1.08178926e+00
8.32809508e-01
6.14365816e-01
5.68872988e-01
5.60234785e-01
6.13495052e-01
6.26125872e-01
7.06097484e-01
4.53456044e-01
2.44733095e-01
3.41969013e-01
5.93697131e-01
5.31877339e-01
2.59331226e-01
2.81641304e-01
4.17476982e-01
6.66031122e-01
8.76382768e-01
6.04621649e-01
4.59016472e-01
4.25642848e-01
8.12558174e-01
8.92327130e-01
4.11774069e-01
3.31201941e-01
2.32758179e-01
4.86904740e-01
1.07894254e+00
6.46769464e-01
2.94209629e-01
1.18962526e+00
8.08190823e-01
4.06804770e-01
5.13006330e-01
7.66962171e-01
6.66290522e-01
4.15245235e-01
7.65960574e-01
3.28614801e-01
2.55836874e-01
5.65143168e-01
8.01818967e-01
7.90815413e-01
6.55367553e-01
6.86852753e-01
7.09246695e-01
9.56674397e-01
1.26238680e+00
9.69535649e-01
4.05254126e-01
7.54325271e-01
1.11586416e+00
6.72126234e-01
5.20335972e-01
9.04794753e-01
7.63618469e-01
7.54491031e-01
7.53407717e-01
7.65991330e-01
9.38007295e-01
4.95671630e-01
9.59533572e-01
6.04912221e-01
2.03243032e-01
4.48535323e-01
8.42255771e-01
3.85500997e-01
8.44200671e-01
5.79562426e-01
9.56314266e-01
1.00459242e+00
3.70487243e-01
2.87413508e-01
9.21795130e-01
3.75863016e-01
3.33576232e-01
3.65665942e-01
7.25435376e-01
1.74146414e+00
5.40561914e-01
6.10538840e-01
8.10606062e-01
8.96339893e-01
6.81607187e-01
4.79918092e-01
8.06974769e-01
5.27066529e-01
3.05501163e-01
4.65534091e-01
3.73984158e-01
2.65404820e-01
7.55535662e-01
4.24330473e-01
4.20074642e-01
7.26922333e-01
6.55666471e-01
6.07255101e-01
3.98159355e-01
6.53445005e-01
4.68035877e-01
3.82217735e-01
8.12811852e-01
8.30978096e-01
5.91726363e-01
4.38972086e-01
5.65892339e-01
4.49876755e-01
2.18808249e-01
9.61689770e-01
6.09893858e-01
5.91405213e-01
5.91857314e-01
7.81806469e-01
9.24869478e-01
7.87358880e-01
4.11419362e-01
4.73182201e-01
2.80303508e-01
5.03678024e-01
7.17725217e-01
1.05928957e+00
7.61672556e-01
5.29939651e-01
7.10442424e-01
7.92686999e-01
7.22979307e-01
9.37311411e-01
4.42125767e-01
1.06954134e+00
5.27806640e-01
3.78448099e-01
8.02331746e-01
4.46109086e-01
6.07756197e-01
4.60648745e-01
4.25807744e-01
5.18295884e-01
3.92992884e-01
2.21930742e-01
3.29224885e-01
4.08029377e-01
8.54180455e-01
1.05847263e+00
5.16006231e-01
6.92732215e-01
1.92790639e+00
1.30491221e+00
7.48586655e-01
3.97691369e-01
7.12625980e-01
1.06315076e+00
4.02377665e-01
1.93686917e-01
4.12199646e-01
6.48929596e-01
8.06402564e-01
1.11692822e+00
3.48629296e-01
4.24022555e-01
7.49544978e-01
7.38617539e-01
6.68178320e-01
8.75741363e-01
2.36859992e-01
7.37970352e-01
1.11093950e+00
6.99098229e-01
2.48975664e-01
3.01466286e-01
6.06067061e-01
3.73265684e-01
4.49661016e-01
1.13090396e+00
1.06192243e+00
1.14080179e+00
3.75228584e-01
6.58989787e-01
6.81095660e-01
5.27778983e-01
5.52877665e-01
3.30824137e-01
1.04042327e+00
1.18476319e+00
1.11708641e+00
6.56507730e-01
2.60749191e-01
5.11360765e-01
7.74051130e-01
7.66538560e-01
1.57985854e+00
1.56039047e+00
9.85730529e-01
7.24417090e-01
5.32829583e-01
5.08156717e-01
4.95438397e-01
4.29830641e-01
3.87093425e-01
5.28190017e-01
7.92577088e-01
3.49536657e-01
6.99921191e-01
8.04069936e-01
5.87082267e-01
4.62093651e-01
6.35226250e-01
7.88336754e-01
1.42132056e+00
9.79605615e-01
1.01319432e+00
2.36278081e+00
1.88685501e+00
5.43346047e-01
6.32479489e-01
3.01484376e-01
4.60963875e-01
7.09652781e-01
8.32330704e-01
5.33596337e-01
2.74976790e-01
4.47465092e-01
1.04129004e+00
4.00017589e-01
6.79784775e-01
7.10668862e-01
3.56905520e-01
3.00580949e-01
9.98116493e-01
8.31521511e-01
5.95562160e-01
7.47568607e-01
6.16766870e-01
2.80140996e-01
2.81333953e-01
9.18815017e-01
1.25266707e+00
5.11915386e-01
6.49400711e-01
1.03292716e+00
7.75025845e-01
6.21256173e-01
6.96420670e-01
2.61044830e-01
2.16737539e-01
6.31256998e-01
8.50787401e-01
3.07355374e-01
9.40481663e-01
1.30885494e+00
5.80812812e-01
3.07839274e-01
6.57477558e-01
6.21036053e-01
1.14972782e+00
8.62369657e-01
3.21065664e-01
6.60721004e-01
1.38068795e+00
3.58924568e-01
1.43822193e+00
7.77177095e-01
4.11332697e-01
8.15416217e-01
8.18946958e-01
2.78711826e-01
1.21373487e+00
3.74165475e-01
6.86343491e-01
1.13721597e+00
4.73567426e-01
6.21782839e-01
4.64187086e-01
1.05704272e+00
6.68687403e-01
5.96348763e-01
1.27123332e+00
5.83429039e-01
7.28235781e-01
6.78436995e-01
5.11610210e-01
5.59434474e-01
6.72729075e-01
2.79606521e-01
4.58068609e-01
7.91931987e-01
8.85081232e-01
5.70959926e-01
6.35809541e-01
2.29025587e-01
2.68639684e-01
5.39090872e-01
6.15491211e-01
5.78476369e-01
7.00874925e-01
5.94895542e-01
4.28085476e-01
4.13292646e-01
5.71465254e-01
4.45583105e-01
3.65034580e-01
7.66549885e-01
5.48318565e-01
4.89403814e-01
5.72746098e-01
4.44437712e-01
3.25404882e-01
8.06268811e-01
7.39821732e-01
3.49985242e-01
3.87233257e-01
5.07439792e-01
3.37851286e-01
2.31321320e-01
8.24332833e-01
6.54136062e-01
6.74714208e-01
7.38220572e-01
4.69004989e-01
3.99707496e-01
3.60352933e-01
3.39423537e-01
5.10822177e-01
6.43896818e-01
5.38654387e-01
3.72243017e-01
8.90057862e-01
6.80073619e-01
6.23314440e-01
5.37897289e-01
2.04372525e-01
3.33648592e-01
1.01362860e+00
8.28529119e-01
6.03396952e-01
3.07683766e-01
2.45438874e-01
1.79487705e-01
2.25740910e-01
4.55216289e-01
8.03421855e-01
1.25410402e+00
4.86329883e-01
6.47325397e-01
4.16335046e-01
4.43588287e-01
9.84620035e-01
7.32793510e-01
1.72447002e+00
5.29570460e-01
7.94119298e-01
5.94773233e-01
7.14781225e-01
1.01128304e+00
1.58783674e+00
4.90153044e-01
1.25835013e+00
2.67783016e-01
3.62894088e-01
7.90345490e-01
3.06487590e-01
2.39971489e-01
5.67954779e-01
5.77522814e-01
7.73775101e-01
4.47770208e-01
2.07525462e-01
9.31975543e-01
2.49646142e-01
2.22788483e-01
3.39566737e-01
4.82661009e-01
4.89679575e-01
3.00980717e-01
3.92618179e-01
3.53587103e+00
1.14610338e+00
2.71607947e+00
1.26956737e+00
5.99370420e-01
8.26786458e-01
1.09130216e+00
5.69181442e-01
2.59262234e-01
3.29144120e-01
9.77121532e-01
5.88061750e-01
4.09595728e-01
3.87225717e-01
6.09103799e-01
7.82744527e-01
6.10806227e-01
8.25157642e-01
9.36971188e-01
3.66304904e-01
3.07213545e-01
8.13768804e-01
1.10751200e+00
9.99605715e-01
8.97361159e-01
3.23859304e-01
4.10810471e-01
2.69653052e-01
1.31809926e+00
1.04695642e+00
8.13961446e-01
5.73340774e-01
5.98157644e-01
3.07525754e-01
1.04261911e+00
3.03307176e-01
7.44200885e-01
1.05406165e+00
8.90955150e-01
6.96025968e-01
4.55562800e-01
7.93163419e-01
3.10254782e-01
4.45153654e-01
1.23133922e+00
8.07661891e-01
1.90438902e+00
5.96762121e-01
7.90599167e-01
5.43077052e-01
3.83419037e-01
6.62090003e-01
1.03306103e+00
8.96941781e-01
5.50270855e-01
7.53919661e-01
5.92391729e-01
3.35593194e-01
1.17773843e+00
7.46131837e-01
7.76865840e-01
1.18480492e+00
8.88364911e-01
5.64591050e-01
5.59909284e-01
7.62421370e-01
5.73160529e-01
5.30192673e-01
5.69923818e-01
4.12314266e-01
3.39660257e-01
3.78510684e-01
5.25744379e-01
8.31611216e-01
6.42478943e-01
2.67318249e-01
7.60862052e-01
5.07857859e-01
9.23612177e-01
9.47176516e-01
4.70671654e-01
3.21081072e-01
5.30987322e-01
8.26722860e-01
7.27380395e-01
8.07239234e-01
4.13416535e-01
6.89273775e-01
6.98821902e-01
1.03034830e+00
8.50197971e-01
1.16692507e+00
1.03191173e+00
2.68808186e-01
7.29563415e-01
8.70070755e-01
4.93755400e-01
4.41919208e-01
4.74910498e-01
3.31211686e-01
4.79921818e-01
4.16123211e-01
5.27034163e-01
8.47928464e-01
5.83938241e-01
2.72059560e-01
9.24665153e-01
2.50374168e-01
3.14815640e-01
3.01922500e-01
4.84150231e-01
8.18607390e-01
2.33224481e-01
7.01953530e-01
6.68721318e-01
2.54051536e-01
4.24366266e-01
9.75169480e-01
7.52041936e-01
2.57328957e-01
2.19516128e-01
3.34048897e-01
4.15816844e-01
2.82006294e-01
4.30857152e-01
6.31656229e-01
5.20797551e-01
4.94287938e-01
8.50614309e-01
9.84794915e-01
2.04333216e-01
3.79784256e-01
6.82725668e-01
5.05946279e-01
4.45979476e-01
6.41840935e-01
5.60019910e-01
7.98956811e-01
6.24578416e-01
6.60875857e-01
7.39788175e-01
6.97175503e-01
6.57426417e-01
5.03765583e-01
8.90898228e-01
1.00150406e+00
8.80155385e-01
1.00829279e+00
6.65435016e-01
5.90480447e-01
4.55539733e-01
4.02468413e-01
6.42153978e-01
1.17448401e+00
1.32388330e+00
8.07383955e-01
3.54623526e-01
6.93662047e-01
1.14127207e+00
6.98655248e-01
5.72638214e-01
3.09545040e-01
9.12265360e-01
4.57609892e-01
3.25148791e-01
7.24023759e-01
8.33927333e-01
4.99234319e-01
9.75246847e-01
5.33470511e-01
4.05851394e-01
1.07943034e+00
3.97683650e-01
6.13026500e-01
7.81916976e-01
6.91716254e-01
7.43139863e-01
9.37797725e-01
5.60813665e-01
5.98309398e-01
7.19070733e-01
3.72512609e-01
4.86842185e-01
1.02779424e+00
3.42854559e-01
3.55234474e-01
6.42895997e-01
3.29963952e-01
3.19704831e-01
9.52310860e-01
8.11910808e-01
5.14481962e-01
7.31196105e-01
7.91139245e-01
7.10731268e-01
6.62686229e-01
4.98173445e-01
7.27317512e-01
3.46188992e-01
2.61040717e-01
3.73671472e-01
6.15704238e-01
7.47377396e-01
7.21469402e-01
7.30796635e-01
3.07225734e-01
1.92282155e-01
4.26250488e-01
4.36420560e-01
6.28128231e-01
3.21794122e-01
6.36027813e-01
7.34206378e-01
6.08020842e-01
5.01886070e-01
8.80700171e-01
1.20548606e+00
1.24696481e+00
4.69995201e-01
3.61807257e-01
9.92016315e-01
9.08463717e-01
1.10193825e+00
7.98990250e-01
2.94320911e-01
4.96902585e-01
3.75910312e-01
5.97593248e-01
3.59678119e-01
3.74266148e-01
7.91351378e-01
4.60857898e-01
8.31240714e-01
6.09074712e-01
6.48076952e-01
6.51577711e-01
4.53096956e-01
2.95759529e-01
3.28595728e-01
5.08329093e-01
7.91977167e-01
7.03073561e-01
2.74385124e-01
6.79157138e-01
1.65121281e+00
3.14094329e+00
1.33407629e+00
1.13631761e+00
4.60300893e-01
6.71751380e-01
7.18712330e-01
1.10508871e+00
6.81275547e-01
4.88531411e-01
6.87729478e-01
5.41758358e-01
3.84262890e-01
6.77965581e-01
5.29481769e-01
5.32506466e-01
5.57409465e-01
4.25711870e-01
7.87147164e-01
2.35164359e-01
3.23806733e-01
7.43635476e-01
1.15958762e+00
9.93435860e-01
5.44872999e-01
4.70143735e-01
3.48946333e-01
1.24447048e+00
4.70056176e-01
2.52996850e+00
1.45229065e+00
2.25459766e+00
1.82054520e+00
4.75125879e-01
2.99460173e-01
9.73006487e-01
7.14832723e-01
5.82396865e-01
7.54152834e-01
1.18540120e+00
1.34460330e+00
2.46994942e-01
6.73608840e-01
4.82099801e-01
1.04333580e+00
1.44370055e+00
3.06220174e+00
1.00916564e+00
1.90419006e+00
7.17307627e-01
6.01302326e-01
6.81442380e-01
2.62751162e-01
2.38863498e-01
4.62010503e-01
8.41284692e-01
2.60204166e-01
6.18669033e-01
4.57353920e-01
5.19468367e-01
7.36175776e-01
5.87497294e-01
9.19557810e-01
4.83644664e-01
1.12766945e+00
1.26986265e+00
1.57371175e+00
9.22067821e-01
8.79616678e-01
7.32062697e-01
3.98743302e-01
5.08276284e-01
3.94850701e-01
7.65280843e-01
2.39669278e-01
3.57423663e-01
3.40836823e-01
3.60883176e-01
2.08200559e-01
4.65778768e-01
6.31932020e-01
7.40905225e-01
4.33418572e-01
2.89623737e-01
3.23156029e-01
7.03374863e-01
6.64187193e-01
6.74498498e-01
