9.87305105e-01
9.40944076e-01
9.55192268e-01
9.82938230e-01
1.00094891e+00
1.02175748e+00
9.98740554e-01
9.56331253e-01
9.67446029e-01
9.70683575e-01
9.55854833e-01
9.93824422e-01
9.04568553e-01
8.97878826e-01
9.78235126e-01
9.93049622e-01
9.41208839e-01
9.07962024e-01
9.54150736e-01
9.36871767e-01
9.20940220e-01
9.04684901e-01
9.21725273e-01
9.16003168e-01
9.46338832e-01
9.13138628e-01
9.06131148e-01
9.31953788e-01
9.56994057e-01
8.89809608e-01
8.86938512e-01
8.53096724e-01
8.71631444e-01
9.58996952e-01
8.77924442e-01
9.00057018e-01
9.63298261e-01
9.48285043e-01
9.30500746e-01
8.95575345e-01
9.27630544e-01
9.16693628e-01
9.68397260e-01
9.51268613e-01
9.17340100e-01
9.26199198e-01
9.59754467e-01
9.85783100e-01
9.45602179e-01
9.17550683e-01
9.06203151e-01
9.20312703e-01
9.41230476e-01
8.82872820e-01
8.81811142e-01
9.37235177e-01
8.77650857e-01
9.01860833e-01
9.14525270e-01
8.67067993e-01
9.22395945e-01
8.34854186e-01
8.40290844e-01
8.58009279e-01
8.60912561e-01
8.63175988e-01
8.46195996e-01
8.88312876e-01
9.15828884e-01
8.55336070e-01
8.38560104e-01
8.44413519e-01
8.35579455e-01
8.39783967e-01
8.06240976e-01
8.53223681e-01
8.73158097e-01
8.44046950e-01
8.49994063e-01
8.42830241e-01
8.13745975e-01
8.37195873e-01
8.43095481e-01
8.06096017e-01
7.98193932e-01
8.15894723e-01
8.47070158e-01
8.45608473e-01
8.05100083e-01
8.13881099e-01
8.70178938e-01
8.23303103e-01
8.26833487e-01
8.49615455e-01
8.21283758e-01
7.98142910e-01
8.33755612e-01
8.42493594e-01
8.09815764e-01
8.52292657e-01
8.48085284e-01
8.49855065e-01
8.82281899e-01
8.84039342e-01
8.90471876e-01
8.62133980e-01
8.37597609e-01
8.06526482e-01
8.24531734e-01
8.11097980e-01
8.02507222e-01
8.42931926e-01
8.16327572e-01
8.12941134e-01
8.22164416e-01
8.23701501e-01
8.43052983e-01
8.04940879e-01
7.69830227e-01
7.91514993e-01
8.16863596e-01
7.92824745e-01
7.92537630e-01
7.90475607e-01
7.89793134e-01
7.32108772e-01
7.72126853e-01
7.96816587e-01
8.07295501e-01
8.15582514e-01
8.06109726e-01
8.08925450e-01
7.78776467e-01
7.75195420e-01
7.83391476e-01
7.96780765e-01
7.77477801e-01
7.85197616e-01
7.80283391e-01
7.69864380e-01
8.08993459e-01
7.75134861e-01
7.22792208e-01
7.57002413e-01
7.85285771e-01
7.79682696e-01
7.77372360e-01
7.77814388e-01
7.83693433e-01
7.80238926e-01
7.57125378e-01
7.87671626e-01
7.78264046e-01
7.41655886e-01
7.41772115e-01
6.86346948e-01
7.36851692e-01
7.51651168e-01
7.28004754e-01
7.57912278e-01
7.29639590e-01
7.51111686e-01
7.58086026e-01
7.54822433e-01
7.54549444e-01
7.69732475e-01
7.66136885e-01
7.22324669e-01
6.96830928e-01
7.05973864e-01
7.64668226e-01
7.39031076e-01
7.33627141e-01
7.33163953e-01
7.32455671e-01
7.21943796e-01
7.26582110e-01
7.38220274e-01
7.47157812e-01
7.41421103e-01
7.09359467e-01
7.17427671e-01
7.26386487e-01
7.34868288e-01
7.29714870e-01
7.35811055e-01
7.44485438e-01
7.36146033e-01
7.42069960e-01
7.30908334e-01
7.67879486e-01
7.47205436e-01
7.33156323e-01
7.66713858e-01
7.85136759e-01
7.50032187e-01
7.44238019e-01
7.26734698e-01
7.27000833e-01
7.48562813e-01
7.17149794e-01
7.20892847e-01
7.29552925e-01
7.08775997e-01
7.42466509e-01
7.46714294e-01
7.04237342e-01
7.23354340e-01
7.34671235e-01
6.96823001e-01
6.81711316e-01
7.08172858e-01
7.34234929e-01
6.85676336e-01
7.01845109e-01
7.42114305e-01
7.62593925e-01
7.28038669e-01
6.98065579e-01
7.03762114e-01
7.11977422e-01
7.34557986e-01
7.30024278e-01
7.47613072e-01
7.20934093e-01
6.87494040e-01
7.24362612e-01
6.81975424e-01
6.78791642e-01
7.23056018e-01
7.33906031e-01
7.15950906e-01
6.94773436e-01
7.15044737e-01
7.28736818e-01
6.94372714e-01
7.14931428e-01
7.00836360e-01
7.03244269e-01
6.72292113e-01
6.98934436e-01
7.28415608e-01
6.89812124e-01
7.12976813e-01
7.22864509e-01
7.13635683e-01
6.64608419e-01
6.60389721e-01
7.14854777e-01
7.25643039e-01
6.82329595e-01
6.87030911e-01
7.10546732e-01
6.95263922e-01
6.98248684e-01
6.99445188e-01
6.87362969e-01
7.02506602e-01
6.89865649e-01
7.01689601e-01
6.93693817e-01
6.74111485e-01
7.06301630e-01
7.11646497e-01
6.80294931e-01
6.81924462e-01
6.85761750e-01
6.91197455e-01
6.78779542e-01
6.49175942e-01
6.92066789e-01
6.84404969e-01
6.99434459e-01
6.99558973e-01
6.85607910e-01
6.81001544e-01
6.75935209e-01
6.74613714e-01
6.78466856e-01
6.66115046e-01
6.80266261e-01
6.71208203e-01
6.82816029e-01
6.76902115e-01
6.93151534e-01
6.64403141e-01
6.32728636e-01
6.56392038e-01
6.50076210e-01
6.37744248e-01
6.54387712e-01
6.46031439e-01
6.26077056e-01
6.43949747e-01
6.20367587e-01
6.30476892e-01
6.60033226e-01
6.44069254e-01
6.30130827e-01
6.08062744e-01
6.19769335e-01
6.25787973e-01
6.44391954e-01
6.46464586e-01
6.08974516e-01
6.38996959e-01
6.12474024e-01
6.09333158e-01
6.20782435e-01
6.25258029e-01
6.17434323e-01
6.03255868e-01
5.88712573e-01
5.82355678e-01
6.16672814e-01
6.11523867e-01
5.91394901e-01
5.92381477e-01
5.83959162e-01
5.93589664e-01
5.83976030e-01
6.00965202e-01
5.98432541e-01
6.16771162e-01
6.06978178e-01
5.93918324e-01
6.41826808e-01
6.16022527e-01
5.64443469e-01
5.95613182e-01
6.05393767e-01
5.93479037e-01
6.09500885e-01
6.08706534e-01
6.47903442e-01
6.49171054e-01
6.25803232e-01
6.54285967e-01
6.21814370e-01
6.02717042e-01
6.21077657e-01
6.01292610e-01
5.87081671e-01
5.82263649e-01
5.87686062e-01
6.17346168e-01
6.06902838e-01
5.99883735e-01
5.87126076e-01
5.91273546e-01
6.01711690e-01
5.83636701e-01
5.73218286e-01
5.58738410e-01
5.66410542e-01
5.82847118e-01
5.85234880e-01
5.88271439e-01
5.63860178e-01
5.78808665e-01
5.85963428e-01
5.91714025e-01
5.89097261e-01
5.78224480e-01
6.01288497e-01
5.83378136e-01
5.86698055e-01
5.59562564e-01
5.80274940e-01
6.15973234e-01
5.87032616e-01
5.95501065e-01
5.99403441e-01
5.76214910e-01
5.71627378e-01
5.79845369e-01
5.78722417e-01
5.87528706e-01
5.76767325e-01
5.63018084e-01
5.74448466e-01
5.92544258e-01
5.78953326e-01
5.77775776e-01
5.79412103e-01
5.76595366e-01
6.09427214e-01
5.97237289e-01
5.83707035e-01
6.07584715e-01
5.75563014e-01
5.59670150e-01
6.02980733e-01
6.02858424e-01
5.82002640e-01
5.76346397e-01
5.83140552e-01
5.87801039e-01
5.84894001e-01
5.88088095e-01
6.07296467e-01
5.98250329e-01
5.83700240e-01
5.90023875e-01
5.88566363e-01
5.85678220e-01
5.93381345e-01
5.93812644e-01
6.04566514e-01
6.05261981e-01
6.10660017e-01
5.75034440e-01
5.83504558e-01
6.02169693e-01
5.80948591e-01
6.12582624e-01
6.24576509e-01
5.86499035e-01
5.86288929e-01
5.65208673e-01
5.92358589e-01
5.85707426e-01
5.88985562e-01
6.10157430e-01
5.98628283e-01
5.85682154e-01
5.89496851e-01
5.67322552e-01
5.86290836e-01
6.02218866e-01
5.79479694e-01
5.94874382e-01
5.75794041e-01
5.91050565e-01
5.98907471e-01
5.72205842e-01
6.09567344e-01
5.95037401e-01
6.21821165e-01
6.00835204e-01
5.81793904e-01
5.99474192e-01
5.97218871e-01
5.82055390e-01
5.93316197e-01
5.67554057e-01
5.88515282e-01
5.86522698e-01
5.83365917e-01
5.68391621e-01
5.63705981e-01
5.95509827e-01
5.87878287e-01
5.94530284e-01
5.90107322e-01
5.92146873e-01
5.84079981e-01
5.88825226e-01
5.81217229e-01
5.83017826e-01
5.86822271e-01
5.94013095e-01
5.83574116e-01
5.54893196e-01
5.54672539e-01
5.70319891e-01
5.70776343e-01
5.62606812e-01
5.71669400e-01
5.64731777e-01
5.51581025e-01
5.86810529e-01
5.83870709e-01
5.68579912e-01
5.67617953e-01
5.70393503e-01
5.46877623e-01
5.69247305e-01
5.70292056e-01
5.65146029e-01
5.62013984e-01
5.37277400e-01
5.54083228e-01
5.57980001e-01
5.28122485e-01
5.66875756e-01
5.53668022e-01
5.45940220e-01
5.59178114e-01
5.36128461e-01
5.40421009e-01
5.56540728e-01
5.71478367e-01
5.57602048e-01
5.36592722e-01
5.32199502e-01
5.42465568e-01
5.60632169e-01
5.56053400e-01
5.41668236e-01
5.39153576e-01
5.25860667e-01
5.27889848e-01
5.20207644e-01
5.22472799e-01
5.21826804e-01
5.29766440e-01
5.18507063e-01
5.16258955e-01
5.23580730e-01
5.16769588e-01
5.19282997e-01
5.33802867e-01
5.23149729e-01
5.25224566e-01
5.23889720e-01
5.01187623e-01
5.23868561e-01
5.30224681e-01
5.16360462e-01
5.05684972e-01
5.10425389e-01
5.19391239e-01
5.03081083e-01
5.11904061e-01
5.24999619e-01
4.87646341e-01
4.88843560e-01
4.85600233e-01
4.88266081e-01
5.00203669e-01
5.07751226e-01
4.89923984e-01
4.74925190e-01
4.82001305e-01
4.66401845e-01
4.92776364e-01
4.81779039e-01
4.66860265e-01
4.85437125e-01
4.78995949e-01
4.79387641e-01
4.95697975e-01
4.62073773e-01
4.67869461e-01
4.55678791e-01
4.62590337e-01
4.65587169e-01
4.65394497e-01
4.57385898e-01
4.62445587e-01
4.59657788e-01
4.68459874e-01
4.50004786e-01
4.76416886e-01
4.63991523e-01
4.35720265e-01
4.40403432e-01
4.66277689e-01
4.60844845e-01
4.64226007e-01
4.62337494e-01
4.25437003e-01
4.34987038e-01
4.67172831e-01
4.56309557e-01
4.74707484e-01
4.62933391e-01
4.50388461e-01
4.44547594e-01
4.42829013e-01
4.49763477e-01
4.48478818e-01
4.41627115e-01
4.54843491e-01
4.61830407e-01
4.51525450e-01
4.64050502e-01
4.53269988e-01
4.81675327e-01
4.82379258e-01
4.80965734e-01
4.71324116e-01
4.61518347e-01
4.60112184e-01
4.58448768e-01
4.67820585e-01
4.51213807e-01
4.51882690e-01
4.22428459e-01
4.26066667e-01
4.34489906e-01
4.41080898e-01
4.52056736e-01
4.35352892e-01
4.38395262e-01
4.35115606e-01
4.24985021e-01
4.47241575e-01
4.48753595e-01
4.30306852e-01
4.35562402e-01
4.25404608e-01
4.38942790e-01
4.26166505e-01
4.37860668e-01
4.34882104e-01
3.99242342e-01
4.14091706e-01
4.24434245e-01
4.34987068e-01
4.54818130e-01
4.29481447e-01
4.19722497e-01
4.22069728e-01
4.44275349e-01
4.31822419e-01
4.22513187e-01
4.11088169e-01
4.33435678e-01
4.19243842e-01
4.12751079e-01
4.39544559e-01
4.43239391e-01
4.13504034e-01
4.13798898e-01
4.37120676e-01
4.13173467e-01
4.39482570e-01
4.31314021e-01
4.21513826e-01
4.34573442e-01
4.45243716e-01
4.13021386e-01
4.20498550e-01
4.38739866e-01
4.36261773e-01
4.40875262e-01
4.38906610e-01
4.25900519e-01
4.32850063e-01
4.34277773e-01
4.45069134e-01
4.56701010e-01
4.32717711e-01
4.31329876e-01
4.34162021e-01
4.25169438e-01
4.29219753e-01
4.32316840e-01
4.43055391e-01
4.19498473e-01
4.39260304e-01
4.61913526e-01
4.40406263e-01
4.11621541e-01
4.30232376e-01
4.31406409e-01
4.38701183e-01
4.38746661e-01
4.41308111e-01
4.36228722e-01
4.33712691e-01
4.34576154e-01
4.35893148e-01
4.29846168e-01
4.33584392e-01
4.31002975e-01
4.33694541e-01
4.22934175e-01
4.40800190e-01
4.26640242e-01
4.14029211e-01
4.40361381e-01
4.41720068e-01
4.31074232e-01
4.31540519e-01
4.25379694e-01
4.30092722e-01
4.47149724e-01
4.40910012e-01
4.29057628e-01
4.29307520e-01
4.43829566e-01
4.43869799e-01
4.28649843e-01
4.27697986e-01
4.36812609e-01
4.21950221e-01
4.31456327e-01
4.27861303e-01
4.40189093e-01
4.56758380e-01
4.34610605e-01
4.21190023e-01
4.19077396e-01
4.17666465e-01
4.28209811e-01
4.30911094e-01
4.28193152e-01
4.18306023e-01
4.45417047e-01
4.31066662e-01
4.21054184e-01
4.39451754e-01
4.29423809e-01
4.06233996e-01
4.40333068e-01
4.41043407e-01
4.23189044e-01
4.46587324e-01
4.28172916e-01
4.29870278e-01
4.30255741e-01
4.30228889e-01
4.23692822e-01
4.14360434e-01
4.36523288e-01
4.40223128e-01
4.24656034e-01
4.38652307e-01
4.40331757e-01
4.48807180e-01
4.30960715e-01
4.24176395e-01
4.42570895e-01
4.33169454e-01
4.18581128e-01
4.34595764e-01
4.34798986e-01
4.20837402e-01
4.31033194e-01
4.23086733e-01
4.16429698e-01
4.19456482e-01
4.08267230e-01
4.06475276e-01
4.11837846e-01
4.42695975e-01
4.29688215e-01
3.98290515e-01
4.10120338e-01
4.30867970e-01
4.12503868e-01
4.13471729e-01
4.13426012e-01
4.26223814e-01
4.22971249e-01
4.14183497e-01
4.06895280e-01
4.14212316e-01
4.04796302e-01
4.16614503e-01
4.10193264e-01
4.04327899e-01
4.11193907e-01
4.15577233e-01
4.13028568e-01
3.94852102e-01
3.99239689e-01
4.09038514e-01
4.40925151e-01
4.22317743e-01
4.04634237e-01
4.08517659e-01
4.03774858e-01
4.12442118e-01
3.99039626e-01
4.11848366e-01
4.29710805e-01
4.18076873e-01
4.04248327e-01
4.09988374e-01
4.12570268e-01
4.05705661e-01
4.02774036e-01
4.22166675e-01
4.06348735e-01
3.96933705e-01
4.02071804e-01
3.99363279e-01
3.95868957e-01
3.88606697e-01
3.85563582e-01
3.83100271e-01
4.11638230e-01
4.02413875e-01
4.13467586e-01
4.18531746e-01
4.01387721e-01
3.99647385e-01
4.00617868e-01
4.07951593e-01
4.17137653e-01
4.00160164e-01
3.78945976e-01
3.78600031e-01
3.84930462e-01
3.89544338e-01
3.81047934e-01
3.84325087e-01
3.81213576e-01
3.81237626e-01
3.84047300e-01
3.78914833e-01
3.92685294e-01
3.92300516e-01
3.92207235e-01
3.97872657e-01
3.81654084e-01
3.63046765e-01
3.85919571e-01
3.74576837e-01
3.81393045e-01
3.69069189e-01
3.58086467e-01
3.71531814e-01
3.89680654e-01
3.86001527e-01
3.78265768e-01
3.75942081e-01
3.93900692e-01
3.81459653e-01
3.54115784e-01
3.77132565e-01
3.79237652e-01
3.79024506e-01
3.88696790e-01
3.81363392e-01
3.81407678e-01
3.78030419e-01
3.70534450e-01
3.72288585e-01
3.74878287e-01
3.80099446e-01
3.65903080e-01
3.63925815e-01
3.82531852e-01
3.65815431e-01
3.75911415e-01
3.87884498e-01
3.72634470e-01
3.74868304e-01
3.70954931e-01
3.66730452e-01
3.70141506e-01
3.52695882e-01
3.54726791e-01
3.50589246e-01
3.56226772e-01
3.58272165e-01
3.54470342e-01
3.61718327e-01
3.73981148e-01
3.61192495e-01
3.40319365e-01
3.60724807e-01
3.58069241e-01
3.49462330e-01
3.37151825e-01
3.62416089e-01
3.74527842e-01
3.50237429e-01
3.52264524e-01
3.55192959e-01
3.51532519e-01
3.30414176e-01
3.39308232e-01
3.64980936e-01
3.39496404e-01
3.48471045e-01
3.56938630e-01
3.34546715e-01
3.58369946e-01
3.55646074e-01
3.61164331e-01
3.58760506e-01
3.42332780e-01
3.45203400e-01
3.48289788e-01
3.51765424e-01
3.57626379e-01
3.49790812e-01
3.56716871e-01
3.50378960e-01
3.42471421e-01
3.41929317e-01
3.54907870e-01
3.59064728e-01
3.44863951e-01
3.50651920e-01
3.40560287e-01
3.32387447e-01
3.38012099e-01
3.42812479e-01
3.32988381e-01
3.30279708e-01
3.42592061e-01
3.33220303e-01
3.41299385e-01
3.43956709e-01
3.39857787e-01
3.41841847e-01
3.36482823e-01
3.18739951e-01
3.32981765e-01
3.46588731e-01
3.31343591e-01
3.39843333e-01
3.41066658e-01
3.28445733e-01
3.24618191e-01
3.29221427e-01
3.22293550e-01
3.31874520e-01
3.28740984e-01
3.24772775e-01
3.30928832e-01
3.19312841e-01
3.21954280e-01
3.31998318e-01
3.28589290e-01
3.23893577e-01
3.27210456e-01
3.31211835e-01
3.21520954e-01
3.16895634e-01
3.20010930e-01
3.42337847e-01
3.32921982e-01
3.18381846e-01
3.15195531e-01
3.08162630e-01
3.13589811e-01
3.17030996e-01
3.07752460e-01
3.24063987e-01
3.26295078e-01
3.10258210e-01
3.22486967e-01
3.14404190e-01
2.94028819e-01
3.03103805e-01
3.26542020e-01
3.12246770e-01
3.06350887e-01
3.18018883e-01
3.33443552e-01
3.10461342e-01
2.99239665e-01
3.12253743e-01
3.09921503e-01
3.08753639e-01
3.05211991e-01
3.08965415e-01
3.11912030e-01
3.14158142e-01
3.02417487e-01
2.96199620e-01
2.98188597e-01
3.04301769e-01
3.06305110e-01
2.98553705e-01
2.89494634e-01
3.07420015e-01
2.90726870e-01
2.95179665e-01
3.00911903e-01
2.96505988e-01
2.88422614e-01
2.87223518e-01
2.86560506e-01
2.91773349e-01
3.10733378e-01
2.99397022e-01
2.84936160e-01
2.93789238e-01
2.89108306e-01
2.92056084e-01
2.92510957e-01
2.88093150e-01
2.96316475e-01
3.02932799e-01
2.84545034e-01
2.83233523e-01
2.84064949e-01
2.79126465e-01
2.71523863e-01
2.73711234e-01
2.83927202e-01
2.71118462e-01
2.78766334e-01
2.72801161e-01
2.74734050e-01
2.80125588e-01
2.82942384e-01
2.70762056e-01
2.73521692e-01
2.71050483e-01
2.69208163e-01
2.74562359e-01
2.71630526e-01
2.71069378e-01
2.79378504e-01
2.62908220e-01
2.65651107e-01
2.50269502e-01
2.62501508e-01
2.72367060e-01
2.53300339e-01
2.47652218e-01
2.63079494e-01
2.62238979e-01
2.53720105e-01
2.54719138e-01
2.46772140e-01
2.51466960e-01
2.64348894e-01
2.47054890e-01
2.53772378e-01
2.62068927e-01
2.50865102e-01
2.53957868e-01
2.43270069e-01
2.47917116e-01
2.54974216e-01
2.39745557e-01
2.57112980e-01
2.49058902e-01
2.47556627e-01
2.51994461e-01
2.45141923e-01
2.33633712e-01
2.49113172e-01
2.42571443e-01
2.47371212e-01
2.45003924e-01
2.31081679e-01
2.41539165e-01
2.37230897e-01
2.45230079e-01
2.37268716e-01
2.35464096e-01
2.45734215e-01
2.30997339e-01
2.47971416e-01
2.46045172e-01
2.50833690e-01
2.35934436e-01
2.39877760e-01
2.42464200e-01
2.48569489e-01
2.48086348e-01
2.38965034e-01
2.41317406e-01
2.41312832e-01
2.33972311e-01
2.55791932e-01
2.52957702e-01
2.35808775e-01
2.42321134e-01
2.50261128e-01
2.54947126e-01
2.42785096e-01
2.49671966e-01
2.50289887e-01
2.59571522e-01
2.53733695e-01
2.52513438e-01
2.57736802e-01
2.63385862e-01
2.69301355e-01
2.77172804e-01
2.82528400e-01
2.86781579e-01
2.79729545e-01
2.60719627e-01
2.48642534e-01
2.54704863e-01
2.61121333e-01
2.61653572e-01
2.55219758e-01
2.48772025e-01
2.47219235e-01
2.49242082e-01
2.51062572e-01
2.60279268e-01
2.39293262e-01
2.49324664e-01
2.42801130e-01
2.41222501e-01
2.23551169e-01
2.27332592e-01
2.26029083e-01
2.35458091e-01
2.29045272e-01
2.29663432e-01
2.29235053e-01
2.12772012e-01
2.23907962e-01
2.19859928e-01
2.26317033e-01
2.10700169e-01
2.17846528e-01
2.13582605e-01
2.13382438e-01
2.21511126e-01
2.07012355e-01
2.14922607e-01
2.19526008e-01
2.22635776e-01
2.15422630e-01
2.21561074e-01
2.24953964e-01
2.14301720e-01
2.14072511e-01
2.30357856e-01
2.11200401e-01
2.29167074e-01
2.08607301e-01
2.04486653e-01
2.24830344e-01
2.18556970e-01
2.04482377e-01
2.14126006e-01
2.13605970e-01
2.20090315e-01
2.22217008e-01
2.14884028e-01
2.20014036e-01
2.18621045e-01
2.12428212e-01
2.13397086e-01
2.07236111e-01
2.19232574e-01
2.15818495e-01
2.13193133e-01
2.24246725e-01
2.17383191e-01
2.15117007e-01
2.08638996e-01
2.13015735e-01
2.31675774e-01
2.17376500e-01
2.09692523e-01
2.12444410e-01
2.01872215e-01
2.11080983e-01
2.21605748e-01
2.28332669e-01
2.12570429e-01
2.11877689e-01
2.21430570e-01
2.09532619e-01
2.09333599e-01
2.04660296e-01
2.19940647e-01
2.21771047e-01
2.17786595e-01
2.16370925e-01
2.16083422e-01
2.27294818e-01
2.15117946e-01
2.04872459e-01
2.25975886e-01
2.14591265e-01
2.20344022e-01
2.05173716e-01
2.10061878e-01
2.19621256e-01
2.09226117e-01
2.05383942e-01
2.24897668e-01
2.18854442e-01
2.20385090e-01
2.11663306e-01
2.09690645e-01
2.12222800e-01
2.12241679e-01
2.18832687e-01
2.12125748e-01
2.04804376e-01
2.18648419e-01
2.15832442e-01
2.20725358e-01
2.17688158e-01
2.05655977e-01
2.15161666e-01
2.17009276e-01
2.05601037e-01
2.24801198e-01
2.19395638e-01
2.18555152e-01
2.22327068e-01
2.16128349e-01
2.13088319e-01
2.17935309e-01
2.15580046e-01
2.31963530e-01
2.16445416e-01
1.98551387e-01
2.07264096e-01
2.14185715e-01
2.12659389e-01
2.09623486e-01
2.12888986e-01
2.13486448e-01
2.20530108e-01
2.06246153e-01
2.06281424e-01
2.09453508e-01
2.06974372e-01
2.10094795e-01
2.09851995e-01
2.10524827e-01
2.13745564e-01
2.14737818e-01
2.12824941e-01
2.04283416e-01
2.13038221e-01
2.16033980e-01
2.16633901e-01
2.08684802e-01
2.18820259e-01
2.21881315e-01
2.26357833e-01
2.14137509e-01
2.03534693e-01
2.07578406e-01
2.06688076e-01
2.11901441e-01
2.17588872e-01
2.13531151e-01
2.10696235e-01
2.00686097e-01
2.08223522e-01
2.06148058e-01
2.14216501e-01
2.12949306e-01
2.04690725e-01
1.96753800e-01
2.08005026e-01
2.05737561e-01
1.93728626e-01
2.15590701e-01
2.07516223e-01
2.02645525e-01
2.16684744e-01
2.01990828e-01
2.10779920e-01
2.19963983e-01
2.13332534e-01
2.09372833e-01
2.00816587e-01
2.14733660e-01
2.08207622e-01
2.03372523e-01
2.10653961e-01
2.03986257e-01
2.04538822e-01
2.04139009e-01
1.97460204e-01
2.33597115e-01
2.11847350e-01
2.06637442e-01
1.96435705e-01
2.00786993e-01
1.97112635e-01
1.99531361e-01
1.91884965e-01
1.86914414e-01
1.99905857e-01
2.04596177e-01
2.02368289e-01
1.92159936e-01
2.03921363e-01
2.01383427e-01
1.93598554e-01
1.87132418e-01
1.98674023e-01
2.04921022e-01
2.02396035e-01
1.94316909e-01
1.96345732e-01
1.90788448e-01
1.91455618e-01
1.91724703e-01
1.94098070e-01
2.00449497e-01
1.92628473e-01
1.91492900e-01
1.93349034e-01
1.87773541e-01
1.98867172e-01
1.95277795e-01
1.91350698e-01
2.02187508e-01
2.04456419e-01
1.95641473e-01
1.92627326e-01
1.96314573e-01
1.88989922e-01
1.91178903e-01
2.05601022e-01
2.03658029e-01
1.85998574e-01
1.97459236e-01
1.98976710e-01
1.79674253e-01
1.97150588e-01
1.99437007e-01
1.93548605e-01
1.95616901e-01
1.93979576e-01
2.03283355e-01
1.95248440e-01
2.04720035e-01
2.04359055e-01
1.94377422e-01
1.79428428e-01
1.87185287e-01
1.89423487e-01
1.91325992e-01
1.86949238e-01
1.77550450e-01
1.84505299e-01
1.92102581e-01
1.73753440e-01
1.93323627e-01
1.90635249e-01
1.80848092e-01
1.86949447e-01
1.89423427e-01
1.82616368e-01
1.88080981e-01
1.70672148e-01
1.78706571e-01
1.88760906e-01
1.74608752e-01
1.84029967e-01
1.85073063e-01
1.72839701e-01
1.76225901e-01
1.84216782e-01
1.90110222e-01
1.88764617e-01
1.78391516e-01
1.76043317e-01
1.81508332e-01
1.85958162e-01
1.81590855e-01
1.72059521e-01
1.97752222e-01
1.80399135e-01
1.80935249e-01
1.85424775e-01
1.90007016e-01
1.86645135e-01
1.85025185e-01
1.77585006e-01
1.88701242e-01
1.77873075e-01
1.67096481e-01
1.84088200e-01
1.64635122e-01
1.68218777e-01
1.80873513e-01
1.77367195e-01
1.79486945e-01
1.78201959e-01
1.80733532e-01
1.75361738e-01
1.78231299e-01
1.78972617e-01
1.78941652e-01
1.70256197e-01
1.76554844e-01
1.81504294e-01
1.77654669e-01
1.67922556e-01
1.69640973e-01
1.64674476e-01
1.64874166e-01
1.65917099e-01
1.68270916e-01
1.76211685e-01
1.65000319e-01
1.55361816e-01
1.69658631e-01
1.72584161e-01
1.66783407e-01
1.75209165e-01
1.61855206e-01
1.60865724e-01
1.74319878e-01
1.63011357e-01
1.55068010e-01
1.67827263e-01
1.70453355e-01
1.80441141e-01
1.71317503e-01
1.64322093e-01
1.59917876e-01
1.62663937e-01
1.69643372e-01
1.67295188e-01
1.59489721e-01
1.59536615e-01
1.64504364e-01
1.67391658e-01
1.67777732e-01
1.78602576e-01
1.62234873e-01
1.65068120e-01
1.68900833e-01
1.63768381e-01
1.67548507e-01
1.64237723e-01
1.72140166e-01
1.71898976e-01
1.69042483e-01
1.69289887e-01
1.60032809e-01
1.60559073e-01
1.69215977e-01
1.57631636e-01
1.61868513e-01
1.71138376e-01
1.52172729e-01
1.55174032e-01
1.61027431e-01
1.58433333e-01
1.57448262e-01
1.66450083e-01
1.72379956e-01
1.64112017e-01
1.58954233e-01
1.53948724e-01
1.55864298e-01
1.60728142e-01
1.57169342e-01
1.46854073e-01
1.46832347e-01
1.64164513e-01
1.63265705e-01
1.51735902e-01
1.55073807e-01
1.52671963e-01
1.46955669e-01
1.51247442e-01
1.58239320e-01
1.53305292e-01
1.57368124e-01
1.47400573e-01
1.48424789e-01
1.64718181e-01
1.52087018e-01
1.53019294e-01
1.61405966e-01
1.48055777e-01
1.54445738e-01
1.57833397e-01
1.61745682e-01
1.48777813e-01
1.47310376e-01
1.57554433e-01
1.53177440e-01
1.40674829e-01
1.51134953e-01
1.54703155e-01
1.50077537e-01
1.44750819e-01
1.44768566e-01
1.61994725e-01
1.52648211e-01
1.47970378e-01
1.58001006e-01
1.41937152e-01
1.51716277e-01
1.53907493e-01
1.47051811e-01
1.44569069e-01
1.59880072e-01
1.37370646e-01
1.36144087e-01
1.38763443e-01
1.46467462e-01
1.50188848e-01
1.37431487e-01
1.39634520e-01
1.53317943e-01
1.42486870e-01
1.52181223e-01
1.46621868e-01
1.46207362e-01
1.51860639e-01
1.37805998e-01
1.51225597e-01
1.48914620e-01
1.47966385e-01
1.44289926e-01
1.44835189e-01
1.47966191e-01
1.34815648e-01
1.45075709e-01
1.48681551e-01
1.36065900e-01
1.43268973e-01
1.29810140e-01
1.30879149e-01
1.48071885e-01
1.47582307e-01
1.38589457e-01
1.49126589e-01
1.35239661e-01
1.44383058e-01
1.54251575e-01
1.38110429e-01
1.40761644e-01
1.34039015e-01
1.41099751e-01
1.45584747e-01
1.43082187e-01
1.38193846e-01
1.42000884e-01
1.45609498e-01
1.51816264e-01
1.34557307e-01
1.38938084e-01
1.34730190e-01
1.41887873e-01
1.41398355e-01
1.39310792e-01
1.40461028e-01
1.34124801e-01
1.34106770e-01
1.31757692e-01
1.36720479e-01
1.42314076e-01
1.32073045e-01
1.29468277e-01
1.33286789e-01
1.35380134e-01
1.24808833e-01
1.31199569e-01
1.32757738e-01
1.33957505e-01
1.36851653e-01
1.30096734e-01
1.43868268e-01
1.43716782e-01
1.28616318e-01
1.38799071e-01
1.34748757e-01
1.27558962e-01
1.25290826e-01
1.12434298e-01
1.35163680e-01
1.37593374e-01
1.38809830e-01
1.46907300e-01
1.25847206e-01
1.25557229e-01
1.40152827e-01
1.37551054e-01
1.28769249e-01
1.30491629e-01
1.27774879e-01
1.35988891e-01
1.33145347e-01
1.24968469e-01
1.29176781e-01
1.32513389e-01
1.34348348e-01
1.28584251e-01
1.30544156e-01
1.41747147e-01
1.34774074e-01
1.22428261e-01
1.21150628e-01
1.36772275e-01
1.28814980e-01
1.15718238e-01
1.21621802e-01
1.29621193e-01
1.21820718e-01
1.18586794e-01
1.23836659e-01
1.21635236e-01
1.24156855e-01
1.29465073e-01
1.21703640e-01
1.28563121e-01
1.29285082e-01
1.30975559e-01
1.17411956e-01
1.26420289e-01
1.40409783e-01
1.25008360e-01
1.26545712e-01
1.21600866e-01
1.25091732e-01
1.18689828e-01
1.23123944e-01
1.24884106e-01
1.29423395e-01
1.21819265e-01
1.07942306e-01
1.18476108e-01
1.17257372e-01
1.17350005e-01
1.19330384e-01
1.15326323e-01
1.09634750e-01
1.31182104e-01
1.25763744e-01
1.28455594e-01
1.21100016e-01
1.19511738e-01
1.20303981e-01
1.20108970e-01
1.23615101e-01
1.37709767e-01
1.22960582e-01
1.18388496e-01
1.18124746e-01
1.16750620e-01
1.12552702e-01
1.28433391e-01
1.19086929e-01
1.18519798e-01
1.21694803e-01
1.23993315e-01
1.26831979e-01
1.22341454e-01
1.11619882e-01
1.13834225e-01
1.24702603e-01
1.18510157e-01
1.19155794e-01
1.25499442e-01
1.16172202e-01
1.23074763e-01
1.33179426e-01
1.18148498e-01
9.80433822e-02
1.20481797e-01
1.28992334e-01
1.13708287e-01
1.17453292e-01
1.12764157e-01
1.12437658e-01
1.23311482e-01
1.13794945e-01
1.23856388e-01
1.15142629e-01
1.10934377e-01
1.15722425e-01
1.11937590e-01
1.10211782e-01
1.14511997e-01
1.15669765e-01
1.18697673e-01
1.17813483e-01
1.28170699e-01
1.05863698e-01
1.61423460e-01
5.99671841e-01
4.72941071e-01
6.89936817e-01
6.96754813e-01
5.37751198e-01
3.65279406e-01
1.24485053e-01
1.12885162e-01
1.24943949e-01
1.19897492e-01
1.04139283e-01
9.84327793e-02
1.12163797e-01
1.05179094e-01
1.14838436e-01
1.21025927e-01
1.06323913e-01
1.07949339e-01
1.19192027e-01
1.04733661e-01
1.02402471e-01
9.83935893e-02
1.26414031e-01
1.17251679e-01
1.13792092e-01
1.19420148e-01
1.13265425e-01
1.07705705e-01
1.11127056e-01
1.10628724e-01
1.12983428e-01
1.10935904e-01
1.08504072e-01
1.05469428e-01
1.04952104e-01
1.07112519e-01
1.10821694e-01
9.86808687e-02
9.87114683e-02
9.71145779e-02
1.11231215e-01
1.19695500e-01
1.01461276e-01
1.08183965e-01
1.07322931e-01
1.11299366e-01
1.04490571e-01
9.99811813e-02
1.04263611e-01
9.98078659e-02
1.02652431e-01
1.17812082e-01
1.04792379e-01
9.82414484e-02
9.17874202e-02
9.77440551e-02
1.00518979e-01
9.55978110e-02
1.02538571e-01
1.13438837e-01
1.05077833e-01
1.07272461e-01
1.14713542e-01
1.06069833e-01
9.60413441e-02
1.00869276e-01
1.08247057e-01
9.23286527e-02
9.45516899e-02
1.14296645e-01
9.82552543e-02
1.08941942e-01
1.02013461e-01
9.60483626e-02
1.00898325e-01
9.81757790e-02
8.90357196e-02
9.59186330e-02
9.97293591e-02
1.10814154e-01
1.09356448e-01
9.41811875e-02
1.09528691e-01
1.07907370e-01
9.68172774e-02
1.09261647e-01
1.01915605e-01
1.20598406e-01
9.37735215e-02
1.10871308e-01
1.06654353e-01
8.85925740e-02
9.45385247e-02
9.87513959e-02
1.06231622e-01
1.11798890e-01
1.08429678e-01
1.02694087e-01
8.86615291e-02
1.00367807e-01
1.02441825e-01
9.65703055e-02
1.07652515e-01
9.29360315e-02
8.59222785e-02
9.42243338e-02
9.62058082e-02
9.94587615e-02
1.00309685e-01
9.27602425e-02
1.00026406e-01
1.04379505e-01
1.03512898e-01
9.06607360e-02
8.70717391e-02
9.39043462e-02
9.42603871e-02
1.03054374e-01
9.48879346e-02
8.82883146e-02
1.00403830e-01
9.77713168e-02
1.04784533e-01
9.38373879e-02
9.89057124e-02
1.00487456e-01
1.07617281e-01
9.14690867e-02
8.52441713e-02
1.04474425e-01
9.07937139e-02
8.90474990e-02
9.27702636e-02
9.80421081e-02
1.01425514e-01
9.13811028e-02
9.67777148e-02
9.55204815e-02
9.31380838e-02
1.02089025e-01
9.33314115e-02
9.10278782e-02
1.01277344e-01
1.00497015e-01
1.02393530e-01
9.46504325e-02
9.96664539e-02
9.54516754e-02
1.05669439e-01
9.85013396e-02
8.05230886e-02
1.01655081e-01
1.03003435e-01
8.89331400e-02
8.87828842e-02
9.79656354e-02
8.85163397e-02
8.43754709e-02
9.18551013e-02
8.37106854e-02
8.89357179e-02
9.31279808e-02
9.82859731e-02
8.93207490e-02
9.24831703e-02
8.97462070e-02
9.22285616e-02
9.29486379e-02
8.25630352e-02
8.60933438e-02
9.64832604e-02
8.60683247e-02
8.98449719e-02
9.00697261e-02
8.83249715e-02
9.33251530e-02
9.92518142e-02
9.53191668e-02
8.24713334e-02
9.57519859e-02
9.58985239e-02
8.80328491e-02
8.31441805e-02
9.29230526e-02
9.47375372e-02
8.78572166e-02
8.43996182e-02
1.08183414e-01
9.53058526e-02
8.59608203e-02
1.01493783e-01
9.82102454e-02
8.51409286e-02
8.73088911e-02
9.67146978e-02
9.43523794e-02
9.10621285e-02
8.90317559e-02
8.51315707e-02
1.02403909e-01
8.68923590e-02
8.58141705e-02
9.05908570e-02
9.84555930e-02
8.50316882e-02
8.00276026e-02
8.13583881e-02
1.00329459e-01
9.76686552e-02
7.58662149e-02
7.67547339e-02
8.97193626e-02
8.65132064e-02
8.41248184e-02
9.20235515e-02
8.90391469e-02
8.67332816e-02
8.61287862e-02
9.20296684e-02
9.50119570e-02
8.66281763e-02
8.97571072e-02
9.06771943e-02
9.58659947e-02
8.91860500e-02
8.00784454e-02
8.27690810e-02
9.44547504e-02
8.96782801e-02
8.50943252e-02
7.86260739e-02
9.63996798e-02
8.64309892e-02
8.31140131e-02
9.96406600e-02
8.89475420e-02
9.46545154e-02
1.48456380e-01
1.44868210e-01
1.86879277e-01
1.86167940e-01
1.48130745e-01
1.38207480e-01
1.32189527e-01
1.73494995e-01
2.15618372e-01
9.02337581e-02
8.52736756e-02
8.77916366e-02
8.02500844e-02
8.78202021e-02
8.61416981e-02
8.80199820e-02
7.73903131e-02
9.85269472e-02
8.37956667e-02
8.75150785e-02
1.00135677e-01
8.79930258e-02
8.87757391e-02
9.35688168e-02
7.53578618e-02
7.03284889e-02
8.16443563e-02
9.23584625e-02
8.25690404e-02
7.88980201e-02
8.33691731e-02
8.20056871e-02
8.73311013e-02
8.76700953e-02
7.80197904e-02
9.22280177e-02
7.96234235e-02
8.50482658e-02
9.44781303e-02
9.43491608e-02
8.56514275e-02
7.15948120e-02
9.12402198e-02
1.01956181e-01
1.05661720e-01
8.39223042e-02
9.25655812e-02
9.72386077e-02
7.43686557e-02
9.47440118e-02
9.74363014e-02
8.84428918e-02
8.68052021e-02
7.93346390e-02
8.54826048e-02
7.15970546e-02
8.29645544e-02
8.76657814e-02
6.68225661e-02
6.82981312e-02
9.02427733e-02
7.80590996e-02
7.79281482e-02
7.92251304e-02
7.65632242e-02
8.46984163e-02
9.15454030e-02
9.41301063e-02
8.89773220e-02
7.93279409e-02
1.04602188e-01
8.38970467e-02
8.06604475e-02
9.68648493e-02
8.78961682e-02
6.54881448e-02
8.74468908e-02
7.36969933e-02
7.06705749e-02
8.02764520e-02
7.60734156e-02
7.30029121e-02
7.87499174e-02
7.60970265e-02
6.59585074e-02
7.29681328e-02
7.55240023e-02
8.02694857e-02
7.70651996e-02
9.18165743e-02
8.53477344e-02
9.21818316e-02
8.25009272e-02
8.57534856e-02
8.67772624e-02
8.63353685e-02
8.83717984e-02
8.18535686e-02
6.53106272e-02
8.55160207e-02
7.26118684e-02
7.91013688e-02
7.88203254e-02
8.51039067e-02
8.62199515e-02
6.28393292e-02
7.63880834e-02
8.54903162e-02
9.50337797e-02
8.12269151e-02
9.25269872e-02
7.15027153e-02
7.20453560e-02
8.21708217e-02
7.34237656e-02
7.48642385e-02
6.97779134e-02
5.90362065e-02
7.10316971e-02
8.36686864e-02
6.99331611e-02
8.09848011e-02
8.47964436e-02
7.51184672e-02
8.08875039e-02
8.18136483e-02
7.66576752e-02
7.17252642e-02
7.18911588e-02
7.13815093e-02
9.07259211e-02
7.63690546e-02
7.94412270e-02
8.13327357e-02
6.95278794e-02
7.54563957e-02
7.69405141e-02
7.05041215e-02
7.48547986e-02
7.49776214e-02
6.97919130e-02
7.46133551e-02
7.76763782e-02
7.56346434e-02
8.80483612e-02
7.38162994e-02
7.39468709e-02
8.24910626e-02
6.77362308e-02
8.14786851e-02
9.35386717e-02
6.92587942e-02
7.90831521e-02
9.05230045e-02
9.05686021e-02
7.46140108e-02
6.67733848e-02
7.15925992e-02
7.55219832e-02
7.80568495e-02
7.80198127e-02
6.47082031e-02
7.15779811e-02
8.58918577e-02
7.31490180e-02
6.64675757e-02
6.67245165e-02
7.10461736e-02
6.95349723e-02
7.89620578e-02
6.88732266e-02
6.21575415e-02
7.06018507e-02
6.62942603e-02
8.82937610e-02
6.63923547e-02
8.12939480e-02
7.15362206e-02
6.43438101e-02
7.56075159e-02
7.70117640e-02
6.02457821e-02
8.36166069e-02
8.42326283e-02
8.36856663e-02
6.44557923e-02
7.58655146e-02
7.33312070e-02
7.47301057e-02
7.36150965e-02
8.55041817e-02
7.53169954e-02
7.89636597e-02
7.86228552e-02
8.07243586e-02
7.00554028e-02
0.00000000e+00
6.37841895e-02
7.55458474e-02
5.78555614e-02
8.32411051e-02
6.34801388e-02
6.89601377e-02
7.09771216e-02
8.74924138e-02
8.41873065e-02
5.54222651e-02
6.35248646e-02
7.80936331e-02
7.08374828e-02
8.23371708e-02
7.42312074e-02
9.13038477e-02
6.02770597e-02
7.05557019e-02
6.98982701e-02
7.42375851e-02
6.87058866e-02
6.06277548e-02
6.53839111e-02
6.77439943e-02
6.84585124e-02
8.23825449e-02
6.70331866e-02
6.57609403e-02
6.14950173e-02
6.36226758e-02
8.12771395e-02
5.81585243e-02
5.61770909e-02
7.99295306e-02
7.16917738e-02
7.12295175e-02
6.48533925e-02
7.23393485e-02
8.03030357e-02
6.59473389e-02
7.27254897e-02
6.61342219e-02
8.00259486e-02
6.97681829e-02
8.33236054e-02
6.59100041e-02
6.30356148e-02
7.36713037e-02
7.93958381e-02
8.43913183e-02
6.29605278e-02
5.80323748e-02
7.64452517e-02
7.94187635e-02
8.02195445e-02
7.68262073e-02
8.36078897e-02
8.27222317e-02
6.74211234e-02
7.33635128e-02
6.27076924e-02
6.69847354e-02
6.75297379e-02
6.55050352e-02
7.11568892e-02
6.25634566e-02
7.85593241e-02
7.37540573e-02
7.99326822e-02
8.58329162e-02
8.93262848e-02
6.57659546e-02
6.77623674e-02
8.24029818e-02
7.19845593e-02
6.94090798e-02
6.58656955e-02
7.42852986e-02
7.98874944e-02
7.45669901e-02
7.33425617e-02
6.59625530e-02
7.48821348e-02
6.24704808e-02
7.45007843e-02
7.75947496e-02
7.68694282e-02
7.08595738e-02
7.23545775e-02
7.34890699e-02
7.89335147e-02
7.09219575e-02
6.17496185e-02
7.27082863e-02
8.05741847e-02
1.72366962e-01
2.50401914e-01
2.47940749e-01
2.93805033e-01
2.05503747e-01
1.41908914e-01
7.25073665e-02
1.01973779e-01
1.15434557e-01
7.01415986e-02
7.51212016e-02
7.41333663e-02
6.91536441e-02
6.72632754e-02
6.14266396e-02
5.99325188e-02
6.85881004e-02
7.05600455e-02
7.18234330e-02
7.05274269e-02
7.54101127e-02
6.66344538e-02
6.84608817e-02
6.87862486e-02
7.95890167e-02
6.63084686e-02
6.08382858e-02
6.31695092e-02
6.43004626e-02
6.26197234e-02
6.18103929e-02
6.49500564e-02
6.51830211e-02
6.74206540e-02
6.19186796e-02
5.76168038e-02
6.44207746e-02
6.88627362e-02
7.22484961e-02
5.73785640e-02
7.33481497e-02
7.30746388e-02
6.74455464e-02
6.35600463e-02
1.06517546e-01
9.30368826e-02
1.20593965e-01
1.08685240e-01
7.59604946e-02
6.26213923e-02
6.39309138e-02
7.32312426e-02
5.96143901e-02
5.87076545e-02
5.34152314e-02
5.38563803e-02
6.98920265e-02
7.24924579e-02
5.72565757e-02
6.48225546e-02
6.92394450e-02
5.69952279e-02
6.36615977e-02
7.63131380e-02
6.83345273e-02
6.78858906e-02
7.00134486e-02
5.95383123e-02
7.47394860e-02
5.78572601e-02
6.90030083e-02
6.41236976e-02
5.26988767e-02
5.73196337e-02
6.28553033e-02
6.34305775e-02
6.57234266e-02
5.98400272e-02
6.06202632e-02
6.67121708e-02
6.53819442e-02
7.13354349e-02
7.54425302e-02
5.96110709e-02
6.33519217e-02
6.79381862e-02
6.78227246e-02
6.20935448e-02
6.84416592e-02
6.79178014e-02
5.76453693e-02
4.81384359e-02
6.48849532e-02
5.43387011e-02
6.13560453e-02
7.30627477e-02
5.78930601e-02
6.78400546e-02
6.98781982e-02
5.84713742e-02
6.52998388e-02
5.91612123e-02
6.24930188e-02
6.46904707e-02
6.40547276e-02
5.53102866e-02
6.11352585e-02
6.99947998e-02
7.29422048e-02
6.93592653e-02
6.91080764e-02
6.66484088e-02
6.79352507e-02
7.06309304e-02
7.07522854e-02
7.88926408e-02
7.70659521e-02
7.89112374e-02
6.55960664e-02
6.45905733e-02
7.12450370e-02
7.51781538e-02
6.68065026e-02
6.30368367e-02
6.67490587e-02
6.53197989e-02
6.80854321e-02
6.76628947e-02
6.28497303e-02
6.71180412e-02
5.87603599e-02
6.62538186e-02
6.46657571e-02
7.32356608e-02
6.87392578e-02
7.02627078e-02
6.88555613e-02
6.71016425e-02
8.55539143e-02
7.15562999e-02
6.25955462e-02
6.00028522e-02
7.92674348e-02
7.15987757e-02
7.66647235e-02
7.59075582e-02
5.80657274e-02
8.65292326e-02
6.81605935e-02
6.18398413e-02
6.60166517e-02
7.12710395e-02
6.46328107e-02
7.91053623e-02
7.91397616e-02
7.53899738e-02
7.84592032e-02
8.05537030e-02
7.22267330e-02
7.47634172e-02
8.81509632e-02
9.88878235e-02
8.97821411e-02
8.75718445e-02
8.45230445e-02
8.65762532e-02
7.27098435e-02
8.83933455e-02
8.34213719e-02
8.93798396e-02
8.30460563e-02
7.70838410e-02
8.39169472e-02
8.59311000e-02
9.21690762e-02
7.67935738e-02
8.31685960e-02
7.29882941e-02
8.08286071e-02
1.68043599e-01
1.18543036e-01
8.02571923e-02
7.50603154e-02
7.62762949e-02
7.11941645e-02
6.91279247e-02
8.05767998e-02
7.69570172e-02
8.13706145e-02
9.09457058e-02
8.43527690e-02
8.62253010e-02
8.25811103e-02
8.90377909e-02
9.30766910e-02
7.92328045e-02
7.81734213e-02
8.14091265e-02
8.07560235e-02
7.53571689e-02
9.00453106e-02
7.36778080e-02
7.69310668e-02
7.69187212e-02
7.18456581e-02
7.28631988e-02
8.33365545e-02
8.12702104e-02
7.03138039e-02
7.00621679e-02
7.59694725e-02
7.36295730e-02
7.83338845e-02
7.65201673e-02
7.21059516e-02
6.59895167e-02
7.11111948e-02
6.85166270e-02
6.50524870e-02
6.31182566e-02
7.09698796e-02
7.89128169e-02
7.05818161e-02
7.49929622e-02
7.06728473e-02
6.31621629e-02
7.05820173e-02
6.51325062e-02
6.68148994e-02
6.18934147e-02
7.63949156e-02
7.23744705e-02
6.33355156e-02
6.75763562e-02
6.74579814e-02
6.58528283e-02
6.27682507e-02
6.65533766e-02
6.09251037e-02
6.54340461e-02
7.09529296e-02
5.87312430e-02
6.15291223e-02
5.72729558e-02
6.09795749e-02
6.78160414e-02
6.49687424e-02
6.13639094e-02
6.16236515e-02
5.94127551e-02
5.77096827e-02
5.90844825e-02
6.22496121e-02
5.80674894e-02
5.80573790e-02
6.01620898e-02
6.31079674e-02
6.20258600e-02
5.72594889e-02
5.97208664e-02
6.83284923e-02
6.00418560e-02
5.97687028e-02
5.90613820e-02
5.52947074e-02
6.00898750e-02
6.19394742e-02
6.77245408e-02
6.58027157e-02
6.70655966e-02
6.57263249e-02
5.11594564e-02
5.97215109e-02
6.42281547e-02
5.85464872e-02
6.23792708e-02
6.64533973e-02
6.63371906e-02
5.84145337e-02
7.52711594e-02
6.23103045e-02
6.00099787e-02
6.53095543e-02
5.87649085e-02
5.54762259e-02
5.07644340e-02
6.16133697e-02
5.65812513e-02
5.48089109e-02
5.87973781e-02
6.77407905e-02
6.51024133e-02
5.72554991e-02
6.02930151e-02
5.94559647e-02
5.49546927e-02
5.95021471e-02
6.13839552e-02
6.47290573e-02
6.01761639e-02
5.10253832e-02
5.99117242e-02
6.56425506e-02
6.55955076e-02
5.28150573e-02
5.29203080e-02
5.78483008e-02
6.18054979e-02
7.22670853e-02
5.73315546e-02
5.29665463e-02
5.50692827e-02
5.38648367e-02
5.42395003e-02
6.80031255e-02
6.63302615e-02
5.91267347e-02
5.24565428e-02
5.78218773e-02
5.62729761e-02
5.48344329e-02
5.65372258e-02
6.83603212e-02
6.07976243e-02
6.20201863e-02
5.83075732e-02
5.38703054e-02
5.92343844e-02
6.26956075e-02
5.97384647e-02
5.87801039e-02
5.03811911e-02
5.66643737e-02
6.11156970e-02
5.21821231e-02
5.18080033e-02
5.48121892e-02
5.72292283e-02
5.32695763e-02
6.25814870e-02
6.04187176e-02
5.82216829e-02
5.19467928e-02
6.43015876e-02
5.73995486e-02
5.61085939e-02
6.24073185e-02
6.43655360e-02
5.24077676e-02
5.34894615e-02
7.47122392e-02
7.50857517e-02
6.04658723e-02
8.08171928e-02
6.87068179e-02
7.37646893e-02
8.30284804e-02
8.55413824e-02
6.38027713e-02
6.37982637e-02
8.68020356e-02
6.29367381e-02
5.89495674e-02
5.58779463e-02
6.24356493e-02
6.00945689e-02
6.27159551e-02
5.51636107e-02
5.46258464e-02
5.46740852e-02
5.31693697e-02
5.62448204e-02
5.39613664e-02
7.16434419e-02
7.32315257e-02
9.16572958e-02
1.00094937e-01
6.31482154e-02
6.57646507e-02
8.40535387e-02
7.41473958e-02
5.32449260e-02
6.08924963e-02
6.63450733e-02
5.56801893e-02
5.93894273e-02
7.19654709e-02
6.28952831e-02
5.51218092e-02
5.63695766e-02
6.84122741e-02
6.73566088e-02
4.93383706e-02
5.51107153e-02
5.25525883e-02
6.14577383e-02
5.66028208e-02
5.25401980e-02
6.37141317e-02
6.80866241e-02
5.95167242e-02
5.82437143e-02
6.05299771e-02
5.91316298e-02
6.33523613e-02
6.02795184e-02
7.01083466e-02
6.32642210e-02
5.83498478e-02
6.78590611e-02
6.24114200e-02
9.04384255e-02
7.71069601e-02
7.22578838e-02
7.16867074e-02
5.79486601e-02
6.29539341e-02
5.97035773e-02
6.07341565e-02
5.60402647e-02
5.11636361e-02
5.54105751e-02
5.62739782e-02
6.43661693e-02
6.22508116e-02
6.52201027e-02
6.53518066e-02
6.47706836e-02
6.65501207e-02
7.78365284e-02
7.23617449e-02
6.03774525e-02
6.47797659e-02
5.35941459e-02
5.70782796e-02
5.76943234e-02
5.54008409e-02
6.19914904e-02
5.58474958e-02
5.86515218e-02
7.17611015e-02
7.24355429e-02
5.89726046e-02
6.28013164e-02
5.92725053e-02
6.49403408e-02
6.30880967e-02
7.17507675e-02
6.73028901e-02
6.39025718e-02
5.30133098e-02
5.45255616e-02
5.39023057e-02
5.42635992e-02
5.24075776e-02
5.33049628e-02
6.04886152e-02
5.69452159e-02
5.92707470e-02
6.01006672e-02
5.52199855e-02
5.52802421e-02
5.63313402e-02
6.63213357e-02
5.43101467e-02
5.47314510e-02
5.72575256e-02
6.08826242e-02
6.16830736e-02
5.08373305e-02
5.29279187e-02
6.06047101e-02
5.13699055e-02
5.78475818e-02
5.72548471e-02
5.54557592e-02
6.12024032e-02
5.57588935e-02
6.09702207e-02
5.15230522e-02
5.58683649e-02
5.64548038e-02
5.63508049e-02
6.23458028e-02
5.78760169e-02
6.00964911e-02
6.06399216e-02
6.53435364e-02
5.75315431e-02
5.19996770e-02
5.64736761e-02
6.94051683e-02
5.83220497e-02
6.78422078e-02
5.84547892e-02
6.14609979e-02
5.59175238e-02
5.33056557e-02
4.86021489e-02
5.05389720e-02
6.37025535e-02
6.29468933e-02
5.36801107e-02
5.61644398e-02
5.66546656e-02
5.67487963e-02
5.93500696e-02
5.67470491e-02
6.11825623e-02
6.10854886e-02
5.67856245e-02
5.81375286e-02
5.86016700e-02
6.05642460e-02
5.83054423e-02
5.49727380e-02
5.84747940e-02
6.32495731e-02
6.25010505e-02
5.78827038e-02
5.32806851e-02
4.96465862e-02
5.28227054e-02
5.23400381e-02
5.86058050e-02
5.67078292e-02
5.74790575e-02
5.87177537e-02
5.47870733e-02
5.71620464e-02
6.73343986e-02
5.98956682e-02
5.61865643e-02
6.36178851e-02
5.55230565e-02
5.20595536e-02
5.32051027e-02
5.86015582e-02
6.19879700e-02
5.69171421e-02
5.41569404e-02
5.76434471e-02
5.93110546e-02
5.59778325e-02
5.43545187e-02
5.27343117e-02
5.58843613e-02
5.72237037e-02
5.42076156e-02
6.20030053e-02
6.04818277e-02
5.80473319e-02
6.44228682e-02
5.97223453e-02
5.71578741e-02
5.62063716e-02
5.64820580e-02
6.12747297e-02
5.77185862e-02
5.78020774e-02
5.54267839e-02
5.36956117e-02
5.83349578e-02
5.55147976e-02
5.88922985e-02
6.01005219e-02
6.14485592e-02
5.35295941e-02
6.62878305e-02
5.63167371e-02
6.58667609e-02
6.01659603e-02
5.43123335e-02
5.78807108e-02
6.33846000e-02
6.38707727e-02
5.77843264e-02
5.41205592e-02
5.81633449e-02
5.52080497e-02
6.09516054e-02
6.35305047e-02
6.11763000e-02
5.69444597e-02
5.70535213e-02
5.93358353e-02
6.08629026e-02
5.19142263e-02
5.60390204e-02
5.66185713e-02
6.70285374e-02
5.10995165e-02
5.60481958e-02
6.16651401e-02
5.35454005e-02
5.87558784e-02
6.34142607e-02
5.62686436e-02
5.91783635e-02
6.09551854e-02
6.39334470e-02
5.87362424e-02
6.01394475e-02
5.97061925e-02
6.67768493e-02
8.86787772e-02
8.83631334e-02
1.40139177e-01
9.88069102e-02
9.58921015e-02
1.27223402e-01
8.09566528e-02
6.11881427e-02
6.39402717e-02
6.00315332e-02
6.95342720e-02
7.31660649e-02
6.66792393e-02
6.79566488e-02
5.90927489e-02
5.69093563e-02
5.63867763e-02
5.53378686e-02
5.46680130e-02
6.12693094e-02
6.01925962e-02
8.82261992e-02
9.39036533e-02
1.39369607e-01
1.40477374e-01
9.69936848e-02
6.49781302e-02
6.86921850e-02
7.77743906e-02
8.99848118e-02
7.02266470e-02
6.47949725e-02
5.87432869e-02
5.35095520e-02
6.62533045e-02
6.05072901e-02
6.85360059e-02
7.21969604e-02
6.32302389e-02
6.10555969e-02
6.36172518e-02
8.07545632e-02
6.96411282e-02
5.86121976e-02
5.37132695e-02
7.14223534e-02
9.53041017e-02
1.03128701e-01
1.04458272e-01
8.77423361e-02
5.48183434e-02
5.33619560e-02
6.36823028e-02
6.63980991e-02
7.74260685e-02
8.20678100e-02
7.69478306e-02
5.71562387e-02
6.46146536e-02
7.61067867e-02
8.10036287e-02
1.14007235e-01
1.43968448e-01
1.08366504e-01
7.79700279e-02
5.92935681e-02
6.08842075e-02
5.54111488e-02
5.50160110e-02
5.96599244e-02
6.61696196e-02
6.25912994e-02
7.04304501e-02
7.30551854e-02
6.09228350e-02
6.45152703e-02
6.32850751e-02
9.45130363e-02
9.51649249e-02
1.09881550e-01
7.99579695e-02
6.27102032e-02
6.68945312e-02
5.26129343e-02
5.50398491e-02
5.92234954e-02
5.61335981e-02
5.87792769e-02
5.89169152e-02
5.75548261e-02
6.28418624e-02
6.77554607e-02
6.55345023e-02
6.81352019e-02
6.74999952e-02
5.42373396e-02
6.30508587e-02
8.04748237e-02
8.31624642e-02
6.20884933e-02
6.01920374e-02
5.47469445e-02
5.31906635e-02
6.08766600e-02
5.88855781e-02
5.89037687e-02
5.56969903e-02
6.02921322e-02
6.45509586e-02
6.73004836e-02
5.97967394e-02
5.25143892e-02
5.74158318e-02
6.70585483e-02
6.92717656e-02
5.94682172e-02
6.24308735e-02
5.57423830e-02
6.99408278e-02
7.07930923e-02
7.36014545e-02
6.31049126e-02
5.82407340e-02
6.12091795e-02
5.88533655e-02
5.58512248e-02
5.65858409e-02
6.19399287e-02
5.60310408e-02
5.68083525e-02
5.61673418e-02
6.09610714e-02
5.61928004e-02
6.67942166e-02
6.06509410e-02
7.47501254e-02
5.60560301e-02
5.69431521e-02
6.28934056e-02
7.25825131e-02
6.21730424e-02
6.55046403e-02
6.39291778e-02
7.62230083e-02
6.73158616e-02
6.83209077e-02
7.12114945e-02
6.52284697e-02
5.48519231e-02
6.14185557e-02
6.03987463e-02
5.97463474e-02
6.53762370e-02
5.76277301e-02
5.12881838e-02
7.88541734e-02
6.00069761e-02
6.34517223e-02
6.19109087e-02
5.82331531e-02
5.58632649e-02
5.90621680e-02
5.64659424e-02
5.48548438e-02
5.91766052e-02
6.44610375e-02
5.49872108e-02
7.31127933e-02
8.78941864e-02
8.45971480e-02
7.71300271e-02
7.14283139e-02
6.68314397e-02
7.69240111e-02
5.76161519e-02
5.56276925e-02
5.61731048e-02
5.88967577e-02
5.84168956e-02
5.84760122e-02
6.14827089e-02
5.82996048e-02
5.87079860e-02
5.46476543e-02
6.01179749e-02
5.91577888e-02
6.51061237e-02
5.63859120e-02
7.05557540e-02
6.85445294e-02
6.57902434e-02
6.68609813e-02
5.57754152e-02
6.15964048e-02
6.52679652e-02
7.74108395e-02
7.81305432e-02
7.51781911e-02
7.03035444e-02
5.89291379e-02
6.62799701e-02
6.55724108e-02
5.84539063e-02
6.04864880e-02
5.89490309e-02
6.46551624e-02
5.86521775e-02
5.71805388e-02
6.04563244e-02
6.51104972e-02
8.09257105e-02
1.22382864e-01
1.43121034e-01
1.17726043e-01
1.05605081e-01
1.21926725e-01
1.13615885e-01
1.00109674e-01
9.94943753e-02
9.03612375e-02
7.60991201e-02
7.10966364e-02
7.34526441e-02
7.25053102e-02
6.78704455e-02
7.43925720e-02
8.06342438e-02
9.15816724e-02
1.17208190e-01
1.10982530e-01
9.21333805e-02
7.08368421e-02
6.42178208e-02
6.37667105e-02
6.60759360e-02
7.18075633e-02
6.71280697e-02
6.59738183e-02
6.23712428e-02
6.66605607e-02
5.58575578e-02
5.58129176e-02
5.90650700e-02
7.18716159e-02
6.68101683e-02
6.65647835e-02
6.52384907e-02
8.07490274e-02
7.08926022e-02
6.38510063e-02
6.47773072e-02
6.18346632e-02
5.29118776e-02
5.85608631e-02
6.24505579e-02
5.98041527e-02
5.97276017e-02
5.60266711e-02
5.79649583e-02
6.04918711e-02
6.14725761e-02
6.72432780e-02
7.84459040e-02
7.53706396e-02
6.03518933e-02
5.79591729e-02
6.19395003e-02
7.07720816e-02
6.42555729e-02
5.75592555e-02
5.87209426e-02
5.67408763e-02
6.19784892e-02
6.17542788e-02
6.66823536e-02
9.21360701e-02
1.20061114e-01
1.06548212e-01
1.24676220e-01
1.10911399e-01
9.48765576e-02
7.33376592e-02
7.81500861e-02
6.63154274e-02
5.82145378e-02
6.40167072e-02
5.34772836e-02
5.72978780e-02
7.01555163e-02
6.58839941e-02
5.94059341e-02
6.32975623e-02
6.09320030e-02
6.48968592e-02
6.31848276e-02
6.47832230e-02
1.04097135e-01
1.48088351e-01
1.38663575e-01
1.01771094e-01
6.81103542e-02
7.61461705e-02
8.32281187e-02
8.10819864e-02
7.24845529e-02
6.67903051e-02
6.03969581e-02
5.90048581e-02
6.11543395e-02
6.39225319e-02
6.81322962e-02
6.85142502e-02
6.73001707e-02
7.32475668e-02
7.38009736e-02
7.34190941e-02
6.91045970e-02
5.48862070e-02
6.12621941e-02
6.45349100e-02
9.12138671e-02
1.09534472e-01
1.05828747e-01
1.07739821e-01
7.43057877e-02
6.35160729e-02
5.11431918e-02
5.91416620e-02
7.29064271e-02
7.39678219e-02
7.83667937e-02
8.96750242e-02
7.11925477e-02
6.17041029e-02
6.28251210e-02
1.01696886e-01
1.10942438e-01
1.52757943e-01
1.21486954e-01
8.38537887e-02
6.90958872e-02
6.12383969e-02
5.85091114e-02
5.82405142e-02
5.93578666e-02
5.94112910e-02
6.53920621e-02
7.00907484e-02
7.28662312e-02
8.10848027e-02
6.58919066e-02
6.23455457e-02
7.51767233e-02
1.00619435e-01
1.25364050e-01
1.40337631e-01
1.30635172e-01
8.73802975e-02
9.38209221e-02
8.70146304e-02
8.77024457e-02
7.19653964e-02
7.58800358e-02
7.86981210e-02
9.98409912e-02
8.10324475e-02
7.94398114e-02
7.12156370e-02
7.47666657e-02
7.56737515e-02
6.80210963e-02
6.76757842e-02
6.59316480e-02
6.87790290e-02
8.98918957e-02
1.11559436e-01
8.85096565e-02
6.96854815e-02
5.49380481e-02
5.92177249e-02
5.94031140e-02
5.94581142e-02
5.81696294e-02
6.01399057e-02
5.85242324e-02
6.36774004e-02
1.47357628e-01
1.58111244e-01
1.82997122e-01
1.55133948e-01
1.05549037e-01
1.06162243e-01
9.58953351e-02
9.33464244e-02
6.98946416e-02
6.83178231e-02
8.32270607e-02
9.18923542e-02
8.43546391e-02
6.07210882e-02
6.38481379e-02
6.15517609e-02
5.72262667e-02
6.30567074e-02
6.43274263e-02
6.34732693e-02
6.52921274e-02
7.45094791e-02
7.40616843e-02
7.16595426e-02
6.37214780e-02
5.60850240e-02
6.00373372e-02
6.71267882e-02
1.14365369e-01
1.29420608e-01
1.27816767e-01
1.26121566e-01
8.09124112e-02
6.56821728e-02
6.02834970e-02
6.63048550e-02
7.49106780e-02
8.65515545e-02
7.22601712e-02
8.74617621e-02
6.94528744e-02
6.02244921e-02
5.87701835e-02
8.97240564e-02
1.33878708e-01
1.34229168e-01
1.48410782e-01
9.88739654e-02
7.09732622e-02
5.88364825e-02
6.33161068e-02
6.56477213e-02
6.21557608e-02
7.00367168e-02
6.19553886e-02
7.74941370e-02
1.07955739e-01
1.19034991e-01
1.10970028e-01
8.13524425e-02
8.12126398e-02
1.02246769e-01
1.96257815e-01
1.72194019e-01
1.80192232e-01
7.99572617e-02
7.04581961e-02
5.99370003e-02
5.22393472e-02
5.88210858e-02
6.79689571e-02
6.49426877e-02
6.96452633e-02
5.70451543e-02
6.17153980e-02
6.83918223e-02
8.31809044e-02
7.90465698e-02
8.71499702e-02
7.22505972e-02
5.67812361e-02
6.15945756e-02
8.63953084e-02
8.07718486e-02
7.88920224e-02
6.57743886e-02
5.94494641e-02
6.00934923e-02
5.56424856e-02
5.76503724e-02
5.86505048e-02
6.66821375e-02
6.48641363e-02
5.73574677e-02
5.78945614e-02
6.57584667e-02
6.44194558e-02
6.59089833e-02
6.66604191e-02
6.28779829e-02
6.39412552e-02
6.72556162e-02
6.08100519e-02
7.16702119e-02
7.49509260e-02
6.14503250e-02
6.78023770e-02
6.44791946e-02
6.45890608e-02
6.54946789e-02
6.23346679e-02
5.84633239e-02
5.50262742e-02
5.96051551e-02
5.80534972e-02
6.08680025e-02
5.85018359e-02
6.87555820e-02
5.94808571e-02
5.44550791e-02
6.65673167e-02
5.80581501e-02
6.12958819e-02
6.22492172e-02
5.82526624e-02
6.38598278e-02
5.71150593e-02
7.21595660e-02
7.00700358e-02
5.84522299e-02
6.29994497e-02
6.10165372e-02
6.17747642e-02
6.46279380e-02
5.98382987e-02
6.03980832e-02
7.16450885e-02
6.79763258e-02
6.02179728e-02
5.73918037e-02
5.82678653e-02
5.98168597e-02
5.83789870e-02
6.70717731e-02
6.51875138e-02
5.75522184e-02
6.33951947e-02
6.52619675e-02
6.36263266e-02
6.00785092e-02
5.99485561e-02
6.33361414e-02
6.23642989e-02
6.67141303e-02
6.01036698e-02
6.91658333e-02
7.38314688e-02
6.30256981e-02
6.47417754e-02
6.59456775e-02
6.68023601e-02
5.99889830e-02
6.30502328e-02
6.82728887e-02
6.16969652e-02
6.58765957e-02
6.51876330e-02
6.14544488e-02
6.29244447e-02
5.89971878e-02
6.54506013e-02
5.85468113e-02
6.09585680e-02
6.66002482e-02
6.82665408e-02
6.02794439e-02
5.75289056e-02
5.79644293e-02
6.17434569e-02
6.12594560e-02
5.84144853e-02
7.04440549e-02
6.43632263e-02
5.97966723e-02
5.92451356e-02
6.80448189e-02
5.83521724e-02
5.71888052e-02
6.45156354e-02
5.99311218e-02
5.99136241e-02
5.74717075e-02
5.91622964e-02
5.70176654e-02
6.00990318e-02
6.51135668e-02
7.62635842e-02
1.00438356e-01
1.12310268e-01
1.20761164e-01
9.56066698e-02
9.02163535e-02
1.23785704e-01
1.40145168e-01
1.28164440e-01
9.58490297e-02
1.23247251e-01
1.46568090e-01
1.57204136e-01
1.49836734e-01
1.06344290e-01
6.79828525e-02
6.71899021e-02
7.20838755e-02
8.51768777e-02
8.47781152e-02
5.87626919e-02
6.09118007e-02
6.70785606e-02
6.17274009e-02
5.88975698e-02
6.33138865e-02
6.57312721e-02
6.01650141e-02
6.13563061e-02
5.71740419e-02
6.50425777e-02
6.20625988e-02
6.28153309e-02
7.07580671e-02
1.65414333e-01
2.20686719e-01
2.34058633e-01
3.38677198e-01
1.71681285e-01
1.26078084e-01
1.20312333e-01
1.13059647e-01
8.34096670e-02
7.03368485e-02
6.59998283e-02
7.73250982e-02
8.27260092e-02
7.61891007e-02
6.93536177e-02
5.74640706e-02
6.26349375e-02
6.25850186e-02
6.06028475e-02
6.54728711e-02
7.59431869e-02
1.16423979e-01
1.02708794e-01
8.21031034e-02
6.27702847e-02
6.45325631e-02
6.33543432e-02
5.84266372e-02
7.58963525e-02
1.42725810e-01
2.01261967e-01
1.93602771e-01
1.48287773e-01
8.40842575e-02
6.67045414e-02
6.32168725e-02
6.29704297e-02
6.81915805e-02
9.54281464e-02
1.16392232e-01
8.53289440e-02
6.56826571e-02
5.88926151e-02
5.84176704e-02
9.16720852e-02
1.76933542e-01
2.70301104e-01
2.22317845e-01
1.96337059e-01
8.70063454e-02
6.13118671e-02
5.93919456e-02
6.03754371e-02
6.67162761e-02
6.41721711e-02
6.10968880e-02
7.36776069e-02
8.67474303e-02
1.05793901e-01
8.42172801e-02
6.21082447e-02
6.20809048e-02
6.84080869e-02
1.30128711e-01
1.56757161e-01
1.76866204e-01
1.17571793e-01
7.45123029e-02
5.96669205e-02
5.92610389e-02
6.34478629e-02
5.92156947e-02
5.89581355e-02
6.29174188e-02
6.46880940e-02
5.69251291e-02
6.88593909e-02
6.93361163e-02
8.99559185e-02
8.10431242e-02
6.99537396e-02
5.76045066e-02
6.63363934e-02
8.21774006e-02
1.40948996e-01
1.11193888e-01
1.09052204e-01
7.24697933e-02
6.53001443e-02
5.80644384e-02
6.10410050e-02
6.62768558e-02
6.14252388e-02
6.31097108e-02
6.14466332e-02
6.12062514e-02
6.27023056e-02
5.95255420e-02
5.90883456e-02
6.64916411e-02
5.99780828e-02
6.59453645e-02
6.57964498e-02
6.41247556e-02
6.92745522e-02
6.37584105e-02
7.80909806e-02
7.91655704e-02
6.91191107e-02
5.91934286e-02
6.70922399e-02
6.72405213e-02
5.81811741e-02
5.79090603e-02
6.62500337e-02
6.15366176e-02
6.40144870e-02
5.86007573e-02
6.16260841e-02
6.04209378e-02
6.37997985e-02
6.19551465e-02
6.08474128e-02
6.27446622e-02
6.09699637e-02
6.11212850e-02
6.21828027e-02
7.12589100e-02
6.92804232e-02
5.56668565e-02
6.67104498e-02
6.22547790e-02
7.12025687e-02
6.65404424e-02
6.00968190e-02
5.67891300e-02
6.17128685e-02
6.07904047e-02
6.93009868e-02
6.81300610e-02
7.05995187e-02
7.38533810e-02
7.72428438e-02
8.19533095e-02
8.03815722e-02
7.30261132e-02
8.38006362e-02
7.89380744e-02
7.77307600e-02
8.76940787e-02
9.52994227e-02
8.37814659e-02
8.40820298e-02
7.70201683e-02
6.11256696e-02
7.16001317e-02
6.80908859e-02
7.05638230e-02
9.24792886e-02
8.05042610e-02
8.11189786e-02
9.26645696e-02
1.02566794e-01
7.68558905e-02
8.46905485e-02
1.03862248e-01
9.57287103e-02
8.79609585e-02
8.40779245e-02
8.13034996e-02
8.33701268e-02
7.58934915e-02
6.50225058e-02
6.59274906e-02
6.83349371e-02
6.49670735e-02
7.29383305e-02
6.47411793e-02
6.55355379e-02
6.16024919e-02
6.12464882e-02
6.48524463e-02
6.02525473e-02
7.27341399e-02
6.49017915e-02
6.06692694e-02
5.89574166e-02
6.41073063e-02
6.72537684e-02
6.48595095e-02
5.41457348e-02
5.79484999e-02
6.51520640e-02
5.97800463e-02
5.79782128e-02
6.24162108e-02
6.51216581e-02
6.09026775e-02
5.88227771e-02
6.12972863e-02
6.18119650e-02
6.10077530e-02
6.11806549e-02
6.17734231e-02
5.97084798e-02
6.19849674e-02
6.63473383e-02
6.06706850e-02
6.27892762e-02
6.20125309e-02
6.06222562e-02
6.72758147e-02
1.02400772e-01
1.54945970e-01
1.65298343e-01
1.49813265e-01
1.47968248e-01
1.96240917e-01
1.55032218e-01
1.15067773e-01
1.12384520e-01
2.00882837e-01
2.09228218e-01
1.55176312e-01
1.24277174e-01
6.78782389e-02
5.98698296e-02
8.10540691e-02
9.30350348e-02
8.74187574e-02
7.32975528e-02
6.56244606e-02
5.78622073e-02
6.06307350e-02
6.39594868e-02
6.25473708e-02
6.22702017e-02
6.15062900e-02
6.71602041e-02
6.14406317e-02
5.71078919e-02
5.59459515e-02
5.97233847e-02
6.09828830e-02
1.35818213e-01
2.50883013e-01
3.10066998e-01
2.76229560e-01
2.38013089e-01
1.31869644e-01
1.29035577e-01
1.71262696e-01
1.23173721e-01
8.32724348e-02
6.40072450e-02
6.46354035e-02
7.59049654e-02
9.28542018e-02
8.42574760e-02
7.01358616e-02
6.95759729e-02
6.46545142e-02
6.44615442e-02
6.61765113e-02
8.09333101e-02
1.13488883e-01
1.35800898e-01
1.07428402e-01
8.31661373e-02
6.18615746e-02
6.52316809e-02
6.85925931e-02
5.85380793e-02
1.11562520e-01
2.39133105e-01
2.42310226e-01
2.29091719e-01
1.42739430e-01
7.14316443e-02
6.25728145e-02
6.09621555e-02
6.46540448e-02
1.05826080e-01
1.45507425e-01
1.24535963e-01
1.16900861e-01
6.04543462e-02
5.85548319e-02
6.40232638e-02
7.58222416e-02
2.21523881e-01
4.74827647e-01
2.96955228e-01
2.32481986e-01
1.04242489e-01
5.78680672e-02
5.64446226e-02
6.04235455e-02
6.12981357e-02
6.54108822e-02
7.11890832e-02
7.67897740e-02
1.02357633e-01
1.40306205e-01
1.10469110e-01
8.73429552e-02
6.32731616e-02
5.86427376e-02
1.05446845e-01
2.53894210e-01
2.21927896e-01
2.67681807e-01
1.52338102e-01
9.08731446e-02
6.07440360e-02
5.98127209e-02
6.03949167e-02
6.33022189e-02
6.02218919e-02
6.23486973e-02
6.32160231e-02
6.28084093e-02
6.17254153e-02
7.18572587e-02
9.70023870e-02
1.48551226e-01
9.55538154e-02
7.21355751e-02
6.69930354e-02
9.07970741e-02
1.74683571e-01
1.66168600e-01
1.38506144e-01
