5.51211500e+00
5.60564518e+00
5.37037420e+00
5.60245419e+00
5.63626575e+00
5.57496691e+00
5.58661318e+00
5.56687403e+00
5.46620226e+00
5.47333670e+00
5.63456297e+00
5.51456213e+00
5.48784733e+00
5.32773972e+00
5.37494612e+00
5.42800188e+00
5.42081118e+00
5.44288540e+00
5.62997150e+00
5.41242695e+00
5.37573814e+00
5.40708542e+00
5.57916832e+00
5.51096725e+00
5.33016109e+00
5.61994076e+00
5.39968109e+00
5.44191885e+00
5.52144909e+00
5.44421625e+00
5.44399309e+00
5.44700909e+00
5.27741051e+00
5.33368158e+00
5.47161579e+00
5.35085917e+00
5.29701519e+00
5.26295280e+00
5.39413595e+00
5.43278265e+00
5.37334108e+00
5.22650385e+00
5.46450996e+00
5.43545055e+00
5.24746323e+00
5.28053045e+00
5.27415180e+00
5.30843067e+00
5.31164980e+00
5.33846664e+00
5.36913347e+00
5.46272516e+00
5.50262880e+00
5.25999355e+00
5.28201437e+00
5.20617437e+00
5.28833485e+00
5.34594631e+00
5.36192751e+00
5.36296797e+00
5.37548161e+00
5.37892056e+00
5.29672098e+00
5.24309254e+00
5.20441151e+00
5.12671089e+00
5.16540861e+00
5.18265200e+00
5.16060209e+00
5.17374325e+00
5.15339947e+00
5.06069088e+00
5.00040436e+00
5.00270033e+00
5.03039789e+00
5.02344275e+00
5.03251886e+00
5.16271544e+00
5.02425337e+00
5.03090477e+00
5.02211332e+00
4.96471262e+00
5.02173424e+00
4.92494869e+00
5.01221180e+00
5.00175524e+00
5.01076555e+00
5.03780270e+00
4.93706751e+00
4.82761288e+00
4.93137264e+00
4.75092173e+00
4.78906155e+00
4.84664822e+00
4.76402140e+00
4.78227425e+00
4.69815445e+00
4.85478926e+00
4.78097963e+00
4.79865599e+00
4.77509117e+00
4.65492344e+00
4.92836285e+00
4.68287086e+00
4.62895393e+00
4.62455797e+00
4.77474880e+00
4.87631130e+00
4.63574839e+00
4.79237080e+00
4.80656719e+00
4.69191408e+00
4.81981564e+00
4.71683979e+00
4.78917789e+00
4.74467134e+00
4.76688147e+00
4.89700890e+00
4.85601187e+00
4.83200407e+00
4.72413158e+00
4.75724792e+00
4.91006565e+00
4.97688961e+00
4.89042950e+00
4.87261677e+00
4.87224865e+00
4.84221697e+00
4.93257141e+00
4.84477234e+00
4.95910501e+00
4.97356129e+00
4.96654415e+00
4.92153072e+00
4.94071627e+00
4.90345287e+00
4.85201550e+00
4.93971014e+00
4.88369560e+00
4.94768763e+00
4.97191811e+00
4.92542839e+00
4.91510010e+00
4.96862507e+00
5.05610180e+00
4.76813650e+00
4.93826008e+00
4.92775106e+00
4.85530758e+00
4.92256927e+00
4.87557554e+00
4.73585176e+00
4.68667078e+00
4.72615194e+00
4.82856750e+00
4.81800461e+00
4.77127743e+00
4.80958796e+00
4.71834660e+00
4.82372952e+00
4.76553631e+00
4.70932245e+00
4.78338480e+00
4.77565432e+00
4.75650930e+00
4.63407516e+00
4.64493704e+00
4.64916563e+00
4.54975080e+00
4.56002903e+00
4.55382109e+00
4.58651114e+00
4.60270023e+00
4.45175934e+00
4.42650032e+00
4.51827669e+00
4.50116062e+00
4.37306070e+00
4.37735319e+00
4.45955896e+00
4.55715466e+00
4.32838774e+00
4.17755413e+00
4.23299932e+00
4.20278072e+00
4.15704679e+00
4.15875912e+00
4.17530298e+00
4.14642143e+00
3.99791098e+00
3.96042967e+00
3.93806219e+00
3.87731171e+00
3.91374969e+00
4.04518747e+00
3.97396970e+00
4.05038786e+00
4.02049494e+00
3.91864204e+00
4.03299809e+00
4.09186983e+00
4.08653736e+00
4.18076372e+00
4.28540659e+00
4.18286037e+00
4.11248255e+00
4.23141050e+00
4.28048611e+00
4.30028248e+00
4.26785755e+00
4.37343216e+00
4.32774067e+00
4.32461977e+00
4.39629221e+00
4.37029076e+00
4.38044691e+00
4.43342400e+00
4.39264202e+00
4.48318577e+00
4.55795002e+00
4.55954885e+00
4.54329252e+00
4.49556541e+00
4.53255081e+00
4.64225245e+00
4.52328777e+00
4.49984837e+00
4.62814188e+00
4.66220236e+00
4.61647749e+00
4.56281900e+00
4.71474695e+00
4.69314718e+00
4.65645266e+00
4.72227097e+00
4.65421057e+00
4.77074528e+00
4.66663933e+00
4.67855930e+00
4.78299856e+00
4.77009106e+00
4.77371311e+00
4.58105564e+00
4.61638260e+00
4.63536024e+00
4.57043886e+00
4.64274549e+00
4.79887390e+00
4.61403513e+00
4.71346855e+00
4.79924440e+00
4.64563894e+00
4.72630882e+00
4.64388514e+00
4.60606146e+00
4.60921431e+00
4.65198851e+00
4.63935852e+00
4.68900681e+00
4.68489885e+00
4.60641813e+00
4.71208286e+00
4.71647215e+00
4.60072422e+00
4.65360308e+00
4.64946508e+00
4.62061739e+00
4.67678356e+00
4.55737591e+00
4.50016594e+00
4.58371782e+00
4.61678314e+00
4.55952692e+00
4.49710369e+00
4.50157928e+00
4.58101416e+00
4.50716734e+00
4.51458454e+00
4.56368351e+00
4.40570879e+00
4.41518307e+00
4.62008619e+00
4.54576492e+00
4.51125145e+00
4.49479771e+00
4.44985342e+00
4.60989857e+00
4.64798975e+00
4.46820736e+00
4.46706009e+00
4.59297180e+00
4.47541666e+00
4.36642551e+00
4.43003559e+00
4.44996500e+00
4.44825459e+00
4.30563593e+00
4.34709072e+00
4.43150806e+00
4.28878498e+00
4.28033733e+00
4.32277822e+00
4.22160053e+00
4.25602436e+00
4.25786448e+00
4.18337297e+00
4.07898998e+00
4.16103029e+00
4.09530354e+00
4.04804134e+00
4.06990910e+00
4.08170557e+00
3.99074221e+00
3.97928667e+00
4.02408361e+00
3.87911153e+00
3.86032343e+00
3.88158417e+00
3.82401276e+00
3.75375414e+00
3.76840210e+00
3.70870256e+00
3.68943405e+00
3.70157862e+00
3.60372019e+00
3.62264490e+00
3.54072714e+00
3.47811961e+00
3.50999570e+00
3.46533155e+00
3.33071756e+00
3.31148028e+00
3.31848979e+00
3.22315526e+00
3.18533039e+00
3.16881347e+00
3.17376828e+00
3.25516081e+00
3.25473213e+00
3.29937315e+00
3.29903173e+00
3.37700272e+00
3.34599423e+00
3.41659689e+00
3.53234673e+00
3.45098734e+00
3.47900963e+00
3.61477041e+00
3.62171698e+00
3.55836415e+00
3.61894464e+00
3.72423482e+00
3.72824717e+00
3.75142670e+00
3.71969366e+00
3.73740268e+00
3.74669528e+00
3.74968338e+00
3.83704996e+00
3.90686345e+00
3.87164378e+00
3.87120938e+00
3.96425748e+00
3.88869357e+00
3.90526319e+00
3.94111490e+00
3.97551775e+00
3.96717691e+00
3.97698021e+00
4.01464081e+00
4.00580835e+00
4.01474667e+00
4.03967667e+00
4.00508404e+00
4.01587534e+00
4.05840683e+00
4.07853889e+00
4.03025579e+00
4.02196598e+00
4.14806604e+00
4.15015125e+00
4.05811739e+00
4.03886700e+00
4.13532495e+00
4.14708948e+00
4.12160635e+00
4.16563177e+00
4.13944578e+00
4.14099216e+00
4.15194988e+00
4.12590456e+00
4.12637711e+00
4.10014057e+00
4.19374371e+00
4.21110058e+00
4.19571781e+00
4.18591595e+00
4.15854549e+00
4.21726751e+00
4.21410942e+00
4.13865471e+00
4.11184311e+00
4.14541721e+00
4.12031651e+00
4.17210054e+00
4.18511438e+00
4.18071604e+00
4.15774822e+00
4.20518351e+00
4.16741562e+00
4.26010609e+00
4.23348188e+00
4.13820934e+00
4.10839748e+00
4.13299465e+00
4.18833637e+00
4.21062183e+00
4.21467829e+00
4.19024706e+00
4.17897415e+00
4.14282799e+00
4.16173744e+00
4.08830643e+00
4.10054493e+00
4.14316559e+00
4.15021849e+00
4.10788250e+00
4.11986446e+00
4.08568859e+00
4.16473055e+00
4.10991192e+00
4.08705568e+00
4.12573290e+00
4.09063339e+00
4.08700562e+00
4.12854767e+00
4.11111927e+00
4.07562256e+00
4.09782219e+00
4.05296230e+00
4.08086300e+00
4.06507254e+00
4.08037090e+00
4.12054205e+00
4.01849842e+00
4.09036350e+00
4.13212299e+00
4.10891294e+00
4.10933590e+00
4.05603838e+00
4.07806587e+00
4.05333376e+00
4.05803537e+00
4.08754349e+00
4.06175566e+00
4.07255220e+00
4.02518559e+00
3.99068069e+00
4.05840588e+00
4.14637613e+00
4.06842566e+00
3.96875000e+00
3.96343470e+00
4.00834274e+00
4.00671959e+00
3.94031072e+00
3.91996527e+00
3.97594953e+00
3.92202115e+00
3.96029520e+00
3.97668576e+00
3.97976160e+00
3.98628426e+00
3.98227811e+00
4.00975943e+00
4.02384806e+00
3.90385199e+00
3.92860556e+00
3.90280843e+00
3.94740748e+00
3.96460843e+00
3.90026402e+00
3.97262383e+00
4.00873661e+00
3.92799711e+00
3.93715048e+00
3.84806371e+00
3.95339346e+00
3.89983630e+00
3.91719818e+00
3.93790960e+00
3.90468025e+00
3.90748549e+00
3.91956782e+00
3.88507986e+00
3.92740440e+00
3.93675947e+00
3.89645505e+00
3.81863523e+00
3.89187574e+00
3.92807579e+00
3.92623377e+00
3.87546611e+00
3.83833361e+00
3.91316366e+00
3.82334280e+00
3.81970549e+00
3.86152411e+00
3.85502243e+00
3.78121114e+00
3.78822207e+00
3.87294340e+00
3.78744173e+00
3.73355436e+00
3.79324341e+00
3.85226750e+00
3.82038736e+00
3.77621341e+00
3.77628207e+00
3.73766851e+00
3.73192143e+00
3.72058749e+00
3.72488213e+00
3.75658560e+00
3.75071192e+00
3.74768686e+00
3.73417854e+00
3.64873767e+00
3.61073828e+00
3.73666191e+00
3.62582088e+00
3.63112187e+00
3.64021826e+00
3.64843178e+00
3.56572676e+00
3.57760167e+00
3.61487722e+00
3.60459661e+00
3.57867694e+00
3.53554153e+00
3.59220314e+00
3.53247261e+00
3.51671100e+00
3.53867221e+00
3.51780367e+00
3.48819590e+00
3.50336885e+00
3.45192027e+00
3.42013168e+00
3.40895581e+00
3.38521838e+00
3.38811541e+00
3.42909288e+00
3.38851237e+00
3.32096100e+00
3.32184029e+00
3.30686426e+00
3.27395868e+00
3.27401423e+00
3.18516684e+00
3.21494222e+00
3.16034269e+00
3.12325215e+00
3.12253189e+00
3.14414001e+00
3.04856634e+00
3.00457358e+00
3.00310850e+00
2.99403834e+00
2.96626878e+00
2.89633679e+00
2.80029440e+00
2.79757762e+00
2.77713823e+00
2.69958186e+00
2.60924292e+00
2.65605545e+00
2.61295557e+00
2.55512094e+00
2.50526023e+00
2.43154287e+00
2.44862032e+00
2.45601678e+00
2.43299651e+00
2.51423717e+00
2.55891156e+00
2.61650705e+00
2.67749643e+00
2.69309759e+00
2.71592069e+00
2.71791697e+00
2.74130583e+00
2.82799840e+00
2.91215801e+00
2.90261769e+00
2.88812399e+00
2.93600655e+00
2.96153760e+00
3.00429106e+00
3.04923654e+00
3.03639436e+00
3.10057878e+00
3.14209175e+00
3.12809372e+00
3.05449390e+00
3.10891867e+00
3.19099808e+00
3.19081783e+00
3.18665123e+00
3.20751071e+00
3.26169014e+00
3.26498866e+00
3.27037549e+00
3.25750208e+00
3.23060179e+00
3.27845573e+00
3.30615687e+00
3.25764036e+00
3.30956888e+00
3.28617167e+00
3.24107981e+00
3.25255895e+00
3.32629633e+00
3.36378217e+00
3.36031103e+00
3.33341837e+00
3.35979414e+00
3.34793782e+00
3.36549830e+00
3.36963987e+00
3.37915111e+00
3.34542537e+00
3.39176440e+00
3.40880275e+00
3.34439659e+00
3.35251379e+00
3.43740201e+00
3.36211634e+00
3.38984036e+00
3.39679384e+00
3.36418104e+00
3.39057660e+00
3.36519623e+00
3.37455368e+00
3.36663318e+00
3.38556337e+00
3.35965157e+00
3.32894373e+00
3.35277033e+00
3.32169676e+00
3.38593030e+00
3.39687872e+00
3.33226824e+00
3.36008716e+00
3.36809039e+00
3.38569498e+00
3.31121325e+00
3.36971164e+00
3.35294461e+00
3.29134440e+00
3.32625651e+00
3.38635778e+00
3.34254837e+00
3.32327843e+00
3.33747673e+00
3.30377340e+00
3.30074811e+00
3.32294917e+00
3.37695956e+00
3.34872580e+00
3.28616524e+00
3.32299042e+00
3.34271884e+00
3.29870105e+00
3.39061809e+00
3.32679439e+00
3.28522825e+00
3.35420656e+00
3.32756424e+00
3.32159758e+00
3.35733342e+00
3.32881117e+00
3.30176592e+00
3.31490135e+00
3.31559896e+00
3.28075218e+00
3.29261351e+00
3.30282855e+00
3.23609233e+00
3.29325032e+00
3.30097890e+00
3.26993489e+00
3.27822256e+00
3.25066710e+00
3.26921797e+00
3.28115988e+00
3.26142240e+00
3.22422552e+00
3.31594133e+00
3.29558420e+00
3.27322960e+00
3.28919363e+00
3.31060410e+00
3.30593228e+00
3.26796412e+00
3.23898053e+00
3.23360205e+00
3.25363159e+00
3.25306273e+00
3.25212789e+00
3.23271871e+00
3.26188850e+00
3.24929571e+00
3.21186304e+00
3.26589012e+00
3.22801089e+00
3.24703860e+00
3.22547269e+00
3.19496393e+00
3.24466252e+00
3.26465726e+00
3.27681971e+00
3.28524828e+00
3.19822574e+00
3.20454407e+00
3.26987529e+00
3.23338962e+00
3.23165965e+00
3.20736551e+00
3.19521141e+00
3.17697001e+00
3.18028617e+00
3.22401357e+00
3.21028948e+00
3.21879053e+00
3.18004799e+00
3.19770432e+00
3.24473953e+00
3.17956352e+00
3.13479662e+00
3.13191986e+00
3.11959052e+00
3.09387541e+00
3.13266706e+00
3.18919039e+00
3.11179924e+00
3.14306307e+00
3.17760611e+00
3.15374804e+00
3.14436841e+00
3.11093140e+00
3.15674472e+00
3.17132664e+00
3.12760901e+00
3.16516280e+00
3.17444324e+00
3.14300513e+00
3.12255788e+00
3.09810519e+00
3.19420791e+00
3.18663836e+00
3.14687133e+00
3.13254213e+00
3.14286065e+00
3.19231749e+00
3.18597960e+00
3.16074848e+00
3.15969253e+00
3.15879774e+00
3.15961719e+00
3.12683344e+00
3.08091831e+00
3.08330297e+00
3.14437437e+00
3.11783648e+00
3.07419252e+00
3.08116341e+00
3.08604383e+00
3.08662081e+00
3.09629178e+00
3.06165814e+00
3.08726144e+00
3.11193395e+00
3.09483385e+00
3.07283521e+00
3.10117006e+00
3.07221031e+00
3.04204774e+00
3.07568884e+00
3.08036852e+00
3.08237267e+00
3.13046789e+00
3.14342356e+00
3.10518718e+00
3.06756449e+00
3.07879043e+00
3.06969643e+00
3.07352543e+00
3.06422997e+00
3.03493381e+00
3.03019094e+00
3.02936172e+00
3.03614807e+00
3.04153347e+00
3.02172852e+00
2.97765875e+00
3.01400614e+00
3.02109528e+00
3.00903368e+00
2.97815776e+00
2.98150420e+00
2.97076845e+00
3.05413198e+00
3.03407097e+00
3.00907540e+00
3.05300140e+00
3.00286055e+00
3.00979042e+00
2.98909998e+00
2.97875619e+00
2.98098707e+00
2.99369168e+00
3.00458097e+00
2.97209406e+00
3.00745344e+00
2.95814896e+00
3.00295210e+00
2.99741077e+00
2.96314836e+00
2.98140526e+00
2.97751284e+00
2.97732973e+00
2.95216131e+00
2.94152522e+00
2.92005396e+00
2.93449140e+00
2.94198585e+00
2.90465569e+00
2.92609072e+00
2.95327067e+00
2.90564895e+00
2.92582226e+00
2.97212267e+00
2.92276001e+00
2.90747643e+00
2.95518661e+00
2.91355300e+00
2.89659762e+00
2.85779166e+00
2.89646482e+00
2.92860270e+00
2.90522981e+00
2.90088701e+00
2.94298005e+00
2.85908175e+00
2.87134314e+00
2.88248301e+00
2.88956833e+00
2.88554764e+00
2.84991074e+00
2.88679171e+00
2.89038706e+00
2.89758563e+00
2.89371371e+00
2.81846476e+00
2.87711334e+00
2.85555434e+00
2.82326269e+00
2.85883045e+00
2.88578868e+00
2.82666731e+00
2.90406561e+00
2.83032250e+00
2.82347798e+00
2.87513971e+00
2.89141154e+00
2.88311243e+00
2.85688853e+00
2.86010218e+00
2.86529016e+00
2.84203076e+00
2.82927942e+00
2.80944180e+00
2.81101418e+00
2.87805986e+00
2.83889127e+00
2.84593558e+00
2.84780073e+00
2.80413294e+00
2.80725169e+00
2.83268595e+00
2.81816840e+00
2.80313945e+00
2.80796123e+00
2.80984211e+00
2.76395631e+00
2.78237867e+00
2.79823756e+00
2.79689837e+00
2.79895067e+00
2.75159144e+00
2.78516555e+00
2.82162929e+00
2.77227163e+00
2.76718998e+00
2.81796217e+00
2.82653332e+00
2.72362518e+00
2.76479530e+00
2.76921415e+00
2.75599051e+00
2.77416897e+00
2.77534199e+00
2.77358961e+00
2.75133753e+00
2.75198126e+00
2.73179007e+00
2.74369192e+00
2.76015997e+00
2.79563570e+00
2.74762797e+00
2.74758983e+00
2.76672363e+00
2.71990323e+00
2.73481750e+00
2.76535559e+00
2.73250365e+00
2.72523737e+00
2.72681427e+00
2.72520041e+00
2.73718786e+00
2.71635771e+00
2.69502616e+00
2.74852514e+00
2.72815418e+00
2.68662405e+00
2.72013187e+00
2.74922419e+00
2.70778871e+00
2.69247103e+00
2.68716240e+00
2.68521285e+00
2.68560934e+00
2.70509100e+00
2.65944433e+00
2.69118309e+00
2.69809103e+00
2.66095161e+00
2.68567538e+00
2.67769194e+00
2.65248632e+00
2.66984892e+00
2.66427183e+00
2.67077613e+00
2.69324136e+00
2.70436716e+00
2.64475846e+00
2.66428185e+00
2.65516233e+00
2.61698270e+00
2.70660734e+00
2.65040064e+00
2.62069130e+00
2.63070917e+00
2.63799739e+00
2.63625169e+00
2.61150885e+00
2.60478735e+00
2.57477593e+00
2.63440943e+00
2.64322734e+00
2.61794758e+00
2.61541224e+00
2.61741829e+00
2.59690857e+00
2.60239291e+00
2.58027339e+00
2.57787776e+00
2.57438993e+00
2.58107948e+00
2.58853364e+00
2.59894276e+00
2.59813619e+00
2.55356908e+00
2.56263208e+00
2.57964373e+00
2.55500555e+00
2.54867029e+00
2.54908991e+00
2.53831148e+00
2.56783199e+00
2.53422737e+00
2.55607080e+00
2.57126284e+00
2.53827715e+00
2.52587986e+00
2.55022359e+00
2.53796244e+00
2.50883651e+00
2.51160717e+00
2.51016927e+00
2.49712038e+00
2.49942064e+00
2.49012804e+00
2.51136804e+00
2.52092957e+00
2.49619532e+00
2.51399589e+00
2.50204587e+00
2.47201681e+00
2.45870471e+00
2.47556806e+00
2.44402170e+00
2.42617059e+00
2.45241642e+00
2.42407870e+00
2.46980166e+00
2.47898626e+00
2.47292066e+00
2.43333936e+00
2.43807483e+00
2.45090938e+00
2.40625262e+00
2.42443419e+00
2.44937754e+00
2.40620947e+00
2.37238145e+00
2.33841968e+00
2.37018228e+00
2.38957310e+00
2.36828279e+00
2.34129643e+00
2.34280753e+00
2.35501814e+00
2.35130906e+00
2.31303334e+00
2.29179096e+00
2.30875015e+00
2.32061386e+00
2.29996324e+00
2.31289649e+00
2.26917315e+00
2.25524759e+00
2.24236107e+00
2.24358320e+00
2.25887942e+00
2.23524547e+00
2.17351103e+00
2.16711783e+00
2.17866087e+00
2.14687872e+00
2.17787313e+00
2.14274693e+00
2.12835050e+00
2.09205866e+00
2.06896996e+00
2.04049158e+00
2.02452731e+00
1.99996376e+00
2.02023125e+00
1.99436569e+00
1.97172034e+00
1.97470880e+00
1.91505837e+00
1.92134225e+00
1.86783445e+00
1.83153248e+00
1.81550026e+00
1.79124856e+00
1.76786423e+00
1.69121337e+00
1.66936421e+00
1.63703084e+00
1.61429238e+00
1.63124406e+00
1.64736915e+00
1.67622030e+00
1.70198703e+00
1.76618707e+00
1.77422464e+00
1.79873157e+00
1.80009782e+00
1.85609126e+00
1.87703550e+00
1.86954951e+00
1.93324018e+00
1.98949969e+00
1.91454530e+00
1.95472813e+00
2.00992060e+00
1.98876607e+00
2.00751638e+00
2.02895069e+00
2.07842445e+00
2.07113981e+00
2.06643748e+00
2.07226992e+00
2.07059336e+00
2.06009030e+00
2.12421870e+00
2.12486172e+00
2.15803862e+00
2.16712236e+00
2.16985822e+00
2.16492319e+00
2.17026472e+00
2.18732595e+00
2.16544986e+00
2.17188025e+00
2.17476058e+00
2.16545248e+00
2.22413898e+00
2.20088148e+00
2.20328045e+00
2.20907950e+00
2.21318245e+00
2.25010085e+00
2.21813273e+00
2.19393921e+00
2.21472001e+00
2.24390650e+00
2.24922585e+00
2.21752763e+00
2.22674274e+00
2.24367070e+00
2.24020457e+00
2.20501566e+00
2.22945118e+00
2.24744463e+00
2.23487616e+00
2.23324394e+00
2.24321127e+00
2.22910380e+00
2.22545290e+00
2.23167944e+00
2.22245884e+00
2.23199797e+00
2.19466972e+00
2.22299933e+00
2.26739168e+00
2.23870993e+00
2.22904944e+00
2.26719999e+00
2.22956705e+00
2.21397662e+00
2.25882912e+00
2.26330829e+00
2.24074578e+00
2.23513937e+00
2.24431229e+00
2.24859095e+00
2.24986100e+00
2.21989417e+00
2.23543000e+00
2.24241924e+00
2.24234748e+00
2.23410082e+00
2.19288826e+00
2.18923187e+00
2.23679209e+00
2.19804621e+00
2.22739220e+00
2.23496890e+00
2.19224501e+00
2.22286272e+00
2.18787432e+00
2.20176697e+00
2.21396303e+00
2.17246747e+00
2.18045568e+00
2.17192912e+00
2.19977331e+00
2.20290232e+00
2.17603183e+00
2.18490005e+00
2.19675112e+00
2.17632532e+00
2.17484641e+00
2.14930534e+00
2.17103314e+00
2.18515301e+00
2.18746805e+00
2.20718908e+00
2.17751694e+00
2.21489000e+00
2.17710710e+00
2.19927955e+00
2.21954632e+00
2.14537930e+00
2.15203524e+00
2.13615799e+00
2.16724324e+00
2.17505884e+00
2.17036486e+00
2.19353247e+00
2.19122910e+00
2.15419126e+00
2.15963745e+00
2.16942644e+00
2.12132764e+00
2.14306784e+00
2.15865779e+00
2.17679739e+00
2.17401552e+00
2.16518736e+00
2.15128803e+00
2.11997724e+00
2.19368601e+00
2.14005661e+00
2.11876154e+00
2.16470861e+00
2.14746428e+00
2.15662146e+00
2.13942766e+00
2.16052985e+00
2.15895987e+00
2.15516877e+00
2.12746382e+00
2.08244920e+00
2.11629534e+00
2.13529062e+00
2.14420676e+00
2.12275314e+00
2.13946939e+00
2.12448931e+00
2.11029100e+00
2.10573983e+00
2.10474706e+00
2.12996483e+00
2.08583808e+00
2.09890389e+00
2.11224651e+00
2.11234617e+00
2.13112259e+00
2.10597134e+00
2.10109448e+00
2.11135340e+00
2.11770248e+00
2.12440896e+00
2.10775924e+00
2.08978701e+00
2.08977318e+00
2.09971857e+00
2.12130928e+00
2.06884384e+00
2.08868742e+00
2.13452506e+00
2.08731699e+00
2.10044408e+00
2.09442663e+00
2.06306577e+00
2.07670641e+00
2.08039403e+00
2.08048034e+00
2.08496785e+00
2.08005309e+00
2.05548215e+00
2.08176661e+00
2.11241221e+00
2.12190580e+00
2.06195712e+00
2.04486299e+00
2.07786679e+00
2.07595706e+00
2.06400180e+00
2.07348895e+00
2.05246186e+00
2.03195095e+00
2.01266789e+00
2.03021765e+00
2.03874803e+00
2.04353189e+00
2.03379989e+00
2.02489853e+00
2.02050829e+00
2.03292036e+00
2.05945468e+00
2.04959035e+00
2.02428699e+00
2.03490043e+00
2.03256607e+00
2.04002070e+00
2.05129004e+00
2.03895140e+00
2.00140285e+00
2.04160357e+00
2.01639104e+00
2.00112152e+00
2.01113200e+00
1.99900377e+00
1.99589503e+00
2.01846170e+00
2.03743744e+00
2.02239871e+00
2.01627421e+00
1.98243904e+00
1.99435079e+00
2.02128768e+00
2.00444460e+00
2.00220561e+00
2.00784421e+00
2.00095510e+00
2.01318622e+00
2.01889181e+00
1.98328948e+00
1.98068523e+00
2.00380182e+00
2.00624323e+00
1.98925841e+00
1.99670887e+00
1.97631800e+00
1.96561658e+00
1.99753129e+00
1.97731817e+00
1.96479797e+00
1.98491788e+00
2.00635123e+00
1.96010756e+00
1.94199491e+00
1.95957983e+00
1.98229825e+00
1.93932366e+00
1.95260406e+00
1.97460961e+00
1.96149087e+00
1.94717693e+00
1.95760572e+00
1.95716572e+00
1.96167684e+00
1.97683620e+00
1.94430959e+00
1.94771707e+00
1.95763564e+00
1.96236110e+00
1.96732557e+00
1.95811105e+00
1.95566690e+00
1.92663729e+00
1.92484784e+00
1.94513416e+00
1.90769291e+00
1.91768873e+00
1.92937970e+00
1.93176365e+00
1.93566298e+00
1.92417014e+00
1.87277544e+00
1.90553761e+00
1.92376328e+00
1.86392975e+00
1.87518692e+00
1.91567385e+00
1.89055705e+00
1.89586866e+00
1.92192531e+00
1.89164901e+00
1.88424802e+00
1.87874734e+00
1.89908576e+00
1.87000597e+00
1.88685489e+00
1.90739918e+00
1.88992059e+00
1.91559243e+00
1.91301155e+00
1.90326881e+00
1.88950610e+00
1.88901353e+00
1.85838532e+00
1.91088891e+00
1.90087891e+00
1.89117682e+00
1.85464478e+00
1.85005689e+00
1.88953269e+00
1.86354959e+00
1.87157464e+00
1.85497594e+00
1.85953307e+00
1.86541939e+00
1.84025824e+00
1.85307562e+00
1.82775462e+00
1.84279847e+00
1.86817002e+00
1.85230088e+00
1.85083604e+00
1.85440445e+00
1.85696149e+00
1.84131265e+00
1.84320188e+00
1.85963416e+00
1.83165705e+00
1.87803209e+00
1.86004519e+00
1.83642268e+00
1.83137667e+00
1.85019612e+00
1.84110475e+00
1.83143389e+00
1.83142304e+00
1.84782577e+00
1.85343039e+00
1.83252144e+00
1.84677696e+00
1.81854701e+00
1.82655561e+00
1.83929765e+00
1.84282076e+00
1.84183061e+00
1.80329061e+00
1.82105005e+00
1.79867291e+00
1.80406761e+00
1.83029807e+00
1.81346130e+00
1.82295537e+00
1.85043013e+00
1.83714294e+00
1.81897092e+00
1.79850888e+00
1.84184933e+00
1.83523726e+00
1.81414413e+00
1.81555724e+00
1.80529845e+00
1.79345989e+00
1.79549146e+00
1.82720542e+00
1.77663112e+00
1.80741632e+00
1.80591428e+00
1.79020119e+00
1.81041694e+00
1.80850101e+00
1.78633308e+00
1.77222097e+00
1.77216780e+00
1.78353572e+00
1.77388728e+00
1.78388572e+00
1.78366399e+00
1.74861312e+00
1.77810323e+00
1.79018116e+00
1.75351810e+00
1.76518083e+00
1.77018487e+00
1.76740873e+00
1.77779126e+00
1.76309991e+00
1.75658727e+00
1.76113105e+00
1.75977206e+00
1.77514195e+00
1.76541674e+00
1.74847794e+00
1.75954247e+00
1.74704397e+00
1.76866472e+00
1.74372935e+00
1.73733771e+00
1.74411511e+00
1.72988105e+00
1.74322701e+00
1.74078119e+00
1.75725484e+00
1.76057374e+00
1.73950040e+00
1.73770690e+00
1.74022603e+00
1.75438464e+00
1.70785654e+00
1.71347082e+00
1.72807956e+00
1.71177363e+00
1.72862816e+00
1.71004963e+00
1.72146964e+00
1.72888815e+00
1.71498966e+00
1.70479739e+00
1.70938897e+00
1.68442881e+00
1.70987129e+00
1.71088791e+00
1.68513370e+00
1.67927015e+00
1.69837797e+00
1.68963313e+00
1.70233572e+00
1.70182288e+00
1.69586623e+00
1.70900249e+00
1.74017274e+00
1.65688586e+00
1.66435432e+00
1.69655478e+00
1.69894719e+00
1.71717417e+00
1.68204558e+00
1.69538438e+00
1.70881176e+00
1.68768275e+00
1.66994250e+00
1.67483556e+00
1.67343044e+00
1.68159258e+00
1.72088122e+00
1.69716036e+00
1.66235578e+00
1.67768359e+00
1.64079571e+00
1.68561971e+00
1.67417181e+00
1.65235806e+00
1.65965056e+00
1.65175569e+00
1.66621971e+00
1.68588769e+00
1.65585768e+00
1.68187499e+00
1.70147038e+00
1.68138921e+00
1.65596318e+00
1.66560435e+00
1.65760922e+00
1.65466881e+00
1.64537299e+00
1.63430727e+00
1.62894535e+00
1.64109266e+00
1.62475467e+00
1.62819707e+00
1.62516439e+00
1.61672401e+00
1.64364338e+00
1.63796735e+00
1.62771094e+00
1.64035261e+00
1.64109683e+00
1.62493539e+00
1.61114764e+00
1.62721801e+00
1.64558470e+00
1.65095496e+00
1.67002463e+00
1.64785039e+00
1.63478160e+00
1.62365401e+00
1.60050035e+00
1.62153840e+00
1.62943590e+00
1.61920202e+00
1.63437247e+00
1.63663161e+00
1.59312928e+00
1.59497869e+00
1.59749758e+00
1.61352313e+00
1.61255300e+00
1.59810030e+00
1.60052896e+00
1.61663985e+00
1.62559724e+00
1.60156131e+00
1.59850204e+00
1.61364555e+00
1.61460781e+00
1.59387422e+00
1.57404709e+00
1.60243058e+00
1.60463548e+00
1.61139703e+00
1.58607674e+00
1.59649014e+00
1.61082935e+00
1.58385372e+00
1.58185589e+00
1.58375692e+00
1.58174396e+00
1.57705975e+00
1.56762528e+00
1.57011735e+00
1.56913161e+00
1.57106686e+00
1.58134377e+00
1.59612310e+00
1.56896770e+00
1.54249716e+00
1.59103513e+00
1.56503510e+00
1.56470466e+00
1.58045006e+00
1.58249521e+00
1.58248985e+00
1.56571174e+00
1.56690609e+00
1.56557012e+00
1.54985487e+00
1.54322708e+00
1.54521120e+00
1.53351665e+00
1.54246271e+00
1.55141139e+00
1.55819035e+00
1.53860950e+00
1.51058352e+00
1.57027221e+00
1.54510105e+00
1.53128529e+00
1.54800475e+00
1.53740573e+00
1.52238190e+00
1.54586363e+00
1.54557991e+00
1.52689290e+00
1.52883792e+00
1.52049422e+00
1.50947189e+00
1.53868902e+00
1.51131320e+00
1.50595152e+00
1.53132582e+00
1.54121268e+00
1.53045547e+00
1.53516221e+00
1.55574203e+00
1.53474391e+00
1.49090791e+00
1.52717233e+00
1.53830457e+00
1.52444887e+00
1.52089858e+00
1.51107478e+00
1.52171016e+00
1.52648664e+00
1.48364425e+00
1.47587633e+00
1.51955342e+00
1.51262486e+00
1.49730170e+00
1.50690508e+00
1.50224328e+00
1.52620256e+00
1.51835752e+00
1.50624943e+00
1.48085070e+00
1.50667346e+00
1.52771497e+00
1.47197342e+00
1.51659572e+00
1.49283361e+00
1.48163164e+00
1.50988793e+00
1.45709682e+00
1.44348156e+00
1.49579358e+00
1.50178242e+00
1.49578750e+00
1.49735653e+00
1.49414504e+00
1.48578954e+00
1.45306492e+00
1.46674454e+00
1.49613857e+00
1.45747924e+00
1.41170669e+00
1.45354283e+00
1.45941973e+00
1.43507457e+00
1.43810928e+00
1.53873801e+00
1.48891008e+00
1.44860637e+00
1.46693707e+00
1.47041392e+00
1.47226834e+00
1.46790099e+00
1.47223163e+00
1.45471644e+00
1.44790769e+00
1.47539830e+00
1.46866965e+00
1.47431815e+00
1.47394204e+00
1.44027627e+00
1.45839047e+00
1.46008933e+00
1.44711423e+00
1.43886650e+00
1.44017029e+00
1.44419408e+00
1.45192409e+00
1.42431319e+00
1.43142545e+00
1.45267367e+00
1.44122410e+00
1.45513558e+00
1.42772794e+00
1.43360531e+00
1.46119702e+00
1.42273974e+00
1.40923977e+00
1.45864880e+00
1.42314672e+00
1.43320572e+00
1.44013178e+00
1.39524865e+00
1.38647485e+00
1.42086756e+00
1.41013193e+00
1.40105295e+00
1.41059363e+00
1.42080879e+00
1.39205396e+00
1.41025662e+00
1.42658353e+00
1.43116736e+00
1.42890584e+00
1.42529809e+00
1.43347943e+00
1.40694118e+00
1.38311028e+00
1.35273087e+00
1.38818169e+00
1.40412450e+00
1.41935670e+00
1.39542389e+00
1.37171888e+00
1.36737895e+00
1.37048721e+00
1.36990023e+00
1.38228822e+00
1.37973976e+00
1.39376676e+00
1.40398824e+00
1.37666488e+00
1.36114383e+00
1.36957228e+00
1.39862978e+00
1.38055289e+00
1.37039065e+00
1.34281993e+00
1.38301039e+00
1.41468596e+00
1.37534261e+00
1.38992918e+00
1.40067089e+00
1.38308048e+00
1.36287403e+00
1.38766456e+00
1.40523934e+00
1.37590611e+00
1.38763320e+00
1.39177167e+00
1.37199008e+00
1.38259339e+00
1.36932743e+00
1.35620070e+00
1.37204289e+00
1.38210201e+00
1.36256194e+00
1.35344768e+00
1.34192061e+00
1.35778868e+00
1.36628509e+00
1.35807014e+00
1.36873841e+00
1.37109685e+00
1.36218762e+00
1.36201596e+00
1.37479115e+00
1.37193394e+00
1.35120022e+00
1.36646724e+00
1.35071266e+00
1.36029720e+00
1.32509482e+00
1.31289327e+00
1.35155678e+00
1.37136054e+00
1.31911564e+00
1.32847202e+00
1.34257221e+00
1.33478749e+00
1.33583891e+00
1.32280922e+00
1.34077549e+00
1.32746160e+00
1.32942271e+00
1.35977578e+00
1.35448968e+00
1.31286120e+00
1.33244777e+00
1.31253076e+00
1.30371439e+00
1.31004953e+00
1.32875419e+00
1.32847595e+00
1.33056056e+00
1.30936301e+00
1.31967163e+00
1.32501042e+00
1.31434703e+00
1.31316864e+00
1.30788445e+00
1.29385889e+00
1.32501721e+00
1.32811153e+00
1.30824149e+00
1.30852866e+00
1.31567931e+00
1.30065012e+00
1.29202235e+00
1.31825900e+00
1.30716026e+00
1.27554345e+00
1.31588626e+00
1.28209949e+00
1.28394294e+00
1.28790629e+00
1.27547586e+00
1.29819512e+00
1.26924658e+00
1.28534591e+00
1.27949631e+00
1.27091157e+00
1.27128446e+00
1.28034234e+00
1.28108799e+00
1.29302621e+00
1.26088989e+00
1.26556087e+00
1.28832817e+00
1.29418159e+00
1.31392038e+00
1.28690481e+00
1.26269031e+00
1.25123477e+00
1.28012919e+00
1.28873575e+00
1.26658225e+00
1.25213301e+00
1.28103292e+00
1.24847698e+00
1.25353944e+00
1.29719353e+00
1.25979757e+00
1.27882838e+00
1.26594543e+00
1.27605844e+00
1.27873814e+00
1.29447722e+00
1.26887333e+00
1.25708044e+00
1.26256466e+00
1.26294875e+00
1.26042593e+00
1.25280559e+00
1.24346232e+00
1.22505927e+00
1.24364877e+00
1.27392352e+00
1.24961054e+00
1.21788418e+00
1.22576952e+00
1.25909889e+00
1.25296724e+00
1.25783062e+00
1.26437795e+00
1.24694800e+00
1.25768447e+00
1.26326740e+00
1.25500810e+00
1.23646128e+00
1.21592832e+00
1.24099374e+00
1.24481452e+00
1.24328363e+00
1.23206818e+00
1.21842575e+00
1.23216760e+00
1.23893869e+00
1.23124015e+00
1.22191513e+00
1.21325588e+00
1.22265053e+00
1.20063615e+00
1.20326996e+00
1.20467627e+00
1.20807374e+00
1.20743001e+00
1.21271992e+00
1.23463893e+00
1.22777665e+00
1.22790229e+00
1.21065080e+00
1.21645248e+00
1.21674514e+00
1.20728612e+00
1.21295094e+00
1.22226954e+00
1.18532157e+00
1.19217038e+00
1.18095887e+00
1.16213894e+00
1.16087508e+00
1.15756178e+00
1.20119405e+00
1.16745782e+00
1.15070462e+00
1.20870781e+00
1.21471822e+00
1.20228350e+00
1.19700909e+00
1.19795108e+00
1.20729291e+00
1.20859349e+00
1.18334293e+00
1.18615317e+00
1.19946408e+00
1.19551599e+00
1.19400680e+00
1.21973443e+00
1.19234109e+00
1.18438125e+00
1.18468177e+00
1.17993319e+00
1.16642869e+00
1.13974392e+00
1.18003654e+00
1.21717560e+00
1.17461848e+00
1.16305459e+00
1.17053831e+00
1.17919540e+00
1.17797732e+00
1.13556218e+00
1.17159474e+00
1.18766999e+00
1.16110778e+00
1.16047037e+00
1.19215333e+00
1.16989899e+00
1.15555680e+00
1.15751338e+00
1.15837693e+00
1.13734174e+00
1.14134908e+00
1.15429151e+00
1.16082299e+00
1.14287269e+00
1.14645767e+00
1.15365362e+00
1.15957153e+00
1.16929317e+00
1.13196635e+00
1.16289186e+00
1.16834855e+00
1.10986483e+00
1.17291451e+00
1.14737093e+00
1.15576947e+00
1.14525425e+00
1.14341998e+00
1.16060746e+00
1.18220615e+00
1.15374768e+00
1.13479567e+00
1.14816511e+00
1.16079760e+00
1.13812661e+00
1.12243629e+00
1.14773381e+00
1.16822910e+00
1.12051797e+00
1.14225912e+00
1.15110683e+00
1.11735511e+00
1.13993335e+00
1.12816215e+00
1.13488603e+00
1.12243092e+00
1.11664069e+00
1.14292276e+00
1.13518596e+00
1.11092031e+00
1.10546541e+00
1.13879883e+00
1.12407517e+00
1.08308816e+00
1.11193669e+00
1.13650882e+00
1.12768054e+00
1.11849952e+00
1.09661257e+00
1.11085463e+00
1.12000310e+00
1.11782277e+00
1.10800958e+00
1.09747899e+00
1.11902118e+00
1.10517073e+00
1.10180700e+00
1.09478211e+00
1.10149741e+00
1.12996888e+00
1.12406790e+00
1.10656357e+00
1.10777831e+00
1.09406281e+00
1.11207938e+00
1.11198974e+00
1.09717679e+00
1.10004497e+00
1.09638572e+00
1.10480011e+00
1.08135676e+00
1.08363509e+00
1.10400021e+00
1.09303439e+00
1.11845255e+00
1.11682928e+00
1.09815252e+00
1.08198547e+00
1.07102466e+00
1.08990431e+00
1.07862580e+00
1.07517695e+00
1.08532929e+00
1.08530784e+00
1.07321298e+00
1.08365464e+00
1.05581069e+00
1.08899558e+00
1.09111857e+00
1.07216239e+00
1.07484365e+00
1.09622228e+00
1.09841025e+00
1.09094191e+00
1.06962049e+00
1.07700014e+00
1.10059667e+00
1.07888997e+00
1.08089828e+00
1.07558548e+00
1.08264077e+00
1.07883704e+00
1.05450833e+00
1.06287968e+00
1.07607627e+00
1.06815720e+00
1.07869160e+00
1.06937087e+00
1.07062101e+00
1.06234300e+00
1.03084671e+00
1.04963589e+00
1.06532693e+00
1.06420350e+00
1.06584573e+00
1.06272352e+00
1.04396367e+00
1.03167486e+00
1.03996968e+00
1.06490004e+00
1.07710910e+00
1.06411242e+00
1.03455853e+00
1.04714143e+00
1.03857744e+00
1.04363132e+00
1.03893828e+00
1.05000257e+00
1.03494430e+00
1.03734791e+00
1.05654275e+00
1.04822123e+00
1.03801382e+00
1.05541360e+00
1.05519676e+00
1.02512062e+00
1.04691541e+00
1.04269862e+00
1.04674840e+00
1.05227995e+00
1.05281484e+00
1.05602372e+00
1.04037213e+00
1.04527378e+00
1.04386377e+00
1.02071142e+00
1.03254390e+00
1.04974115e+00
1.04136431e+00
1.02491605e+00
1.02110755e+00
1.01371431e+00
1.00000000e+00
1.02216637e+00
1.01029706e+00
1.00607634e+00
1.02010715e+00
1.01283944e+00
1.00440979e+00
1.00230527e+00
9.86465812e-01
1.00754416e+00
1.03407061e+00
9.98709023e-01
1.01492655e+00
9.97229934e-01
9.98015881e-01
1.01712108e+00
9.92113113e-01
1.00369692e+00
1.01482975e+00
1.02013612e+00
1.01615024e+00
1.00923884e+00
9.86905456e-01
1.02506292e+00
1.00189424e+00
1.01542342e+00
1.00090384e+00
9.75497723e-01
9.84994113e-01
1.00872767e+00
9.98665512e-01
9.96103108e-01
9.98282909e-01
9.84432817e-01
9.95961666e-01
9.90170360e-01
9.86561298e-01
1.01770365e+00
1.00615859e+00
9.86777604e-01
9.82175827e-01
9.86071229e-01
9.93527234e-01
9.81218338e-01
9.87916648e-01
9.80428100e-01
1.00017893e+00
9.84755516e-01
9.63063419e-01
9.70257878e-01
9.70754147e-01
9.65982258e-01
9.64035332e-01
9.83551323e-01
9.62229908e-01
9.57059085e-01
9.68424618e-01
9.67231452e-01
9.61039543e-01
9.78775203e-01
9.68576252e-01
9.69969094e-01
9.65899289e-01
9.64246631e-01
9.76223588e-01
9.53288376e-01
9.50216174e-01
9.31490302e-01
9.48908031e-01
9.81055915e-01
9.69623387e-01
9.55154419e-01
9.46207643e-01
9.66671467e-01
9.59508061e-01
9.68565822e-01
9.62553382e-01
9.30985153e-01
9.52494800e-01
9.51551557e-01
9.44226623e-01
9.63977218e-01
9.58927631e-01
9.40409303e-01
9.64592099e-01
9.48182702e-01
9.59462464e-01
9.66073215e-01
9.40073013e-01
9.57104981e-01
9.49721515e-01
9.36150432e-01
9.32962298e-01
9.43883896e-01
9.43907440e-01
9.41963077e-01
9.20356631e-01
8.69269848e-01
9.21276093e-01
1.01862824e+00
9.78172898e-01
8.66165936e-01
9.26826477e-01
9.54479516e-01
9.55936074e-01
9.31395054e-01
9.18661475e-01
9.20491099e-01
9.42450166e-01
9.54479575e-01
9.22966123e-01
9.23666179e-01
9.42544758e-01
9.25893128e-01
9.32435811e-01
9.22338665e-01
9.18903530e-01
9.04976666e-01
9.00327504e-01
9.09187436e-01
9.56021011e-01
9.32213664e-01
9.25072849e-01
9.23898220e-01
9.21033978e-01
9.14591968e-01
9.16796803e-01
9.09514725e-01
8.98380399e-01
9.24237609e-01
9.35783744e-01
9.15615261e-01
9.10742879e-01
9.03183281e-01
9.11678672e-01
9.14874554e-01
9.14336681e-01
8.94392967e-01
8.93794835e-01
8.86169136e-01
8.81668448e-01
9.07076359e-01
9.22475159e-01
8.86775196e-01
9.03382480e-01
8.96624684e-01
8.84905219e-01
8.87105942e-01
8.72808933e-01
9.05930698e-01
8.97699535e-01
8.90102029e-01
8.96247566e-01
9.09001708e-01
8.97855103e-01
8.85432243e-01
9.06242967e-01
8.83020103e-01
8.92760932e-01
8.89051914e-01
8.88689876e-01
8.96687150e-01
8.88639629e-01
8.88656616e-01
8.89100552e-01
8.83870423e-01
8.84005666e-01
8.84522736e-01
8.70258331e-01
8.69190574e-01
8.63548160e-01
8.72117162e-01
8.62406731e-01
8.57004046e-01
8.81087184e-01
8.65550339e-01
8.86787713e-01
8.87560725e-01
8.80850494e-01
8.82620633e-01
8.54031742e-01
8.55418384e-01
8.70953679e-01
8.56674194e-01
8.62004459e-01
8.86635959e-01
8.42044532e-01
8.53017151e-01
8.66394699e-01
8.54378223e-01
8.63086045e-01
8.71544838e-01
8.60141575e-01
8.54152501e-01
8.54728878e-01
8.58307958e-01
8.49406600e-01
8.53872001e-01
8.66632164e-01
8.67501080e-01
8.42730701e-01
8.50045204e-01
8.50556672e-01
8.48918319e-01
8.71855855e-01
8.46133053e-01
8.38710129e-01
8.40526938e-01
8.22646618e-01
8.43442559e-01
8.54310513e-01
8.31577659e-01
8.41621876e-01
8.39539409e-01
8.42921138e-01
8.57050717e-01
8.26022983e-01
8.48946571e-01
8.54540229e-01
8.32466900e-01
8.34387481e-01
8.42435718e-01
8.37542653e-01
8.29604268e-01
8.52575958e-01
8.47505689e-01
8.23691070e-01
8.33581567e-01
8.44178200e-01
8.32105339e-01
8.29725862e-01
8.09204698e-01
8.12809765e-01
8.43371570e-01
8.14496398e-01
7.95893073e-01
8.04802299e-01
7.84376502e-01
7.74101019e-01
7.90811658e-01
7.89377451e-01
7.90235877e-01
7.88878322e-01
7.95947492e-01
7.91660488e-01
8.05840313e-01
7.86018312e-01
7.77093768e-01
7.84808517e-01
7.85579324e-01
7.94920981e-01
7.78550863e-01
7.72611499e-01
7.48016536e-01
7.45048344e-01
7.71929801e-01
7.74606109e-01
7.71288455e-01
7.60543346e-01
7.57856667e-01
7.55046010e-01
7.35197067e-01
7.25412726e-01
7.17144370e-01
7.24556029e-01
7.13248551e-01
7.13655055e-01
7.00784981e-01
7.00452328e-01
6.85459495e-01
6.61303699e-01
6.50795817e-01
6.49281561e-01
6.30859315e-01
6.09743774e-01
5.99343657e-01
5.93681931e-01
5.84307849e-01
5.89089930e-01
6.12357557e-01
6.36548162e-01
6.50304675e-01
6.75973654e-01
6.77058816e-01
6.83056355e-01
6.95489883e-01
7.02572703e-01
7.00614572e-01
6.78043544e-01
6.93620145e-01
7.07332730e-01
7.11308718e-01
7.34872937e-01
7.30617642e-01
7.15347409e-01
7.23891854e-01
7.28162050e-01
7.23691761e-01
7.29807019e-01
7.24898398e-01
7.37931907e-01
7.37037599e-01
7.43058383e-01
7.39365280e-01
7.42688000e-01
7.54152119e-01
7.51852691e-01
7.43505239e-01
7.45021582e-01
7.65222073e-01
7.71420181e-01
7.77345061e-01
7.40306973e-01
7.53328919e-01
7.58901298e-01
7.77075887e-01
7.54734039e-01
7.56310761e-01
7.54731536e-01
7.42239296e-01
7.50721812e-01
7.57667661e-01
7.70306230e-01
7.52449393e-01
7.46285796e-01
7.72976875e-01
7.67475426e-01
7.45690525e-01
7.67996669e-01
7.53343284e-01
7.41917193e-01
7.78611124e-01
7.60967970e-01
7.50502467e-01
7.70316839e-01
7.64590263e-01
7.58767009e-01
7.49812901e-01
7.55736470e-01
7.59993911e-01
7.39969432e-01
7.46390104e-01
7.36041844e-01
7.36744702e-01
7.54833043e-01
7.53713489e-01
7.33206272e-01
7.36247838e-01
7.43397355e-01
7.54780352e-01
7.58063674e-01
7.61087894e-01
7.51778960e-01
7.28727996e-01
7.54278064e-01
7.60390162e-01
7.55683482e-01
7.48120248e-01
7.40861773e-01
7.49495387e-01
7.41949558e-01
7.48111606e-01
7.45687127e-01
7.38857269e-01
7.27920413e-01
7.52092719e-01
7.29506850e-01
7.39070773e-01
7.34530091e-01
7.43288159e-01
7.50017226e-01
7.33072639e-01
7.26943672e-01
7.30927825e-01
7.48247743e-01
7.47658849e-01
7.43027389e-01
7.46430218e-01
7.36177683e-01
7.43530571e-01
7.49461293e-01
7.45788813e-01
7.35961556e-01
7.29937494e-01
7.38814771e-01
7.29869664e-01
7.22311795e-01
7.31942534e-01
7.26263404e-01
7.28055835e-01
7.31797576e-01
7.25018799e-01
7.30345368e-01
7.36153483e-01
7.27249920e-01
7.25340724e-01
7.23775983e-01
7.35044301e-01
7.37693310e-01
7.27115512e-01
7.26473093e-01
7.34371424e-01
7.38037109e-01
7.27632284e-01
7.05296814e-01
7.16745138e-01
7.23814309e-01
7.19274700e-01
7.31517434e-01
7.27722526e-01
7.17749357e-01
7.09084392e-01
7.16458738e-01
7.36140966e-01
7.28245497e-01
7.34979689e-01
7.06241906e-01
6.97593927e-01
7.30800807e-01
7.11016893e-01
7.15262234e-01
7.16682076e-01
7.14371026e-01
7.12008476e-01
7.21156955e-01
7.04279721e-01
7.22876549e-01
7.16677487e-01
7.04758286e-01
7.13963807e-01
7.16077924e-01
6.93185031e-01
6.92883730e-01
7.06928790e-01
7.12766051e-01
7.00853467e-01
7.02164769e-01
6.94249928e-01
7.10618377e-01
7.18183935e-01
7.07905889e-01
7.07985401e-01
7.12932229e-01
6.98767781e-01
7.06356883e-01
7.00742662e-01
7.01442420e-01
6.97496176e-01
7.01744437e-01
7.24374592e-01
7.07329988e-01
6.76410615e-01
6.83903396e-01
6.95836425e-01
6.97359443e-01
7.02966630e-01
6.96946979e-01
7.07269549e-01
7.15138018e-01
6.92663074e-01
6.91040397e-01
7.04978466e-01
6.77320361e-01
6.95782423e-01
6.96841776e-01
6.80976510e-01
6.86811626e-01
6.91541791e-01
6.64823353e-01
6.81955397e-01
6.87421143e-01
6.76870406e-01
7.23168492e-01
6.92119002e-01
6.74463749e-01
6.95021749e-01
6.97446823e-01
7.00560927e-01
6.90941691e-01
6.67444110e-01
6.85307324e-01
6.96594059e-01
6.90566659e-01
6.85738862e-01
6.85220361e-01
6.87101722e-01
6.88027501e-01
6.91247284e-01
6.81480169e-01
6.80414081e-01
6.80890262e-01
6.71060443e-01
6.80769205e-01
6.71912313e-01
6.69853568e-01
6.81117654e-01
6.70728862e-01
6.83239758e-01
6.73986077e-01
6.66079879e-01
6.80093288e-01
6.84594810e-01
6.86646998e-01
6.76692426e-01
6.56066298e-01
6.66835666e-01
6.67789340e-01
6.50068283e-01
6.56412482e-01
6.71202004e-01
6.62346959e-01
6.75413787e-01
6.73521042e-01
6.58363283e-01
6.53432250e-01
6.68273866e-01
6.54243529e-01
6.64407551e-01
6.61610246e-01
6.47538006e-01
6.52774632e-01
6.38110936e-01
6.61176026e-01
6.61334097e-01
6.54404461e-01
6.72247112e-01
6.50853992e-01
6.44705892e-01
6.39498770e-01
6.49256051e-01
6.57058775e-01
6.50205672e-01
6.50503516e-01
6.48268223e-01
6.44844174e-01
6.52860940e-01
6.43152118e-01
6.46623015e-01
6.39340580e-01
6.30557954e-01
6.35791898e-01
6.43182158e-01
6.31826699e-01
6.43896997e-01
6.57495618e-01
6.58084095e-01
6.47870183e-01
6.43814921e-01
6.48772478e-01
6.40675068e-01
6.23930216e-01
6.40246272e-01
6.24359310e-01
6.37765944e-01
6.46967173e-01
6.39908433e-01
6.30172014e-01
6.41791463e-01
6.38884902e-01
6.36518836e-01
6.37357235e-01
6.35990262e-01
6.36537194e-01
6.42392993e-01
6.46034598e-01
6.28193676e-01
6.33134007e-01
6.35310948e-01
6.27159894e-01
6.29565597e-01
6.30555153e-01
6.27389252e-01
6.30269408e-01
6.35177732e-01
6.10347867e-01
6.28241003e-01
6.28150403e-01
6.20989680e-01
6.30209208e-01
6.36571944e-01
6.24227643e-01
6.19251907e-01
6.17096782e-01
6.33061528e-01
6.26593113e-01
6.21391177e-01
6.18342280e-01
6.22425020e-01
6.33858562e-01
6.23564303e-01
6.09426498e-01
6.23555303e-01
6.28128052e-01
6.21111333e-01
6.19974911e-01
6.28256261e-01
6.23007715e-01
6.08292758e-01
6.14910245e-01
6.14725649e-01
6.25039995e-01
6.12980008e-01
6.19407058e-01
6.22367799e-01
6.01817250e-01
6.15621269e-01
5.97109854e-01
6.11891150e-01
6.16929293e-01
6.09676898e-01
6.20482564e-01
5.97792864e-01
6.08476400e-01
6.14876986e-01
6.02742851e-01
6.10452294e-01
6.12090230e-01
6.24355316e-01
6.09802604e-01
6.01394832e-01
6.11780107e-01
6.06917679e-01
5.95860422e-01
6.05408072e-01
6.02436006e-01
6.07638001e-01
5.95585644e-01
5.96452534e-01
5.93686700e-01
5.91725230e-01
5.99618316e-01
6.09830260e-01
6.01710796e-01
5.95251203e-01
5.94685853e-01
5.95656276e-01
5.99497020e-01
5.92985332e-01
5.87752461e-01
6.02676034e-01
5.81793904e-01
5.92087209e-01
5.99251390e-01
5.97129464e-01
6.07328534e-01
5.93195796e-01
5.81925988e-01
5.93366444e-01
5.91065109e-01
5.88924766e-01
5.86508989e-01
5.94147325e-01
6.09661937e-01
5.88084996e-01
5.90697765e-01
5.84414363e-01
5.87710500e-01
5.91418147e-01
5.77597141e-01
5.82795739e-01
5.77764809e-01
5.93946934e-01
5.83764195e-01
5.84684253e-01
5.88530421e-01
5.81378877e-01
5.80552697e-01
5.95209241e-01
5.91022611e-01
5.76344311e-01
5.80384552e-01
5.73237300e-01
5.82962513e-01
5.79646885e-01
5.72699487e-01
5.80884099e-01
5.74758530e-01
5.82509160e-01
5.82543015e-01
5.79837203e-01
5.84595263e-01
5.77477932e-01
5.72806120e-01
5.73522687e-01
5.64989448e-01
5.81055284e-01
5.73043942e-01
5.66529512e-01
5.72894216e-01
5.64695954e-01
5.71263671e-01
5.73350787e-01
5.61538100e-01
5.67459226e-01
5.74871480e-01
5.71020782e-01
5.69460571e-01
5.59791863e-01
5.61298490e-01
5.67027986e-01
5.57730556e-01
5.50483108e-01
5.74628294e-01
5.57387173e-01
5.39813161e-01
5.57129025e-01
5.63262105e-01
5.74561715e-01
5.49930573e-01
5.51486135e-01
5.62123060e-01
5.54548502e-01
5.48244417e-01
5.45385659e-01
5.50389528e-01
5.53488135e-01
5.74724078e-01
5.75087607e-01
5.58945775e-01
5.51407099e-01
5.49192071e-01
5.59552193e-01
5.20623386e-01
4.85339165e-01
5.21562874e-01
5.87666631e-01
5.59607685e-01
5.41291833e-01
5.50122857e-01
5.53246439e-01
5.52928686e-01
5.60411930e-01
5.55174589e-01
5.51044285e-01
5.53467631e-01
5.36459565e-01
5.42343199e-01
5.60528219e-01
5.48372149e-01
5.52161932e-01
5.52327096e-01
5.52757859e-01
5.50936103e-01
5.44288516e-01
5.64598680e-01
5.38658679e-01
5.22291541e-01
5.28445184e-01
5.42631209e-01
5.56042850e-01
5.30042648e-01
5.29433131e-01
5.34325778e-01
5.22949576e-01
5.18318117e-01
5.23852706e-01
5.50687671e-01
5.44613481e-01
5.35246491e-01
5.38605034e-01
5.30746043e-01
5.03015399e-01
5.44696510e-01
5.22740543e-01
5.42364001e-01
5.52373230e-01
5.36205173e-01
5.45150399e-01
5.40572464e-01
5.44297636e-01
5.32186270e-01
5.22844195e-01
5.39194703e-01
5.43009937e-01
5.41078687e-01
5.42212784e-01
5.22339582e-01
5.09266257e-01
5.20026565e-01
5.07920861e-01
5.31563699e-01
5.35766244e-01
5.36638856e-01
5.31091690e-01
5.26357532e-01
5.18087745e-01
5.37505269e-01
5.33978641e-01
5.24093330e-01
5.38871646e-01
5.34002841e-01
5.23774445e-01
5.25034606e-01
5.25417209e-01
5.19974053e-01
5.21140516e-01
5.38426697e-01
5.16642869e-01
5.09765089e-01
5.13694882e-01
5.19235194e-01
5.22270799e-01
5.34678996e-01
5.12699306e-01
5.27324498e-01
5.23140192e-01
5.23856521e-01
5.24347365e-01
5.09484589e-01
5.22409618e-01
5.08635402e-01
5.05200982e-01
5.03536284e-01
5.11657119e-01
5.20432770e-01
5.21291673e-01
5.18255055e-01
5.17499685e-01
5.16839147e-01
4.98649299e-01
5.05319297e-01
5.13246894e-01
5.13505340e-01
5.23403287e-01
5.20273209e-01
5.14938414e-01
5.14547944e-01
5.07598758e-01
5.02954841e-01
5.09645104e-01
5.22703052e-01
5.16405046e-01
5.10390878e-01
5.17345607e-01
5.00745595e-01
5.07401705e-01
5.09371638e-01
5.10630310e-01
5.15661657e-01
5.02527356e-01
4.93606955e-01
5.02111793e-01
4.94884402e-01
4.96859074e-01
4.88542080e-01
4.83015835e-01
5.16584039e-01
5.00169456e-01
4.89275306e-01
5.06264627e-01
4.94766802e-01
5.09173989e-01
5.02689481e-01
5.01904130e-01
5.04182160e-01
4.99727190e-01
4.92238283e-01
4.94241297e-01
4.98099864e-01
4.90588844e-01
4.87620294e-01
4.97138321e-01
4.92549181e-01
4.85152334e-01
5.01097381e-01
4.98597443e-01
4.92481083e-01
4.90449905e-01
4.85632032e-01
4.66395795e-01
4.90087599e-01
4.98970568e-01
4.82654810e-01
4.90328729e-01
4.85153526e-01
4.84767616e-01
4.83267933e-01
4.79360282e-01
4.84803051e-01
4.86431271e-01
4.87632930e-01
4.94518280e-01
4.98001009e-01
4.92539793e-01
4.92845118e-01
4.96038496e-01
4.81067806e-01
4.82342333e-01
4.82272148e-01
4.80885684e-01
4.74306017e-01
4.76550579e-01
4.87361103e-01
4.66005385e-01
4.75445449e-01
4.75511730e-01
4.74770218e-01
4.71116394e-01
4.70861256e-01
4.81856883e-01
4.84144032e-01
4.82437313e-01
4.79567230e-01
4.67895985e-01
4.72113431e-01
4.81806189e-01
4.86951292e-01
4.80344385e-01
4.75470930e-01
4.78802770e-01
4.91174132e-01
4.54866350e-01
4.84386265e-01
4.96246725e-01
4.88318920e-01
4.87073034e-01
4.82513726e-01
4.55175161e-01
4.82937574e-01
4.97379363e-01
4.82814014e-01
4.83694464e-01
4.60006177e-01
4.66951430e-01
4.68377531e-01
4.63363886e-01
4.67335522e-01
4.59019572e-01
4.40812171e-01
4.80428994e-01
5.00978827e-01
4.77033526e-01
4.74760622e-01
4.66908157e-01
4.74016964e-01
4.80114609e-01
4.75471199e-01
4.74403292e-01
4.58049864e-01
4.58835065e-01
4.71174657e-01
4.42777246e-01
4.48106140e-01
4.77751821e-01
4.63058859e-01
4.63458776e-01
4.65586275e-01
4.59933221e-01
4.46791828e-01
4.62356240e-01
4.66402203e-01
4.53572512e-01
4.64099944e-01
4.56452549e-01
4.55741346e-01
4.58314031e-01
4.58880603e-01
4.53760386e-01
4.67932284e-01
4.62627172e-01
4.63321745e-01
4.59059626e-01
4.49187100e-01
4.40572888e-01
4.50835526e-01
4.46395099e-01
4.63421762e-01
4.56436157e-01
4.44743156e-01
4.50145394e-01
4.62141663e-01
4.56538856e-01
4.60691273e-01
4.55177784e-01
4.47437674e-01
4.33061987e-01
4.14052904e-01
4.10025030e-01
4.19597328e-01
4.52018499e-01
4.62200493e-01
4.55984443e-01
4.25633430e-01
4.38928038e-01
4.47680950e-01
4.50401962e-01
4.47888851e-01
4.37153727e-01
4.46959972e-01
4.55166191e-01
4.54623461e-01
4.51439619e-01
4.44060802e-01
4.34276670e-01
4.28676605e-01
4.50010300e-01
4.19725955e-01
4.13375795e-01
4.33069527e-01
4.71590817e-01
4.56648409e-01
4.34378088e-01
4.29276466e-01
4.14978921e-01
4.36842680e-01
4.45429265e-01
4.29333031e-01
4.46301788e-01
4.36438650e-01
4.36639965e-01
4.48664576e-01
4.45907056e-01
4.40756142e-01
4.38912332e-01
4.34348524e-01
4.48483169e-01
4.47656095e-01
4.31698561e-01
4.35143560e-01
4.36973751e-01
4.36672688e-01
3.95966291e-01
3.94265920e-01
4.33076084e-01
4.32628244e-01
4.24819291e-01
4.24242795e-01
4.30295765e-01
4.32926327e-01
4.16098177e-01
4.08794940e-01
4.26202685e-01
4.33807462e-01
4.30178970e-01
4.32651907e-01
4.29796845e-01
3.92197549e-01
3.86646688e-01
4.41673368e-01
4.53827798e-01
4.30063307e-01
4.19587553e-01
4.21412706e-01
4.17231858e-01
4.11935508e-01
4.08805668e-01
4.10917282e-01
4.15838242e-01
4.09447134e-01
4.38308150e-01
4.42593902e-01
4.26254660e-01
4.12885278e-01
4.07363892e-01
3.70355159e-01
3.70413810e-01
4.68380034e-01
4.51774269e-01
3.93332124e-01
4.14448172e-01
4.45276886e-01
4.18859959e-01
3.88854295e-01
4.07399476e-01
4.08427566e-01
4.13334608e-01
4.58231509e-01
4.25752729e-01
3.90936673e-01
3.99255693e-01
4.03867960e-01
4.06873524e-01
4.23889309e-01
4.15089458e-01
3.81827891e-01
3.70568603e-01
4.17288721e-01
4.41102743e-01
4.15484607e-01
4.34176594e-01
4.10556972e-01
4.01076317e-01
4.17424351e-01
4.11229700e-01
4.03098404e-01
4.11603689e-01
4.12270248e-01
3.49539936e-01
3.41656834e-01
4.19324249e-01
4.42334950e-01
3.85453343e-01
3.83124501e-01
4.20913130e-01
4.26749378e-01
3.97915065e-01
4.06886876e-01
3.76409858e-01
3.89769614e-01
4.15802330e-01
4.18577433e-01
4.19781387e-01
4.03287113e-01
4.02591854e-01
3.84646833e-01
4.08950567e-01
4.19052213e-01
3.98588330e-01
4.12382513e-01
4.01953995e-01
4.01289284e-01
4.05346155e-01
3.99406135e-01
3.99885595e-01
3.91731203e-01
3.88724923e-01
4.21262801e-01
3.81596923e-01
3.75254929e-01
3.85370314e-01
3.77785295e-01
4.00091112e-01
3.96169126e-01
3.87593925e-01
3.93023044e-01
3.93719673e-01
3.78441453e-01
3.99956286e-01
3.93309444e-01
3.89380842e-01
4.00805295e-01
4.09402668e-01
4.13955837e-01
3.90153468e-01
3.82062852e-01
3.95400822e-01
3.97606552e-01
3.91691625e-01
3.90837133e-01
4.00638998e-01
3.90554249e-01
3.85867715e-01
3.90296996e-01
3.84410441e-01
4.08287436e-01
3.77099335e-01
3.72863889e-01
3.71666819e-01
3.79459560e-01
3.86704832e-01
3.70366991e-01
3.88397664e-01
3.84854168e-01
3.88243139e-01
3.84857446e-01
3.76310617e-01
3.91546100e-01
3.88730079e-01
3.81959170e-01
3.89505565e-01
3.86404574e-01
3.72605234e-01
3.71495426e-01
4.00182873e-01
3.83292884e-01
3.77639681e-01
3.83893460e-01
3.75338137e-01
3.76446128e-01
3.79974425e-01
3.96625400e-01
3.85635436e-01
3.81742477e-01
3.70694578e-01
3.79356086e-01
3.88367444e-01
3.90388906e-01
3.83221209e-01
3.82755399e-01
3.84065121e-01
3.76163960e-01
3.87423366e-01
3.76702130e-01
3.84735107e-01
3.83971304e-01
3.67986560e-01
3.71449053e-01
3.76702309e-01
3.74000847e-01
3.68491769e-01
3.68788868e-01
3.62481624e-01
3.85355055e-01
3.90910119e-01
3.78432631e-01
3.88252586e-01
3.82809460e-01
3.62795711e-01
3.79527420e-01
3.76750767e-01
3.68415684e-01
3.77193570e-01
3.77160579e-01
3.62886906e-01
3.72192144e-01
3.66574079e-01
3.74464601e-01
3.87828827e-01
3.73687118e-01
3.77617240e-01
3.72232676e-01
3.68496835e-01
3.65623176e-01
3.70348006e-01
3.68876010e-01
3.68810833e-01
3.83992136e-01
3.71090293e-01
3.65989864e-01
3.71606261e-01
3.66366684e-01
3.75274718e-01
3.81589830e-01
3.69314402e-01
3.67557824e-01
3.69816393e-01
3.67006660e-01
3.56312066e-01
3.64944458e-01
3.64310026e-01
3.66174757e-01
3.64262074e-01
3.59571397e-01
3.68958026e-01
3.56521398e-01
3.63610536e-01
3.69503975e-01
3.69279325e-01
3.71608496e-01
3.60981792e-01
3.67276847e-01
3.74618948e-01
3.72437656e-01
3.68100107e-01
3.66599023e-01
3.53490531e-01
3.58619362e-01
3.53826463e-01
3.63908589e-01
3.72823417e-01
3.61087859e-01
3.51291120e-01
3.55741203e-01
3.55671912e-01
3.54189366e-01
3.59983474e-01
3.62524539e-01
3.68544728e-01
3.71532857e-01
3.52586567e-01
3.69559407e-01
3.60028952e-01
3.49695802e-01
3.72279912e-01
3.62610281e-01
3.48930925e-01
3.65292490e-01
3.59520853e-01
3.45546812e-01
3.60021651e-01
3.59660804e-01
3.59131992e-01
3.46839607e-01
3.54550898e-01
3.64706904e-01
3.56789410e-01
3.52960169e-01
3.46515238e-01
3.48338425e-01
3.54202300e-01
3.56607825e-01
3.65865558e-01
3.66055846e-01
3.41489494e-01
3.40803564e-01
3.33839715e-01
3.41524422e-01
3.52213204e-01
3.03640515e-01
3.34184289e-01
3.39180768e-01
3.35702658e-01
3.26769203e-01
3.34182620e-01
3.49671155e-01
3.69585037e-01
3.39707673e-01
3.59050214e-01
3.64883095e-01
3.32385957e-01
3.41621816e-01
3.49215388e-01
3.29462200e-01
3.26877028e-01
3.42843473e-01
3.57333928e-01
3.42274755e-01
3.35764021e-01
3.39916855e-01
3.45097870e-01
3.45036477e-01
3.36859941e-01
3.39527965e-01
3.49318147e-01
3.39836329e-01
3.51997614e-01
3.35795730e-01
3.18517119e-01
3.63155365e-01
3.05863798e-01
2.84058034e-01
3.08081627e-01
3.16212118e-01
3.46072227e-01
3.68186176e-01
3.35534960e-01
3.30927551e-01
3.29236209e-01
3.35427135e-01
3.31469089e-01
3.31452876e-01
3.41043085e-01
3.31790030e-01
3.31336677e-01
3.28974128e-01
3.27415854e-01
3.28579247e-01
3.07146966e-01
3.11950594e-01
3.39258492e-01
3.51056397e-01
3.30254346e-01
3.22934210e-01
3.45555037e-01
3.35754931e-01
3.18888426e-01
2.31402636e-01
2.94046104e-01
4.78917420e-01
3.53043348e-01
3.27631891e-01
3.33821446e-01
3.38784575e-01
3.18227679e-01
2.78293312e-01
2.89291173e-01
3.62924784e-01
3.56915176e-01
3.24313432e-01
3.22282284e-01
3.22919875e-01
3.18634272e-01
1.71037719e-01
2.68344671e-01
3.85319561e-01
3.69649023e-01
3.21193099e-01
3.32173645e-01
3.34668994e-01
3.24186236e-01
3.30399692e-01
3.35505188e-01
3.22369248e-01
2.96668142e-01
3.03225338e-01
3.26338828e-01
3.40975463e-01
3.35748971e-01
3.21669638e-01
3.11589003e-01
2.48403028e-01
3.05675477e-01
3.62587035e-01
3.33018422e-01
3.21214139e-01
3.14050853e-01
3.20302486e-01
3.15275371e-01
3.18710387e-01
3.23975652e-01
3.12287062e-01
3.17269683e-01
3.18964601e-01
3.14668179e-01
3.08618516e-01
3.09471190e-01
3.07781637e-01
3.06179285e-01
3.20990235e-01
3.15044552e-01
2.99767554e-01
3.19930762e-01
3.40976417e-01
2.97386289e-01
3.14675272e-01
3.20113242e-01
3.12720001e-01
3.12632263e-01
3.17549080e-01
3.14604640e-01
3.14065605e-01
3.10536325e-01
3.12728941e-01
3.18533152e-01
3.15860003e-01
3.14066887e-01
3.05283844e-01
3.13424319e-01
3.13580215e-01
3.16112220e-01
3.03175569e-01
3.16793263e-01
3.09515178e-01
3.20533425e-01
3.22502524e-01
2.97665834e-01
2.99672723e-01
3.15204084e-01
3.12076539e-01
3.17554325e-01
3.12892109e-01
3.02301824e-01
3.10084522e-01
3.10732186e-01
3.05914819e-01
2.97441661e-01
2.98059762e-01
3.06422472e-01
3.13212514e-01
3.10723960e-01
3.02662283e-01
3.06174368e-01
3.15839976e-01
3.16466868e-01
3.13131511e-01
3.10176522e-01
3.08464944e-01
2.97439903e-01
2.97505587e-01
2.98193038e-01
3.01697463e-01
2.95987070e-01
3.04619640e-01
3.00441593e-01
2.93917805e-01
3.00656706e-01
3.02768797e-01
3.03126067e-01
2.96605140e-01
2.85619438e-01
2.91723728e-01
2.99022287e-01
2.92781442e-01
2.91076362e-01
2.66237557e-01
2.79092848e-01
3.02926600e-01
3.03675026e-01
2.92930365e-01
2.99842298e-01
3.00628066e-01
2.96698689e-01
2.95107901e-01
2.85761178e-01
2.99421996e-01
2.88681358e-01
2.81782597e-01
2.89287269e-01
2.82743812e-01
2.96688855e-01
3.07745248e-01
2.89246142e-01
2.86359847e-01
3.02602500e-01
2.98032939e-01
2.80071825e-01
2.84329146e-01
2.94861794e-01
2.92397797e-01
2.90764153e-01
3.00127089e-01
2.99694449e-01
2.93150485e-01
2.97936827e-01
2.93071747e-01
3.03976506e-01
3.04232448e-01
2.87628084e-01
2.86923736e-01
2.87628084e-01
2.88273573e-01
2.82813102e-01
2.83851385e-01
3.02228868e-01
2.95652181e-01
2.84103125e-01
2.93748170e-01
2.98836499e-01
2.91146129e-01
2.90076107e-01
2.94762284e-01
3.01424265e-01
2.88376033e-01
2.90583789e-01
2.94576705e-01
2.87416160e-01
2.77060449e-01
2.84406453e-01
2.81325996e-01
2.76776493e-01
2.82882750e-01
2.82226503e-01
2.88318813e-01
2.88680255e-01
2.88373739e-01
2.82520503e-01
2.78616667e-01
2.78928459e-01
2.72121251e-01
2.65191793e-01
2.30907127e-01
2.73153424e-01
2.75584280e-01
2.13604808e-01
3.44901741e-01
3.34828675e-01
2.68740952e-01
2.45381668e-01
2.89733976e-01
3.34331244e-01
2.86745667e-01
2.73375452e-01
2.80403912e-01
2.78600872e-01
2.57047266e-01
2.49848679e-01
2.85300344e-01
2.84754395e-01
2.89778531e-01
2.79887944e-01
2.77218252e-01
2.85717309e-01
2.78536856e-01
2.83258140e-01
2.74887800e-01
2.74482459e-01
2.84806907e-01
2.86018223e-01
2.86664605e-01
2.78050482e-01
2.85531968e-01
1.91877365e-01
7.92169720e-02
1.70787722e-01
3.86522710e-01
2.88083494e-01
2.42000148e-01
2.09864885e-01
2.72508532e-01
3.19144160e-01
2.66567588e-01
2.81243116e-01
2.77066886e-01
2.65529752e-01
2.71040618e-01
2.93082833e-01
2.75180548e-01
2.77732462e-01
2.78181702e-01
2.68572688e-01
2.69683063e-01
2.66844451e-01
2.28439182e-01
2.75632918e-01
2.94453442e-01
2.71631002e-01
2.81477273e-01
2.92127550e-01
2.69671679e-01
2.66506016e-01
2.20458359e-01
2.15044469e-01
2.12011859e-01
2.56774127e-01
2.72146404e-01
2.79922307e-01
2.66816974e-01
2.75914460e-01
2.64908940e-01
2.49457121e-01
2.38554716e-01
2.29936406e-01
2.66883284e-01
2.66271651e-01
2.75202990e-01
2.71976560e-01
2.59969056e-01
2.34555170e-01
1.82517603e-01
1.78097203e-01
2.22972348e-01
2.67956287e-01
2.76510864e-01
2.51158774e-01
2.70837843e-01
2.73420393e-01
2.66821682e-01
2.59537637e-01
2.48538226e-01
2.58628875e-01
2.69061565e-01
2.46017814e-01
2.56667286e-01
2.64174193e-01
2.49884397e-01
2.45177224e-01
1.03983983e-01
1.93527311e-01
3.11996847e-01
2.68604547e-01
2.58877844e-01
2.62826592e-01
2.51636922e-01
2.56898940e-01
2.61618823e-01
2.69030303e-01
2.61767536e-01
2.56525099e-01
2.57305801e-01
2.50284374e-01
2.45781988e-01
2.39044040e-01
2.65203059e-01
2.51447797e-01
2.62374669e-01
2.86781847e-01
2.50770032e-01
1.98523253e-01
2.23945573e-01
2.53030092e-01
