8.68698835e-01
7.81829715e-01
1.03438675e+00
9.08564270e-01
8.83830786e-01
9.82000709e-01
8.73315930e-01
8.81142080e-01
7.01474369e-01
8.35129917e-01
8.49399924e-01
6.92354500e-01
7.94074833e-01
8.04952681e-01
6.95822597e-01
9.08714175e-01
8.37312579e-01
6.87197030e-01
9.16396737e-01
8.32959414e-01
7.58827150e-01
7.96341896e-01
7.36198664e-01
7.64033377e-01
7.87884772e-01
7.86332965e-01
8.30489159e-01
6.98107660e-01
7.78821647e-01
8.54956985e-01
9.27132726e-01
8.22284400e-01
8.46136928e-01
7.67561138e-01
8.11672747e-01
7.76808679e-01
7.29166448e-01
7.87849844e-01
6.86793804e-01
7.78982103e-01
9.13694441e-01
7.41392732e-01
8.55085790e-01
8.81308138e-01
9.16122258e-01
8.79893124e-01
7.87286639e-01
8.28517258e-01
8.01601768e-01
6.73836946e-01
7.84787238e-01
8.08587909e-01
9.21909750e-01
8.87128651e-01
7.29771733e-01
8.67735744e-01
7.92230427e-01
7.78575182e-01
7.70662844e-01
8.60060036e-01
8.01042259e-01
6.15044951e-01
7.25657284e-01
7.65934229e-01
7.14258611e-01
6.94119632e-01
7.90127397e-01
6.37537420e-01
6.97633386e-01
7.54737973e-01
7.44554520e-01
6.93215311e-01
7.54882872e-01
6.96224213e-01
7.55447686e-01
7.79365897e-01
5.97768068e-01
7.23628640e-01
7.71466672e-01
6.78956985e-01
7.26735055e-01
6.78736806e-01
7.09646344e-01
6.53969169e-01
7.27012098e-01
7.09670126e-01
5.09268105e-01
6.48743391e-01
6.39878809e-01
6.21829271e-01
8.06176364e-01
7.18732238e-01
7.05859184e-01
8.13139617e-01
5.89105785e-01
5.96379280e-01
6.17515624e-01
6.59253180e-01
5.62437594e-01
5.80863953e-01
6.74915314e-01
6.38357460e-01
6.51395261e-01
6.63450539e-01
6.37211740e-01
7.18564153e-01
6.70176208e-01
7.74293423e-01
6.36342645e-01
6.63782835e-01
6.16028428e-01
7.58505881e-01
7.47782707e-01
5.83545685e-01
5.82621872e-01
6.41972065e-01
7.27175295e-01
7.07774878e-01
5.92679739e-01
7.26429999e-01
7.52973080e-01
7.19630957e-01
6.87044919e-01
7.04774678e-01
7.51906812e-01
6.86839104e-01
6.82792664e-01
6.49195194e-01
7.21285224e-01
7.79262781e-01
7.85526693e-01
7.25332856e-01
6.55770242e-01
6.98076248e-01
6.55206025e-01
6.48956954e-01
6.60850167e-01
7.10041881e-01
6.82087719e-01
7.27800965e-01
6.76458418e-01
7.81949162e-01
8.62345695e-01
6.11943185e-01
6.22942626e-01
8.06763589e-01
6.36918664e-01
6.29476845e-01
5.94448268e-01
6.55550659e-01
6.81041181e-01
6.58642590e-01
6.72502697e-01
5.85911870e-01
6.21315241e-01
7.26800263e-01
7.35748231e-01
6.44489765e-01
7.72352815e-01
6.73522949e-01
6.20679617e-01
6.38303220e-01
6.47306383e-01
7.33221352e-01
5.93528330e-01
5.41263044e-01
6.15747750e-01
7.05059946e-01
6.08609200e-01
6.73766851e-01
6.48771942e-01
6.26071632e-01
6.31329179e-01
5.76607823e-01
6.23527646e-01
6.25213146e-01
6.32972896e-01
7.04044223e-01
6.95372701e-01
6.10417843e-01
4.83614713e-01
6.21468544e-01
6.07451022e-01
6.39686942e-01
5.77247560e-01
5.22726059e-01
5.44057429e-01
5.46366930e-01
5.53889990e-01
6.05491042e-01
6.09843612e-01
5.22773921e-01
5.67012787e-01
6.09204590e-01
4.58898306e-01
5.24604380e-01
6.22253120e-01
6.41044855e-01
5.50061166e-01
5.44718087e-01
5.59170425e-01
5.70086062e-01
6.27283990e-01
6.26352727e-01
5.43953478e-01
6.65675163e-01
5.75183451e-01
5.82866251e-01
6.47529304e-01
6.17591739e-01
5.67196131e-01
5.87403774e-01
5.54426789e-01
5.03421128e-01
5.41382670e-01
5.56152344e-01
4.61933762e-01
5.37018836e-01
5.03103375e-01
5.76017737e-01
6.08797610e-01
6.28136158e-01
6.12174630e-01
5.75098038e-01
5.91356397e-01
6.36855841e-01
5.06540358e-01
4.35017407e-01
5.39641261e-01
6.39666498e-01
6.31114066e-01
5.60168564e-01
5.96539021e-01
6.09754145e-01
5.11894643e-01
6.07954144e-01
5.55699825e-01
6.11650944e-01
5.93180597e-01
6.05280161e-01
7.03425229e-01
4.91796702e-01
5.67052066e-01
6.01546824e-01
5.67430973e-01
6.10137403e-01
6.53493881e-01
6.85115337e-01
5.86771607e-01
5.15747368e-01
5.94805360e-01
4.80503649e-01
5.47814786e-01
5.99590957e-01
5.78898549e-01
5.75722933e-01
6.01746798e-01
5.19493878e-01
5.57633579e-01
5.89576185e-01
5.37883282e-01
5.59878826e-01
6.31953180e-01
5.50697148e-01
5.80408812e-01
6.03517592e-01
5.76346755e-01
5.22947252e-01
6.04565084e-01
6.38722181e-01
5.70077837e-01
5.65776706e-01
6.03081465e-01
5.93457639e-01
5.27798176e-01
4.80628669e-01
5.28630614e-01
5.49722791e-01
5.23351669e-01
5.37677348e-01
5.76364458e-01
5.89460552e-01
4.84310210e-01
4.97036874e-01
4.58794564e-01
4.81348395e-01
4.69688028e-01
5.05307555e-01
5.44656575e-01
5.54376721e-01
4.82235074e-01
5.00341475e-01
4.97752786e-01
5.26481152e-01
5.43856502e-01
5.08881211e-01
5.66379070e-01
4.15238589e-01
4.86277223e-01
5.26701987e-01
5.00479519e-01
4.25868362e-01
4.98756498e-01
5.38726687e-01
4.93805557e-01
5.01948297e-01
4.50640172e-01
4.69969988e-01
4.60084051e-01
4.97807056e-01
4.65373218e-01
4.55719233e-01
5.02595007e-01
4.26768064e-01
4.08642143e-01
5.11423528e-01
5.38229764e-01
4.18227196e-01
4.57323849e-01
4.74719316e-01
4.20005411e-01
4.46353257e-01
4.19067502e-01
4.01503444e-01
4.29500997e-01
4.02353466e-01
4.69657540e-01
4.03306812e-01
4.40071970e-01
4.53811347e-01
3.90684336e-01
4.54839766e-01
4.08410370e-01
4.43231106e-01
4.32113260e-01
3.99375141e-01
4.22551125e-01
4.29015279e-01
4.55352306e-01
4.47192848e-01
3.95678014e-01
4.26550567e-01
4.08825368e-01
3.66550088e-01
4.30491626e-01
5.11396110e-01
4.60820228e-01
4.20156747e-01
3.96279812e-01
4.13633913e-01
4.96385574e-01
4.00103629e-01
3.87395293e-01
4.70967352e-01
3.94872367e-01
4.58936810e-01
4.16757137e-01
4.49279845e-01
4.34639066e-01
4.42938089e-01
4.87651289e-01
4.38435942e-01
4.07728940e-01
4.58235443e-01
4.56334233e-01
4.20566529e-01
4.49261576e-01
4.19770956e-01
4.47675765e-01
4.87220854e-01
4.72694159e-01
4.50754911e-01
4.48492795e-01
5.08470535e-01
4.33744907e-01
4.43641692e-01
4.67193663e-01
4.73494232e-01
4.40178871e-01
4.20534134e-01
4.09429222e-01
4.33500201e-01
5.07037044e-01
5.06196737e-01
4.46951956e-01
3.89632255e-01
3.97254407e-01
4.45382357e-01
4.16627645e-01
3.77633184e-01
4.72249329e-01
4.04579312e-01
4.26606596e-01
4.30681527e-01
4.99398023e-01
5.12942433e-01
4.19183582e-01
3.91684920e-01
3.95749182e-01
3.91311854e-01
4.05640781e-01
4.65585709e-01
4.98884737e-01
5.31627774e-01
4.20372903e-01
4.12262738e-01
4.41763341e-01
4.15398836e-01
4.50519890e-01
4.90332961e-01
5.14822900e-01
5.11616290e-01
4.80978668e-01
4.69291747e-01
4.02861446e-01
4.95942116e-01
4.47272599e-01
4.59038734e-01
4.22458589e-01
4.09615785e-01
4.57774997e-01
4.28000212e-01
4.43208069e-01
4.54116702e-01
4.58189458e-01
4.60402757e-01
4.33978319e-01
4.44210827e-01
4.90458101e-01
4.53797162e-01
4.06844258e-01
4.33877349e-01
4.30649459e-01
4.31586444e-01
4.80420738e-01
4.13873643e-01
4.02967572e-01
4.46586400e-01
4.66437727e-01
4.38782215e-01
4.20335501e-01
4.22518075e-01
3.80421370e-01
3.90908659e-01
4.05244082e-01
3.96028310e-01
5.01330853e-01
4.63307440e-01
4.49382275e-01
4.64348912e-01
3.94405276e-01
4.03710544e-01
4.80650932e-01
4.41613764e-01
3.48088175e-01
3.77290756e-01
4.02614266e-01
4.07939136e-01
4.46903765e-01
3.95538121e-01
4.05934215e-01
4.59770262e-01
4.15134311e-01
3.76544505e-01
3.84012669e-01
3.79919171e-01
3.34663063e-01
4.40398723e-01
4.25616652e-01
3.65557998e-01
3.91341209e-01
4.30436254e-01
3.97764862e-01
4.24893439e-01
4.13629383e-01
3.99134785e-01
4.88050938e-01
4.09533024e-01
3.76710117e-01
3.89347225e-01
4.74963069e-01
4.36036617e-01
3.84901524e-01
4.10568953e-01
3.65617752e-01
3.42661470e-01
3.15732718e-01
3.70755702e-01
4.26155299e-01
4.16857868e-01
4.02000010e-01
3.79033417e-01
4.32377011e-01
4.16117698e-01
4.25610304e-01
4.40086156e-01
4.13354099e-01
4.03111398e-01
4.18417126e-01
3.69293898e-01
3.53535086e-01
3.54817241e-01
3.59972119e-01
3.82681727e-01
3.66513461e-01
3.96374553e-01
3.46200973e-01
3.47805262e-01
3.44666690e-01
4.12841201e-01
4.14942712e-01
3.42043251e-01
3.82572860e-01
3.83988917e-01
4.01828021e-01
3.56398731e-01
4.09131974e-01
3.72374922e-01
3.52227926e-01
3.47714126e-01
3.59989166e-01
3.98008198e-01
3.70059460e-01
3.57345521e-01
3.82249951e-01
3.79032701e-01
3.91971797e-01
3.32182944e-01
3.46728683e-01
3.28640044e-01
3.87457371e-01
3.79936904e-01
3.37782860e-01
3.75610858e-01
3.77383500e-01
3.88691545e-01
3.72902274e-01
3.39431733e-01
3.47716630e-01
3.75101119e-01
3.17895830e-01
3.52171391e-01
3.61208022e-01
3.36710870e-01
3.59712541e-01
3.80725265e-01
3.67874324e-01
3.26145679e-01
3.21984679e-01
3.89362514e-01
3.45136672e-01
3.33190739e-01
3.33549112e-01
3.07328761e-01
3.06864172e-01
2.80257076e-01
3.07856888e-01
3.37340742e-01
2.58323938e-01
3.41831446e-01
2.44854569e-01
3.22826594e-01
3.89210016e-01
2.50620365e-01
3.06022704e-01
3.03057224e-01
2.69796461e-01
3.17250818e-01
2.78118640e-01
2.55125523e-01
3.09559137e-01
3.53336900e-01
3.22307676e-01
2.89801002e-01
2.78011829e-01
2.83513963e-01
2.52278388e-01
2.44349167e-01
2.26650521e-01
2.35080719e-01
2.61427134e-01
2.81084090e-01
2.73682743e-01
3.13267559e-01
3.68920833e-01
2.93800116e-01
2.60530710e-01
3.12466413e-01
2.91246802e-01
2.44683713e-01
2.73838550e-01
3.11235756e-01
2.92702109e-01
2.98783630e-01
3.16046149e-01
3.52344960e-01
2.95788258e-01
3.12633723e-01
3.15770924e-01
2.98450351e-01
3.47038209e-01
2.46822774e-01
3.18434149e-01
3.06359023e-01
3.08028162e-01
3.62836897e-01
2.44998455e-01
2.85944730e-01
2.77748525e-01
2.63513088e-01
2.86824971e-01
3.04725021e-01
3.11790198e-01
3.26239228e-01
3.07257354e-01
2.44844690e-01
3.02609891e-01
2.81626105e-01
3.73745531e-01
3.56690943e-01
3.29549551e-01
3.62167180e-01
3.07181686e-01
2.62024701e-01
2.57115185e-01
3.22142154e-01
3.09053838e-01
2.88564086e-01
3.12830657e-01
3.16041887e-01
3.41047764e-01
3.11572582e-01
2.93869913e-01
2.99423158e-01
2.98153520e-01
3.31639439e-01
3.02543432e-01
3.21017593e-01
3.02854061e-01
3.33752155e-01
3.05822402e-01
2.60100275e-01
3.22041899e-01
3.11863661e-01
2.72695184e-01
2.64116704e-01
3.37015957e-01
3.53507251e-01
3.14377457e-01
2.98122346e-01
2.91669488e-01
3.09186399e-01
3.22830141e-01
3.10298890e-01
2.93751240e-01
2.95172721e-01
3.23827565e-01
2.81490654e-01
2.79580742e-01
3.52237523e-01
3.27357948e-01
2.74353027e-01
3.10322106e-01
3.07016909e-01
3.33091497e-01
3.19351166e-01
3.20327342e-01
3.30163777e-01
3.22320610e-01
3.14652085e-01
3.07824939e-01
2.89305627e-01
2.68226743e-01
2.95378715e-01
3.00513476e-01
3.31941158e-01
3.11962157e-01
2.89762437e-01
3.21330875e-01
2.93777406e-01
2.83663899e-01
2.81558186e-01
2.54343987e-01
3.10697466e-01
2.42637798e-01
2.75925368e-01
2.73245096e-01
2.82268494e-01
3.11876804e-01
3.37340832e-01
2.96435982e-01
2.62678891e-01
3.54551345e-01
3.21363837e-01
2.67209947e-01
3.16945344e-01
2.58231401e-01
2.96585292e-01
2.98682630e-01
3.05144399e-01
3.24164838e-01
2.59808987e-01
2.92500377e-01
2.75131077e-01
2.93513626e-01
3.03761214e-01
2.73244411e-01
3.27058583e-01
3.12362164e-01
2.92667985e-01
3.81996304e-01
3.00593942e-01
2.48047680e-01
2.86922097e-01
2.63975769e-01
2.97496915e-01
2.99260497e-01
3.04023772e-01
3.15640569e-01
3.33765358e-01
2.73620248e-01
2.93010980e-01
2.51801580e-01
2.82830566e-01
3.29196125e-01
2.90544420e-01
2.80739993e-01
2.53987551e-01
2.55875409e-01
2.89530337e-01
3.15162003e-01
2.79636979e-01
3.07269841e-01
3.16067904e-01
2.73558527e-01
2.74309099e-01
2.57691085e-01
2.46337444e-01
2.66380847e-01
3.03807527e-01
2.88477570e-01
2.87603796e-01
2.85132378e-01
2.51249731e-01
2.29562193e-01
2.98431009e-01
2.18937740e-01
2.37968430e-01
2.85505593e-01
2.67850608e-01
2.79855341e-01
2.67005980e-01
2.70410657e-01
2.77303785e-01
2.95981526e-01
2.41897985e-01
3.30120564e-01
3.58204007e-01
2.69024730e-01
2.13549316e-01
2.50738382e-01
3.23336363e-01
2.53031164e-01
2.79374123e-01
2.58056730e-01
2.12796062e-01
2.52647847e-01
2.24563062e-01
2.31739953e-01
2.32056364e-01
2.88710803e-01
2.53449500e-01
2.19033420e-01
2.78191000e-01
2.64565229e-01
2.74829745e-01
2.73222178e-01
2.41394758e-01
2.19893485e-01
2.48026714e-01
2.42359266e-01
2.33115107e-01
2.40560174e-01
2.73584545e-01
2.91919529e-01
2.56420672e-01
2.24414423e-01
2.48397678e-01
2.57724255e-01
2.79107451e-01
2.12492734e-01
2.45563000e-01
2.93057770e-01
2.52877921e-01
2.89217532e-01
2.48367280e-01
1.88022241e-01
2.61176407e-01
2.15114057e-01
2.20773071e-01
2.55255461e-01
2.72528023e-01
2.43985966e-01
2.47355178e-01
2.64343917e-01
2.70128459e-01
2.26991668e-01
2.14921668e-01
2.27855429e-01
2.07192928e-01
2.41789192e-01
2.74378419e-01
1.99614435e-01
1.87504396e-01
2.10992694e-01
2.13334471e-01
2.65323371e-01
2.45005503e-01
2.31659099e-01
2.48556897e-01
2.55801260e-01
2.51917303e-01
2.43896440e-01
3.11074764e-01
2.61539757e-01
1.92508504e-01
2.02227101e-01
2.42719173e-01
2.53842652e-01
2.87036717e-01
2.41919428e-01
1.98006347e-01
2.33088538e-01
2.54705071e-01
2.14774221e-01
2.49660581e-01
2.28525475e-01
2.07941353e-01
2.15397403e-01
2.00966746e-01
2.36429214e-01
2.28739366e-01
1.95481390e-01
2.10794657e-01
2.28349760e-01
2.29518667e-01
2.48931825e-01
2.46248513e-01
2.75118768e-01
2.36898318e-01
2.00434923e-01
2.36799210e-01
2.30839208e-01
1.81381017e-01
2.21582174e-01
2.37704888e-01
2.56535769e-01
2.46453524e-01
2.40192637e-01
2.42782786e-01
2.34574795e-01
2.15124696e-01
1.99871153e-01
2.23322868e-01
2.60407239e-01
1.96718842e-01
2.12801307e-01
2.30714977e-01
2.18752503e-01
2.39211470e-01
2.48643562e-01
2.47397631e-01
2.39310116e-01
2.37661257e-01
1.94541618e-01
1.90223902e-01
2.11981982e-01
1.98259339e-01
2.02369168e-01
1.85306549e-01
1.74942821e-01
2.18056902e-01
1.87038600e-01
2.21385717e-01
2.17869908e-01
2.19636664e-01
2.48077482e-01
2.26124048e-01
1.83279887e-01
2.04760686e-01
2.16489956e-01
1.94069937e-01
1.91051394e-01
1.91896573e-01
2.08601996e-01
2.22059011e-01
2.36215845e-01
2.08841398e-01
2.06981853e-01
1.91416740e-01
2.13783935e-01
2.55802780e-01
2.24638969e-01
1.89274952e-01
1.91917568e-01
1.98513508e-01
1.88510776e-01
2.42552251e-01
2.28074551e-01
2.05895051e-01
1.89764470e-01
1.85968801e-01
1.62265033e-01
1.86102211e-01
2.18031570e-01
1.95867628e-01
1.80987567e-01
2.00904310e-01
2.18030676e-01
1.87972873e-01
2.30546266e-01
1.99367106e-01
2.18475759e-01
2.42778450e-01
1.99196219e-01
1.90144449e-01
1.89291328e-01
1.57977998e-01
1.83312014e-01
2.07405105e-01
1.67803764e-01
2.00600848e-01
2.03559279e-01
1.90178558e-01
2.23071560e-01
2.38099843e-01
1.76234037e-01
1.88857839e-01
1.97052136e-01
2.29723722e-01
2.13366732e-01
1.91660404e-01
1.99296519e-01
1.87392652e-01
2.11923182e-01
1.92470074e-01
2.06006572e-01
1.98484689e-01
1.96868971e-01
2.12281495e-01
2.02001050e-01
1.98931143e-01
1.88150987e-01
1.73959866e-01
1.97231621e-01
1.88612774e-01
1.94837436e-01
1.67389303e-01
1.80097505e-01
1.72930419e-01
1.68897837e-01
1.77377224e-01
2.05195993e-01
1.96444839e-01
1.61157489e-01
2.00513646e-01
2.19321817e-01
2.30675697e-01
1.96756572e-01
1.72460631e-01
1.53494805e-01
1.89997867e-01
1.56749025e-01
1.68687150e-01
1.67896897e-01
1.77730173e-01
2.19553173e-01
2.16553256e-01
1.68946356e-01
1.81557313e-01
1.85977653e-01
1.95382059e-01
1.88897923e-01
1.94141045e-01
1.87270761e-01
1.83780983e-01
1.90798163e-01
1.75240710e-01
1.73166201e-01
1.68949649e-01
1.46664217e-01
1.70214385e-01
1.79523438e-01
1.55876666e-01
1.75323039e-01
1.87801793e-01
1.59032032e-01
1.57851845e-01
1.71354383e-01
1.68852001e-01
1.56478107e-01
1.48537457e-01
1.86514452e-01
1.63337469e-01
1.61969602e-01
1.52902380e-01
1.40953317e-01
1.63726002e-01
2.17324913e-01
1.66903540e-01
1.49255857e-01
1.50920704e-01
1.70362532e-01
1.95653111e-01
1.87387958e-01
1.60960734e-01
1.72373310e-01
1.40165344e-01
1.48098975e-01
1.48952320e-01
1.45775810e-01
1.38401821e-01
1.39164910e-01
1.57072321e-01
1.39267966e-01
1.47558659e-01
1.92915320e-01
1.66959032e-01
1.58625320e-01
1.61994353e-01
1.69762954e-01
1.92466393e-01
1.23837709e-01
1.30212978e-01
1.62444636e-01
1.54653132e-01
1.49531081e-01
1.48837969e-01
1.31710440e-01
1.46899983e-01
1.49229541e-01
1.37101680e-01
1.32557645e-01
1.19627327e-01
1.29220396e-01
1.17949225e-01
1.40602246e-01
1.80920437e-01
1.59270018e-01
1.32061645e-01
1.33010283e-01
1.24194458e-01
1.16219036e-01
1.30490974e-01
1.57547861e-01
1.63396329e-01
1.36500120e-01
1.41451344e-01
1.39593542e-01
1.25115454e-01
1.22783445e-01
1.17963016e-01
1.41126305e-01
1.24309428e-01
1.40202671e-01
1.32145002e-01
1.40779212e-01
1.23388156e-01
1.14066727e-01
1.12422951e-01
1.41270310e-01
1.49282143e-01
1.22055136e-01
1.41201690e-01
1.48747459e-01
1.73663780e-01
1.44759327e-01
1.34238601e-01
1.31005347e-01
1.35477111e-01
1.52910173e-01
1.32736355e-01
1.40815914e-01
1.19103849e-01
1.24900691e-01
1.12061784e-01
1.38188750e-01
1.79020718e-01
1.50865629e-01
1.40553817e-01
1.48294359e-01
1.42828658e-01
1.45163149e-01
1.02226771e-01
1.28775001e-01
1.28080145e-01
1.23388492e-01
1.50792956e-01
1.70233175e-01
1.74271345e-01
1.30864993e-01
1.24167889e-01
1.36522710e-01
1.43238261e-01
1.24172695e-01
1.33833453e-01
1.37238339e-01
1.11033298e-01
1.23660572e-01
1.60011262e-01
1.41624272e-01
1.29196987e-01
1.33819163e-01
1.26797989e-01
1.01964697e-01
1.23731203e-01
1.49772316e-01
1.66351080e-01
1.25397965e-01
1.05041243e-01
1.41602010e-01
1.22708865e-01
1.37925535e-01
1.34525508e-01
1.13843188e-01
1.49828210e-01
1.81613252e-01
1.41520083e-01
1.59161732e-01
1.27281278e-01
1.58068523e-01
1.63612515e-01
1.48319483e-01
1.13086291e-01
1.88926712e-01
1.47242308e-01
1.41123995e-01
1.30021617e-01
1.15513086e-01
1.46218181e-01
1.45860016e-01
1.23467267e-01
1.21081114e-01
1.32616788e-01
1.35817140e-01
1.35953799e-01
1.38366893e-01
1.65035620e-01
1.40968964e-01
1.34578228e-01
1.33960575e-01
1.25162661e-01
1.18408352e-01
1.26678109e-01
1.25961870e-01
1.34779632e-01
1.27156585e-01
1.28073707e-01
1.58827096e-01
1.77406862e-01
1.41117245e-01
1.03885628e-01
1.09427027e-01
1.48823932e-01
1.37808710e-01
1.08161218e-01
1.02637969e-01
1.36197135e-01
1.31702185e-01
1.44221678e-01
1.24529779e-01
1.26168504e-01
1.36762545e-01
1.42578840e-01
1.46631122e-01
1.34961948e-01
1.55529708e-01
1.41777843e-01
1.53685138e-01
1.39186963e-01
1.35470703e-01
1.21028513e-01
1.81202933e-01
1.27734125e-01
1.37872919e-01
1.22525468e-01
1.35860741e-01
1.60730049e-01
1.53632179e-01
1.38390779e-01
1.49406314e-01
1.28608793e-01
1.38650164e-01
1.41585305e-01
1.17555790e-01
1.30319923e-01
1.36062384e-01
1.22073352e-01
1.17167816e-01
1.35990560e-01
1.17127664e-01
1.01908952e-01
9.08189043e-02
1.24513261e-01
1.28142029e-01
1.17499083e-01
1.16597012e-01
1.21490054e-01
1.20173626e-01
1.31671846e-01
1.47088379e-01
1.43072963e-01
1.36695623e-01
1.21866904e-01
1.00699030e-01
1.04827471e-01
1.18314013e-01
1.44090652e-01
1.23970881e-01
1.25310928e-01
1.19557828e-01
1.12768039e-01
1.15597837e-01
1.24799579e-01
1.35438219e-01
1.33974046e-01
9.90824848e-02
1.21036284e-01
1.38322070e-01
1.10686578e-01
1.33008644e-01
1.23986341e-01
1.23249754e-01
1.17014639e-01
1.23019688e-01
1.16804674e-01
1.39224514e-01
1.28522649e-01
1.17388912e-01
9.54980999e-02
1.45899743e-01
1.19945228e-01
9.50901955e-02
1.01190038e-01
1.13727428e-01
1.63285196e-01
1.51599914e-01
1.28100723e-01
1.41241074e-01
9.08711478e-02
1.09983407e-01
1.35301307e-01
1.26048148e-01
9.67358276e-02
1.11421622e-01
1.24948621e-01
1.31225199e-01
1.04475714e-01
1.07549392e-01
1.44477814e-01
1.06462426e-01
1.07715160e-01
1.07414342e-01
1.28624201e-01
1.13886379e-01
1.03544943e-01
1.11246839e-01
1.16396293e-01
1.04731992e-01
1.04890063e-01
1.26761645e-01
1.05228737e-01
1.20079532e-01
1.24905162e-01
9.01583731e-02
8.53439271e-02
1.02629803e-01
9.39936489e-02
1.02650121e-01
1.25960797e-01
1.26808017e-01
9.66129154e-02
1.25323251e-01
1.37775898e-01
1.41217366e-01
1.20357394e-01
1.17321499e-01
1.32976323e-01
1.14301607e-01
1.28548592e-01
1.10820688e-01
1.12350672e-01
1.24150917e-01
1.24502465e-01
1.07699692e-01
1.19621769e-01
1.01498090e-01
1.20472990e-01
1.05122365e-01
8.97782221e-02
1.24142803e-01
9.75804180e-02
1.16816975e-01
1.38241589e-01
9.35466141e-02
9.57390368e-02
1.40743315e-01
1.01535611e-01
1.27797440e-01
9.73533392e-02
8.50828215e-02
1.04324095e-01
1.37473896e-01
1.08425789e-01
8.37952793e-02
1.01500086e-01
1.15962885e-01
1.12825699e-01
1.04466580e-01
9.68989283e-02
1.15662612e-01
1.03262603e-01
9.74944457e-02
1.21802866e-01
1.32714525e-01
1.43075317e-01
1.15157008e-01
1.08866870e-01
1.15709029e-01
1.15856595e-01
1.02196589e-01
1.05596848e-01
9.60379317e-02
9.03226659e-02
8.86778682e-02
1.32975355e-01
1.26343682e-01
1.01168692e-01
8.01897496e-02
1.23016238e-01
1.03168890e-01
1.02718122e-01
1.23573259e-01
8.33805278e-02
7.19948411e-02
9.41273049e-02
1.00054227e-01
8.21804330e-02
1.07042238e-01
1.03193000e-01
8.29390660e-02
8.57871696e-02
1.26593560e-01
1.05551235e-01
8.92697424e-02
1.18107893e-01
1.30645052e-01
1.12669930e-01
1.10965237e-01
9.55393165e-02
8.63665417e-02
1.15123369e-01
1.26605555e-01
1.18059359e-01
9.77290198e-02
9.29894075e-02
1.09662354e-01
1.08337350e-01
9.54043418e-02
9.03556719e-02
1.17099270e-01
1.15553126e-01
1.06434792e-01
1.07815586e-01
1.46687001e-01
8.36246014e-02
9.10312533e-02
1.26586139e-01
1.08429283e-01
1.13231935e-01
1.24042861e-01
9.37264711e-02
1.10939562e-01
1.11327879e-01
1.02064893e-01
1.15814708e-01
8.59535486e-02
1.08223274e-01
1.05174929e-01
1.02854781e-01
8.47665146e-02
1.16918355e-01
1.09742917e-01
7.95271844e-02
7.77211189e-02
7.28949085e-02
1.13737293e-01
1.37229457e-01
1.39406428e-01
1.20571896e-01
8.32091942e-02
7.73431733e-02
9.92641523e-02
9.75252688e-02
8.94013345e-02
1.24408916e-01
1.06487356e-01
1.12370126e-01
9.84526277e-02
1.01600766e-01
9.41578746e-02
1.05704673e-01
7.60912597e-02
6.66158870e-02
9.47099775e-02
1.04477197e-01
8.26644674e-02
1.01514854e-01
1.05466537e-01
8.77753198e-02
8.96517858e-02
8.29029009e-02
1.10834032e-01
7.49010295e-02
7.81297907e-02
9.89865139e-02
9.96895432e-02
9.70942378e-02
1.16202898e-01
8.34531188e-02
1.14144370e-01
9.04731899e-02
7.59428293e-02
9.64869186e-02
9.61999372e-02
8.81050825e-02
8.33224058e-02
9.20805186e-02
9.38758478e-02
1.02416776e-01
1.01249374e-01
9.31065530e-02
6.91838786e-02
8.90292525e-02
1.07302576e-01
9.59660485e-02
9.07598659e-02
1.15355954e-01
9.33144689e-02
8.27464163e-02
1.07778423e-01
9.56893936e-02
9.31738988e-02
9.75032300e-02
1.01651855e-01
8.92849714e-02
8.49741250e-02
1.00361377e-01
1.12652816e-01
7.82159343e-02
8.20294470e-02
1.01709895e-01
1.20117344e-01
8.66694748e-02
8.79289359e-02
8.58250037e-02
1.02036960e-01
9.25706401e-02
7.71430433e-02
8.52806121e-02
7.39916638e-02
1.20776199e-01
6.43803030e-02
7.18865246e-02
9.12613198e-02
8.21089521e-02
1.03761122e-01
1.03238083e-01
1.02871008e-01
8.07578564e-02
5.78788258e-02
7.83597901e-02
1.00359276e-01
8.37969854e-02
9.47507024e-02
7.94854760e-02
9.73656029e-02
9.13580135e-02
7.99096748e-02
7.67197013e-02
8.25510845e-02
8.62509981e-02
7.06810281e-02
9.54599679e-02
9.50059891e-02
8.69962648e-02
1.03362180e-01
8.29596296e-02
1.02445327e-01
9.32993963e-02
8.68505761e-02
1.07640237e-01
9.33638737e-02
5.98681197e-02
8.36133212e-02
9.18245092e-02
7.84574971e-02
7.57062659e-02
1.00514278e-01
9.35007185e-02
7.93550164e-02
1.09194212e-01
9.69545990e-02
9.27642882e-02
1.04596555e-01
1.00988999e-01
8.97283405e-02
8.55838805e-02
5.94704598e-02
9.19157341e-02
9.11524743e-02
8.10182244e-02
1.07637867e-01
1.03266872e-01
9.83778611e-02
1.00264460e-01
6.18722700e-02
6.73156381e-02
7.58594126e-02
9.39500853e-02
8.53869617e-02
7.16706589e-02
8.83317441e-02
6.02940507e-02
9.23009589e-02
1.45238921e-01
7.71968514e-02
7.13942274e-02
7.55106583e-02
7.10813701e-02
8.22424814e-02
8.77300426e-02
7.29299486e-02
8.20819065e-02
1.04989760e-01
1.21100232e-01
9.83043462e-02
9.06700492e-02
9.43446904e-02
7.38553777e-02
5.07146977e-02
7.01480061e-02
8.00051540e-02
9.09783393e-02
8.65187645e-02
7.28497580e-02
6.73574507e-02
7.75888488e-02
8.43032449e-02
1.20000578e-01
6.72712028e-02
9.13365781e-02
9.03896764e-02
7.32503235e-02
7.15258196e-02
6.15613498e-02
1.07981220e-01
8.24574605e-02
8.44811425e-02
7.31316060e-02
8.11024010e-02
8.70831385e-02
7.91217610e-02
7.41277635e-02
8.00796896e-02
8.97219628e-02
1.03735648e-01
8.65049958e-02
7.23196715e-02
1.09348193e-01
1.00582711e-01
9.87223461e-02
8.00517499e-02
5.82771599e-02
7.76529834e-02
7.91251138e-02
7.26833120e-02
7.87394419e-02
8.79996717e-02
5.73774353e-02
1.01165347e-01
9.01380032e-02
1.21779285e-01
1.17013372e-01
8.27669203e-02
1.01057515e-01
8.85821804e-02
7.92759359e-02
8.34732354e-02
6.46992773e-02
7.62062147e-02
6.49146065e-02
7.46837184e-02
1.00413047e-01
9.42101106e-02
8.42029229e-02
7.80611634e-02
6.88006803e-02
9.90925059e-02
8.95320177e-02
8.20604116e-02
8.41181204e-02
8.96566883e-02
8.27685222e-02
7.87856132e-02
7.95120299e-02
7.16361851e-02
9.56014171e-02
7.89275765e-02
7.74469972e-02
1.06416367e-01
6.32723868e-02
8.15415382e-02
5.69390506e-02
7.21905380e-02
9.37074572e-02
8.98651332e-02
1.03342436e-01
7.97368810e-02
7.55604729e-02
6.27144575e-02
8.24465603e-02
8.19999352e-02
7.74979815e-02
6.38024062e-02
6.06537089e-02
7.37197772e-02
7.70596638e-02
7.50815347e-02
8.10568631e-02
7.17125088e-02
4.41695228e-02
7.01707527e-02
7.08008483e-02
9.23112631e-02
9.47613120e-02
6.47420958e-02
7.14282990e-02
6.27647042e-02
6.81380630e-02
8.93767774e-02
1.12930909e-01
7.73070827e-02
6.55258745e-02
6.24666773e-02
6.06868677e-02
8.11242014e-02
1.14900313e-01
6.50419593e-02
9.27240625e-02
8.50613862e-02
6.93791583e-02
8.89984369e-02
7.41333291e-02
1.03433549e-01
9.72977281e-02
1.01320513e-01
2.42522478e-01
2.49013141e-01
7.14969397e-01
5.85671365e-01
2.92018205e-01
4.22436833e-01
9.42705944e-02
1.05815142e-01
8.88115466e-02
8.71541053e-02
7.34997839e-02
5.71751706e-02
9.61949080e-02
1.06606975e-01
7.69421309e-02
6.39586747e-02
7.42630139e-02
6.09868020e-02
9.64332148e-02
6.09790199e-02
8.39338899e-02
9.72895101e-02
7.58767128e-02
6.12408556e-02
9.72153917e-02
7.30475783e-02
7.84740672e-02
4.93993014e-02
7.10014179e-02
8.09226260e-02
7.21269846e-02
1.16826825e-01
8.09895024e-02
8.02720413e-02
7.72750974e-02
6.71286136e-02
5.78374751e-02
1.10623613e-01
8.23911503e-02
8.17156136e-02
7.65720606e-02
7.01538399e-02
6.69956878e-02
5.00850677e-02
6.98778629e-02
6.00287206e-02
7.39679039e-02
8.97688642e-02
7.01582655e-02
7.55612254e-02
8.59158337e-02
6.18046187e-02
7.69900605e-02
9.13110524e-02
7.93476626e-02
8.01908001e-02
1.26983538e-01
1.68012872e-01
8.27810466e-02
8.58073905e-02
1.03668354e-01
8.50532874e-02
4.99849319e-02
6.07748292e-02
7.53099844e-02
5.52594103e-02
6.04572594e-02
6.25277758e-02
6.64866120e-02
6.44390061e-02
7.24094957e-02
6.49194345e-02
6.61838874e-02
1.15154192e-01
5.42256944e-02
5.32004945e-02
8.19099247e-02
8.00493732e-02
8.80092829e-02
7.72579759e-02
9.63219255e-02
7.54440054e-02
6.69595227e-02
7.90018812e-02
6.61162734e-02
9.65394601e-02
8.45421106e-02
9.93074700e-02
8.26011151e-02
6.64272010e-02
9.19226184e-02
7.81015679e-02
9.73595008e-02
7.98918232e-02
6.63383976e-02
9.26690400e-02
8.47307816e-02
6.48360923e-02
9.90240648e-02
5.83613515e-02
5.45608886e-02
7.02343807e-02
5.07024415e-02
8.87862369e-02
6.47949651e-02
7.12237507e-02
7.67847225e-02
7.47987553e-02
8.83158669e-02
6.38982952e-02
7.71567971e-02
5.39351963e-02
7.47959837e-02
8.53414908e-02
6.37647584e-02
4.29882221e-02
5.97483963e-02
7.36133233e-02
6.22856021e-02
6.38713986e-02
7.77601376e-02
7.14790151e-02
6.61617368e-02
1.00289330e-01
1.08310014e-01
7.20085427e-02
5.08190207e-02
7.94247985e-02
7.68390223e-02
5.69629669e-02
4.78691980e-02
8.57028961e-02
8.73075947e-02
9.03597996e-02
6.13553561e-02
5.79061136e-02
6.35477230e-02
7.24621415e-02
8.58373120e-02
5.56034781e-02
5.10605499e-02
7.24288672e-02
8.20413381e-02
7.39051700e-02
6.61390573e-02
7.34674558e-02
6.71057701e-02
4.73079458e-02
6.24876656e-02
9.67702419e-02
5.66111393e-02
6.38081804e-02
5.22616580e-02
7.01057389e-02
6.93510547e-02
6.59870654e-02
8.14248845e-02
5.40123209e-02
8.55292678e-02
6.58011064e-02
6.19378090e-02
7.05005080e-02
5.72056100e-02
5.88076375e-02
6.74479231e-02
6.02509230e-02
5.74848130e-02
8.16175863e-02
7.78013095e-02
9.73089710e-02
6.69598728e-02
5.35339564e-02
7.50932693e-02
7.59907365e-02
6.85434267e-02
7.69886300e-02
6.31084815e-02
7.90032148e-02
5.43658771e-02
4.43820283e-02
9.57117006e-02
8.07465166e-02
8.51676762e-02
8.70396197e-02
7.88874775e-02
7.25028589e-02
9.90524068e-02
6.05718382e-02
5.00307009e-02
7.28422105e-02
7.63306916e-02
7.23251104e-02
5.78207150e-02
4.76968549e-02
5.47610521e-02
7.03000203e-02
9.87968966e-02
7.68105388e-02
6.13172054e-02
6.68473840e-02
7.13635013e-02
6.54935464e-02
8.45833570e-02
1.02600060e-01
6.48880079e-02
5.43303378e-02
7.75539055e-02
7.66699389e-02
4.45732176e-02
5.00977114e-02
7.75613934e-02
5.75911142e-02
6.93427920e-02
5.22571057e-02
6.75883889e-02
8.30780342e-02
8.18307176e-02
9.57252830e-02
8.34897086e-02
4.28281315e-02
7.18822405e-02
8.83718356e-02
4.26741838e-02
8.32479000e-02
1.07989192e-01
8.13818052e-02
6.15543947e-02
8.13246593e-02
6.70302510e-02
6.77831694e-02
6.91915825e-02
5.50661869e-02
6.79933354e-02
7.04876408e-02
6.51386008e-02
7.89517313e-02
7.34982938e-02
5.24022393e-02
5.88223711e-02
4.01251763e-02
5.76503277e-02
6.66108727e-02
8.66711810e-02
6.70739114e-02
5.56179471e-02
6.95826486e-02
9.60018486e-02
8.65240768e-02
8.38671401e-02
7.11279511e-02
6.76486120e-02
8.23670328e-02
5.01370318e-02
5.67902401e-02
7.83728585e-02
5.17666340e-02
6.17375635e-02
7.79140964e-02
8.67145881e-02
6.99816570e-02
8.29466656e-02
5.99280223e-02
5.98302558e-02
8.57854038e-02
6.59791157e-02
7.59852976e-02
7.26915747e-02
5.74240871e-02
4.59384210e-02
6.38750121e-02
7.20994771e-02
7.53193870e-02
5.83175160e-02
7.18748420e-02
7.55158514e-02
7.77329654e-02
7.85715058e-02
5.70875742e-02
7.53703341e-02
6.17268942e-02
3.22711468e-02
4.19776551e-02
4.92860116e-02
5.19458763e-02
8.84877741e-02
4.79013845e-02
5.02555147e-02
5.05555794e-02
5.37600853e-02
6.02353700e-02
6.29210547e-02
6.73985928e-02
5.74204326e-02
4.67319079e-02
5.60675710e-02
3.62695456e-02
7.25765601e-02
6.32949620e-02
5.78605197e-02
7.66285360e-02
9.11377966e-02
8.30461383e-02
6.23875484e-02
7.62494951e-02
8.27824101e-02
6.06358163e-02
5.18832505e-02
3.42274942e-02
7.04676285e-02
6.31460771e-02
5.75999320e-02
9.68582258e-02
4.70539629e-02
6.68342561e-02
9.44973081e-02
6.62015155e-02
6.37995899e-02
7.64290392e-02
5.37912287e-02
8.95712599e-02
7.68129081e-02
4.10208888e-02
6.31026924e-02
6.74327463e-02
4.12048697e-02
4.80114222e-02
8.45445842e-02
7.07317442e-02
3.82629856e-02
4.58777808e-02
3.18435952e-02
6.13682307e-02
6.39795139e-02
7.48728216e-02
6.95577934e-02
6.42545670e-02
6.35117963e-02
4.25357483e-02
4.67121340e-02
4.90095131e-02
7.18602613e-02
7.00707287e-02
6.63525686e-02
5.51022440e-02
5.53063266e-02
6.44017458e-02
6.54720142e-02
5.24106920e-02
5.41312285e-02
6.36937842e-02
5.03085814e-02
4.57692370e-02
8.60182345e-02
6.88986704e-02
7.23839477e-02
8.54724571e-02
6.62907958e-02
5.20844795e-02
5.09233065e-02
3.85307074e-02
6.07447661e-02
4.94702868e-02
6.05346635e-02
5.91506809e-02
7.92561397e-02
6.43906146e-02
7.74804801e-02
4.86203991e-02
7.19003677e-02
9.05332714e-02
7.53667951e-02
6.61828294e-02
8.28610286e-02
8.79715979e-02
6.22570068e-02
4.35864218e-02
5.18759936e-02
8.14040005e-02
8.50666538e-02
4.36504334e-02
5.95436357e-02
6.99121580e-02
6.40283301e-02
6.99136406e-02
5.54796532e-02
6.35447130e-02
4.48110700e-02
5.49245626e-02
5.94533086e-02
7.23140761e-02
6.43987209e-02
5.43370806e-02
6.29132017e-02
5.40738143e-02
6.46410659e-02
6.59259558e-02
7.38790259e-02
9.61133465e-02
3.75626609e-02
6.95776790e-02
5.84736243e-02
6.23691790e-02
7.31887072e-02
5.89284450e-02
5.63620925e-02
3.78130265e-02
6.00415915e-02
8.74345154e-02
6.74172565e-02
4.11801711e-02
5.73366582e-02
5.81596419e-02
3.82524915e-02
4.10567597e-02
5.93835860e-02
7.30315223e-02
5.47942594e-02
6.17395565e-02
8.39834586e-02
6.63777366e-02
8.28921795e-02
5.84375858e-02
7.70221278e-02
7.00064674e-02
7.65540153e-02
7.79328719e-02
3.81334573e-02
3.73633690e-02
7.65637755e-02
9.09313634e-02
7.15607628e-02
5.11174947e-02
5.25616631e-02
0.00000000e+00
7.21530840e-02
5.31229749e-02
4.54663560e-02
6.57390356e-02
4.46949340e-02
4.06956300e-02
3.82020511e-02
4.75480482e-02
5.51342964e-02
8.70850161e-02
5.24390414e-02
5.78534156e-02
4.94991057e-02
4.68193404e-02
5.91648519e-02
5.63663878e-02
6.96089268e-02
5.78601062e-02
9.21697244e-02
7.82772824e-02
6.54815361e-02
5.62335178e-02
5.31169958e-02
4.83124182e-02
8.27729106e-02
3.84198949e-02
2.82670893e-02
3.48198004e-02
6.65155798e-02
4.41923440e-02
5.97677454e-02
6.41884208e-02
5.85324243e-02
5.21825999e-02
3.67998034e-02
5.07788509e-02
6.67292848e-02
6.90425858e-02
6.83266222e-02
4.92674746e-02
5.46356440e-02
4.20561060e-02
6.83298260e-02
6.50217161e-02
5.28936908e-02
4.46773209e-02
6.24793507e-02
4.65938561e-02
3.50690819e-02
5.09017594e-02
3.97858843e-02
3.58374901e-02
5.39507531e-02
3.01283579e-02
3.23558338e-02
3.65606807e-02
4.94585969e-02
6.29785508e-02
5.97083159e-02
1.06549114e-01
4.73184548e-02
4.56774458e-02
5.58971725e-02
7.75613263e-02
5.70323430e-02
5.14132045e-02
3.17406692e-02
4.14074697e-02
6.37933463e-02
6.68447763e-02
5.37873916e-02
4.72959988e-02
9.45407301e-02
5.88711016e-02
4.40683365e-02
5.20815924e-02
2.37820260e-02
4.18379270e-02
5.79452328e-02
4.84954044e-02
4.85737510e-02
4.50800806e-02
5.84576875e-02
7.91217908e-02
4.56348024e-02
5.27039506e-02
2.65109204e-02
5.65516986e-02
9.84119996e-02
6.64813817e-02
5.64734899e-02
6.69383481e-02
5.32332473e-02
4.21518795e-02
4.54655550e-02
6.41143173e-02
1.38935328e-01
6.88821152e-02
1.49762467e-01
1.23115689e-01
7.06312805e-02
6.83679134e-02
9.45892930e-02
5.14589846e-02
3.30932960e-02
4.56596911e-02
4.25861701e-02
5.46742864e-02
6.73738271e-02
5.75005114e-02
3.26844156e-02
4.40561958e-02
8.99670124e-02
7.14823455e-02
3.92812043e-02
3.77274938e-02
4.11020778e-02
2.95214038e-02
5.74821904e-02
7.11268708e-02
4.22211811e-02
3.41627561e-02
6.01332895e-02
5.71043380e-02
5.77725023e-02
4.11561690e-02
5.92798851e-02
3.51040624e-02
3.48045304e-02
4.47060503e-02
5.42068779e-02
6.14634678e-02
4.85871583e-02
6.28780723e-02
7.29656294e-02
6.57745749e-02
5.35069816e-02
5.19416668e-02
3.31065059e-02
3.04692611e-02
6.93440512e-02
1.06518351e-01
8.07196051e-02
5.94049357e-02
5.03161326e-02
6.00981191e-02
3.74756269e-02
4.55015823e-02
4.57874499e-02
3.48726995e-02
4.21845689e-02
4.32806946e-02
5.56814559e-02
6.26078993e-02
5.23906797e-02
9.23376307e-02
4.92622666e-02
3.55671644e-02
5.69933355e-02
5.32590710e-02
2.51000524e-02
6.01862185e-02
5.31900637e-02
3.24372686e-02
3.63821536e-02
5.47933392e-02
5.09598553e-02
3.09668165e-02
4.14051451e-02
2.78245825e-02
4.79627997e-02
4.77444157e-02
4.26284336e-02
4.06225957e-02
4.21433710e-02
4.18946929e-02
3.46858650e-02
4.78559397e-02
5.21645918e-02
3.76136042e-02
4.66227941e-02
5.84481545e-02
3.73368040e-02
1.69170573e-02
4.77513410e-02
2.80599594e-02
5.19440882e-02
5.08814827e-02
4.49533388e-02
3.15585248e-02
5.67482524e-02
5.43930307e-02
4.60323319e-02
2.14342568e-02
3.46575789e-02
5.67236431e-02
7.73414597e-02
5.83379678e-02
6.02305382e-02
5.46516664e-02
3.12800445e-02
4.94806245e-02
3.98242362e-02
6.94183558e-02
5.39413393e-02
3.90532166e-02
3.81034650e-02
3.94575894e-02
3.89604941e-02
3.28643546e-02
2.55704783e-02
3.31478342e-02
3.37097310e-02
5.09989895e-02
5.82693890e-02
3.61273475e-02
5.61426356e-02
6.62153736e-02
5.44765219e-02
4.68325540e-02
3.02809402e-02
4.70156409e-02
4.89997864e-02
5.29809222e-02
6.33012950e-02
3.87012735e-02
3.58119868e-02
6.91112652e-02
6.33584261e-02
4.73346226e-02
4.31465544e-02
3.88812646e-02
5.97568341e-02
4.35466543e-02
2.06181481e-02
4.26333547e-02
4.96651195e-02
3.00323106e-02
6.07326292e-02
5.75379729e-02
2.79391985e-02
3.73750366e-02
4.69127707e-02
3.48983519e-02
3.97149548e-02
4.91600446e-02
4.20758016e-02
4.03423496e-02
6.34283200e-02
6.23773299e-02
5.78708127e-02
4.72300872e-02
5.53038046e-02
3.04006916e-02
4.39841822e-02
7.03583211e-02
5.44992983e-02
5.91526777e-02
6.35799393e-02
4.16937955e-02
2.54583359e-02
3.72518338e-02
3.19098756e-02
3.75910997e-02
4.85397726e-02
3.98392528e-02
3.24837230e-02
3.30905691e-02
4.51983251e-02
4.64601852e-02
3.95535640e-02
4.33204249e-02
5.20187356e-02
3.61189917e-02
4.09066454e-02
4.45799790e-02
2.70889141e-02
4.01515551e-02
4.62502055e-02
3.67672592e-02
3.39788906e-02
4.37267348e-02
4.21798714e-02
4.22909856e-02
5.63552193e-02
5.05302548e-02
4.32445072e-02
4.12187092e-02
3.47689688e-02
2.45625265e-02
3.91148590e-02
3.60104963e-02
5.55787645e-02
5.16336262e-02
2.96912771e-02
3.18674780e-02
4.14565802e-02
4.34427187e-02
3.54855768e-02
3.92113589e-02
3.31139080e-02
3.71276326e-02
3.33535410e-02
3.09614204e-02
4.16976772e-02
4.69053201e-02
4.73644882e-02
2.71345545e-02
3.67682651e-02
5.45690432e-02
4.89143655e-02
3.83710787e-02
2.94948313e-02
5.54207303e-02
4.33116816e-02
4.77511212e-02
2.59776004e-02
2.94396188e-02
2.34580208e-02
2.63533778e-02
3.71317714e-02
4.19320390e-02
3.96602117e-02
3.48812230e-02
5.14676981e-02
4.94144559e-02
5.27955368e-02
3.86253148e-02
3.49866487e-02
2.52198447e-02
6.40991926e-02
3.52884643e-02
3.38854305e-02
5.76028377e-02
4.44946066e-02
4.16619033e-02
3.10616437e-02
6.49378672e-02
5.45070656e-02
3.37663069e-02
4.19689491e-02
3.14205661e-02
3.44354026e-02
2.85486709e-02
3.38967517e-02
2.21401006e-02
3.17290984e-02
6.23924173e-02
4.29853462e-02
3.51777263e-02
4.58114631e-02
5.60681857e-02
2.67550927e-02
4.06788290e-02
4.41680141e-02
4.67232727e-02
3.40787545e-02
2.84211170e-02
4.24597487e-02
2.99712475e-02
4.63951640e-02
5.01534231e-02
3.99052463e-02
3.65146659e-02
5.86802699e-02
2.79259142e-02
4.86868732e-02
4.68981005e-02
3.85499038e-02
4.65053432e-02
3.11278496e-02
2.94170249e-02
2.28243899e-02
5.27003780e-02
6.44602254e-02
5.27138561e-02
6.46676347e-02
4.14690934e-02
4.06792201e-02
4.76311147e-02
4.76187915e-02
3.29728834e-02
3.04283835e-02
4.84575108e-02
4.81060781e-02
3.03530302e-02
3.15991193e-02
4.67241555e-02
3.56032923e-02
4.86481562e-02
3.29144113e-02
3.53510901e-02
4.56024259e-02
4.13456485e-02
5.23282960e-02
4.26113717e-02
5.57648465e-02
5.66984080e-02
5.83651215e-02
4.07726280e-02
3.47684994e-02
5.90967685e-02
5.53056411e-02
3.26886252e-02
2.85740364e-02
6.16458431e-02
4.42638546e-02
4.27152179e-02
4.13067229e-02
3.43534872e-02
3.48392315e-02
4.00814265e-02
4.26646993e-02
5.55978082e-02
5.49201034e-02
5.42799458e-02
4.49746400e-02
4.52596955e-02
4.73907888e-02
3.99735272e-02
5.35165593e-02
4.37466875e-02
3.95054705e-02
5.81468120e-02
3.98694277e-02
4.84726466e-02
5.08367009e-02
4.34794240e-02
3.66241634e-02
4.87464629e-02
3.56400199e-02
5.17002754e-02
5.24635389e-02
3.72472070e-02
3.65283825e-02
4.90693413e-02
4.43736650e-02
5.83338775e-02
5.48566207e-02
3.54902074e-02
3.66316400e-02
5.36586232e-02
3.35002989e-02
5.64896502e-02
3.75588052e-02
4.29212116e-02
5.17986566e-02
4.07136008e-02
5.46231344e-02
3.34829688e-02
4.07962054e-02
3.94317284e-02
5.09952158e-02
5.55953234e-02
4.53221127e-02
3.30966748e-02
3.77178192e-02
5.63439876e-02
4.08152901e-02
3.27578820e-02
6.13491386e-02
3.11828442e-02
4.74480726e-02
5.01760915e-02
4.23460044e-02
4.11014967e-02
2.56216768e-02
3.22299860e-02
4.30747569e-02
5.43281697e-02
4.65975851e-02
8.00080076e-02
3.88619713e-02
4.00614589e-02
4.01512906e-02
5.23023494e-02
5.20697907e-02
3.61018442e-02
3.95397507e-02
5.19407168e-02
5.32698333e-02
4.07022350e-02
4.89155091e-02
3.95965017e-02
4.94837165e-02
6.23980463e-02
4.26199101e-02
4.29289266e-02
4.04365174e-02
3.36801745e-02
3.97831798e-02
3.59984525e-02
3.21508758e-02
3.13673913e-02
3.53601724e-02
5.49862124e-02
5.06215468e-02
3.46098766e-02
4.54500355e-02
5.19095622e-02
3.77485938e-02
3.83653827e-02
5.89569397e-02
3.94016393e-02
3.43148634e-02
4.04594205e-02
3.00289933e-02
4.51749600e-02
5.87903596e-02
1.90505069e-02
4.60601076e-02
5.39575666e-02
3.02231181e-02
3.46855000e-02
6.48494661e-02
3.74589674e-02
3.32113169e-02
4.97164465e-02
2.71391049e-02
3.01562678e-02
2.76765861e-02
4.77727130e-02
5.15168123e-02
5.48694730e-02
4.29630466e-02
2.37446837e-02
6.72681704e-02
4.87605333e-02
4.48992737e-02
3.79064269e-02
3.65051627e-02
4.09549102e-02
3.52461971e-02
3.87993157e-02
3.55346352e-02
4.40521054e-02
3.31483260e-02
2.26773992e-02
3.32288593e-02
2.77756136e-02
2.54285354e-02
3.74581292e-02
4.37044352e-02
5.08430190e-02
4.52769324e-02
2.66436525e-02
4.28970791e-02
4.42242324e-02
2.76939888e-02
2.86750980e-02
3.63493785e-02
1.38131473e-02
3.20557617e-02
4.24435735e-02
3.48077491e-02
3.21720950e-02
4.41481359e-02
3.43835391e-02
3.37979905e-02
2.74631884e-02
3.38534899e-02
5.11118919e-02
3.74399610e-02
3.91765758e-02
1.93230398e-02
3.58883627e-02
4.96538281e-02
3.49636525e-02
4.73794453e-02
3.94385457e-02
4.15708609e-02
4.33180444e-02
3.81332524e-02
3.16798836e-02
5.22008725e-02
4.62558270e-02
2.90793180e-02
4.93545234e-02
5.94953261e-02
4.54564616e-02
4.77127470e-02
2.75857002e-02
3.09243295e-02
4.84580472e-02
3.90939750e-02
2.38274429e-02
3.81617844e-02
5.16479909e-02
2.36723274e-02
2.95869038e-02
4.04560231e-02
3.23330760e-02
4.85410057e-02
4.11486998e-02
4.17822227e-02
4.20819148e-02
4.61665951e-02
3.38116288e-02
2.70941928e-02
4.14950028e-02
4.49736193e-02
4.30684648e-02
3.72912884e-02
3.02855354e-02
3.44416909e-02
3.98605429e-02
4.31272574e-02
3.91069576e-02
3.33963931e-02
4.93055545e-02
2.49902289e-02
3.83133702e-02
3.86282541e-02
4.48015817e-02
3.53492945e-02
3.93912308e-02
6.57854676e-02
3.27973180e-02
3.20945270e-02
4.94351909e-02
4.92169783e-02
2.70401519e-02
4.40245830e-02
3.36810239e-02
4.18871753e-02
4.37744632e-02
3.45262401e-02
3.82396355e-02
3.58626358e-02
3.84904407e-02
4.27637808e-02
3.94982062e-02
3.38435993e-02
2.60005314e-02
5.33679165e-02
4.12246138e-02
2.51719505e-02
4.55551185e-02
3.96060832e-02
4.14029136e-02
2.84572542e-02
3.65856998e-02
4.98842970e-02
5.67409471e-02
4.55026254e-02
2.73930002e-02
3.69597003e-02
3.28905769e-02
2.68739779e-02
2.15984154e-02
3.73769775e-02
3.98294628e-02
3.55456695e-02
4.23591323e-02
3.49772610e-02
4.28735949e-02
4.09595296e-02
3.85942422e-02
3.99499051e-02
3.14869024e-02
4.33278270e-02
4.41631787e-02
3.51035371e-02
4.49695475e-02
2.47901399e-02
2.74751410e-02
4.30794582e-02
4.12023515e-02
2.83617843e-02
2.98840627e-02
3.21335271e-02
3.77297848e-02
3.08842827e-02
2.33749747e-02
3.13500464e-02
3.98180224e-02
4.45132069e-02
4.31502163e-02
2.84178928e-02
2.78366636e-02
4.54365909e-02
4.66575772e-02
3.79939787e-02
3.50733697e-02
4.28307503e-02
1.89959779e-02
2.79880892e-02
3.95772718e-02
4.36414182e-02
4.39973325e-02
4.50919308e-02
3.18951160e-02
2.27017924e-02
5.00865132e-02
3.58335599e-02
3.46726812e-02
2.54652910e-02
3.17224860e-02
4.01291288e-02
4.55131233e-02
5.93342297e-02
5.44318482e-02
4.75853756e-02
5.13504595e-02
4.77122217e-02
3.43081616e-02
6.15395308e-02
2.79537626e-02
2.39724535e-02
4.88375686e-02
5.62360771e-02
4.57929522e-02
2.20009219e-02
3.52995470e-02
3.31831835e-02
5.65844551e-02
4.92183641e-02
2.40993332e-02
2.72236634e-02
4.01206203e-02
5.31434603e-02
2.24671904e-02
6.61980733e-02
4.93930876e-02
1.12135708e-01
4.70040552e-02
2.32083406e-02
1.90570597e-02
3.26585658e-02
5.80156296e-02
3.72433551e-02
4.17299904e-02
3.09092496e-02
3.53030711e-02
3.53781953e-02
2.62100454e-02
6.08074591e-02
3.61425839e-02
4.16229703e-02
4.86732274e-02
3.44848707e-02
5.00769243e-02
3.58049273e-02
5.31750284e-02
3.90472338e-02
2.87116505e-02
2.88777091e-02
7.51900300e-02
6.79621324e-02
2.77806520e-02
3.68884057e-02
3.70045379e-02
4.68498878e-02
4.80117761e-02
4.05976921e-02
3.34746577e-02
2.96223871e-02
4.20597158e-02
3.97567488e-02
3.35952565e-02
5.37693799e-02
9.51877609e-02
6.37449920e-02
2.42462344e-02
5.66404313e-02
3.14448252e-02
5.03146425e-02
3.35576199e-02
4.17029895e-02
3.86614092e-02
3.05034332e-02
5.37678488e-02
5.81571646e-02
4.50172983e-02
4.98498231e-02
3.23009230e-02
2.50055213e-02
5.98078631e-02
3.66566181e-02
6.36574924e-02
4.83573414e-02
3.62815522e-02
3.66381109e-02
2.41609178e-02
2.50584539e-02
5.03592789e-02
2.98908371e-02
4.12713476e-02
4.58472893e-02
3.72849107e-02
2.60539353e-02
2.84116380e-02
3.30643207e-02
2.63775550e-02
2.61364318e-02
4.32229154e-02
2.83377115e-02
4.13517579e-02
7.62043148e-02
5.94252981e-02
4.22935151e-02
4.48897891e-02
3.15052941e-02
4.98202927e-02
3.19170356e-02
3.89528684e-02
3.89256552e-02
2.81847380e-02
3.17167342e-02
2.00229753e-02
1.58215575e-02
2.69468874e-02
3.02850958e-02
3.59486267e-02
2.89731789e-02
4.06579562e-02
2.84173284e-02
2.78373547e-02
3.57988402e-02
2.91280504e-02
3.07937451e-02
3.49520110e-02
3.90437543e-02
3.94157246e-02
4.08876725e-02
4.15179543e-02
3.37297693e-02
2.61115711e-02
3.79770920e-02
4.86348458e-02
4.35343869e-02
2.76200976e-02
4.38867435e-02
3.21394913e-02
5.23696914e-02
5.20279296e-02
2.98665240e-02
5.36377653e-02
6.79119602e-02
3.56487967e-02
3.91887203e-02
5.62123172e-02
4.02020290e-02
2.66349521e-02
2.26241350e-02
6.83810338e-02
4.00192626e-02
3.08455732e-02
3.44344750e-02
2.74816360e-02
4.34786901e-02
4.56061400e-02
4.21921462e-02
3.90211754e-02
2.44450402e-02
3.13651636e-02
2.94880066e-02
3.30689177e-02
3.02175675e-02
2.86858957e-02
2.77922973e-02
2.96036024e-02
1.81560460e-02
4.36764956e-02
5.39513491e-02
3.73193026e-02
2.86871865e-02
2.90784594e-02
3.02299708e-02
3.20384242e-02
2.67285015e-02
2.29456760e-02
3.48938257e-02
3.38813104e-02
5.11780381e-02
2.14021988e-02
2.72102039e-02
2.95949616e-02
3.35586518e-02
2.10077707e-02
3.59461606e-02
4.09400985e-02
3.00133452e-02
3.65420841e-02
4.49383184e-02
3.41729037e-02
2.21968982e-02
4.43912968e-02
4.50253263e-02
3.29797864e-02
3.41574512e-02
4.38020900e-02
2.35337261e-02
3.08572352e-02
2.13760156e-02
1.94885191e-02
3.86090390e-02
4.17752564e-02
4.27438915e-02
4.58362699e-02
3.73307541e-02
3.08833849e-02
2.18837447e-02
2.71686278e-02
3.08473296e-02
5.45219965e-02
3.97664346e-02
2.01231632e-02
3.33277695e-02
5.59031926e-02
4.83186468e-02
4.87168804e-02
3.48504893e-02
4.03638221e-02
8.64163116e-02
7.41000772e-02
4.02980559e-02
4.77663353e-02
5.13350666e-02
4.62831035e-02
4.37846966e-02
2.54648440e-02
2.60817204e-02
2.93238517e-02
2.68442295e-02
4.24867719e-02
1.84707567e-02
6.28136247e-02
5.46165295e-02
6.55725449e-02
4.17803973e-02
5.87819815e-02
5.37290797e-02
4.46863472e-02
5.07098287e-02
6.06962591e-02
6.03436418e-02
4.01474647e-02
3.25799771e-02
3.77756692e-02
3.05275880e-02
3.08653712e-02
5.06857708e-02
5.56348898e-02
3.27776149e-02
4.05708812e-02
3.66331749e-02
2.80135330e-02
4.01796959e-02
3.21434774e-02
3.89857925e-02
3.98174711e-02
4.22294177e-02
5.00416495e-02
4.05547731e-02
2.93435063e-02
3.82172130e-02
3.96847464e-02
3.28718536e-02
2.95364019e-02
3.09969317e-02
2.91421749e-02
3.11527476e-02
3.66641507e-02
2.95410529e-02
4.90715951e-02
4.18444797e-02
3.82868499e-02
3.79157774e-02
2.85592657e-02
3.64791900e-02
4.06261161e-02
3.85355577e-02
2.68215239e-02
2.37982851e-02
3.71246636e-02
7.76259676e-02
7.24750906e-02
3.13650854e-02
4.36260737e-02
2.35633496e-02
3.39494459e-02
3.92509438e-02
3.85453701e-02
2.94153430e-02
3.56125236e-02
4.22304943e-02
3.65389027e-02
3.83589827e-02
4.56628948e-02
4.41469252e-02
3.82575728e-02
2.40241159e-02
2.18146443e-02
5.62277585e-02
3.58025208e-02
3.69094498e-02
4.61480096e-02
6.46531656e-02
4.27051298e-02
3.05627622e-02
2.24358849e-02
2.68984679e-02
2.61133276e-02
4.69637364e-02
2.73997914e-02
2.94443816e-02
2.70761494e-02
3.13186087e-02
3.62923518e-02
3.71179096e-02
3.62513028e-02
4.98575270e-02
3.06857526e-02
5.13581596e-02
4.70690317e-02
2.06149220e-02
3.67786959e-02
2.86052916e-02
2.93445569e-02
4.60610613e-02
5.11435978e-02
5.67865483e-02
5.60771711e-02
3.17314118e-02
3.40321921e-02
3.53529677e-02
2.92113572e-02
2.25881450e-02
4.66933697e-02
5.92043772e-02
4.60509695e-02
4.29311208e-02
3.68616022e-02
3.80030982e-02
5.03956154e-02
5.49410023e-02
6.73391744e-02
4.30693515e-02
2.76266038e-02
2.92201918e-02
2.95551661e-02
3.19293737e-02
2.55732909e-02
2.89108567e-02
3.27060558e-02
3.07013281e-02
2.19928417e-02
5.72542846e-02
4.23125029e-02
3.13037299e-02
2.87152417e-02
4.56952341e-02
4.90874872e-02
4.71850038e-02
1.00247614e-01
6.10302612e-02
4.47764993e-02
6.43067434e-02
7.65104294e-02
6.68026507e-02
4.15026583e-02
5.10452092e-02
1.76323336e-02
5.73528446e-02
7.41011128e-02
3.09190769e-02
2.88280752e-02
2.50054542e-02
1.64684244e-02
2.06631739e-02
5.36915734e-02
4.12149280e-02
6.50685132e-02
3.45329568e-02
5.38786724e-02
7.57676363e-02
2.16498505e-02
4.56249639e-02
2.33598240e-02
3.39109115e-02
4.41165715e-02
3.94370295e-02
2.36899443e-02
3.48418765e-02
3.23159471e-02
7.15085566e-02
7.24698603e-02
9.58637372e-02
1.21724732e-01
5.18897884e-02
1.99292395e-02
5.98865449e-02
7.48074800e-02
4.77301143e-02
4.71363477e-02
3.31494138e-02
3.42456959e-02
5.48024997e-02
6.14576042e-02
5.61627671e-02
2.82990001e-02
4.03078794e-02
1.15151210e-02
2.84251776e-02
4.29692678e-02
4.12650518e-02
5.44533581e-02
4.85125892e-02
2.52537504e-02
2.79429182e-02
3.85341980e-02
4.00844067e-02
1.53354118e-02
3.19096707e-02
1.04059689e-01
5.84056266e-02
9.03856754e-02
6.22434691e-02
2.31346637e-02
3.23042497e-02
3.95967811e-02
3.98833528e-02
3.57098021e-02
2.28191279e-02
4.62975614e-02
2.53086928e-02
3.04567963e-02
4.46251743e-02
4.34417836e-02
4.64020111e-02
7.23492429e-02
1.07158758e-01
5.48744276e-02
2.71955691e-02
3.11018769e-02
1.82657968e-02
2.99674179e-02
3.84504497e-02
2.17384659e-02
3.42033692e-02
2.50533763e-02
2.55622417e-02
8.97990614e-02
4.36223522e-02
1.93073936e-02
2.53558308e-02
2.50374507e-02
6.12679161e-02
5.45916408e-02
2.65637729e-02
3.03748995e-02
3.03553361e-02
3.45356092e-02
3.53729911e-02
3.42385508e-02
2.94956658e-02
3.47904116e-02
4.51972634e-02
4.18658070e-02
3.26380171e-02
3.30244936e-02
6.86185509e-02
4.11303453e-02
2.13017762e-02
3.32049429e-02
2.24439148e-02
2.09851917e-02
2.81325951e-02
3.14391367e-02
3.51004228e-02
3.17941606e-02
2.84139570e-02
2.81687900e-02
3.17188613e-02
4.25260253e-02
3.89596596e-02
3.95118408e-02
4.13578302e-02
3.07627991e-02
3.72554250e-02
2.33615004e-02
3.30734700e-02
3.20182815e-02
2.42869239e-02
2.94524655e-02
2.96980981e-02
2.54266299e-02
2.52717175e-02
3.30696404e-02
1.94223672e-02
4.49928194e-02
3.93632762e-02
3.55078019e-02
3.30727920e-02
3.05100493e-02
2.72794291e-02
3.08452118e-02
2.30752323e-02
3.89864780e-02
4.28857468e-02
3.35322134e-02
2.12976877e-02
2.32761856e-02
3.01565584e-02
3.47671807e-02
4.33000699e-02
3.23008597e-02
3.25085409e-02
2.92085111e-02
3.52188535e-02
2.88029350e-02
3.30851078e-02
4.00746502e-02
2.18438692e-02
3.15849409e-02
3.70314531e-02
3.08488086e-02
2.74612289e-02
3.25844064e-02
3.32381986e-02
4.55764271e-02
3.76330316e-02
2.65129842e-02
3.62974294e-02
3.10446303e-02
2.71946676e-02
3.48919667e-02
3.00688203e-02
3.59691009e-02
2.85918340e-02
2.42665429e-02
4.35414761e-02
4.08618599e-02
2.61052176e-02
2.57286560e-02
4.12923917e-02
3.88780385e-02
3.72123830e-02
4.80455607e-02
5.21338694e-02
3.94962728e-02
2.65400372e-02
3.09190806e-02
2.88301520e-02
3.32257301e-02
2.50975452e-02
4.38185185e-02
3.03786807e-02
3.27046663e-02
3.11030336e-02
1.99006181e-02
2.72374786e-02
3.28667350e-02
3.98056284e-02
3.52616832e-02
5.04441895e-02
5.52779660e-02
3.09032556e-02
4.27373126e-02
3.44466195e-02
2.41131186e-02
6.43466413e-02
3.47465202e-02
2.28931904e-02
3.37744951e-02
3.13749164e-02
2.79764887e-02
3.91218774e-02
2.69574784e-02
3.37609574e-02
2.81274077e-02
2.73040608e-02
4.04019877e-02
3.16573642e-02
3.23397964e-02
2.66794041e-02
2.67028064e-02
3.38927135e-02
3.60257961e-02
4.64916341e-02
5.68164364e-02
2.60440148e-02
3.25083211e-02
4.18944433e-02
3.78108323e-02
3.36597562e-02
5.82318604e-02
4.25955802e-02
9.54421535e-02
6.62546530e-02
3.54839079e-02
5.05912378e-02
5.14259748e-02
9.53862220e-02
3.18634175e-02
4.11297567e-02
3.73918936e-02
1.98798515e-02
2.57248357e-02
3.14140506e-02
2.47854702e-02
2.39193011e-02
3.29648070e-02
3.42224501e-02
3.27402875e-02
2.73545869e-02
3.27480733e-02
3.15212645e-02
2.96099726e-02
2.41744183e-02
2.91966498e-02
3.97886410e-02
2.81362124e-02
4.17215787e-02
3.47334668e-02
4.66642752e-02
8.52478370e-02
9.43276212e-02
1.29046038e-01
1.02966517e-01
3.46370712e-02
6.39597774e-02
7.33920485e-02
3.76710258e-02
2.66267750e-02
1.88509449e-02
2.69077569e-02
4.44164835e-02
3.16458754e-02
3.63932773e-02
1.72676519e-02
1.72652490e-02
1.75682325e-02
2.53417119e-02
2.73727495e-02
4.91142198e-02
3.17598209e-02
5.58986776e-02
5.79777025e-02
2.79115848e-02
2.18631141e-02
4.30297703e-02
4.01723459e-02
6.66242838e-02
2.30793267e-01
1.63294151e-01
3.10655743e-01
8.85495096e-02
3.97436321e-02
2.70971656e-02
3.31511721e-02
2.85669882e-02
6.22153766e-02
5.22075631e-02
9.58824307e-02
6.04984909e-02
1.95362568e-02
2.94693429e-02
2.40424722e-02
5.54330386e-02
3.02680075e-01
1.03360616e-01
2.30132505e-01
8.54680389e-02
2.09273826e-02
3.37504931e-02
4.41530310e-02
3.31137963e-02
2.57109981e-02
4.05276306e-02
3.26359645e-02
3.33312154e-02
3.98685411e-02
4.04251590e-02
5.78996614e-02
3.38374227e-02
2.63263527e-02
2.47022901e-02
1.48674503e-01
3.69552821e-02
1.08107671e-01
4.24076244e-02
2.83355452e-02
2.58413441e-02
2.65303440e-02
2.48425044e-02
2.96984334e-02
3.42764594e-02
2.10839771e-02
2.59866994e-02
2.62519997e-02
2.19469573e-02
1.67481788e-02
2.49865893e-02
2.11449936e-02
2.49108374e-02
1.87095366e-02
1.35290129e-02
2.16611549e-02
6.26301169e-02
5.06161116e-02
4.07719202e-02
2.90241037e-02
2.88392045e-02
2.00884044e-02
2.09525451e-02
2.77391337e-02
2.48675924e-02
2.63558179e-02
3.01578995e-02
2.64553055e-02
3.08999307e-02
2.46200878e-02
2.45867427e-02
1.71236508e-02
1.71389412e-02
2.60276776e-02
3.47195268e-02
2.07446571e-02
4.85005751e-02
2.85220873e-02
3.93592566e-02
4.78758104e-02
1.38845425e-02
3.03756911e-02
2.25901678e-02
2.81490553e-02
3.98907810e-02
2.88985539e-02
2.95825247e-02
3.28545049e-02
2.03592405e-02
2.60155126e-02
2.27775294e-02
2.06208844e-02
2.26041265e-02
2.82942783e-02
3.12336255e-02
3.08317151e-02
3.46153714e-02
2.88827214e-02
1.88852232e-02
3.52020562e-02
3.54255214e-02
2.15307306e-02
2.60155518e-02
2.67075170e-02
2.19440255e-02
2.15652231e-02
2.41196547e-02
3.43863815e-02
2.20480971e-02
1.85910035e-02
3.01815346e-02
2.69941557e-02
3.10591757e-02
3.30026709e-02
1.98820923e-02
1.70943215e-02
3.89522836e-02
4.84328158e-02
2.50350069e-02
3.07430737e-02
2.15853639e-02
4.15444858e-02
4.18886021e-02
2.97537521e-02
2.92806849e-02
2.41032597e-02
2.71648560e-02
2.03815009e-02
2.31529586e-02
2.91250721e-02
2.41803229e-02
1.93249919e-02
1.41880214e-02
2.30895504e-02
3.69253643e-02
4.35814224e-02
2.94964667e-02
2.92671788e-02
5.05524203e-02
3.60594988e-02
3.83686274e-02
2.14028228e-02
2.65431628e-02
2.59513445e-02
2.94799618e-02
3.66666876e-02
3.55300009e-02
2.34645419e-02
3.21339183e-02
2.84231231e-02
3.25891972e-02
3.52653004e-02
3.04803662e-02
1.75732188e-02
2.27610320e-02
2.29181107e-02
2.02831700e-02
2.42660549e-02
3.17287333e-02
2.02255305e-02
1.49323372e-02
2.53454037e-02
2.93719340e-02
2.77434308e-02
3.09978258e-02
2.88886856e-02
3.95210944e-02
2.54855156e-02
1.96050722e-02
2.15055160e-02
2.96249799e-02
2.02609468e-02
1.68350581e-02
1.84294190e-02
2.40732953e-02
2.70560831e-02
3.08118220e-02
3.23257446e-02
2.30354462e-02
3.16022038e-02
1.81680620e-02
1.99803673e-02
2.17420943e-02
5.62283844e-02
9.49716717e-02
7.92570561e-02
5.12885004e-02
5.46987429e-02
9.77610424e-02
1.41751349e-01
8.29214603e-02
3.76087241e-02
1.31182596e-01
7.96044394e-02
1.27187088e-01
7.80124366e-02
4.44863103e-02
2.64487751e-02
2.66419705e-02
3.71469110e-02
3.91540416e-02
2.78084520e-02
2.45028809e-02
3.14480662e-02
2.52937227e-02
1.91469062e-02
4.14226428e-02
2.50947457e-02
3.61806005e-02
2.55448874e-02
2.08834652e-02
2.90348679e-02
3.61816958e-02
3.42775472e-02
2.81017143e-02
4.13976759e-02
1.63623616e-01
2.62256712e-01
1.50917649e-01
2.32814521e-01
7.11442009e-02
1.01408966e-01
1.20226741e-01
2.66078208e-02
9.61630270e-02
4.36029583e-02
3.77573967e-02
3.28219049e-02
1.76678300e-02
3.54342945e-02
4.89895977e-02
2.43396070e-02
3.08442134e-02
2.88900901e-02
2.82267425e-02
3.10476255e-02
3.28410156e-02
6.11843616e-02
7.91338012e-02
4.18054722e-02
4.04684655e-02
2.71040518e-02
3.34513150e-02
2.55703889e-02
2.75777131e-02
9.90292281e-02
1.24811962e-01
5.81520386e-02
7.21959025e-02
7.11439773e-02
3.38998139e-02
2.72937622e-02
1.78638585e-02
2.21232269e-02
3.48101705e-02
4.77663055e-02
5.38275130e-02
1.57423150e-02
1.74463950e-02
2.51501985e-02
3.46594080e-02
2.11203564e-02
8.16859677e-02
2.02988774e-01
1.28994495e-01
1.11528032e-01
4.87661771e-02
3.30779031e-02
1.09458184e-02
3.02660484e-02
3.54159661e-02
2.79358905e-02
2.39175037e-02
4.65989113e-02
9.21972468e-02
4.31717113e-02
3.04548368e-02
2.57288776e-02
2.63707396e-02
2.28546634e-02
4.81686741e-02
4.19382751e-01
1.15454443e-01
1.59020513e-01
3.95839438e-02
2.40086261e-02
2.51089223e-02
1.59232654e-02
2.28307173e-02
2.99444478e-02
3.23477164e-02
3.81137542e-02
1.91472806e-02
2.20950656e-02
3.72485965e-02
3.66394818e-02
5.38758524e-02
4.22579125e-02
3.68344486e-02
2.90846694e-02
4.36138622e-02
3.83554064e-02
1.18453152e-01
1.21037252e-01
5.85627705e-02
