3.69749522e+00
4.46506548e+00
2.70045686e+00
2.52163100e+00
3.58538580e+00
3.85056949e+00
3.78223801e+00
2.82448363e+00
3.28927135e+00
4.47546482e+00
2.71609449e+00
2.92159247e+00
3.00737548e+00
2.91961479e+00
2.56052184e+00
2.10311723e+00
2.79607749e+00
2.53817010e+00
2.45341301e+00
2.76765871e+00
2.19001961e+00
2.19001579e+00
2.78517985e+00
2.11951923e+00
2.14920211e+00
2.69698691e+00
2.09428239e+00
2.44187450e+00
3.61893821e+00
2.49712682e+00
2.41981792e+00
3.36326170e+00
2.50463200e+00
2.27997279e+00
2.50919342e+00
2.26639390e+00
2.14006829e+00
1.85753977e+00
3.00842619e+00
2.81698775e+00
2.74109030e+00
2.86831474e+00
2.39164019e+00
2.39300036e+00
2.62465048e+00
1.98611617e+00
2.35324574e+00
2.98705125e+00
2.85885596e+00
2.63120103e+00
2.78323722e+00
2.63607192e+00
3.15006900e+00
3.04776478e+00
2.66906619e+00
2.68999028e+00
2.21935105e+00
3.70070505e+00
2.88916707e+00
1.99991333e+00
2.38108897e+00
1.95061100e+00
2.38430071e+00
2.16387200e+00
2.13342500e+00
2.67326546e+00
2.65813780e+00
2.25135326e+00
2.93182373e+00
2.89949679e+00
2.16407442e+00
2.06800246e+00
2.77663612e+00
2.98166037e+00
2.50015187e+00
2.65852714e+00
2.40601277e+00
2.41868925e+00
2.52934217e+00
2.68573928e+00
2.39858413e+00
2.42168736e+00
2.46911955e+00
1.86149204e+00
2.63931370e+00
2.70358992e+00
2.38493466e+00
2.15714931e+00
2.12631536e+00
2.19791007e+00
2.31017590e+00
1.98159385e+00
1.98295367e+00
2.70627809e+00
1.87370396e+00
2.73728895e+00
2.01686120e+00
1.80044913e+00
2.77712393e+00
2.22393703e+00
2.23371696e+00
2.17413449e+00
1.94271648e+00
1.61093092e+00
2.35010290e+00
2.35892224e+00
3.56566811e+00
2.02676892e+00
1.82092571e+00
1.92865038e+00
2.49896646e+00
3.05575657e+00
3.10093665e+00
3.04142570e+00
2.14628887e+00
2.04048395e+00
3.26661682e+00
1.95296967e+00
1.81151855e+00
2.32780075e+00
2.25527477e+00
1.77007926e+00
2.23682809e+00
2.22443318e+00
2.98093843e+00
3.25370407e+00
3.02500916e+00
2.34864593e+00
2.52811337e+00
2.48479605e+00
2.45618486e+00
1.97954631e+00
2.10215259e+00
2.49172854e+00
2.42515826e+00
2.07044196e+00
3.29763126e+00
3.27260995e+00
2.37759614e+00
2.76409221e+00
2.03131819e+00
1.81744885e+00
1.86086357e+00
2.01752043e+00
2.40622377e+00
2.60219193e+00
1.99184263e+00
1.96661437e+00
2.14919114e+00
2.41181827e+00
1.82541251e+00
2.01895761e+00
2.47001576e+00
1.71552002e+00
1.96158123e+00
2.75796723e+00
2.99908757e+00
2.23810101e+00
3.72663212e+00
2.91301298e+00
1.74306393e+00
2.18952560e+00
2.42210436e+00
2.04270077e+00
2.42989135e+00
2.00541592e+00
2.32341909e+00
2.11367345e+00
1.84854543e+00
2.87125063e+00
2.92162395e+00
2.45953488e+00
2.45693898e+00
3.10662341e+00
3.14684963e+00
1.86082470e+00
1.71779275e+00
1.96627402e+00
1.93042088e+00
1.79502928e+00
1.45491374e+00
2.33002687e+00
2.01770377e+00
1.51937521e+00
1.58839989e+00
1.63127995e+00
1.90449429e+00
1.50977015e+00
2.69448662e+00
2.58012104e+00
1.71698499e+00
1.45032358e+00
1.77909887e+00
1.47038293e+00
1.47697651e+00
1.73615658e+00
1.47914767e+00
1.44042552e+00
1.68382955e+00
1.47893763e+00
1.57679045e+00
1.49240255e+00
1.52774382e+00
2.64242387e+00
1.86300695e+00
1.49567556e+00
3.09380722e+00
2.22927690e+00
1.81752539e+00
2.30681443e+00
2.26778293e+00
1.64408398e+00
3.94191861e+00
1.70302880e+00
1.85941768e+00
2.14266777e+00
2.31527114e+00
1.75526500e+00
1.74280095e+00
2.82412767e+00
2.74452424e+00
1.89876676e+00
1.50446153e+00
2.90490484e+00
2.51784682e+00
1.53547788e+00
1.67895436e+00
3.50788975e+00
3.76712966e+00
2.68715096e+00
1.96273935e+00
2.41014004e+00
2.48678446e+00
2.28887963e+00
2.82576942e+00
2.55727935e+00
2.15907550e+00
2.37930942e+00
2.73944926e+00
2.64056277e+00
2.62296987e+00
2.15211916e+00
2.79305768e+00
2.07224941e+00
1.85583413e+00
2.63625908e+00
2.65154767e+00
4.34397030e+00
2.21097445e+00
2.27918673e+00
2.05276132e+00
1.94069231e+00
2.62414742e+00
2.32391357e+00
3.02465987e+00
2.21976233e+00
2.09661269e+00
2.39121580e+00
2.87017775e+00
2.21408582e+00
1.75654173e+00
2.25224733e+00
2.66469336e+00
2.74741960e+00
2.69695759e+00
2.03568006e+00
2.13786316e+00
2.62250757e+00
2.33402991e+00
1.96408653e+00
1.94709837e+00
2.86372304e+00
3.29100180e+00
2.07776523e+00
1.90743721e+00
1.85963476e+00
2.33801460e+00
2.71471548e+00
2.26963258e+00
1.71964169e+00
2.32253480e+00
2.22870255e+00
2.10967278e+00
3.47218037e+00
1.98369849e+00
1.79005027e+00
2.21107197e+00
2.37689066e+00
1.83160043e+00
2.10836220e+00
3.09553885e+00
1.91373730e+00
1.90317214e+00
2.35151649e+00
2.09182930e+00
1.98321545e+00
2.82953143e+00
2.53775930e+00
1.96871865e+00
1.57148397e+00
2.02518535e+00
1.76842511e+00
1.90027010e+00
2.13530564e+00
2.47159529e+00
1.74709427e+00
1.63019657e+00
2.57166100e+00
2.23040247e+00
2.47669411e+00
2.00995660e+00
1.91657937e+00
1.68373334e+00
1.72732043e+00
2.47854090e+00
1.94184422e+00
1.76253831e+00
1.65667212e+00
1.44333720e+00
1.39604247e+00
1.47040141e+00
1.99066079e+00
1.72727847e+00
1.55895042e+00
1.57501197e+00
1.29489028e+00
1.38163888e+00
2.12251830e+00
1.95692241e+00
1.36064398e+00
1.34169650e+00
1.20017529e+00
1.42509091e+00
1.49505639e+00
1.06154573e+00
1.38449204e+00
1.30010319e+00
1.88062429e+00
1.63859534e+00
1.16084766e+00
1.42181611e+00
1.39152956e+00
2.95590687e+00
1.43984401e+00
1.42663288e+00
1.58541679e+00
1.76323938e+00
1.71288908e+00
2.06025410e+00
1.73018026e+00
1.44043684e+00
1.78568339e+00
1.73920643e+00
1.48600185e+00
1.63141108e+00
1.30009437e+00
1.41925967e+00
1.84166563e+00
1.31416798e+00
1.32324231e+00
1.86264408e+00
1.57022715e+00
1.67081940e+00
1.49432194e+00
1.75782883e+00
2.24723172e+00
1.54024506e+00
2.26592731e+00
2.12553906e+00
1.88206887e+00
2.21776986e+00
1.84693897e+00
2.50975394e+00
1.92695546e+00
1.97270238e+00
1.62708449e+00
1.82142997e+00
2.95725393e+00
2.71067643e+00
2.59963298e+00
1.92569244e+00
2.00513768e+00
2.18916965e+00
2.42245388e+00
2.11910677e+00
1.67991066e+00
1.72034943e+00
1.82752085e+00
1.94275391e+00
1.99286211e+00
2.27877283e+00
2.78395629e+00
1.79281008e+00
2.23643303e+00
2.64833212e+00
2.66759419e+00
2.40259242e+00
2.36057901e+00
2.22608376e+00
1.62564337e+00
2.11199141e+00
2.33885789e+00
1.56312943e+00
2.43338799e+00
1.59765589e+00
2.17168736e+00
2.09966779e+00
2.03653598e+00
2.57536721e+00
1.82487881e+00
1.84050572e+00
1.83108664e+00
2.65705371e+00
3.38882494e+00
3.14349055e+00
2.24947572e+00
1.61944425e+00
2.41575670e+00
2.54959655e+00
2.12445140e+00
2.21329141e+00
2.28312898e+00
2.11744404e+00
2.64554358e+00
1.94067991e+00
1.56863832e+00
2.28465629e+00
2.18154550e+00
1.70685863e+00
2.22995973e+00
2.69397879e+00
2.18825245e+00
1.82860863e+00
1.91242993e+00
2.38428736e+00
2.21424842e+00
2.32470441e+00
1.68122625e+00
1.81107998e+00
2.47184801e+00
2.25907183e+00
2.32493758e+00
2.30157900e+00
2.10372353e+00
1.91773224e+00
2.14511061e+00
2.76827455e+00
1.68865430e+00
1.89584219e+00
3.24580526e+00
2.45781469e+00
1.48896670e+00
1.53920591e+00
1.75768936e+00
2.16878796e+00
2.14014268e+00
2.09181619e+00
2.23217344e+00
1.94689536e+00
1.76538658e+00
2.09738994e+00
2.62274790e+00
2.50394702e+00
2.42610574e+00
2.58667135e+00
1.82787037e+00
1.83263314e+00
2.05890822e+00
1.82072532e+00
1.51780200e+00
1.44826150e+00
2.18028164e+00
2.49727607e+00
2.12049842e+00
2.38291049e+00
1.92506337e+00
1.52620113e+00
2.14298749e+00
2.65921068e+00
2.14645576e+00
1.49189937e+00
2.23104239e+00
1.86215830e+00
1.90629363e+00
2.02230811e+00
2.40249538e+00
3.01902628e+00
2.26596856e+00
2.51391435e+00
2.48905802e+00
1.99190927e+00
1.75824368e+00
1.50401235e+00
2.28040528e+00
1.75382721e+00
2.04028273e+00
1.98992538e+00
1.80603492e+00
2.06945467e+00
1.80332315e+00
1.71894920e+00
2.14943600e+00
2.00774121e+00
1.82801640e+00
2.62165809e+00
1.58402753e+00
2.14467263e+00
2.05789638e+00
1.76360571e+00
1.63476408e+00
1.80913174e+00
2.11667824e+00
1.78334773e+00
1.68506002e+00
1.59591711e+00
1.61046946e+00
2.47810102e+00
1.91354311e+00
1.95380616e+00
1.64268303e+00
1.72927332e+00
2.28097415e+00
2.05500555e+00
2.81808567e+00
1.67901373e+00
1.40083325e+00
1.81444466e+00
2.00702596e+00
2.39909744e+00
2.54376793e+00
1.58984625e+00
1.64525020e+00
2.22989774e+00
2.12742186e+00
1.53861642e+00
1.74339378e+00
1.48734069e+00
1.87549460e+00
2.07329464e+00
1.41999328e+00
2.05149221e+00
1.46737921e+00
2.09802294e+00
2.41558719e+00
1.60179508e+00
1.26013446e+00
2.43339658e+00
1.74629056e+00
1.42658532e+00
2.01653624e+00
1.87254322e+00
1.43616736e+00
2.11697388e+00
2.68371868e+00
1.36143875e+00
1.57418871e+00
2.04834795e+00
1.53243566e+00
1.66299641e+00
1.35530221e+00
1.08815134e+00
1.44755983e+00
1.24123502e+00
1.09246862e+00
1.91517639e+00
1.96644759e+00
1.83535409e+00
1.63436186e+00
1.19519174e+00
1.26647687e+00
1.14583766e+00
1.04837036e+00
1.40599978e+00
1.33627677e+00
1.01544452e+00
1.07010186e+00
9.82533872e-01
1.44547081e+00
9.01524961e-01
1.01421428e+00
1.16355574e+00
9.55566585e-01
9.42537725e-01
1.12813640e+00
9.92088377e-01
1.53609967e+00
1.42331672e+00
1.16814041e+00
1.18409371e+00
1.11059821e+00
1.00303924e+00
1.06196225e+00
9.12199855e-01
1.31099594e+00
1.12347281e+00
1.59490681e+00
1.22559822e+00
1.42146778e+00
1.00574219e+00
1.62879097e+00
1.27032661e+00
1.15611744e+00
1.37549472e+00
1.22387755e+00
1.21789432e+00
1.27148581e+00
1.33658028e+00
1.86831415e+00
1.39952517e+00
1.69856274e+00
1.84240687e+00
1.25203431e+00
1.12155390e+00
2.23728085e+00
1.41538155e+00
1.66891122e+00
2.13195586e+00
2.01312447e+00
1.19662893e+00
1.42979705e+00
1.35149014e+00
1.27774048e+00
1.66556072e+00
1.95319366e+00
1.87938571e+00
1.32720506e+00
1.66574681e+00
1.58498383e+00
1.35519302e+00
1.78258061e+00
1.86489034e+00
1.79590213e+00
1.83917844e+00
1.85647249e+00
1.83662033e+00
2.05048823e+00
1.74469507e+00
1.41278350e+00
1.43214452e+00
1.98834383e+00
1.73074222e+00
1.31849098e+00
1.92570329e+00
1.60572171e+00
2.23147321e+00
2.28625941e+00
1.83981156e+00
2.22762752e+00
1.89318836e+00
1.58851445e+00
1.54256606e+00
1.46222854e+00
1.37836838e+00
1.56504285e+00
1.21673310e+00
1.33433902e+00
1.63042116e+00
1.85519588e+00
1.42479086e+00
1.92528450e+00
2.40859175e+00
1.36847770e+00
1.76959074e+00
2.20592880e+00
1.78686440e+00
1.66311193e+00
2.98577332e+00
2.11577511e+00
2.09012294e+00
1.58702362e+00
1.70478225e+00
1.89806855e+00
1.23396754e+00
1.89100242e+00
2.21050954e+00
1.61475194e+00
1.66101158e+00
2.09728503e+00
1.27600121e+00
1.81364334e+00
1.65444458e+00
2.27904415e+00
2.31856585e+00
1.36100233e+00
1.64458513e+00
1.22100592e+00
1.83380151e+00
3.00610948e+00
2.44025350e+00
1.36662412e+00
1.39643741e+00
1.47340715e+00
1.59519935e+00
1.41162467e+00
1.36781728e+00
1.88164663e+00
2.55245614e+00
1.21881974e+00
1.25682580e+00
1.73962212e+00
1.77173448e+00
1.93285167e+00
1.88987005e+00
2.46833134e+00
2.47296333e+00
2.07027721e+00
2.32599497e+00
2.37042904e+00
1.22618306e+00
1.96766007e+00
1.58599603e+00
1.86813676e+00
1.90163243e+00
1.15440142e+00
1.32090151e+00
1.50957465e+00
1.40270841e+00
1.81751394e+00
2.03187704e+00
1.99940765e+00
1.88568389e+00
2.10135102e+00
1.56951046e+00
2.20885038e+00
1.68226266e+00
1.52090693e+00
2.34207749e+00
1.66905820e+00
1.52352858e+00
2.03580141e+00
2.14071655e+00
1.75052023e+00
2.24420261e+00
2.03269386e+00
1.94517517e+00
1.79666746e+00
1.89855397e+00
2.51871705e+00
1.54328728e+00
2.02948356e+00
1.78107798e+00
1.72701526e+00
1.76218414e+00
1.55659425e+00
1.66982603e+00
1.42119980e+00
1.20230007e+00
1.79267716e+00
1.87847459e+00
1.15450692e+00
2.03907037e+00
1.40168190e+00
1.33007669e+00
2.06336617e+00
2.08721900e+00
1.30035877e+00
1.56349838e+00
2.16380286e+00
1.79027069e+00
1.81333864e+00
1.94834244e+00
1.79416013e+00
2.39959931e+00
1.59283960e+00
1.79237974e+00
2.42236161e+00
1.88526034e+00
1.64715683e+00
2.71176505e+00
1.23497581e+00
1.71599090e+00
2.38503289e+00
2.35619068e+00
2.11257720e+00
1.71253943e+00
1.61705947e+00
1.97836721e+00
1.87479842e+00
1.94595778e+00
2.64523411e+00
2.25220609e+00
1.47720456e+00
2.24108648e+00
2.19398236e+00
1.78322661e+00
2.29159546e+00
2.15588140e+00
2.00330567e+00
1.56813276e+00
1.75094461e+00
2.34969831e+00
2.16397023e+00
1.52472913e+00
1.70938385e+00
2.34951472e+00
1.86017644e+00
1.36438143e+00
1.59214115e+00
1.49899900e+00
1.75507760e+00
2.35332179e+00
1.94768965e+00
1.41553521e+00
1.59811151e+00
2.03291082e+00
1.37976503e+00
2.40874314e+00
2.18586779e+00
1.52012014e+00
2.10722351e+00
1.55778980e+00
2.08031702e+00
2.29692864e+00
1.76148582e+00
1.32525742e+00
1.71531081e+00
1.99263740e+00
1.40865111e+00
1.52178526e+00
1.66906810e+00
1.48768544e+00
1.46763384e+00
2.52576399e+00
1.70635343e+00
1.91197670e+00
2.03956890e+00
1.73529971e+00
1.51894820e+00
1.80247021e+00
1.43369293e+00
1.70652497e+00
1.43839216e+00
1.32681572e+00
1.70481634e+00
1.26930571e+00
1.38590682e+00
1.91038549e+00
1.70466650e+00
1.60945249e+00
2.27521110e+00
1.18656826e+00
2.43264866e+00
2.46159434e+00
1.53856897e+00
1.39663637e+00
1.87170589e+00
2.00963783e+00
1.86521459e+00
1.91683567e+00
1.75022984e+00
1.75446403e+00
2.22630143e+00
1.57635117e+00
1.71788549e+00
1.51989400e+00
1.74060905e+00
1.76121819e+00
1.40084124e+00
1.37569594e+00
2.14813519e+00
2.09416223e+00
1.99059057e+00
1.65921402e+00
1.09524322e+00
2.26107669e+00
1.67178214e+00
1.52727127e+00
1.69141841e+00
2.02693582e+00
2.54715300e+00
1.80739450e+00
2.02248716e+00
1.63330317e+00
1.28525841e+00
1.65884566e+00
2.03300047e+00
1.32891059e+00
1.14332616e+00
1.27752340e+00
1.46112382e+00
1.47740841e+00
1.69104743e+00
1.90640104e+00
1.76239741e+00
1.87629759e+00
1.52546608e+00
1.29401028e+00
1.90785968e+00
1.57623553e+00
1.36932015e+00
1.60520196e+00
1.68353355e+00
1.61419392e+00
2.03192759e+00
1.52062929e+00
1.69968724e+00
1.38484514e+00
1.78223073e+00
2.20771718e+00
1.52013874e+00
1.89693761e+00
1.56118119e+00
1.88459170e+00
1.66252720e+00
1.25180888e+00
1.55593586e+00
1.91958356e+00
1.29149044e+00
1.41087508e+00
1.69574010e+00
1.59544921e+00
1.48502970e+00
1.72598708e+00
1.45754433e+00
1.36898661e+00
1.42032814e+00
1.39019251e+00
1.43157518e+00
1.18345535e+00
1.40758824e+00
1.37249136e+00
1.43624604e+00
1.84965265e+00
1.47914386e+00
1.10096633e+00
1.38466632e+00
1.52153802e+00
1.83741081e+00
2.03290057e+00
1.58968723e+00
1.37748122e+00
1.38229644e+00
1.09467721e+00
1.20367861e+00
1.44481862e+00
1.28756273e+00
1.28545499e+00
1.41900718e+00
1.43102467e+00
1.45015657e+00
1.57989764e+00
1.72146392e+00
1.52070165e+00
1.52894247e+00
1.43478203e+00
1.36251855e+00
1.63061655e+00
1.86502635e+00
1.73869348e+00
1.36013067e+00
1.60570717e+00
1.74117744e+00
1.32390332e+00
1.37750852e+00
2.06999326e+00
1.62178826e+00
1.44625354e+00
1.41195452e+00
1.39394999e+00
1.21706891e+00
1.30840671e+00
1.48857188e+00
1.29581118e+00
1.03744721e+00
1.55645072e+00
2.24878502e+00
1.12276757e+00
1.15200281e+00
1.35339129e+00
1.47064352e+00
1.61073482e+00
1.51663816e+00
1.27010405e+00
1.63200700e+00
1.35904980e+00
1.42782152e+00
1.79937446e+00
1.71741855e+00
1.38870120e+00
1.35108149e+00
1.68137419e+00
1.60532248e+00
1.33839667e+00
1.55005288e+00
1.75886154e+00
1.24258554e+00
1.34251201e+00
1.67621982e+00
1.62850642e+00
1.81865811e+00
1.40235400e+00
1.31903243e+00
1.11104786e+00
1.13586605e+00
1.12640333e+00
1.14244592e+00
1.24719810e+00
1.35251236e+00
1.61887860e+00
1.55276537e+00
1.11539936e+00
1.15594244e+00
9.66635585e-01
1.67665553e+00
1.59189689e+00
9.08248365e-01
1.13484991e+00
1.30743098e+00
1.46011460e+00
1.60597575e+00
1.42600226e+00
1.28365433e+00
1.43283105e+00
1.73275387e+00
1.06874216e+00
1.00000632e+00
9.55887556e-01
1.07930708e+00
1.16013694e+00
1.26258492e+00
1.15058136e+00
1.11280000e+00
1.29915476e+00
9.23414528e-01
1.05072296e+00
1.84204483e+00
9.13013995e-01
1.17782736e+00
1.29590952e+00
1.12835276e+00
1.21871161e+00
1.29625094e+00
9.39813852e-01
1.23964119e+00
1.27906036e+00
1.03281474e+00
1.17150760e+00
9.96150613e-01
1.20160425e+00
9.93911028e-01
1.00020385e+00
1.13471615e+00
1.06163359e+00
1.19697857e+00
1.05294812e+00
1.96537638e+00
1.26235878e+00
9.73873198e-01
1.47683692e+00
9.41149056e-01
1.29225957e+00
8.60013247e-01
9.07827258e-01
1.06752360e+00
6.92666709e-01
1.05399191e+00
1.87767398e+00
1.02901435e+00
6.96236372e-01
6.54624879e-01
8.39376926e-01
1.37547135e+00
8.22819412e-01
8.49721611e-01
7.42547989e-01
6.81022108e-01
8.33577156e-01
1.08921790e+00
7.09807396e-01
1.23614538e+00
8.08959842e-01
6.22479916e-01
9.56854343e-01
1.30377972e+00
1.48219979e+00
7.21030056e-01
6.57366574e-01
9.13375974e-01
1.02182543e+00
7.66758680e-01
1.33485162e+00
6.78718746e-01
6.27987921e-01
6.59959972e-01
6.40217423e-01
9.01523888e-01
5.50737441e-01
7.25043178e-01
8.73924255e-01
8.48991275e-01
1.05654478e+00
8.80173743e-01
1.19748306e+00
1.28880358e+00
9.19843972e-01
6.63242340e-01
7.32889771e-01
9.41526949e-01
6.75402164e-01
9.85331833e-01
1.68225896e+00
1.57956362e+00
1.01527989e+00
1.05917609e+00
9.07996535e-01
8.22725892e-01
8.76270235e-01
1.02535379e+00
1.10177314e+00
1.12491131e+00
1.08890474e+00
1.19470441e+00
8.08322072e-01
9.46712375e-01
1.59850705e+00
7.97610998e-01
1.31156373e+00
1.07725537e+00
9.53973234e-01
1.19147050e+00
1.37617195e+00
1.33560157e+00
1.24318409e+00
1.49559736e+00
1.26814067e+00
1.07392085e+00
1.15737641e+00
9.47928846e-01
1.18340480e+00
1.65183294e+00
1.48477805e+00
1.14237523e+00
1.23839617e+00
1.27205980e+00
1.60841417e+00
1.62926698e+00
1.30673611e+00
9.91407514e-01
1.03844571e+00
1.70017481e+00
1.57178473e+00
1.62866783e+00
1.76954949e+00
1.58380187e+00
1.10410643e+00
1.03482234e+00
1.34088457e+00
1.06025517e+00
1.16617715e+00
1.34417844e+00
1.06815982e+00
1.39091003e+00
1.61663032e+00
1.33861363e+00
1.07225847e+00
1.06938517e+00
1.44855380e+00
1.70346892e+00
1.61866140e+00
1.50737441e+00
1.29610753e+00
1.38728833e+00
1.39742255e+00
1.37575054e+00
1.02794838e+00
1.17791462e+00
1.50116956e+00
1.42647016e+00
1.17045951e+00
1.72449481e+00
1.62339377e+00
1.35011196e+00
1.41447580e+00
1.30441236e+00
1.11998856e+00
1.05637479e+00
1.30569398e+00
1.56232905e+00
1.34192348e+00
1.32370079e+00
1.83793688e+00
1.41132486e+00
1.56835699e+00
1.24557364e+00
9.92621303e-01
1.15107572e+00
1.65347004e+00
2.36373258e+00
1.55837059e+00
1.47769976e+00
1.62548018e+00
1.34291065e+00
1.04565632e+00
1.28386533e+00
1.49093771e+00
1.08298922e+00
1.10020316e+00
1.20300615e+00
1.02640927e+00
1.15925992e+00
1.40042925e+00
1.11316788e+00
1.43940747e+00
1.81666636e+00
1.23393285e+00
1.21775126e+00
1.15346956e+00
1.47318971e+00
1.49331605e+00
1.28841400e+00
1.25130296e+00
1.18902457e+00
1.34594369e+00
1.69438732e+00
1.68011963e+00
1.31501102e+00
1.22225571e+00
1.39354479e+00
1.12384140e+00
1.68895972e+00
1.39875364e+00
1.11118460e+00
1.56038976e+00
1.04633141e+00
1.40447688e+00
1.08443165e+00
1.39814711e+00
1.77263832e+00
1.11729980e+00
1.74813128e+00
1.34464085e+00
1.53820968e+00
1.52330363e+00
1.43137169e+00
1.84240496e+00
1.28328764e+00
1.01283860e+00
1.40100551e+00
1.35591364e+00
1.14067912e+00
1.54004431e+00
1.83682716e+00
1.48319733e+00
1.40235281e+00
1.39262176e+00
1.36275387e+00
1.49345672e+00
1.46936333e+00
1.23449826e+00
1.19170225e+00
1.20877826e+00
1.45209479e+00
1.78193557e+00
1.59623468e+00
1.34895504e+00
1.66048658e+00
1.40334511e+00
1.07010913e+00
1.29163659e+00
1.30109155e+00
1.52873504e+00
1.27200425e+00
1.28771544e+00
1.28023624e+00
1.17206419e+00
1.13956571e+00
1.29304802e+00
1.83221412e+00
1.53436840e+00
1.04048634e+00
1.54378188e+00
1.47974157e+00
1.58491993e+00
1.40220702e+00
1.13226020e+00
1.19614077e+00
1.50511134e+00
1.43065286e+00
1.47232556e+00
1.62226534e+00
1.28714788e+00
1.23602724e+00
1.83053672e+00
1.43499184e+00
9.97218907e-01
1.17621720e+00
1.28940165e+00
1.19918215e+00
1.19724929e+00
1.24529445e+00
9.88304019e-01
8.90121043e-01
1.24668610e+00
1.35014904e+00
8.89743149e-01
1.68092823e+00
1.42770064e+00
1.19542551e+00
1.03570533e+00
9.10256684e-01
1.21849382e+00
9.77516472e-01
1.29715312e+00
1.24474359e+00
1.15563619e+00
1.11294079e+00
1.31760430e+00
1.29764044e+00
8.81438613e-01
1.10479629e+00
1.54373109e+00
1.47138798e+00
1.19498467e+00
1.22748852e+00
1.50388527e+00
1.32723892e+00
1.20047772e+00
1.46748734e+00
1.69061565e+00
9.93312478e-01
1.18812001e+00
1.68862832e+00
1.35277522e+00
1.14042580e+00
1.68226814e+00
1.11103880e+00
1.37462652e+00
9.87695038e-01
8.94819617e-01
1.16790116e+00
1.26302898e+00
8.65756631e-01
1.03599358e+00
1.24547231e+00
1.30540466e+00
9.77876663e-01
9.49583113e-01
1.84781861e+00
1.06743765e+00
1.13736892e+00
1.29446197e+00
1.15241206e+00
1.56439710e+00
1.53839457e+00
1.21540272e+00
1.26328576e+00
1.21161675e+00
1.08596504e+00
1.05603158e+00
1.48795390e+00
1.41640878e+00
7.33579338e-01
8.88365686e-01
1.54930556e+00
1.07761502e+00
1.09325337e+00
1.07397687e+00
9.76419151e-01
1.04236484e+00
1.34897280e+00
1.27726901e+00
1.42807722e+00
1.03731096e+00
1.28160584e+00
1.29029262e+00
1.04446721e+00
1.64445603e+00
1.31564164e+00
1.24753308e+00
1.48646331e+00
1.34070671e+00
1.25538242e+00
1.53505135e+00
8.69164288e-01
1.31516743e+00
1.24309886e+00
9.22688484e-01
1.18303859e+00
1.30010808e+00
1.20907450e+00
1.21919560e+00
1.30411851e+00
9.59180593e-01
8.68566036e-01
1.48994517e+00
1.17789924e+00
1.69071901e+00
1.38409519e+00
1.03595757e+00
1.15275359e+00
9.25071418e-01
1.11111915e+00
1.26802731e+00
1.18774223e+00
1.21253610e+00
1.46940577e+00
1.40819991e+00
1.40355539e+00
1.15628588e+00
1.09205639e+00
1.50200379e+00
1.32030141e+00
7.42696583e-01
1.25372207e+00
1.58599114e+00
1.14333034e+00
9.98937488e-01
1.28429675e+00
1.19766593e+00
1.91343522e+00
1.31664276e+00
1.20441461e+00
1.55986547e+00
1.47928369e+00
1.33903992e+00
1.35982931e+00
1.02568328e+00
9.19732928e-01
9.33151126e-01
9.67851281e-01
9.03453946e-01
1.03372455e+00
1.27012706e+00
9.01182532e-01
8.86779726e-01
1.40000010e+00
1.10134530e+00
1.07460868e+00
1.38938034e+00
8.36837411e-01
6.55869186e-01
7.57249534e-01
9.42251980e-01
1.11136496e+00
1.07336557e+00
9.65680480e-01
9.32139754e-01
1.03452730e+00
1.16691208e+00
1.45891261e+00
8.99912953e-01
1.09903061e+00
1.38506210e+00
1.06218886e+00
1.50897765e+00
8.54688704e-01
9.34310198e-01
8.68164659e-01
7.89594412e-01
1.02144003e+00
1.71680355e+00
1.21306670e+00
8.49396944e-01
1.22436941e+00
1.40654349e+00
1.09993863e+00
1.05370677e+00
1.15989435e+00
8.48045528e-01
1.29854977e+00
1.38495219e+00
9.58659291e-01
1.15193236e+00
7.59025991e-01
1.15534067e+00
1.07152140e+00
1.23691332e+00
1.67158818e+00
9.80419278e-01
8.24758291e-01
1.57049143e+00
1.27710140e+00
8.44448686e-01
1.23282444e+00
1.43846297e+00
8.30371976e-01
1.09562457e+00
1.68024278e+00
1.15008426e+00
6.19318485e-01
1.50215149e+00
7.67148316e-01
8.25689554e-01
9.31930184e-01
1.15885735e+00
1.25497985e+00
1.08304179e+00
9.51520443e-01
1.20640469e+00
1.60332501e+00
1.60478127e+00
1.34317732e+00
1.18743920e+00
1.00940955e+00
1.57907856e+00
1.42999387e+00
9.63463426e-01
9.30446982e-01
1.45890319e+00
1.40018880e+00
1.33269334e+00
8.83884430e-01
8.25715125e-01
1.13850331e+00
1.14499700e+00
1.23157585e+00
9.93011355e-01
9.85335112e-01
9.36438024e-01
8.92286837e-01
1.07985699e+00
1.15936637e+00
1.12424934e+00
1.24620974e+00
1.27330947e+00
1.06344676e+00
9.52573299e-01
1.72175109e+00
1.09103096e+00
8.61580729e-01
9.18386400e-01
8.89536023e-01
8.10666978e-01
8.73504162e-01
9.45998251e-01
1.09846222e+00
9.61993635e-01
9.68570471e-01
1.41736436e+00
9.33066010e-01
1.17785227e+00
1.17610741e+00
1.06326962e+00
1.32597971e+00
9.35390174e-01
8.84262025e-01
1.02572823e+00
7.56330788e-01
8.96946013e-01
1.38333452e+00
8.24092150e-01
1.56428659e+00
1.20267677e+00
1.30286360e+00
1.66234374e+00
1.27848411e+00
1.11426890e+00
8.85479212e-01
1.36000383e+00
1.18544066e+00
1.08283794e+00
1.35045123e+00
1.16608107e+00
1.09911430e+00
1.22162414e+00
1.26360381e+00
9.53016698e-01
7.33252466e-01
8.31640244e-01
9.81043279e-01
1.13211036e+00
1.49930894e+00
1.25412238e+00
9.27093208e-01
1.51984453e+00
5.96156418e-01
6.21017635e-01
6.18615985e-01
9.33182538e-01
1.36657643e+00
7.41230369e-01
1.26570523e+00
1.06413925e+00
6.84725523e-01
6.35034680e-01
9.24566686e-01
1.07731950e+00
1.39087903e+00
7.25383401e-01
6.68148637e-01
1.20648456e+00
1.37820458e+00
8.21174741e-01
1.13513136e+00
1.44816887e+00
1.70838547e+00
1.29127407e+00
6.89884126e-01
1.10495341e+00
8.81891072e-01
1.07941794e+00
1.26629150e+00
1.28898573e+00
1.09595299e+00
6.83225870e-01
7.85791337e-01
8.48743558e-01
7.53971756e-01
9.13985372e-01
1.09039164e+00
8.22657645e-01
7.75668263e-01
1.31278884e+00
9.45420742e-01
8.23671937e-01
1.57101274e+00
7.84925997e-01
1.00353444e+00
1.27358305e+00
1.20324612e+00
1.31169629e+00
1.62357891e+00
7.77330041e-01
6.96025133e-01
1.28753340e+00
1.53056479e+00
1.46549869e+00
1.15911841e+00
5.70961952e-01
1.24856079e+00
8.81153643e-01
1.05246949e+00
1.36958325e+00
5.99032760e-01
7.77680457e-01
1.13092315e+00
1.16967440e+00
8.60706866e-01
7.68256426e-01
9.71704185e-01
1.26134503e+00
6.33599281e-01
9.26455379e-01
1.19192231e+00
8.53364825e-01
7.60830045e-01
1.14287746e+00
9.66005862e-01
5.78678966e-01
6.76831245e-01
6.97389245e-01
8.38561058e-01
1.66701841e+00
5.83272994e-01
7.21084833e-01
1.22157288e+00
1.06081033e+00
7.02001929e-01
7.00439513e-01
1.12113488e+00
6.22590005e-01
6.01554453e-01
1.19830799e+00
1.15122211e+00
7.03953862e-01
5.46672285e-01
5.06047606e-01
8.76207769e-01
1.12984920e+00
5.52031875e-01
8.09010208e-01
9.24871624e-01
7.87352204e-01
9.08597231e-01
1.12191200e+00
7.61740565e-01
1.76094890e+00
4.14283705e+00
2.32870221e+00
4.13074064e+00
2.94851041e+00
3.07147312e+00
1.72269034e+00
6.95215046e-01
8.72838974e-01
1.09767365e+00
8.08905482e-01
1.36391270e+00
9.12763476e-01
6.60302937e-01
6.42473996e-01
1.04877818e+00
1.25352693e+00
7.41187632e-01
8.81674469e-01
1.02357125e+00
1.17462182e+00
6.17090702e-01
5.12538552e-01
1.07099330e+00
8.27170610e-01
7.54018664e-01
7.94032454e-01
6.72787011e-01
5.65517366e-01
7.20086038e-01
9.80676115e-01
7.93823361e-01
1.08768308e+00
1.31958461e+00
8.80499601e-01
6.79433405e-01
4.61229950e-01
7.85982847e-01
1.21632838e+00
1.34618723e+00
1.05828178e+00
9.82676268e-01
1.64069521e+00
7.12260246e-01
6.76891744e-01
1.02096188e+00
8.64692509e-01
6.99680030e-01
1.07992816e+00
7.00004280e-01
1.01100898e+00
1.28961039e+00
1.01679373e+00
9.90700305e-01
9.12813663e-01
1.13810074e+00
1.24352014e+00
1.12961829e+00
1.02727938e+00
8.90467048e-01
1.35872090e+00
1.52051222e+00
1.03637099e+00
4.86000985e-01
6.25266612e-01
1.34659517e+00
8.84849072e-01
8.84000242e-01
6.66875720e-01
7.95462310e-01
1.26403165e+00
9.31819797e-01
6.81926847e-01
1.51256502e+00
1.50999367e+00
9.13738072e-01
9.21346486e-01
1.14843428e+00
6.80510104e-01
4.47062224e-01
5.80119610e-01
9.96776342e-01
1.00001168e+00
7.07255363e-01
8.11276495e-01
8.13825011e-01
5.75010717e-01
6.43495083e-01
1.50819349e+00
2.19552541e+00
8.32333028e-01
8.61519158e-01
8.48110914e-01
9.57223833e-01
1.02041006e+00
1.15194571e+00
1.27452159e+00
1.26153767e+00
9.45686460e-01
8.64602685e-01
9.37867463e-01
9.68079805e-01
1.29534757e+00
6.95057988e-01
9.21313286e-01
8.08108866e-01
7.55855024e-01
8.19379926e-01
6.34622872e-01
6.65162742e-01
9.49785948e-01
1.06812894e+00
7.95152485e-01
5.41223288e-01
9.12139952e-01
7.53072321e-01
6.92670643e-01
9.88868058e-01
8.79467785e-01
6.29355490e-01
9.29772198e-01
9.63744462e-01
7.17664123e-01
6.40491247e-01
9.38363612e-01
1.07619929e+00
8.15604746e-01
8.99052262e-01
5.76386750e-01
9.91052508e-01
1.30245507e+00
7.60234833e-01
7.69188225e-01
1.08665168e+00
1.10597634e+00
8.56435537e-01
7.37488687e-01
7.42262065e-01
6.73163414e-01
6.61326706e-01
1.04297054e+00
7.24444687e-01
5.32044888e-01
1.02507484e+00
1.16929805e+00
7.27123559e-01
7.70539522e-01
9.19242144e-01
8.97061527e-01
6.52250946e-01
8.46223116e-01
1.19124115e+00
1.04751742e+00
1.03572071e+00
9.47473168e-01
6.44538999e-01
7.06036925e-01
9.60525215e-01
1.01000977e+00
1.07006383e+00
7.64443040e-01
6.56506240e-01
1.43419802e+00
8.76556993e-01
8.30342472e-01
4.30642962e-01
6.47397280e-01
1.76407039e+00
6.49890125e-01
1.21711838e+00
9.05384719e-01
6.30308390e-01
5.33672392e-01
5.72605729e-01
4.59651291e-01
1.46488929e+00
7.93108821e-01
5.19400716e-01
7.41483927e-01
6.26325250e-01
1.08651888e+00
1.11979544e+00
7.08336890e-01
6.61293387e-01
6.97677970e-01
5.28008044e-01
7.12602377e-01
5.73517978e-01
4.99578267e-01
6.08768582e-01
6.28806889e-01
8.65920424e-01
6.48723900e-01
1.41075087e+00
1.23875558e+00
5.02787828e-01
5.08757770e-01
1.65852618e+00
6.98155880e-01
1.40963721e+00
1.57694888e+00
9.50679243e-01
8.87160897e-01
1.29412913e+00
8.95714462e-01
8.09366047e-01
6.80379987e-01
5.80842614e-01
6.00119114e-01
6.41476154e-01
1.11052811e+00
6.59548223e-01
8.69877279e-01
1.04354453e+00
9.22756493e-01
1.25641096e+00
1.12093937e+00
1.21819890e+00
7.18312681e-01
6.08833015e-01
7.68812954e-01
7.62524128e-01
6.98578119e-01
9.01151419e-01
5.52127659e-01
5.82269907e-01
9.25298393e-01
7.62205660e-01
1.75500894e+00
5.84359169e-01
6.62225425e-01
1.11899149e+00
1.04108477e+00
5.84574282e-01
1.09083915e+00
7.62603700e-01
7.90043235e-01
8.27667952e-01
6.93523109e-01
8.65797758e-01
8.30625594e-01
1.10938203e+00
1.10719728e+00
6.52261376e-01
5.60510814e-01
9.02195454e-01
5.43598354e-01
4.97555375e-01
4.51425910e-01
5.11784673e-01
4.97694701e-01
1.15215778e+00
4.74721760e-01
1.03335845e+00
8.05570006e-01
5.79361677e-01
6.78824782e-01
8.88483167e-01
1.06290281e+00
1.33087230e+00
1.14234817e+00
8.09262812e-01
9.90379751e-01
7.66463816e-01
7.64023304e-01
9.69966590e-01
8.61314833e-01
4.99122053e-01
3.99113894e-01
9.39181387e-01
4.85965043e-01
7.57970095e-01
7.86906481e-01
9.26279485e-01
1.49795508e+00
5.76680005e-01
8.02043736e-01
6.30097032e-01
1.17593861e+00
1.25225091e+00
5.73835254e-01
1.00878966e+00
8.42136383e-01
1.04503882e+00
1.02256787e+00
7.86162853e-01
5.84814906e-01
4.45054561e-01
9.81060445e-01
6.62655711e-01
8.06788027e-01
9.62748289e-01
4.16578770e-01
6.88275576e-01
1.13270223e+00
6.35860384e-01
9.61131275e-01
1.58130622e+00
1.28324628e+00
6.66581750e-01
7.86382914e-01
6.21999025e-01
5.58670521e-01
1.07051754e+00
1.27158821e+00
8.84991229e-01
5.30923188e-01
3.91020030e-01
6.05770409e-01
1.06974220e+00
1.28463638e+00
8.30869734e-01
3.82531017e-01
6.95605695e-01
1.07798302e+00
7.60139883e-01
6.23004615e-01
8.69882107e-01
1.00657594e+00
8.69716883e-01
8.16317558e-01
7.74294734e-01
5.57892144e-01
9.44431961e-01
1.24115801e+00
1.69669151e+00
2.90790677e+00
3.24033165e+00
1.03425574e+00
1.11012030e+00
1.86631322e+00
2.98721457e+00
1.27904153e+00
1.25813580e+00
1.40452290e+00
6.96173131e-01
6.34546399e-01
8.44156086e-01
6.23944342e-01
4.63262290e-01
1.12090540e+00
7.32525826e-01
5.08258581e-01
1.04209626e+00
7.36685157e-01
4.62115258e-01
6.41768754e-01
7.03230619e-01
6.56390488e-01
5.15856266e-01
6.74828470e-01
8.02587271e-01
8.80600870e-01
9.38454449e-01
9.42803502e-01
1.02257311e+00
1.07827318e+00
1.01088893e+00
9.24918175e-01
8.08888912e-01
7.05487132e-01
6.25896633e-01
5.98152339e-01
9.07544553e-01
8.85938168e-01
1.00060499e+00
7.40592062e-01
5.40076077e-01
7.62480676e-01
1.16787362e+00
8.85743082e-01
9.74693716e-01
1.14691138e+00
7.17265725e-01
6.90658271e-01
7.67799973e-01
3.93102527e-01
7.11834252e-01
9.04701531e-01
7.05444872e-01
5.53842008e-01
8.78419578e-01
5.24268925e-01
8.07004213e-01
4.74280596e-01
3.63149077e-01
1.04036438e+00
1.09145153e+00
8.04825068e-01
6.79199457e-01
8.01446617e-01
7.74451792e-01
6.38244808e-01
5.93839824e-01
8.38428617e-01
8.67394388e-01
6.39869273e-01
5.44895172e-01
7.19671249e-01
9.76378381e-01
1.21606398e+00
8.11066985e-01
8.75035584e-01
9.10103500e-01
6.93050742e-01
6.98019326e-01
8.61491621e-01
8.40490460e-01
9.35115397e-01
8.78093719e-01
6.71539307e-01
3.84053260e-01
4.20508683e-01
4.87127304e-01
7.29985952e-01
5.50986230e-01
3.65882516e-01
4.94209230e-01
7.79168367e-01
1.20591748e+00
6.27983689e-01
5.90164125e-01
6.31649494e-01
4.28187549e-01
8.85423183e-01
7.02333331e-01
3.68049651e-01
6.07583106e-01
1.06047142e+00
3.87241483e-01
5.80353737e-01
7.06733763e-01
7.22153246e-01
3.80573034e-01
0.00000000e+00
8.19530547e-01
6.63066864e-01
1.01331758e+00
5.29694915e-01
5.54931462e-01
8.68493319e-01
8.46573293e-01
8.42154682e-01
5.29596031e-01
3.46269727e-01
3.96185696e-01
5.76116085e-01
9.25311685e-01
1.24074841e+00
8.48110914e-01
7.17755735e-01
9.56647038e-01
5.96412182e-01
3.71915132e-01
7.32018709e-01
8.47068250e-01
5.02014041e-01
5.63961685e-01
7.86611021e-01
6.56581342e-01
4.99149382e-01
5.98375022e-01
3.05273592e-01
4.88931328e-01
1.16158640e+00
9.50613260e-01
5.65707386e-01
9.06557143e-01
6.92323148e-01
5.65488458e-01
4.92408991e-01
6.58293545e-01
7.47068465e-01
1.04520941e+00
8.98672104e-01
7.70272076e-01
9.53706443e-01
1.03634679e+00
5.57499826e-01
4.92807090e-01
6.64019227e-01
4.00182128e-01
5.94186723e-01
1.42935193e+00
7.25216210e-01
4.50186461e-01
1.07760930e+00
9.02294755e-01
4.60409522e-01
7.78226018e-01
7.17830181e-01
9.18423176e-01
1.09636545e+00
5.75444043e-01
5.33221602e-01
7.74387360e-01
7.10008621e-01
8.06792617e-01
7.12269127e-01
5.46669781e-01
5.79787850e-01
8.02433550e-01
6.16496742e-01
6.94083512e-01
7.84580886e-01
5.33979535e-01
6.41913593e-01
6.38774276e-01
1.03763771e+00
8.19566905e-01
7.31847107e-01
5.03384113e-01
4.17751819e-01
1.03493047e+00
3.90007168e-01
1.49375463e+00
1.42254972e+00
8.24782491e-01
1.04914057e+00
6.49508953e-01
9.83627439e-01
7.13253200e-01
4.27069813e-01
5.62698126e-01
5.88718355e-01
7.89590955e-01
5.66784203e-01
6.76009357e-01
8.34510982e-01
6.05059206e-01
7.70581841e-01
9.09417033e-01
1.53707469e+00
9.80364919e-01
7.40505397e-01
9.57392275e-01
6.99950874e-01
8.16327929e-01
9.39114332e-01
5.84037364e-01
5.55484772e-01
5.94138682e-01
6.10906422e-01
6.15986168e-01
8.02104890e-01
3.66606027e-01
5.42584538e-01
5.57580411e-01
9.00314093e-01
7.29113162e-01
6.82650745e-01
7.18180895e-01
4.72068787e-01
5.17182112e-01
1.00214505e+00
7.53724635e-01
5.95221043e-01
5.90362310e-01
1.10088038e+00
7.82277226e-01
6.62356615e-01
1.00944126e+00
6.43319964e-01
5.94651103e-01
6.43608510e-01
7.34122932e-01
5.85543394e-01
7.96214998e-01
6.65999115e-01
6.08046174e-01
6.39001667e-01
9.18938875e-01
1.07378161e+00
4.83485788e-01
8.00345480e-01
1.15131581e+00
1.12676108e+00
6.22678518e-01
5.07732272e-01
5.74385345e-01
5.89050233e-01
4.99961466e-01
8.66375387e-01
1.26187479e+00
8.75081122e-01
8.39582205e-01
8.19075942e-01
6.08883560e-01
5.40010095e-01
4.78986621e-01
4.04487848e-01
7.18713701e-01
5.53377807e-01
7.40409434e-01
9.72645283e-01
7.86522985e-01
4.47377652e-01
6.20028973e-01
1.12956035e+00
7.70216107e-01
5.81519127e-01
7.41218626e-01
6.79191232e-01
4.87757146e-01
4.63354170e-01
6.64269030e-01
9.35155451e-01
8.09818089e-01
6.97291553e-01
6.08216643e-01
1.03417730e+00
6.88724101e-01
6.80810273e-01
8.32620442e-01
3.89338553e-01
8.59235466e-01
4.63137954e-01
5.45261681e-01
6.65939152e-01
4.10539329e-01
8.05131972e-01
4.35927778e-01
2.99133301e-01
7.11599588e-01
8.35991561e-01
6.52580976e-01
6.51958764e-01
6.39368296e-01
8.95795465e-01
6.29810393e-01
4.27801788e-01
6.03057384e-01
5.29202223e-01
3.25221121e-01
6.34934604e-01
6.14682078e-01
4.78260964e-01
5.09145558e-01
3.42871815e-01
4.51899290e-01
4.61139292e-01
4.95479316e-01
7.93321788e-01
8.71418238e-01
8.01631331e-01
7.77375758e-01
6.29452646e-01
4.94720399e-01
4.92710173e-01
7.14280725e-01
8.59305203e-01
6.41500592e-01
6.56507373e-01
4.39332783e-01
5.69719076e-01
1.11651719e+00
4.00508106e-01
8.29284549e-01
5.95124722e-01
4.44328427e-01
6.01853251e-01
1.36408758e+00
9.27314341e-01
1.06019008e+00
9.11844075e-01
7.65280366e-01
6.03019774e-01
5.40657043e-01
6.82007968e-01
9.37134445e-01
4.53082204e-01
3.24454486e-01
5.28542578e-01
5.48122346e-01
4.03420895e-01
6.31719708e-01
7.87686348e-01
7.60518312e-01
5.05057633e-01
3.79087746e-01
4.94704604e-01
3.93384248e-01
3.71138990e-01
6.03589594e-01
6.19873047e-01
5.23122311e-01
5.13632476e-01
5.35770297e-01
4.30541128e-01
5.40653706e-01
5.21743834e-01
2.94529319e-01
5.57799160e-01
7.21933365e-01
5.62676907e-01
4.89896119e-01
5.62506616e-01
5.79792559e-01
4.65725392e-01
4.41267788e-01
5.26043653e-01
5.16403913e-01
4.51933622e-01
4.50865060e-01
4.99327719e-01
4.36558634e-01
5.16252995e-01
4.74733084e-01
3.57781917e-01
8.49467337e-01
1.46276844e+00
1.10728407e+00
6.62401617e-01
8.62858951e-01
6.74865901e-01
2.97469139e-01
6.83131218e-01
6.76663637e-01
2.61751890e-01
3.62154454e-01
3.32506120e-01
3.15318912e-01
7.11796939e-01
5.28979242e-01
5.38198888e-01
4.88896370e-01
5.44624031e-01
5.40722728e-01
7.81080604e-01
3.56061190e-01
4.15599197e-01
5.99517703e-01
5.54219723e-01
3.68302763e-01
4.79041606e-01
3.17505270e-01
5.03037453e-01
6.66064799e-01
3.19695324e-01
3.16902876e-01
4.60530639e-01
6.60218179e-01
7.90500522e-01
7.60395348e-01
6.39281571e-01
4.30879354e-01
3.96676779e-01
6.19332850e-01
6.18695915e-01
4.70833391e-01
5.91736853e-01
9.64034617e-01
4.54461098e-01
6.14692330e-01
4.55107749e-01
5.32987356e-01
8.76499057e-01
4.77944970e-01
8.74458969e-01
6.32652462e-01
7.39673257e-01
6.74931467e-01
4.58696604e-01
5.60383260e-01
4.11197633e-01
8.26836526e-01
6.08978987e-01
3.99068832e-01
5.23276746e-01
4.30464894e-01
3.12713683e-01
7.93601573e-01
6.55185640e-01
3.03904593e-01
3.97781968e-01
6.08650625e-01
4.40000266e-01
6.34105325e-01
6.86394274e-01
4.56074417e-01
3.36341500e-01
6.85698271e-01
6.41554594e-01
7.15935707e-01
7.58516610e-01
3.95886660e-01
3.46412390e-01
9.90348816e-01
5.75423419e-01
6.28452957e-01
7.87809014e-01
7.20964313e-01
6.29352331e-01
4.83863056e-01
5.71497083e-01
3.89963537e-01
4.14827645e-01
4.71702099e-01
4.89901513e-01
6.82592809e-01
3.46035987e-01
6.62692726e-01
5.48588097e-01
3.85901242e-01
5.44414222e-01
4.18740094e-01
5.68110526e-01
5.18713713e-01
6.65380359e-01
6.68270171e-01
4.18151855e-01
5.09219468e-01
7.39162266e-01
5.75458109e-01
3.98867816e-01
4.37528014e-01
4.95985031e-01
5.22049546e-01
5.43030739e-01
4.18774575e-01
8.67361784e-01
7.15556383e-01
3.52800727e-01
1.17419076e+00
3.78819406e-01
3.27453494e-01
5.91021895e-01
7.44149446e-01
5.46052694e-01
4.00562942e-01
2.93033332e-01
8.08996975e-01
5.28850615e-01
3.14660281e-01
6.84799075e-01
3.88625860e-01
8.01386595e-01
5.71488023e-01
5.83048344e-01
8.73454273e-01
6.38910711e-01
3.81559581e-01
4.41412956e-01
4.88183379e-01
3.57556731e-01
5.05986214e-01
3.52818102e-01
3.29916596e-01
8.16333234e-01
3.10900778e-01
5.29390752e-01
6.77462816e-01
1.02520418e+00
4.25552320e+00
2.26961708e+00
5.26379943e-01
4.43691254e-01
6.17847621e-01
1.01817465e+00
5.46251476e-01
6.14588082e-01
5.76158166e-01
5.96137404e-01
5.44826269e-01
3.75798970e-01
3.96056980e-01
3.55248481e-01
5.06918609e-01
6.22179806e-01
4.91564661e-01
4.40505356e-01
1.02735591e+00
5.97811162e-01
5.33531785e-01
6.34292722e-01
7.17214525e-01
6.81718290e-01
4.38334525e-01
6.46284759e-01
6.61917210e-01
5.40950835e-01
5.26907563e-01
4.59384978e-01
6.04777396e-01
5.61359167e-01
6.17059708e-01
6.30223453e-01
4.41193879e-01
3.49848300e-01
6.69977963e-01
4.25342500e-01
2.33378977e-01
3.02040696e-01
4.69047368e-01
4.87756073e-01
6.55143440e-01
5.87289453e-01
3.13667297e-01
5.34064591e-01
9.46006179e-01
4.06364709e-01
4.46359873e-01
8.83496404e-01
4.09316152e-01
3.82604003e-01
6.69021487e-01
5.73907852e-01
5.75653672e-01
4.89010632e-01
4.90598738e-01
4.20419097e-01
4.36189115e-01
6.39481425e-01
5.48834205e-01
5.94175756e-01
5.28214872e-01
5.81667364e-01
7.51721680e-01
7.32647419e-01
6.96521342e-01
7.57893085e-01
6.98016763e-01
6.31146908e-01
5.77794671e-01
4.45209742e-01
2.09979847e-01
6.04602933e-01
6.30788743e-01
5.83080113e-01
6.96154058e-01
4.38406020e-01
4.96430993e-01
4.07586277e-01
5.94190538e-01
5.15268862e-01
3.58074218e-01
7.32426584e-01
3.91239017e-01
3.29112321e-01
4.38621640e-01
5.94735920e-01
7.94308841e-01
5.01090169e-01
6.25955760e-01
3.66770774e-01
4.57174540e-01
3.46957713e-01
4.02107179e-01
7.90478408e-01
5.61194360e-01
6.17889881e-01
3.28630209e-01
2.76227444e-01
5.26525259e-01
6.17566347e-01
3.83694440e-01
4.39307868e-01
7.32796431e-01
7.38679051e-01
4.77363378e-01
3.41186970e-01
4.54972804e-01
6.00114822e-01
4.96631563e-01
4.53517824e-01
6.33441806e-01
3.23987782e-01
4.57659483e-01
4.88168299e-01
5.67182839e-01
6.42487168e-01
5.14616370e-01
4.56838369e-01
6.43209338e-01
6.88284516e-01
5.72526038e-01
4.19375569e-01
4.95472819e-01
7.92789280e-01
5.90635538e-01
3.60959798e-01
3.54628295e-01
5.51264405e-01
7.66315341e-01
5.75014949e-01
5.09153426e-01
3.56697798e-01
3.16307217e-01
3.87078404e-01
4.67508495e-01
3.90995592e-01
6.67293906e-01
5.60595453e-01
5.53389609e-01
6.23954117e-01
3.45737159e-01
6.72101378e-01
8.63335490e-01
5.47506392e-01
3.55497450e-01
4.12283808e-01
4.89156961e-01
4.12469149e-01
3.63449723e-01
5.63664019e-01
5.27479053e-01
4.12581772e-01
4.89567906e-01
4.37952071e-01
6.66784644e-01
3.97885472e-01
3.24075788e-01
4.23367143e-01
3.64893824e-01
3.02239865e-01
6.93338871e-01
4.01665658e-01
4.80555236e-01
7.63963580e-01
4.93042201e-01
3.80099058e-01
5.12300372e-01
3.82197171e-01
5.75415432e-01
6.61860645e-01
3.98242384e-01
4.74933475e-01
5.45189559e-01
3.74051988e-01
4.03574556e-01
4.43244606e-01
3.25085491e-01
5.00793993e-01
2.88912535e-01
3.62576336e-01
4.52595711e-01
3.62963200e-01
5.50754130e-01
3.47333431e-01
2.30500102e-01
5.45821428e-01
5.23275375e-01
4.67709839e-01
6.09136760e-01
5.63841462e-01
2.86940694e-01
5.43184400e-01
5.16834140e-01
2.67125487e-01
3.46984744e-01
4.99258995e-01
4.74981725e-01
4.53688711e-01
3.63386691e-01
3.86433244e-01
5.99113047e-01
4.50033754e-01
7.09224761e-01
6.00381553e-01
4.93149728e-01
5.30528843e-01
4.26467538e-01
6.71089768e-01
6.37322903e-01
6.22832537e-01
4.63391870e-01
4.39502567e-01
5.51215708e-01
3.37210655e-01
4.98626381e-01
5.23205638e-01
5.75369537e-01
6.35517776e-01
4.65044677e-01
4.96556878e-01
7.32934892e-01
4.79544610e-01
2.90411651e-01
3.52327824e-01
5.34501851e-01
5.92691422e-01
2.87902981e-01
4.96239245e-01
7.05141068e-01
4.39937383e-01
2.29179174e-01
5.04521549e-01
5.74533880e-01
5.71284413e-01
5.97795844e-01
4.32265431e-01
3.48084867e-01
4.18862045e-01
3.75492096e-01
4.54671204e-01
5.90820074e-01
5.55195689e-01
6.35304213e-01
6.59604013e-01
3.87474835e-01
4.95932758e-01
5.70092618e-01
3.83692145e-01
4.31679398e-01
6.00353658e-01
4.34807688e-01
5.23429692e-01
3.23367357e-01
2.99070925e-01
7.05311596e-01
5.20680487e-01
3.45931530e-01
5.15817165e-01
6.24516726e-01
5.13552368e-01
4.49929416e-01
3.11579496e-01
4.97253627e-01
4.56454396e-01
3.50823551e-01
3.26626569e-01
4.39209759e-01
3.33702147e-01
4.80841398e-01
3.51930171e-01
3.29530060e-01
5.72023213e-01
6.17735684e-01
7.40698636e-01
6.87998652e-01
4.62604642e-01
4.91959780e-01
6.80308402e-01
4.48950887e-01
7.36734629e-01
4.64102298e-01
3.81517231e-01
4.64034230e-01
3.65231693e-01
4.40603435e-01
4.02606606e-01
4.76164609e-01
5.75752735e-01
4.49636787e-01
4.36391950e-01
6.84225976e-01
3.99118006e-01
3.69971961e-01
4.60629880e-01
4.88613963e-01
3.07242364e-01
3.21488231e-01
5.84522069e-01
7.62033701e-01
4.50744957e-01
3.50484163e-01
7.03621864e-01
9.15284157e-01
4.90877032e-01
6.09868884e-01
5.03970027e-01
3.71893078e-01
3.77239317e-01
4.30393815e-01
2.78184474e-01
3.30619037e-01
3.54920387e-01
4.37346518e-01
6.11472547e-01
4.91769850e-01
3.45484138e-01
4.24437940e-01
4.56973225e-01
4.95021790e-01
5.61239243e-01
3.24977368e-01
5.08235753e-01
4.33090568e-01
4.35716510e-01
5.96231699e-01
4.47617531e-01
8.84133041e-01
4.08467740e-01
4.74763930e-01
5.57979286e-01
7.90663898e-01
4.12260234e-01
5.36505103e-01
8.32042396e-01
8.00056100e-01
5.01423538e-01
3.70488137e-01
6.76145911e-01
4.88399774e-01
5.17334878e-01
5.05366027e-01
8.56613219e-01
1.08600092e+00
3.73414218e-01
5.24244845e-01
4.14718896e-01
8.28672469e-01
6.04488850e-01
4.87279862e-01
3.70359689e-01
4.93293703e-01
6.74148917e-01
2.63376147e-01
3.45826387e-01
5.92602074e-01
4.66127008e-01
7.47599959e-01
9.00973439e-01
6.03605211e-01
8.75607252e-01
4.22558606e-01
7.15591848e-01
4.94924963e-01
3.30319941e-01
3.76701027e-01
3.48540395e-01
3.85867298e-01
7.06108570e-01
3.71591330e-01
3.84685129e-01
5.51244259e-01
6.78074837e-01
4.42396820e-01
3.55110228e-01
2.73384839e-01
6.18352532e-01
3.72444957e-01
3.65857929e-01
3.74660581e-01
5.16425729e-01
3.43843877e-01
5.01711965e-01
5.52421868e-01
4.40844297e-01
2.91000634e-01
3.01801533e-01
4.04778868e-01
3.34398806e-01
3.62891495e-01
3.83446604e-01
4.68737185e-01
5.93277037e-01
3.08321565e-01
3.95993412e-01
2.78034329e-01
3.51116896e-01
5.52141011e-01
5.79092681e-01
7.20491946e-01
3.03165734e-01
2.91903019e-01
5.77156603e-01
5.07681549e-01
4.96590286e-01
4.82171863e-01
4.16567236e-01
4.39373851e-01
4.09556746e-01
3.99574131e-01
3.59915376e-01
4.09648657e-01
3.40042919e-01
3.09757322e-01
4.19298261e-01
4.66981769e-01
5.31182110e-01
3.75892580e-01
6.75670564e-01
3.42052042e-01
3.92360032e-01
3.17692667e-01
3.81776959e-01
3.58626485e-01
4.47367132e-01
5.40351450e-01
4.37191367e-01
4.10980642e-01
3.01468313e-01
2.90899217e-01
3.48295808e-01
3.63824040e-01
3.92586201e-01
4.57153887e-01
3.86727482e-01
3.69012207e-01
4.99441743e-01
3.99076790e-01
2.66651422e-01
3.54224563e-01
4.64485466e-01
4.13395703e-01
3.34816456e-01
5.37395298e-01
5.38324475e-01
4.81656700e-01
8.41028690e-01
7.94326246e-01
6.89877927e-01
4.84492660e-01
3.28869641e-01
3.42937589e-01
4.66327965e-01
3.96136284e-01
3.62250537e-01
3.45713913e-01
2.57420897e-01
2.37515047e-01
5.77165365e-01
3.75852764e-01
4.94275540e-01
3.73810440e-01
3.98746401e-01
6.41916275e-01
5.79138875e-01
3.86903346e-01
5.45356989e-01
6.28729880e-01
4.89521265e-01
4.09894466e-01
6.95633352e-01
4.37417030e-01
3.57398242e-01
3.43360752e-01
4.11582798e-01
5.11239350e-01
7.00414479e-01
3.08685839e-01
5.21994352e-01
4.04076040e-01
3.48105341e-01
5.27520061e-01
3.91137421e-01
3.79894286e-01
5.23027241e-01
4.92889553e-01
3.95644724e-01
3.72295290e-01
3.83463353e-01
4.17031914e-01
4.82089728e-01
6.44262373e-01
1.16840816e+00
5.53333163e-01
6.64481163e-01
9.19507146e-01
1.21114993e+00
1.18517995e+00
8.72003317e-01
6.89949095e-01
6.20205343e-01
3.67302239e-01
7.56936908e-01
5.86844981e-01
5.27231336e-01
4.03982371e-01
3.63315612e-01
5.38576543e-01
4.94379848e-01
5.79684317e-01
6.64772749e-01
3.54373276e-01
4.23827678e-01
5.83548665e-01
5.70118725e-01
3.05696279e-01
4.17300493e-01
6.75006270e-01
5.74697137e-01
6.47268653e-01
4.47784364e-01
4.73439902e-01
4.96283293e-01
3.15906376e-01
4.11711305e-01
6.32700801e-01
4.28741872e-01
5.12010753e-01
4.36478406e-01
4.56528932e-01
3.35856587e-01
4.29561555e-01
2.83638060e-01
3.02681834e-01
4.40118045e-01
4.76728559e-01
3.87955874e-01
4.30053473e-01
3.24336082e-01
3.03301066e-01
3.66920739e-01
3.71955723e-01
4.09752667e-01
4.91952121e-01
6.16485655e-01
5.36657631e-01
4.09101754e-01
4.53161746e-01
3.85285884e-01
2.95927256e-01
4.27876025e-01
2.88298458e-01
2.63386488e-01
4.78246957e-01
3.60504210e-01
6.43069744e-01
6.62040770e-01
5.88737309e-01
3.88104856e-01
9.63494539e-01
5.90596914e-01
6.46741211e-01
3.67795199e-01
3.16251606e-01
3.34646165e-01
3.10947448e-01
3.75190675e-01
5.02393603e-01
4.74769652e-01
3.05095792e-01
3.14783603e-01
3.71871561e-01
4.36978340e-01
3.22912067e-01
4.10357326e-01
3.63862395e-01
4.10585076e-01
8.44401419e-01
1.30367553e+00
1.26793528e+00
1.01699030e+00
7.51467526e-01
7.17642188e-01
1.44637120e+00
7.59022236e-01
4.66656834e-01
3.57539624e-01
2.83820361e-01
3.13483238e-01
2.97561318e-01
4.57519382e-01
4.05772269e-01
5.04818678e-01
3.12132418e-01
3.20279211e-01
6.03833437e-01
4.18702960e-01
3.45404774e-01
4.36076343e-01
5.10508597e-01
2.70571083e-01
3.88682991e-01
5.64481318e-01
6.15100145e-01
4.57003653e-01
4.25726801e-01
4.96889561e-01
2.78488576e-01
3.29239488e-01
4.42237526e-01
7.10454106e-01
3.31889808e-01
3.82411778e-01
4.99253809e-01
3.04047942e-01
4.32988048e-01
7.16588736e-01
6.06015921e-01
8.16949844e-01
5.35156488e-01
3.98711979e-01
3.49023938e-01
4.56665516e-01
4.11258966e-01
2.49286413e-01
3.34714741e-01
3.43127668e-01
5.54535508e-01
3.86384696e-01
5.92815399e-01
7.27246761e-01
2.93694019e-01
6.86425269e-01
5.30256927e-01
8.51878941e-01
5.55174768e-01
6.65287495e-01
8.52412343e-01
5.26718915e-01
4.11281556e-01
5.16517878e-01
3.72626990e-01
2.12586403e-01
5.33419132e-01
5.99339128e-01
3.55914354e-01
3.31887960e-01
5.95920086e-01
6.20089471e-01
3.55864882e-01
3.96097720e-01
4.52211618e-01
2.68260211e-01
3.37277353e-01
5.45852542e-01
7.05862582e-01
5.04319131e-01
4.06798244e-01
4.86616910e-01
3.39018732e-01
3.25659484e-01
5.57304978e-01
2.53700554e-01
2.14767307e-01
4.83757883e-01
6.06472492e-01
5.47616005e-01
7.88992763e-01
8.84836018e-01
7.36386120e-01
6.38421059e-01
7.02228010e-01
5.86506486e-01
3.59263301e-01
2.99862385e-01
4.59293813e-01
2.42336378e-01
4.52843517e-01
5.91706395e-01
3.68018419e-01
3.56871396e-01
4.00450587e-01
4.23865765e-01
5.42853951e-01
5.29872656e-01
2.97641456e-01
3.07312608e-01
3.13923866e-01
3.14426184e-01
4.56681401e-01
4.82037067e-01
3.80409330e-01
4.16776299e-01
5.53610206e-01
5.10910451e-01
3.99425238e-01
1.65731776e+00
1.84636927e+00
5.01245737e-01
3.39119136e-01
2.82202750e-01
3.27876568e-01
4.05603915e-01
3.45531166e-01
3.58867586e-01
1.01150537e+00
5.95386326e-01
3.47642273e-01
3.91385525e-01
3.69471222e-01
6.31352425e-01
1.14191186e+00
9.30381477e-01
5.87523103e-01
5.90520740e-01
8.32643688e-01
2.49840096e-01
4.14939553e-01
4.25752699e-01
3.09905678e-01
3.95643771e-01
4.73312497e-01
4.19971079e-01
1.04322278e+00
3.35983425e-01
3.43771189e-01
4.17317897e-01
4.46559280e-01
4.51399654e-01
5.30243337e-01
5.60449243e-01
6.35628998e-01
3.19780380e-01
1.93265751e-01
6.77338719e-01
2.97985077e-01
3.24839264e-01
4.51307774e-01
3.55851561e-01
4.57323998e-01
3.01346362e-01
6.62442982e-01
5.92310011e-01
4.31755573e-01
3.57335150e-01
3.08811992e-01
3.77469838e-01
4.82702047e-01
4.73901868e-01
4.20440137e-01
3.34340900e-01
3.30738068e-01
4.09346312e-01
3.01682174e-01
2.71813393e-01
3.67301673e-01
2.66578436e-01
2.65777498e-01
4.13372606e-01
3.80855083e-01
2.48772696e-01
3.44075024e-01
3.66327912e-01
4.24869895e-01
3.16669613e-01
2.97302872e-01
3.28595310e-01
3.18454504e-01
4.76811320e-01
5.96804440e-01
4.89312828e-01
4.99272555e-01
3.51672947e-01
3.24642301e-01
4.03422713e-01
2.16589719e-01
2.50657767e-01
2.59055138e-01
3.11962903e-01
4.24913734e-01
3.18408579e-01
3.48315984e-01
4.80495274e-01
2.73827404e-01
3.42400134e-01
3.30921173e-01
2.50261039e-01
3.80748898e-01
4.28226978e-01
2.66014487e-01
4.18257922e-01
2.91575909e-01
2.41380319e-01
4.82364386e-01
3.48483682e-01
4.57928658e-01
4.26949114e-01
3.40365469e-01
3.91456455e-01
4.25117403e-01
3.14793408e-01
3.91240031e-01
3.79562944e-01
3.14279765e-01
4.06345576e-01
6.06611729e-01
3.24833751e-01
4.33603644e-01
2.87169576e-01
3.34726304e-01
3.66097808e-01
2.38450408e-01
3.44458282e-01
3.59395802e-01
3.75453264e-01
2.55880922e-01
3.13351095e-01
8.06400478e-01
4.44123536e-01
3.36920321e-01
4.63075459e-01
7.41096139e-01
5.08893132e-01
2.88078487e-01
2.58236825e-01
3.76680613e-01
4.68959153e-01
3.77976418e-01
2.72312105e-01
2.50018090e-01
3.02753896e-01
4.28345948e-01
4.69434768e-01
6.00305617e-01
6.64122045e-01
4.39874887e-01
3.13804954e-01
3.47838253e-01
3.25009704e-01
2.82242268e-01
2.57916272e-01
2.75114864e-01
3.23733777e-01
2.61640519e-01
2.97560036e-01
2.95760632e-01
2.98631310e-01
6.08897209e-01
4.28516895e-01
2.71791637e-01
2.91375250e-01
2.84351945e-01
2.64936835e-01
2.55086541e-01
4.02357370e-01
3.31549376e-01
5.68921208e-01
5.30799508e-01
2.77133852e-01
3.60550344e-01
2.48236373e-01
3.42422932e-01
2.29240477e-01
2.81111360e-01
4.03648973e-01
6.68423533e-01
4.16407853e-01
3.62700492e-01
5.89027405e-01
1.12953269e+00
1.19527876e+00
5.13640583e-01
5.12478232e-01
5.03801882e-01
6.57678783e-01
8.54840398e-01
5.09069324e-01
3.55886877e-01
3.03852618e-01
2.63557136e-01
3.17644477e-01
3.84524465e-01
4.00900751e-01
4.60693479e-01
3.05267662e-01
2.56103784e-01
3.90628546e-01
5.31873286e-01
2.78307885e-01
2.78513819e-01
3.46014798e-01
2.26143435e-01
2.82388002e-01
3.33513379e-01
3.26418459e-01
2.67080456e-01
4.82043087e-01
4.57102418e-01
9.02129889e-01
9.82600868e-01
1.09143639e+00
1.19776964e+00
7.15891123e-01
6.61072493e-01
7.00444341e-01
4.47125733e-01
3.83616239e-01
3.30244422e-01
4.37817842e-01
4.78676766e-01
5.09818673e-01
3.38637650e-01
3.12301815e-01
3.55292380e-01
2.41991803e-01
5.57030022e-01
3.97564054e-01
3.78900856e-01
4.05613542e-01
6.19805336e-01
6.22406900e-01
3.42186421e-01
2.45540619e-01
3.49191576e-01
3.21921319e-01
3.37241501e-01
6.08603477e-01
1.32026434e+00
1.14567757e+00
6.34403527e-01
3.76233190e-01
4.00149643e-01
3.15080673e-01
3.37982833e-01
2.95144320e-01
4.81598407e-01
5.44446290e-01
3.62992883e-01
5.18195033e-01
4.37792450e-01
4.06038344e-01
3.22237372e-01
1.00152230e+00
1.04256153e+00
8.62316072e-01
6.69961512e-01
4.44254518e-01
4.61793214e-01
2.57181168e-01
4.08601046e-01
4.01445001e-01
2.34709010e-01
2.64161557e-01
4.00855780e-01
4.55313623e-01
4.10652757e-01
4.87771630e-01
2.46387810e-01
4.20112789e-01
3.00002426e-01
7.00742483e-01
5.68141580e-01
7.17518508e-01
5.43150783e-01
3.14646810e-01
2.47049421e-01
2.61463225e-01
2.41856322e-01
2.56951869e-01
2.91014731e-01
3.39328259e-01
3.14279348e-01
3.87171537e-01
3.35915089e-01
3.11323017e-01
3.84256542e-01
3.35949510e-01
2.66219497e-01
2.41025388e-01
2.60575950e-01
4.59271282e-01
4.83602613e-01
6.81396484e-01
3.06836665e-01
4.88328636e-01
3.46637338e-01
3.26053292e-01
2.61090040e-01
5.08933842e-01
5.44621587e-01
4.16100115e-01
2.83117592e-01
7.08089292e-01
4.79077667e-01
3.18741053e-01
2.67560095e-01
2.25695774e-01
2.56277621e-01
5.09762168e-01
2.89076090e-01
2.37246916e-01
3.77542078e-01
4.59243655e-01
3.13133657e-01
3.11455965e-01
3.24963659e-01
3.40636939e-01
2.72883326e-01
3.22868258e-01
4.01603281e-01
2.41885558e-01
4.63195711e-01
4.87933099e-01
2.52419412e-01
3.12748522e-01
2.55747616e-01
2.40910858e-01
3.10334265e-01
3.35863024e-01
2.34634429e-01
2.92488813e-01
4.43721145e-01
4.19490933e-01
4.10157323e-01
2.61060566e-01
2.33177289e-01
2.63103694e-01
2.76174754e-01
2.70961076e-01
2.72389770e-01
2.52463579e-01
2.67889559e-01
3.95596176e-01
3.52657378e-01
2.83111244e-01
2.52956510e-01
4.97698843e-01
5.68865240e-01
3.78002435e-01
6.76004767e-01
6.82927132e-01
2.76638061e-01
3.28254163e-01
8.09470475e-01
4.18779820e-01
6.47033036e-01
3.56374294e-01
3.90949607e-01
3.10413361e-01
3.40721428e-01
3.32260370e-01
6.20802224e-01
3.21470171e-01
5.19174337e-01
5.71874917e-01
3.96220297e-01
3.17680120e-01
3.50819826e-01
2.87194788e-01
3.47165436e-01
3.84235084e-01
3.78828853e-01
4.09007788e-01
5.76120555e-01
3.85197610e-01
4.03164387e-01
4.89999026e-01
2.51508534e-01
3.61164123e-01
5.34438908e-01
4.06305790e-01
2.96665847e-01
3.70848954e-01
5.88922441e-01
4.59201545e-01
2.91282564e-01
3.06737721e-01
4.22191948e-01
3.18715215e-01
3.02699536e-01
3.77703756e-01
2.13549599e-01
2.71986067e-01
2.38413408e-01
2.27490410e-01
3.83097261e-01
4.22500700e-01
2.47735590e-01
2.86555529e-01
2.36901343e-01
2.89193898e-01
2.66833127e-01
2.87209719e-01
3.45027685e-01
3.99180949e-01
3.65802765e-01
4.23710078e-01
4.22841012e-01
3.13504249e-01
2.54440337e-01
4.85460907e-01
4.10011590e-01
3.09326559e-01
2.93868124e-01
2.76403129e-01
2.57974386e-01
2.41172999e-01
2.68390477e-01
2.72487819e-01
3.80994081e-01
5.33737719e-01
7.71950126e-01
6.84209943e-01
8.20792198e-01
7.33284295e-01
5.90940595e-01
6.75223589e-01
3.79685521e-01
1.03401589e+00
8.41558099e-01
6.21785820e-01
4.58944410e-01
4.49266851e-01
2.35942170e-01
3.69546294e-01
3.38248312e-01
3.08895409e-01
5.37777364e-01
2.70523190e-01
2.25487113e-01
4.02012557e-01
4.89824861e-01
3.84566188e-01
2.98523426e-01
3.16132605e-01
3.23486954e-01
2.53467351e-01
3.46054494e-01
3.50975782e-01
2.76770294e-01
3.79045963e-01
5.24874151e-01
1.35237420e+00
1.52710557e+00
1.92841923e+00
1.29429984e+00
5.50054789e-01
1.10257900e+00
7.87905514e-01
7.04630256e-01
3.05450052e-01
2.61993468e-01
2.58640200e-01
3.31519842e-01
5.57598591e-01
3.89468163e-01
4.06746626e-01
3.43557358e-01
2.61684895e-01
4.54503864e-01
4.56625402e-01
2.93498337e-01
4.62982565e-01
6.60458803e-01
4.47884887e-01
3.29808593e-01
2.37996042e-01
2.59014279e-01
2.01867625e-01
2.68197477e-01
4.35740829e-01
7.00681150e-01
1.02383137e+00
9.75883186e-01
6.59557641e-01
5.29888093e-01
2.60747284e-01
3.82577837e-01
2.59249091e-01
9.97748077e-01
1.18546009e+00
5.82599521e-01
4.78357196e-01
2.61066496e-01
2.39496037e-01
2.72826016e-01
3.18813056e-01
6.48794174e-01
1.28938937e+00
1.13601708e+00
1.08365858e+00
4.13277984e-01
3.46329838e-01
4.78995949e-01
2.85994709e-01
3.52876574e-01
2.99360037e-01
2.65311182e-01
3.55632842e-01
4.57356274e-01
3.91725153e-01
4.18995947e-01
3.85090768e-01
4.01193738e-01
6.80643976e-01
5.83054304e-01
7.51153409e-01
1.08791816e+00
8.70670557e-01
5.96461654e-01
3.03363085e-01
4.51019853e-01
2.28585899e-01
2.51588374e-01
3.42689723e-01
2.80313641e-01
3.86430383e-01
5.06759048e-01
2.37985983e-01
3.12204450e-01
2.61030823e-01
6.49179518e-01
4.34152007e-01
6.62440240e-01
3.23375970e-01
4.66616362e-01
4.07302529e-01
1.12997270e+00
9.81345832e-01
6.63393617e-01
