9.53650713e-01
1.01660395e+00
9.91990387e-01
9.71087515e-01
1.00043619e+00
1.05306280e+00
9.58627105e-01
1.03211534e+00
9.86520469e-01
1.10429871e+00
1.07106364e+00
9.40889955e-01
1.06077158e+00
9.92496669e-01
9.81168270e-01
9.22901213e-01
9.54580843e-01
8.74918818e-01
1.03705502e+00
9.50504720e-01
9.17161703e-01
9.06837940e-01
9.53406572e-01
1.07634771e+00
9.80593860e-01
9.26708102e-01
1.04306924e+00
9.28591669e-01
9.17329192e-01
8.82236719e-01
9.79788959e-01
9.20713902e-01
9.56775188e-01
9.53729153e-01
9.15215075e-01
9.47443783e-01
9.45992410e-01
9.53640997e-01
8.80789757e-01
9.55478191e-01
9.46669281e-01
9.43014026e-01
9.47841346e-01
9.34751034e-01
9.65646803e-01
9.25146639e-01
1.04832017e+00
8.71099353e-01
8.83733928e-01
8.50458860e-01
8.82739961e-01
9.79608655e-01
8.92280102e-01
9.01859462e-01
9.67141151e-01
9.17316437e-01
8.73160183e-01
9.00790095e-01
9.17486608e-01
9.16004062e-01
8.79858911e-01
8.82628977e-01
9.99333143e-01
9.64818597e-01
9.41434026e-01
9.17556465e-01
8.61021817e-01
8.09961379e-01
8.48906219e-01
8.98758292e-01
8.29081953e-01
8.70362818e-01
7.90763021e-01
8.17759693e-01
8.49977970e-01
8.04885924e-01
9.20813739e-01
8.95514190e-01
8.15084994e-01
9.36702669e-01
8.94535363e-01
8.12197328e-01
8.46362293e-01
9.04128015e-01
8.73699546e-01
8.52644026e-01
8.43564093e-01
8.37407231e-01
8.81547391e-01
8.99146914e-01
8.00824404e-01
8.71508598e-01
8.25185478e-01
8.49798739e-01
7.63390422e-01
8.03843617e-01
7.69812524e-01
7.25190282e-01
7.33863592e-01
8.13811064e-01
7.28423834e-01
7.89902925e-01
7.84142375e-01
7.55050480e-01
7.33385801e-01
7.42010951e-01
7.88340330e-01
7.28955150e-01
7.81242609e-01
7.88527787e-01
7.87331581e-01
7.80612648e-01
8.03991199e-01
7.93553829e-01
7.92373717e-01
8.43122542e-01
8.36734116e-01
7.29227424e-01
8.23994637e-01
8.05833399e-01
7.93366075e-01
8.19068611e-01
8.11943829e-01
8.37940037e-01
7.95022428e-01
7.83524454e-01
7.83309281e-01
7.58563995e-01
7.65466928e-01
7.84839869e-01
8.61559391e-01
7.90612996e-01
7.67304957e-01
8.32381248e-01
8.13853264e-01
7.62694001e-01
8.56469095e-01
8.43106031e-01
8.16380382e-01
8.69022608e-01
7.84069836e-01
8.50910366e-01
8.50962281e-01
8.15046489e-01
7.76383042e-01
8.13803971e-01
7.97570527e-01
7.58125424e-01
8.53035092e-01
7.73748219e-01
7.48047054e-01
7.69811451e-01
7.85751998e-01
7.73784697e-01
7.54733741e-01
7.53572106e-01
7.68517077e-01
7.88255811e-01
8.04033816e-01
7.49402463e-01
7.66134262e-01
7.35268891e-01
7.42391169e-01
7.96984375e-01
7.19895840e-01
7.01730967e-01
8.05895329e-01
8.05499494e-01
7.55428791e-01
8.67878497e-01
7.77692020e-01
7.22351909e-01
7.80112803e-01
7.39293396e-01
7.39472508e-01
7.54768610e-01
7.09595919e-01
6.92121029e-01
7.33479857e-01
7.10241437e-01
6.76353216e-01
6.83714986e-01
6.93737209e-01
7.09118843e-01
6.58127367e-01
6.99003577e-01
6.89539433e-01
6.22066617e-01
6.17286384e-01
6.42318726e-01
6.70667648e-01
6.19279504e-01
6.89496756e-01
6.68632805e-01
5.88710606e-01
6.12988234e-01
5.90413928e-01
6.36325836e-01
6.57461822e-01
6.24177694e-01
5.96907616e-01
6.69874430e-01
7.01518714e-01
6.55600011e-01
6.83807492e-01
6.66644335e-01
7.06913114e-01
7.31921077e-01
6.59094870e-01
6.72938287e-01
6.78479850e-01
6.42398000e-01
6.57031715e-01
6.88302636e-01
6.76215231e-01
7.29391992e-01
7.75096476e-01
7.70614505e-01
7.55533934e-01
7.52732694e-01
7.76405632e-01
7.95160890e-01
7.75081456e-01
6.61238194e-01
7.94323266e-01
8.40716660e-01
7.75986850e-01
7.15640306e-01
7.35312521e-01
7.92232513e-01
7.19515741e-01
7.60299027e-01
7.65006900e-01
8.20371985e-01
8.21519971e-01
8.11615407e-01
8.10778856e-01
7.97800362e-01
8.07073712e-01
8.41299117e-01
8.10994685e-01
8.13889265e-01
8.62905204e-01
7.55793750e-01
7.84036458e-01
8.22259247e-01
7.02386618e-01
7.92532384e-01
7.97454119e-01
8.38017941e-01
7.92434990e-01
7.70305693e-01
7.23360658e-01
7.32838452e-01
8.05644572e-01
7.86743104e-01
7.70483077e-01
7.86381304e-01
8.20037484e-01
8.49934578e-01
7.91796327e-01
7.90286958e-01
8.03169250e-01
7.48229861e-01
8.15281749e-01
8.43210161e-01
7.90552855e-01
7.41812229e-01
7.93802023e-01
7.61360824e-01
7.79077351e-01
8.06484878e-01
7.45457232e-01
7.61553407e-01
8.08859527e-01
8.31701338e-01
8.64128530e-01
7.49940813e-01
7.23905563e-01
7.48231649e-01
7.75906265e-01
7.10630119e-01
7.74320722e-01
6.97250605e-01
7.50251353e-01
7.63071716e-01
7.58706510e-01
7.53713727e-01
7.44730055e-01
7.79450655e-01
7.55638301e-01
7.29054749e-01
7.09629476e-01
6.62321031e-01
7.70943701e-01
7.55764365e-01
7.02260077e-01
6.79858327e-01
7.16957867e-01
6.78980708e-01
7.21994996e-01
7.10831285e-01
6.76732600e-01
6.97511673e-01
6.27222896e-01
6.61638796e-01
6.43840134e-01
6.38008535e-01
6.26435518e-01
6.59015477e-01
6.50034130e-01
6.15616083e-01
6.13773942e-01
6.72748327e-01
5.93839586e-01
6.07651472e-01
6.14402831e-01
5.96340954e-01
6.14645481e-01
5.94088912e-01
6.13934159e-01
5.93128860e-01
5.71701348e-01
5.70991814e-01
5.54702163e-01
5.31285882e-01
5.59281588e-01
5.43343127e-01
5.20103157e-01
5.29524088e-01
4.95890230e-01
4.91566300e-01
5.32171726e-01
5.01479328e-01
5.03303528e-01
4.55252081e-01
4.89362776e-01
5.01746058e-01
4.93429929e-01
5.47776461e-01
5.36763549e-01
4.96048212e-01
5.44945478e-01
5.21722734e-01
5.21378040e-01
5.81194699e-01
5.51664054e-01
5.79253733e-01
5.86541653e-01
5.48072398e-01
6.42445624e-01
5.92688620e-01
5.28245687e-01
5.74796975e-01
6.32017970e-01
6.31611168e-01
5.83925068e-01
5.66056609e-01
6.54525280e-01
5.64608932e-01
5.71090996e-01
6.47994339e-01
6.26546085e-01
6.15253568e-01
6.05670273e-01
6.05301499e-01
6.23056412e-01
6.12036824e-01
6.11314714e-01
5.84822476e-01
6.62927330e-01
6.72540188e-01
5.94301283e-01
6.76446021e-01
6.36879086e-01
5.87615252e-01
6.34256124e-01
6.34621918e-01
6.59857035e-01
6.52151346e-01
6.46842122e-01
6.54481292e-01
7.21427023e-01
6.95583284e-01
6.36921406e-01
6.37796223e-01
6.41392291e-01
7.45883942e-01
6.64011002e-01
6.71321273e-01
6.86871290e-01
6.93848968e-01
6.90051675e-01
6.65174365e-01
6.88150048e-01
6.83240354e-01
6.90988898e-01
6.74922884e-01
6.49580896e-01
7.23690152e-01
7.45476425e-01
6.43444717e-01
6.64277136e-01
7.40384996e-01
6.97601259e-01
7.12077916e-01
7.26117074e-01
6.98536336e-01
7.10168183e-01
7.25565255e-01
7.06921220e-01
6.92049384e-01
7.13202059e-01
6.96949661e-01
6.25456393e-01
6.78842306e-01
7.08972692e-01
6.88226879e-01
7.39112556e-01
6.66577876e-01
6.70252621e-01
7.15532541e-01
7.49549389e-01
7.26475358e-01
6.42948270e-01
6.87805533e-01
6.79629862e-01
6.79787457e-01
6.84831977e-01
6.80206239e-01
7.31607616e-01
7.01916277e-01
7.20999539e-01
7.30026007e-01
6.63896561e-01
6.98632658e-01
7.12258279e-01
6.74646676e-01
7.12575912e-01
6.87786281e-01
6.73726678e-01
6.72953546e-01
6.68033004e-01
7.14644670e-01
7.10145295e-01
7.05848038e-01
7.22981036e-01
7.08577991e-01
6.51031613e-01
6.89084053e-01
6.77214980e-01
6.94765985e-01
7.12342680e-01
6.69277132e-01
7.09439993e-01
6.83466673e-01
6.74843788e-01
6.98571026e-01
7.27322638e-01
7.15829790e-01
6.98682845e-01
6.63660169e-01
7.20347226e-01
6.83966398e-01
6.52590334e-01
6.87620521e-01
7.08582640e-01
7.07550406e-01
7.29855418e-01
6.62775695e-01
6.76441789e-01
6.56770587e-01
6.90551817e-01
6.83193326e-01
7.28933036e-01
7.21199095e-01
6.94297910e-01
6.49250090e-01
7.07213879e-01
7.25439966e-01
6.47292733e-01
6.38701260e-01
6.79634631e-01
6.80750072e-01
6.62406623e-01
6.20864689e-01
6.44003987e-01
6.28878713e-01
6.46437883e-01
6.55810773e-01
6.13579273e-01
6.84868276e-01
6.68413281e-01
6.33994758e-01
6.80165172e-01
6.95814073e-01
6.52264297e-01
6.52500927e-01
6.51850104e-01
6.41139269e-01
6.70669794e-01
6.10867321e-01
6.27148151e-01
6.10319674e-01
6.16868913e-01
6.10025227e-01
6.14872873e-01
6.78647637e-01
6.11342788e-01
5.95725298e-01
5.73065221e-01
6.03699625e-01
6.27718985e-01
5.94224751e-01
6.25042915e-01
6.18036866e-01
6.05545163e-01
6.64479613e-01
6.10443354e-01
5.80932915e-01
6.40356779e-01
6.28321767e-01
6.05099142e-01
6.13401473e-01
6.02638721e-01
5.99245667e-01
5.66499889e-01
5.66666245e-01
6.05381191e-01
6.08205259e-01
5.57677269e-01
5.37876964e-01
5.80847025e-01
5.53170383e-01
5.69408298e-01
6.06470644e-01
5.82428634e-01
5.50363362e-01
5.84937513e-01
5.68794370e-01
5.17647266e-01
5.67995667e-01
5.52572548e-01
5.32116234e-01
5.13849318e-01
5.13437390e-01
5.18961966e-01
5.07912457e-01
4.68961596e-01
4.83834714e-01
4.90768522e-01
5.74222505e-01
5.12592912e-01
4.65929210e-01
4.73087460e-01
5.12807727e-01
4.94672954e-01
5.09812772e-01
4.85470146e-01
4.72359002e-01
4.54270542e-01
4.55613494e-01
4.40988243e-01
4.73397076e-01
4.75560457e-01
4.61534888e-01
4.50257212e-01
3.93616825e-01
4.07998979e-01
4.19776440e-01
4.44224387e-01
4.31904137e-01
3.83805752e-01
4.54677135e-01
4.19957668e-01
4.26364809e-01
3.98084313e-01
4.10432607e-01
3.72830749e-01
3.52950037e-01
3.97359490e-01
3.85500640e-01
3.81615996e-01
3.67555588e-01
4.20406193e-01
3.93707693e-01
3.95384669e-01
4.04682755e-01
4.00635630e-01
4.09641594e-01
3.79617393e-01
4.22847718e-01
4.18980688e-01
3.99937004e-01
4.37030137e-01
4.22682703e-01
4.51638192e-01
4.36487198e-01
4.82841820e-01
4.61278886e-01
4.58973259e-01
4.24129903e-01
4.22746837e-01
4.55129087e-01
3.87484580e-01
4.67762858e-01
4.37073410e-01
4.74284440e-01
4.83320802e-01
4.84810054e-01
4.99839991e-01
5.01338124e-01
4.85685408e-01
4.88271981e-01
5.31403363e-01
4.81649309e-01
4.51543510e-01
5.05800605e-01
4.84990954e-01
4.70019907e-01
5.10594487e-01
5.17398834e-01
4.56985980e-01
4.64773893e-01
4.78906065e-01
5.12637496e-01
5.04636168e-01
5.17167151e-01
4.85418975e-01
5.26761651e-01
5.00685573e-01
5.05010366e-01
5.07879555e-01
5.14759421e-01
5.46470463e-01
5.42797148e-01
4.94856983e-01
5.23179650e-01
5.61176002e-01
5.82283258e-01
5.35271704e-01
5.51828682e-01
5.06551564e-01
5.60366273e-01
5.40536404e-01
5.20555556e-01
5.23270428e-01
5.50102592e-01
5.56694865e-01
5.89480817e-01
5.42172968e-01
5.42024851e-01
5.32414913e-01
5.46122491e-01
5.52924573e-01
5.40533483e-01
5.09990931e-01
5.67777693e-01
5.37243783e-01
5.54942310e-01
5.18171430e-01
5.20894766e-01
5.72835326e-01
5.11379004e-01
5.65984249e-01
5.28692782e-01
5.30606091e-01
5.05953610e-01
4.94147360e-01
5.43281555e-01
5.45950592e-01
5.95058858e-01
5.83312273e-01
5.54501414e-01
5.25107384e-01
5.77402890e-01
5.79197049e-01
5.73822320e-01
5.47337055e-01
5.88307440e-01
5.95012963e-01
5.60026944e-01
5.45006394e-01
5.45488775e-01
5.44103622e-01
5.87853134e-01
5.55224597e-01
5.58907986e-01
5.38277745e-01
5.40788651e-01
5.39050579e-01
5.58989525e-01
5.46049893e-01
5.41213453e-01
5.38923860e-01
5.86229920e-01
5.86483955e-01
5.50966561e-01
5.84378958e-01
5.48473597e-01
5.79704344e-01
5.73873580e-01
5.54257572e-01
5.40905714e-01
5.54929852e-01
5.43874562e-01
5.39117396e-01
5.58654726e-01
5.41720450e-01
5.21805525e-01
5.43056011e-01
5.90160728e-01
5.72494626e-01
5.95119834e-01
5.53319216e-01
5.26523530e-01
5.58045030e-01
5.39332092e-01
5.77247024e-01
5.95339656e-01
5.80339909e-01
5.41027665e-01
5.20059764e-01
5.27895927e-01
5.17242491e-01
5.74354291e-01
5.63766062e-01
5.56954563e-01
5.43239713e-01
5.24770081e-01
5.23940921e-01
5.40203869e-01
5.65053105e-01
5.78783512e-01
5.71410358e-01
5.94487429e-01
5.23059368e-01
5.17634034e-01
5.41539311e-01
5.40785134e-01
5.13498902e-01
5.23822486e-01
5.88371873e-01
5.56775868e-01
5.28451085e-01
5.53352892e-01
5.07769525e-01
5.62475443e-01
5.61409533e-01
5.59735715e-01
5.91253161e-01
5.35983801e-01
5.14188111e-01
4.98974890e-01
5.50681889e-01
5.54625094e-01
5.61953545e-01
5.68822384e-01
5.26803493e-01
5.27178824e-01
5.51464558e-01
5.75639486e-01
5.18547952e-01
5.20534575e-01
5.37280500e-01
5.74078858e-01
5.61780810e-01
5.35952151e-01
5.71092308e-01
5.78229368e-01
5.66233814e-01
5.18257439e-01
5.41555405e-01
5.93985438e-01
5.49269855e-01
5.48446774e-01
5.33029020e-01
5.35799384e-01
5.54400265e-01
5.27181447e-01
5.38077831e-01
5.14255583e-01
5.02410054e-01
5.28021157e-01
4.93983090e-01
5.26960313e-01
5.54229975e-01
5.64008296e-01
5.11392713e-01
5.60581803e-01
5.14842629e-01
5.19635260e-01
5.48808575e-01
5.30827165e-01
5.07612646e-01
5.07511616e-01
5.22258818e-01
4.84629840e-01
5.28559685e-01
5.34098327e-01
5.07245302e-01
5.36609650e-01
4.97383803e-01
5.37366211e-01
5.57614207e-01
5.22107005e-01
5.38288593e-01
5.28311849e-01
4.91393566e-01
5.02239227e-01
4.95794684e-01
5.07247984e-01
5.22121370e-01
5.24775147e-01
5.15459836e-01
5.44418573e-01
5.20491242e-01
5.00845611e-01
5.18404186e-01
4.70197946e-01
5.21705270e-01
5.43797314e-01
5.55255175e-01
5.20818591e-01
4.95707244e-01
5.18901348e-01
5.13424814e-01
5.02435207e-01
5.24093866e-01
5.17548978e-01
4.88276005e-01
5.04698038e-01
5.17742336e-01
5.20828247e-01
5.12115955e-01
5.15934527e-01
5.19865870e-01
4.80976224e-01
4.95276064e-01
5.46628714e-01
4.74560320e-01
4.75438178e-01
4.70050544e-01
4.99858737e-01
4.63392645e-01
4.50778544e-01
4.68789756e-01
4.92549628e-01
4.79420125e-01
4.78373855e-01
4.89405245e-01
5.10295033e-01
5.29997528e-01
5.10177672e-01
4.85243022e-01
4.69368845e-01
4.61559445e-01
4.59421217e-01
4.94230449e-01
4.78908300e-01
4.78021145e-01
5.24997234e-01
4.98777837e-01
5.22806048e-01
4.73476201e-01
4.81579721e-01
4.93808270e-01
5.06711304e-01
4.87513602e-01
4.88788635e-01
4.63103265e-01
4.76891369e-01
5.05234480e-01
4.87818062e-01
5.06414652e-01
4.66854960e-01
5.08759618e-01
5.34609079e-01
5.13092756e-01
4.91974980e-01
4.95104104e-01
4.79065716e-01
4.94755745e-01
4.87610936e-01
4.59186912e-01
4.60819364e-01
5.04381597e-01
5.27485192e-01
4.85287040e-01
4.97744292e-01
4.51278865e-01
5.02079129e-01
4.95442331e-01
5.00687420e-01
4.51089114e-01
4.23883021e-01
4.84771222e-01
4.79324341e-01
4.58418399e-01
4.80830491e-01
4.95221853e-01
4.92984414e-01
4.69509840e-01
4.82724458e-01
5.40437162e-01
4.90445107e-01
4.60707426e-01
4.81371254e-01
4.72523034e-01
4.77511317e-01
4.44888353e-01
4.49484050e-01
4.43044364e-01
4.45983052e-01
4.62616235e-01
4.70861077e-01
4.67864722e-01
4.72265303e-01
4.85893428e-01
4.43938196e-01
4.36666191e-01
4.50400651e-01
4.37441677e-01
4.65871871e-01
4.65037704e-01
4.28939760e-01
4.55183864e-01
5.04705131e-01
4.55999821e-01
4.29523677e-01
4.33477432e-01
4.42243516e-01
4.07822639e-01
4.17580426e-01
4.77481514e-01
4.69002724e-01
4.53529388e-01
4.53474432e-01
4.42503750e-01
4.38839465e-01
4.60966319e-01
4.31619108e-01
4.80887145e-01
4.38993871e-01
4.43875223e-01
4.43113238e-01
4.11581516e-01
4.03690010e-01
4.22160029e-01
4.09507483e-01
4.29954916e-01
4.13249552e-01
4.32914913e-01
4.51723874e-01
4.47830349e-01
4.31075126e-01
4.54443187e-01
4.29867089e-01
4.19855773e-01
4.44230676e-01
4.55156118e-01
4.11940962e-01
4.26520526e-01
4.06108379e-01
4.27862912e-01
4.62669402e-01
4.41381514e-01
4.33941722e-01
4.33087230e-01
4.32558417e-01
4.14571285e-01
4.03822571e-01
4.36381191e-01
4.71728116e-01
4.06404167e-01
4.38779205e-01
4.03725356e-01
4.08687919e-01
4.25947458e-01
3.78820777e-01
3.99076492e-01
4.24632221e-01
4.37485248e-01
3.85189027e-01
4.27289784e-01
4.17387724e-01
3.97974730e-01
4.13046509e-01
4.20777172e-01
3.73416215e-01
3.82733524e-01
4.05688792e-01
3.58260512e-01
4.10774171e-01
3.86260360e-01
3.83161098e-01
3.95615935e-01
3.80010188e-01
3.95790219e-01
3.84772122e-01
3.86692613e-01
3.54000896e-01
3.64195973e-01
3.73521268e-01
3.67821306e-01
3.57467324e-01
3.64073813e-01
3.87864977e-01
3.68181258e-01
3.67274821e-01
3.79822791e-01
3.63479525e-01
3.91186267e-01
3.86116415e-01
3.98784071e-01
3.83750796e-01
3.76115113e-01
3.57866436e-01
3.56457174e-01
3.93927604e-01
3.58310521e-01
3.58130783e-01
3.62836272e-01
3.28753829e-01
3.49254578e-01
3.79462421e-01
3.30583870e-01
3.48967284e-01
3.34335566e-01
3.23883712e-01
3.36184800e-01
3.11401665e-01
3.07035387e-01
3.38713765e-01
3.54666770e-01
3.53114039e-01
3.42348397e-01
3.29829514e-01
3.49116355e-01
3.54074538e-01
3.16703230e-01
2.76847124e-01
3.54970455e-01
3.20894271e-01
3.25839221e-01
3.24600101e-01
3.01160425e-01
3.06749851e-01
3.22969645e-01
3.04943562e-01
3.31022561e-01
3.16424310e-01
2.78705388e-01
2.92771965e-01
2.78424591e-01
3.28689486e-01
2.92927742e-01
2.78848290e-01
3.05769742e-01
2.96265781e-01
2.96050489e-01
2.72240847e-01
2.80759841e-01
2.79358327e-01
2.52415270e-01
2.64526278e-01
2.73765773e-01
2.90290594e-01
2.51295924e-01
2.31077820e-01
2.35572904e-01
2.45960087e-01
2.79575229e-01
2.54387677e-01
2.51046002e-01
2.50958085e-01
2.60412425e-01
2.57835686e-01
2.39293724e-01
2.42678508e-01
2.65323430e-01
2.94819236e-01
2.67676800e-01
2.49396533e-01
2.72248238e-01
2.61322439e-01
2.52719104e-01
2.72966295e-01
2.81454414e-01
3.15651029e-01
2.89481074e-01
3.01068157e-01
2.63451487e-01
2.88528889e-01
3.08698863e-01
3.22173029e-01
3.14781904e-01
2.76660174e-01
2.77566701e-01
2.77427584e-01
2.78980553e-01
3.06641549e-01
3.17408800e-01
3.15820456e-01
3.34980339e-01
2.98057944e-01
2.73242682e-01
2.78457254e-01
3.03697199e-01
3.22291225e-01
3.07528317e-01
3.04716796e-01
2.76995420e-01
3.01873147e-01
2.92842567e-01
3.04761022e-01
2.90407032e-01
3.25735211e-01
3.37512642e-01
3.02612931e-01
3.29437941e-01
3.59120190e-01
2.98128068e-01
3.01133841e-01
3.17379385e-01
3.39185864e-01
3.01214010e-01
3.48949730e-01
3.37340832e-01
3.39068502e-01
3.15945297e-01
3.22911978e-01
3.33909065e-01
3.12887520e-01
3.42991501e-01
3.33123624e-01
3.16345304e-01
3.32898736e-01
3.01886886e-01
3.12531114e-01
3.46447825e-01
3.17187339e-01
3.23798746e-01
3.08217853e-01
3.03043365e-01
3.31030458e-01
3.45698416e-01
3.63768190e-01
3.56397420e-01
3.14218462e-01
3.43808621e-01
3.61517638e-01
3.12267214e-01
3.27746868e-01
3.40833485e-01
3.50731164e-01
3.36266667e-01
3.29485804e-01
3.40371221e-01
3.19541991e-01
3.07166249e-01
3.43123317e-01
3.27566296e-01
3.12171370e-01
3.29270333e-01
3.09833825e-01
2.98330814e-01
3.14527005e-01
3.08092266e-01
3.29753965e-01
3.64506245e-01
3.33800256e-01
3.29727054e-01
3.58866543e-01
3.06091577e-01
3.46022725e-01
3.16373736e-01
3.28153312e-01
3.41087043e-01
3.56296569e-01
3.45549434e-01
3.37086022e-01
3.24166238e-01
3.05981725e-01
3.38058829e-01
3.52526754e-01
3.68200213e-01
3.50905091e-01
3.21341485e-01
3.45613718e-01
3.72836739e-01
3.33865970e-01
3.61042649e-01
3.74665737e-01
3.51148039e-01
3.11852485e-01
3.38521361e-01
3.63136262e-01
3.45413506e-01
3.36387813e-01
3.68719697e-01
3.45908254e-01
3.38101625e-01
3.21523368e-01
3.42807353e-01
3.48760545e-01
3.28734398e-01
3.44992101e-01
3.37600827e-01
3.32781553e-01
3.10521513e-01
3.45167696e-01
3.46239150e-01
3.33921850e-01
3.68221074e-01
3.64058912e-01
3.62071276e-01
3.67694050e-01
3.47556561e-01
3.40621531e-01
3.50704193e-01
3.87971967e-01
3.54281545e-01
3.34024638e-01
3.43660146e-01
3.66548538e-01
3.52927238e-01
3.32803756e-01
3.55027348e-01
3.17985833e-01
3.40996295e-01
3.30337465e-01
3.48396897e-01
3.41878086e-01
3.48884791e-01
3.05381268e-01
3.44849437e-01
3.53495359e-01
3.24642479e-01
3.43959421e-01
3.51291716e-01
3.57459575e-01
3.46286327e-01
3.40284586e-01
3.73105884e-01
3.25010598e-01
3.38995486e-01
3.81728232e-01
3.69304359e-01
3.31157267e-01
3.44917864e-01
3.33405793e-01
3.62396896e-01
3.58675361e-01
3.24946404e-01
3.12936455e-01
3.36512864e-01
3.07161957e-01
3.08612883e-01
3.27529788e-01
3.30018729e-01
3.34544361e-01
3.67752433e-01
3.48974466e-01
3.10475349e-01
3.47350746e-01
3.29326451e-01
3.22260529e-01
3.10135692e-01
3.34207982e-01
3.44071269e-01
3.40955257e-01
3.54936302e-01
3.72427970e-01
3.41923535e-01
3.05061698e-01
3.32084507e-01
3.21231961e-01
3.44683379e-01
3.28215301e-01
3.21630120e-01
3.31963748e-01
3.17377269e-01
3.32527339e-01
3.47040057e-01
3.08938086e-01
3.32166672e-01
3.15930486e-01
3.42722148e-01
3.45777780e-01
3.24243397e-01
3.42618734e-01
3.25951397e-01
3.23200732e-01
3.31211507e-01
3.12450141e-01
3.26014042e-01
3.16069543e-01
3.22816491e-01
3.14928919e-01
3.04939747e-01
3.24827701e-01
3.08658570e-01
3.26060891e-01
3.17994595e-01
3.44001204e-01
3.38561654e-01
3.13760757e-01
3.35416377e-01
3.39610577e-01
3.30769867e-01
3.31265241e-01
3.12934637e-01
3.03379446e-01
3.36579174e-01
3.52493703e-01
3.29239368e-01
3.36973816e-01
3.54968071e-01
3.35741669e-01
3.12554806e-01
2.95619756e-01
3.14344138e-01
3.23396981e-01
3.13817114e-01
3.26057434e-01
3.22387397e-01
3.28677595e-01
3.33296776e-01
3.24277908e-01
3.37987155e-01
3.12906504e-01
3.62581939e-01
3.47574890e-01
3.11513633e-01
3.31667900e-01
3.26174229e-01
3.41555148e-01
3.15682799e-01
2.89797544e-01
2.94852585e-01
3.28621417e-01
3.16957176e-01
3.42660844e-01
3.25432986e-01
2.92986780e-01
2.98690856e-01
3.41243953e-01
3.10137570e-01
2.95370132e-01
3.17155749e-01
3.28353703e-01
2.99032807e-01
3.10171515e-01
3.10415298e-01
3.11912864e-01
3.40166926e-01
3.29765141e-01
3.00617963e-01
3.39314193e-01
3.23472738e-01
3.12811255e-01
3.20075631e-01
3.16803902e-01
3.23850632e-01
3.11042041e-01
2.98450500e-01
3.10524225e-01
2.65071392e-01
3.05921227e-01
3.24567467e-01
2.91745454e-01
3.08531672e-01
3.11270267e-01
3.12167645e-01
3.01242650e-01
3.03209513e-01
3.10433924e-01
3.04922819e-01
2.95440108e-01
2.98230737e-01
3.33109319e-01
3.30517411e-01
3.13716859e-01
3.39697808e-01
2.78791398e-01
2.71304399e-01
2.94408083e-01
3.23944867e-01
3.01412523e-01
2.85298228e-01
3.40594709e-01
3.30565155e-01
2.95247704e-01
3.00804198e-01
3.21902633e-01
2.97653675e-01
2.98909545e-01
3.27769101e-01
3.02122712e-01
2.79301822e-01
3.32682312e-01
3.23777229e-01
3.03099930e-01
3.26671809e-01
2.88437605e-01
2.81104952e-01
2.92578131e-01
2.97262788e-01
2.95065433e-01
2.90080607e-01
2.92734951e-01
2.97630399e-01
3.13529789e-01
2.91051567e-01
3.01914275e-01
2.94762522e-01
2.86290139e-01
2.85898954e-01
3.13782543e-01
2.91526765e-01
3.00090730e-01
2.82307595e-01
2.97115833e-01
2.97382951e-01
2.80546159e-01
2.85029709e-01
2.99448282e-01
3.13339233e-01
3.24080169e-01
2.94392318e-01
2.89004326e-01
3.28924954e-01
3.06085020e-01
2.99421906e-01
3.08108717e-01
3.12605083e-01
2.61298537e-01
2.88870186e-01
2.99433917e-01
2.90566951e-01
2.96721339e-01
3.21886510e-01
3.02103639e-01
3.10965508e-01
3.22059751e-01
2.86786705e-01
2.98614591e-01
3.24192703e-01
3.05859745e-01
2.98380345e-01
2.84481764e-01
2.88328975e-01
3.02859873e-01
2.96998918e-01
2.99340397e-01
2.89168894e-01
2.96596587e-01
2.98628062e-01
3.25708598e-01
2.88258433e-01
2.90014297e-01
3.10081154e-01
2.76357293e-01
2.89805532e-01
2.91562378e-01
3.02891523e-01
2.82459825e-01
2.90116191e-01
2.93724030e-01
2.99273252e-01
2.92543292e-01
2.58324087e-01
2.74230301e-01
2.72064060e-01
2.84251988e-01
2.98713028e-01
2.95053929e-01
2.95704693e-01
2.86996245e-01
3.12704355e-01
3.19232374e-01
2.93348700e-01
2.76738286e-01
2.92058676e-01
2.84799129e-01
2.80798465e-01
2.45063379e-01
2.74870217e-01
2.96383113e-01
2.89460868e-01
2.73986250e-01
2.94216603e-01
2.84836352e-01
2.86993235e-01
2.91164935e-01
2.88969606e-01
2.84055322e-01
3.01011503e-01
2.87278324e-01
3.03873748e-01
3.25725913e-01
2.71266937e-01
2.68774956e-01
3.15678686e-01
2.90547013e-01
2.78246433e-01
2.57036388e-01
2.68923134e-01
2.89992452e-01
2.91691184e-01
3.17048371e-01
2.85206020e-01
2.64406800e-01
2.72784472e-01
2.64102638e-01
2.93650925e-01
3.29212606e-01
2.83826798e-01
2.72538006e-01
2.53374368e-01
2.81749904e-01
2.93799102e-01
2.67846078e-01
2.96686858e-01
2.96850681e-01
2.74796069e-01
2.98455387e-01
2.85214782e-01
2.84970105e-01
2.76435196e-01
2.59651959e-01
2.61590600e-01
2.77726829e-01
2.78686345e-01
2.73670822e-01
2.78948188e-01
2.57830590e-01
2.78848380e-01
2.68625587e-01
2.48003960e-01
2.90616304e-01
2.78480083e-01
2.81911224e-01
2.80834824e-01
2.38143668e-01
2.80604124e-01
2.77781814e-01
2.62999654e-01
2.90505409e-01
2.78018177e-01
2.63190567e-01
2.56213903e-01
2.45666280e-01
2.45858580e-01
2.49754593e-01
2.70598739e-01
2.76899040e-01
2.78678358e-01
2.91058481e-01
2.55838186e-01
2.77296543e-01
2.74806380e-01
2.57841349e-01
2.49451771e-01
2.76139587e-01
2.75049776e-01
2.68007815e-01
2.59092897e-01
2.70948976e-01
2.93646932e-01
2.85339534e-01
2.70358294e-01
2.61634320e-01
2.89359897e-01
2.83984393e-01
2.54054755e-01
2.79483229e-01
3.23589563e-01
3.05142164e-01
3.07133555e-01
2.91980952e-01
2.60867298e-01
2.36821830e-01
2.63103783e-01
2.89669365e-01
2.87329167e-01
2.82260954e-01
2.78782994e-01
2.78411806e-01
2.73403496e-01
2.40702063e-01
2.91554242e-01
2.55547941e-01
2.55701691e-01
2.55629659e-01
2.88208455e-01
2.72689432e-01
2.57562220e-01
2.41808161e-01
2.68643618e-01
2.45195881e-01
2.48921439e-01
3.02403241e-01
2.77644515e-01
2.87971318e-01
2.46147200e-01
2.46483907e-01
2.23242655e-01
2.64422715e-01
2.75509775e-01
2.58316487e-01
2.64126182e-01
2.69631684e-01
2.61008561e-01
2.58586317e-01
2.45568067e-01
2.42540374e-01
2.90370196e-01
2.36536682e-01
2.44963259e-01
2.58639425e-01
2.68224627e-01
2.60347754e-01
2.64442533e-01
2.71292895e-01
2.88897246e-01
2.57840097e-01
2.78377384e-01
2.49324650e-01
2.43120998e-01
2.54340589e-01
2.73664534e-01
2.46695787e-01
2.36270770e-01
2.54065663e-01
2.53637940e-01
2.60476977e-01
2.29401901e-01
2.49755949e-01
2.67906308e-01
2.54034400e-01
2.59230286e-01
2.79187083e-01
2.53998399e-01
2.72656471e-01
2.54417896e-01
2.82462895e-01
2.76124805e-01
2.31543288e-01
2.51941413e-01
2.72523493e-01
2.47272730e-01
2.49557823e-01
2.36755803e-01
2.70577073e-01
2.77949810e-01
2.31981963e-01
2.50300378e-01
2.97758102e-01
2.16119543e-01
2.60200649e-01
2.64579952e-01
2.94725627e-01
3.05259585e-01
2.98118532e-01
4.02286500e-01
1.40580857e+00
1.25074530e+00
2.23722005e+00
1.90057576e+00
1.26067901e+00
9.82263982e-01
2.63304830e-01
2.69178450e-01
2.44288340e-01
3.00506502e-01
2.60309100e-01
2.69465894e-01
2.69899786e-01
2.45167956e-01
2.64107049e-01
2.36537203e-01
2.57045120e-01
2.72191495e-01
2.69963503e-01
2.64377445e-01
2.55605370e-01
2.54319400e-01
2.37081587e-01
2.26056814e-01
2.32462555e-01
2.37558022e-01
2.27577150e-01
2.62246490e-01
2.55134225e-01
2.61884779e-01
2.52816558e-01
2.48990878e-01
2.55252719e-01
2.34562740e-01
2.45215982e-01
2.55424023e-01
2.16842026e-01
2.51554847e-01
2.56819069e-01
2.80930728e-01
2.62543082e-01
2.58274674e-01
2.16371715e-01
2.36233428e-01
2.40775734e-01
2.40421340e-01
2.48065829e-01
2.60147482e-01
2.63762146e-01
2.49811888e-01
2.48056933e-01
2.57511407e-01
2.68100768e-01
2.29416564e-01
2.31739268e-01
2.53828168e-01
2.36249760e-01
2.52153188e-01
2.29450434e-01
2.48810068e-01
2.44905755e-01
2.28908822e-01
2.61213422e-01
2.44975656e-01
2.50956267e-01
2.37037063e-01
2.22357348e-01
2.52350390e-01
2.60816723e-01
2.49607727e-01
2.58740902e-01
2.37334475e-01
2.28942186e-01
2.53302574e-01
2.19417021e-01
2.73263484e-01
2.74183005e-01
2.58780152e-01
2.41421282e-01
2.14777812e-01
2.38275290e-01
2.43649200e-01
2.16588899e-01
2.42976040e-01
2.40181953e-01
2.54503906e-01
2.43838653e-01
2.38691285e-01
2.69384921e-01
2.33392730e-01
2.32573971e-01
2.25671351e-01
2.57583469e-01
2.95011014e-01
2.52152622e-01
2.31209040e-01
2.31160969e-01
2.57900894e-01
2.63359845e-01
2.02682182e-01
2.18446210e-01
2.26206288e-01
2.37806991e-01
2.61780262e-01
2.62080520e-01
2.47577697e-01
2.25435600e-01
2.17158347e-01
2.27954075e-01
2.18802989e-01
2.36027405e-01
2.29501784e-01
2.39390850e-01
2.53355443e-01
2.43805319e-01
2.37076163e-01
2.46352121e-01
2.16879800e-01
2.15234891e-01
2.58290023e-01
2.58930802e-01
2.28259012e-01
2.32805133e-01
2.25565791e-01
2.40229413e-01
2.29092494e-01
2.22186014e-01
2.28502944e-01
2.31860518e-01
2.38091499e-01
2.45608971e-01
2.50264883e-01
2.49349907e-01
2.39773571e-01
2.22275287e-01
2.31618941e-01
2.32308567e-01
2.33488351e-01
2.30091304e-01
2.43464619e-01
2.31053963e-01
2.20968202e-01
2.26901755e-01
2.16630593e-01
2.50242412e-01
2.43479013e-01
2.14436874e-01
2.48559162e-01
2.37530246e-01
2.60858417e-01
2.47154921e-01
2.44811609e-01
2.61058271e-01
2.72714943e-01
2.44648442e-01
2.17179686e-01
2.36547291e-01
2.31539741e-01
2.13548988e-01
2.31632739e-01
2.22744495e-01
2.45059431e-01
2.44744033e-01
2.20081091e-01
2.19571501e-01
2.41423845e-01
2.36497521e-01
2.48635560e-01
2.37605751e-01
2.17192546e-01
2.15269253e-01
2.41029605e-01
2.08713129e-01
2.64405787e-01
2.49105617e-01
2.31812015e-01
2.39759207e-01
2.22587451e-01
2.28687868e-01
2.43413389e-01
2.29008794e-01
2.32370630e-01
2.38066927e-01
2.48864874e-01
2.43856654e-01
2.90614426e-01
2.49322072e-01
2.33696997e-01
2.51900941e-01
2.31112137e-01
2.49130741e-01
2.22313255e-01
2.46894553e-01
2.49184534e-01
2.49409154e-01
2.26089880e-01
2.54977047e-01
2.41774246e-01
2.07228482e-01
2.15659410e-01
2.65838414e-01
2.41863325e-01
2.39644706e-01
2.09413975e-01
2.70198107e-01
2.38280743e-01
2.23699644e-01
2.51836628e-01
2.43663311e-01
2.41364837e-01
2.16126651e-01
2.07052693e-01
2.22832575e-01
2.05749318e-01
2.52880067e-01
2.07340762e-01
2.02760279e-01
2.12192968e-01
2.18137443e-01
2.09969625e-01
2.63703346e-01
2.24516571e-01
2.70426154e-01
2.77741164e-01
2.23485336e-01
2.42035195e-01
2.13035032e-01
2.47853413e-01
2.14105189e-01
2.17391357e-01
2.15648443e-01
2.58809745e-01
2.25059897e-01
2.06050172e-01
2.45072886e-01
2.35152602e-01
2.11027935e-01
2.96954513e-01
3.92260283e-01
5.45067668e-01
4.42593217e-01
3.83035570e-01
3.97243917e-01
3.15556645e-01
3.80228341e-01
2.94966787e-01
2.57778317e-01
2.31512174e-01
2.59873748e-01
2.26907700e-01
2.65268564e-01
2.24950299e-01
2.44074106e-01
2.59981632e-01
2.21558422e-01
2.19670594e-01
2.53873944e-01
2.19766006e-01
2.40146950e-01
2.01313376e-01
2.33163953e-01
2.58582920e-01
2.23591715e-01
2.21477970e-01
2.24332064e-01
2.38482684e-01
2.48380587e-01
2.58052677e-01
2.18355790e-01
2.33419061e-01
2.67547756e-01
2.46891975e-01
2.34268323e-01
2.32449844e-01
2.26899117e-01
2.25874096e-01
2.48468548e-01
2.39642262e-01
2.28610277e-01
2.83558726e-01
2.27794915e-01
2.36985326e-01
2.27406085e-01
2.42915228e-01
2.09714964e-01
2.10085660e-01
2.61831224e-01
2.46201232e-01
2.30020896e-01
2.10226491e-01
2.33805850e-01
2.13680729e-01
2.27505460e-01
2.34543949e-01
2.15806812e-01
2.68600285e-01
2.43813738e-01
2.37220407e-01
2.41910040e-01
2.40367755e-01
2.43342400e-01
1.94542691e-01
1.99612021e-01
2.18718633e-01
2.03417987e-01
2.38068849e-01
2.31940031e-01
2.10704893e-01
2.50255138e-01
2.60923505e-01
2.26723447e-01
1.97334006e-01
2.41420016e-01
2.21114621e-01
2.02934995e-01
2.40826473e-01
2.03143477e-01
1.92091033e-01
2.31921732e-01
2.50636131e-01
2.25794867e-01
2.17207715e-01
2.12257355e-01
2.27115512e-01
2.64180511e-01
2.37889618e-01
2.19437078e-01
2.19143629e-01
2.28164300e-01
2.19507709e-01
1.92591697e-01
1.93419039e-01
2.17768371e-01
2.47159645e-01
2.21671045e-01
2.03594938e-01
2.10390165e-01
1.98736802e-01
2.29398772e-01
2.19178379e-01
2.15663716e-01
2.18461111e-01
2.25671485e-01
2.37721816e-01
2.28360847e-01
2.23657176e-01
2.12973222e-01
1.94713652e-01
2.15071216e-01
2.36322910e-01
2.17184395e-01
2.24131450e-01
2.36673936e-01
2.43718088e-01
2.34422103e-01
1.96279541e-01
2.11420909e-01
2.36130998e-01
2.25152612e-01
2.10484758e-01
1.93080962e-01
1.89736620e-01
2.32980862e-01
2.13550657e-01
2.03867242e-01
1.99183449e-01
2.24089250e-01
2.12702289e-01
2.22407281e-01
2.22258717e-01
2.08033919e-01
2.28258520e-01
2.00180471e-01
2.19802037e-01
2.23176628e-01
2.13392526e-01
2.05754399e-01
2.34391972e-01
2.57251352e-01
2.17401356e-01
1.94316432e-01
1.93167672e-01
2.01318100e-01
1.81422994e-01
1.95005298e-01
1.97936922e-01
2.12115049e-01
1.95701107e-01
2.16879800e-01
1.97700962e-01
2.19043404e-01
2.26132706e-01
2.06841931e-01
2.15699509e-01
2.27108493e-01
2.11810693e-01
2.41068602e-01
2.50977576e-01
2.03469574e-01
1.92388475e-01
1.76153272e-01
1.85146227e-01
2.29747236e-01
1.96206465e-01
2.05992803e-01
1.95016220e-01
2.14445814e-01
1.98246807e-01
1.92084566e-01
2.34203294e-01
2.17650831e-01
2.05396473e-01
2.03069732e-01
1.98892415e-01
2.23858520e-01
2.07529902e-01
1.88569620e-01
2.01546445e-01
2.19149187e-01
2.01373622e-01
2.19664559e-01
2.01416001e-01
1.86338037e-01
2.15280414e-01
2.10041851e-01
2.14007676e-01
1.71116546e-01
1.88344330e-01
2.07964122e-01
2.11675882e-01
1.88116461e-01
1.99519485e-01
1.85148492e-01
0.00000000e+00
1.89122722e-01
2.06278890e-01
2.17736885e-01
2.13290051e-01
1.88088387e-01
2.28639260e-01
2.21028626e-01
2.04298019e-01
1.96456432e-01
1.99789479e-01
1.99909925e-01
1.93660408e-01
1.97254270e-01
2.21230641e-01
1.91404641e-01
1.81629196e-01
2.29319543e-01
2.24586010e-01
1.67271942e-01
2.17011511e-01
2.00646222e-01
1.87026188e-01
2.16262117e-01
2.37567678e-01
1.97169021e-01
1.90267265e-01
1.93322152e-01
1.99025363e-01
1.92123815e-01
1.98420897e-01
2.39436656e-01
2.14089304e-01
2.03713879e-01
1.95928216e-01
2.11236000e-01
2.01629311e-01
1.85740218e-01
2.03554496e-01
1.86935663e-01
2.09806919e-01
1.99847549e-01
2.02745482e-01
1.81046039e-01
1.87219635e-01
1.78678453e-01
1.84061319e-01
2.10146114e-01
1.75208703e-01
2.01979265e-01
1.98633075e-01
1.94453537e-01
2.06286952e-01
2.08591670e-01
1.82179525e-01
1.97689712e-01
1.98051095e-01
2.23769486e-01
2.06494510e-01
2.12039530e-01
2.05467105e-01
1.94055438e-01
1.88765988e-01
1.62039757e-01
1.90888867e-01
1.81283832e-01
1.66064307e-01
2.22164780e-01
1.92701846e-01
1.92146495e-01
2.31227458e-01
2.20656246e-01
2.02180952e-01
1.83616281e-01
1.98727459e-01
2.05544323e-01
1.97054714e-01
2.01059863e-01
1.72494277e-01
1.97974309e-01
2.11181000e-01
1.92554027e-01
2.03952715e-01
2.17241511e-01
1.82320163e-01
1.81393608e-01
1.89441755e-01
1.87675610e-01
1.73395246e-01
2.03804895e-01
2.20977366e-01
2.16419458e-01
1.74360812e-01
2.12148622e-01
1.73745751e-01
1.86191648e-01
3.02070111e-01
4.26906526e-01
4.00089085e-01
5.39147735e-01
4.99402285e-01
3.47726196e-01
2.42586926e-01
2.59777725e-01
2.27093235e-01
1.97698876e-01
1.97009489e-01
1.89123929e-01
1.85708746e-01
1.77782729e-01
1.63865924e-01
1.65841252e-01
1.78429857e-01
1.72678381e-01
1.60491899e-01
1.92491159e-01
1.84299022e-01
1.76260203e-01
1.99896947e-01
2.23949254e-01
2.26090953e-01
2.25077525e-01
1.64655566e-01
1.75479069e-01
1.75781876e-01
1.66037366e-01
1.67838871e-01
1.91209346e-01
1.80258721e-01
1.64724022e-01
1.52510956e-01
1.90859661e-01
1.93731666e-01
1.75191611e-01
1.66885585e-01
1.86689883e-01
1.64357051e-01
1.83498964e-01
2.08529890e-01
1.90548390e-01
2.07325190e-01
2.33822972e-01
2.23779365e-01
2.75970608e-01
2.34048337e-01
1.76576197e-01
1.69450745e-01
1.59624919e-01
1.61003321e-01
1.62765235e-01
1.48548752e-01
1.73397765e-01
1.89284861e-01
1.68106288e-01
1.67238444e-01
1.59927085e-01
1.71167850e-01
2.07444340e-01
1.81961417e-01
1.83613256e-01
1.69461906e-01
1.56556576e-01
1.72039911e-01
1.77959144e-01
1.60778359e-01
1.42751247e-01
1.72332898e-01
1.72071844e-01
1.60533845e-01
1.55148879e-01
1.71028733e-01
1.90093502e-01
1.72582105e-01
1.43611029e-01
1.54118270e-01
1.78780764e-01
1.55857086e-01
1.62048772e-01
1.73209667e-01
1.59760118e-01
1.59016505e-01
1.78973988e-01
1.70763850e-01
1.45118475e-01
1.64499283e-01
1.75684169e-01
1.78341493e-01
1.61046892e-01
1.62565365e-01
1.58455923e-01
1.51636526e-01
1.70217022e-01
1.64203480e-01
1.58495516e-01
1.49238005e-01
1.49780184e-01
1.56668469e-01
1.78944588e-01
1.78952605e-01
1.70143411e-01
1.75815046e-01
1.54567271e-01
1.55793995e-01
1.62632003e-01
1.58254609e-01
1.61972433e-01
1.36052251e-01
1.55390903e-01
1.61240712e-01
1.54072627e-01
1.76053673e-01
1.89867109e-01
1.59181938e-01
1.71928987e-01
1.64747745e-01
1.65826127e-01
1.69393271e-01
1.50118828e-01
1.69521332e-01
1.79026440e-01
1.63623124e-01
1.63054645e-01
1.53487921e-01
1.51271299e-01
1.50489986e-01
1.61388412e-01
1.59206182e-01
1.62605971e-01
1.48004949e-01
1.62180349e-01
1.39662355e-01
1.50089905e-01
1.38778403e-01
1.69928387e-01
1.78592741e-01
1.77058995e-01
1.69393271e-01
1.61064908e-01
1.47422284e-01
1.50128990e-01
1.52787864e-01
1.45219326e-01
1.36567220e-01
1.38099670e-01
1.51847750e-01
1.60088703e-01
1.50257275e-01
1.51075885e-01
1.45325229e-01
1.33267000e-01
1.46543458e-01
1.23202890e-01
1.22115336e-01
1.49395555e-01
1.50393352e-01
1.59055933e-01
1.41826779e-01
1.47875622e-01
1.44392371e-01
1.45744205e-01
1.22978002e-01
1.35674894e-01
1.49276510e-01
1.49872154e-01
1.57728419e-01
1.54909596e-01
1.37349814e-01
1.54915765e-01
1.67665511e-01
1.51549026e-01
1.61699921e-01
1.60026163e-01
1.29229039e-01
1.33183390e-01
1.43477947e-01
2.24479243e-01
2.01211751e-01
2.00193718e-01
1.53841555e-01
1.33127511e-01
1.51749492e-01
1.48980379e-01
1.27713725e-01
1.39921829e-01
1.47114709e-01
1.47546217e-01
1.65882990e-01
1.42498896e-01
1.44319296e-01
1.72634065e-01
1.48545727e-01
1.52604491e-01
1.44956082e-01
1.43727705e-01
1.25407606e-01
1.35791287e-01
1.44737676e-01
1.65731966e-01
1.31146580e-01
1.31330699e-01
1.37804627e-01
1.44197330e-01
1.49830192e-01
1.34763390e-01
1.39267713e-01
1.38985112e-01
1.19005717e-01
1.36654511e-01
1.16670839e-01
1.23043031e-01
1.36244237e-01
1.37602389e-01
1.50434315e-01
1.21044710e-01
1.31233275e-01
1.29526764e-01
1.30505115e-01
1.15769938e-01
1.55191809e-01
1.50636971e-01
1.26173407e-01
1.41225055e-01
1.45938799e-01
1.38280585e-01
1.41107976e-01
1.46228388e-01
1.27733752e-01
1.17892690e-01
1.29609406e-01
1.32843897e-01
1.46312445e-01
1.48354843e-01
1.42656207e-01
1.65546015e-01
1.61609679e-01
1.28097594e-01
1.43355578e-01
1.33681357e-01
1.46816760e-01
1.56007677e-01
1.40697911e-01
1.21086635e-01
1.43379390e-01
1.32893264e-01
1.18336849e-01
1.34769499e-01
1.46202385e-01
1.41127944e-01
1.25687048e-01
1.32394060e-01
1.41195267e-01
1.43757582e-01
1.38552263e-01
1.43575296e-01
1.23286799e-01
1.30817264e-01
1.24180861e-01
1.39691681e-01
1.50015697e-01
1.40552923e-01
1.48863018e-01
1.37784049e-01
1.32121533e-01
1.25005379e-01
1.44462958e-01
1.44003868e-01
1.38242364e-01
1.34067431e-01
1.40797377e-01
1.35095894e-01
1.47817239e-01
1.38381928e-01
1.36103719e-01
1.45281121e-01
1.22840606e-01
1.47585765e-01
1.51557803e-01
1.61069199e-01
1.43634900e-01
1.30158633e-01
1.25266701e-01
1.40863866e-01
1.17100418e-01
1.47657260e-01
1.28767610e-01
1.49270415e-01
1.47327751e-01
1.43619984e-01
1.47351876e-01
1.39511019e-01
1.43650264e-01
1.33093670e-01
1.45160690e-01
1.25938356e-01
1.31472930e-01
1.44685119e-01
1.32556960e-01
1.32418111e-01
1.50167242e-01
1.29383236e-01
1.27804980e-01
1.36313543e-01
1.36493996e-01
1.44862562e-01
1.31587133e-01
1.34967074e-01
1.29459202e-01
1.20928377e-01
1.48531035e-01
1.29150420e-01
1.44286737e-01
1.54575065e-01
1.27633020e-01
1.33601457e-01
1.52243152e-01
1.44300863e-01
1.47530764e-01
1.54856265e-01
1.33018985e-01
1.55625522e-01
4.95923400e-01
1.97020605e-01
1.50411323e-01
1.56156018e-01
2.17397198e-01
1.30637988e-01
2.04457581e-01
1.57042101e-01
1.28281638e-01
1.58287957e-01
1.48287460e-01
1.22308321e-01
1.24522403e-01
1.57611057e-01
1.50523707e-01
1.49118111e-01
1.27302349e-01
1.46655425e-01
1.22130200e-01
1.45219162e-01
1.44971430e-01
1.31938279e-01
1.34257108e-01
1.34554312e-01
1.26161203e-01
1.34053394e-01
1.50295421e-01
1.57138571e-01
1.73411459e-01
1.75059989e-01
1.67451262e-01
1.72866389e-01
2.03993991e-01
1.74558565e-01
1.31756842e-01
1.40749380e-01
1.40204370e-01
1.34188429e-01
1.47351950e-01
1.48287773e-01
1.25222221e-01
1.42740875e-01
1.47794440e-01
1.37531102e-01
1.37295142e-01
1.40872538e-01
1.25720724e-01
1.43555641e-01
1.49269551e-01
1.66425690e-01
1.98460281e-01
2.50452906e-01
2.41595089e-01
1.92123577e-01
1.64787546e-01
1.76105455e-01
1.70817375e-01
1.46631971e-01
1.44877449e-01
1.48440093e-01
1.47071600e-01
1.53174996e-01
1.84847683e-01
1.66415453e-01
1.58468723e-01
1.40405104e-01
1.59763426e-01
1.51523471e-01
1.54230520e-01
1.40393287e-01
1.32122278e-01
1.43807530e-01
1.35667235e-01
1.58659965e-01
1.47121161e-01
1.66864917e-01
1.48058459e-01
1.59745857e-01
1.32323548e-01
1.61915928e-01
1.65480927e-01
1.37541354e-01
1.50771484e-01
1.47633374e-01
1.49740279e-01
1.40348732e-01
1.57239825e-01
1.72225729e-01
1.96555033e-01
1.78356022e-01
1.40100658e-01
1.39008328e-01
1.21974379e-01
1.31110609e-01
1.34125978e-01
1.27887696e-01
1.18329637e-01
1.35397151e-01
1.43113062e-01
1.43740281e-01
1.42928436e-01
1.27376750e-01
1.19948469e-01
1.50693581e-01
1.66989192e-01
1.82399482e-01
1.43519670e-01
1.29984736e-01
1.29640639e-01
1.52761474e-01
1.27226427e-01
1.40886858e-01
1.43703863e-01
1.41850471e-01
1.55263424e-01
1.29589528e-01
1.39428452e-01
1.44608349e-01
1.43307477e-01
1.50974572e-01
1.36725172e-01
1.48572847e-01
1.42403349e-01
1.54776096e-01
1.27187714e-01
1.29266590e-01
1.36779130e-01
1.14583775e-01
1.08545557e-01
1.28988355e-01
1.30223542e-01
1.20226473e-01
1.24449953e-01
1.18961468e-01
1.19242914e-01
1.24074221e-01
1.34728149e-01
1.22443914e-01
1.34566024e-01
1.54452831e-01
1.19923770e-01
1.19872704e-01
1.28640771e-01
1.33075029e-01
1.34236902e-01
1.27593368e-01
1.31970704e-01
1.15869857e-01
1.20355204e-01
1.26477584e-01
1.27630621e-01
9.72435325e-02
1.22659899e-01
1.25761032e-01
1.29448235e-01
1.22383684e-01
1.26052424e-01
1.17822148e-01
1.18275061e-01
1.15589909e-01
1.04480222e-01
1.29152626e-01
1.41811505e-01
1.38107553e-01
1.33439034e-01
1.33992597e-01
1.30888268e-01
1.44885764e-01
1.32030085e-01
1.40039593e-01
1.15187459e-01
1.11193657e-01
1.31641999e-01
1.21893190e-01
1.25386015e-01
1.25187129e-01
1.13839172e-01
1.21336170e-01
1.23127617e-01
1.22431114e-01
1.18577935e-01
1.22680634e-01
1.24717012e-01
1.22920282e-01
1.20875128e-01
1.18991874e-01
1.21042334e-01
9.87946689e-02
1.13751583e-01
1.35248438e-01
1.33636340e-01
1.37056723e-01
1.16598524e-01
1.26874864e-01
1.32007316e-01
1.30480289e-01
1.37170270e-01
1.33044481e-01
1.24660805e-01
1.24097273e-01
1.35578707e-01
1.26673043e-01
1.03855781e-01
1.12434559e-01
1.21138267e-01
1.36814713e-01
1.19286552e-01
1.12457007e-01
1.19624957e-01
1.24208048e-01
1.22465178e-01
1.24494351e-01
1.27201870e-01
1.14934251e-01
1.17886402e-01
1.22433491e-01
1.10861339e-01
1.27667457e-01
1.11228168e-01
1.02331847e-01
1.20351560e-01
1.21238127e-01
1.30710602e-01
1.42962739e-01
1.23267695e-01
1.32486314e-01
1.13895498e-01
1.16394781e-01
1.14398822e-01
1.10160865e-01
1.09101504e-01
1.09693088e-01
1.26212463e-01
1.46547377e-01
1.23081177e-01
1.01527885e-01
1.21762246e-01
1.13875918e-01
1.03510305e-01
1.10634305e-01
1.27124488e-01
1.24749199e-01
1.28188938e-01
1.14368379e-01
1.15770787e-01
1.30689502e-01
1.38042241e-01
1.15263484e-01
1.23901017e-01
1.28858715e-01
1.30725458e-01
1.38333365e-01
1.05876565e-01
1.09692603e-01
1.19971499e-01
1.20636612e-01
1.22947454e-01
1.09168418e-01
1.14475086e-01
1.39563799e-01
1.36382669e-01
1.31723553e-01
1.26019210e-01
1.00771703e-01
1.08974494e-01
1.21127859e-01
1.33769780e-01
1.24613747e-01
1.19356960e-01
1.13072589e-01
1.13013133e-01
1.31151974e-01
1.04291104e-01
1.30199105e-01
1.14155352e-01
1.13616936e-01
1.31508663e-01
1.26515925e-01
1.19176060e-01
1.17055967e-01
1.39395952e-01
2.21202418e-01
2.14365989e-01
2.36474216e-01
2.78858691e-01
2.18232349e-01
2.58768201e-01
2.11762458e-01
1.61756977e-01
1.34479120e-01
1.33403376e-01
1.35335162e-01
1.38407990e-01
1.22062385e-01
1.12600490e-01
1.18290290e-01
1.33107647e-01
1.19859487e-01
1.31714001e-01
1.34981424e-01
1.20536223e-01
1.22456647e-01
1.95931152e-01
2.50894159e-01
3.16844106e-01
3.72415483e-01
2.05294892e-01
1.64030731e-01
1.55371472e-01
1.74835473e-01
1.69986457e-01
1.55898511e-01
1.20840840e-01
1.13369554e-01
1.09974548e-01
1.31034493e-01
1.19015291e-01
1.12306222e-01
1.31207317e-01
1.20135933e-01
1.31811231e-01
1.42866194e-01
1.28490955e-01
1.31704018e-01
1.13313846e-01
1.07539378e-01
1.76332518e-01
2.38903880e-01
2.68999308e-01
3.03184092e-01
2.12291420e-01
1.24639876e-01
1.19024038e-01
1.27194896e-01
1.37828514e-01
1.48163706e-01
1.56054199e-01
1.79162323e-01
1.36077210e-01
1.36778995e-01
1.34203255e-01
2.36045867e-01
3.00256491e-01
3.03062111e-01
2.80350894e-01
1.66574955e-01
1.12285510e-01
1.20436572e-01
1.09365337e-01
1.19100288e-01
1.13614850e-01
1.16604552e-01
1.39973655e-01
1.63787812e-01
1.82917938e-01
1.55886859e-01
1.33415893e-01
1.38099983e-01
2.22148404e-01
2.44466439e-01
2.24041715e-01
2.04424039e-01
1.32673576e-01
1.12049580e-01
1.01721674e-01
1.08469404e-01
9.10733491e-02
9.69347879e-02
1.13234863e-01
1.04840539e-01
1.14135534e-01
1.30606994e-01
1.23317771e-01
1.53740749e-01
1.35833427e-01
1.13257505e-01
1.23569697e-01
1.65278211e-01
1.87754765e-01
1.97320059e-01
1.41097456e-01
1.26447275e-01
1.10507429e-01
1.04271613e-01
1.13610253e-01
1.20248944e-01
1.06770076e-01
1.09181874e-01
1.04050815e-01
1.00768358e-01
1.07473746e-01
1.15971021e-01
1.10033303e-01
1.14058696e-01
1.21005312e-01
1.27379209e-01
1.30536586e-01
1.04588673e-01
1.18379928e-01
1.27371326e-01
1.45583794e-01
1.65826648e-01
1.22724362e-01
1.08536005e-01
1.07409880e-01
1.16805919e-01
1.29103214e-01
1.06596626e-01
1.02575459e-01
1.12365313e-01
1.10762820e-01
1.16678849e-01
1.03294894e-01
1.17101163e-01
1.23295739e-01
1.07024759e-01
1.29821718e-01
1.21352501e-01
1.30434111e-01
1.29577145e-01
1.49146721e-01
1.47165552e-01
1.29680321e-01
1.43195078e-01
1.51922390e-01
1.45668298e-01
1.39810920e-01
1.38800442e-01
1.13961644e-01
1.15537643e-01
9.55645889e-02
1.12099044e-01
1.28585160e-01
1.11940838e-01
1.12745069e-01
1.04109235e-01
1.18570663e-01
9.72480774e-02
1.09762795e-01
1.10966809e-01
1.09280512e-01
1.04970723e-01
1.01436108e-01
1.03423767e-01
1.04277812e-01
9.49437842e-02
1.21005438e-01
1.29841432e-01
1.50260463e-01
1.89261690e-01
1.88993290e-01
1.65102676e-01
1.36157021e-01
1.10685155e-01
1.29676700e-01
1.29677862e-01
1.06519982e-01
1.16599008e-01
1.05395041e-01
1.12056747e-01
1.14017725e-01
1.19400777e-01
1.14343502e-01
1.09613895e-01
1.04586668e-01
9.85677615e-02
1.12579092e-01
1.19334377e-01
1.17777854e-01
1.39747903e-01
1.27675295e-01
1.09286807e-01
1.09421529e-01
1.14839934e-01
1.08792186e-01
1.32769957e-01
1.75169736e-01
1.58910930e-01
1.57140151e-01
1.25795230e-01
9.90461409e-02
1.14984453e-01
1.13444753e-01
9.33636725e-02
9.77132991e-02
1.20432414e-01
1.25067011e-01
1.34839982e-01
1.00264497e-01
1.00270234e-01
1.26611382e-01
1.67587951e-01
2.61478156e-01
2.34607920e-01
2.84350634e-01
2.92521358e-01
2.72532731e-01
2.49344006e-01
2.58316040e-01
2.08491594e-01
2.01794386e-01
1.57609254e-01
1.36115700e-01
1.54366359e-01
1.36768520e-01
1.42867714e-01
1.42488509e-01
1.40260369e-01
1.62315875e-01
2.11574376e-01
2.24299878e-01
1.66450962e-01
1.53043047e-01
1.44429907e-01
1.39581323e-01
1.21575259e-01
1.30965397e-01
1.17794409e-01
1.19858123e-01
1.19223692e-01
9.62961242e-02
1.13371491e-01
1.23162933e-01
1.12433814e-01
1.21626407e-01
1.19441390e-01
1.05240710e-01
1.03596449e-01
1.33861259e-01
1.30425587e-01
1.18171848e-01
1.14572823e-01
1.01158723e-01
9.68119055e-02
9.84260440e-02
1.01451159e-01
1.02718629e-01
1.02748886e-01
9.73288640e-02
1.04295470e-01
1.14938803e-01
1.03086628e-01
1.10965356e-01
1.03779480e-01
1.03890903e-01
1.07916117e-01
1.07304431e-01
8.81909430e-02
1.14604659e-01
1.10659800e-01
1.08783469e-01
1.12357624e-01
1.06374361e-01
1.09596886e-01
1.04411453e-01
1.43033594e-01
2.21060485e-01
2.53709346e-01
2.49551266e-01
2.84528375e-01
2.95601159e-01
2.18989059e-01
1.49678409e-01
1.32188037e-01
1.40295997e-01
1.44463852e-01
1.16676264e-01
9.98010114e-02
9.38245580e-02
1.22042291e-01
1.11013405e-01
1.09223142e-01
1.14158891e-01
1.08562768e-01
1.02271318e-01
1.05701342e-01
1.38100713e-01
2.96189040e-01
3.37147593e-01
3.59060407e-01
2.46704280e-01
1.48604989e-01
1.44179389e-01
1.85399413e-01
2.27117494e-01
1.67887628e-01
1.32370964e-01
1.04533784e-01
9.95950252e-02
1.16587959e-01
1.30635351e-01
1.15929514e-01
1.36377499e-01
1.06381647e-01
1.28907576e-01
1.60011917e-01
1.52204499e-01
1.05760001e-01
1.01862274e-01
1.21294789e-01
1.16634235e-01
1.76292583e-01
2.75130421e-01
3.10433596e-01
2.39358038e-01
1.46221489e-01
1.06995367e-01
1.03110783e-01
1.06280304e-01
1.29437283e-01
1.70672491e-01
1.65728956e-01
1.95900038e-01
1.26909927e-01
1.03136860e-01
1.20330550e-01
1.43843338e-01
2.56478757e-01
3.66978794e-01
2.80581653e-01
1.94974348e-01
1.11478738e-01
9.93660167e-02
1.14706859e-01
1.10584371e-01
1.06484845e-01
9.41322744e-02
1.13261193e-01
1.50456950e-01
1.58193439e-01
1.36643082e-01
1.23013765e-01
1.15050733e-01
1.37917951e-01
2.34790102e-01
3.20135474e-01
3.42403471e-01
2.79960215e-01
1.98010758e-01
1.74647987e-01
2.22119957e-01
2.06649721e-01
1.17084444e-01
1.50575653e-01
1.64122522e-01
2.03095019e-01
2.02502042e-01
1.59376875e-01
1.40759811e-01
1.30243361e-01
1.48047239e-01
1.62741274e-01
1.28382102e-01
1.38223335e-01
1.66537628e-01
1.96748599e-01
2.31306553e-01
1.79425627e-01
1.39989600e-01
1.26771122e-01
9.31979716e-02
9.90553126e-02
9.90670770e-02
1.06163472e-01
1.03203282e-01
9.75494683e-02
1.20602377e-01
2.33630359e-01
3.74565959e-01
4.33980107e-01
3.37857544e-01
2.26923078e-01
2.17054576e-01
2.51776099e-01
2.03441367e-01
1.48620397e-01
1.18935846e-01
1.35189950e-01
1.67994335e-01
1.56635344e-01
1.51660457e-01
1.10089786e-01
8.86318237e-02
1.02288313e-01
1.19713306e-01
1.08860776e-01
9.10667256e-02
1.42056391e-01
1.56910092e-01
1.39355883e-01
3.35892111e-01
1.72233865e-01
1.08550079e-01
1.00322492e-01
1.00720346e-01
1.95603028e-01
2.79290706e-01
3.32077712e-01
2.67526269e-01
1.84830680e-01
1.20979995e-01
1.08717062e-01
9.93381962e-02
1.49052888e-01
1.66487753e-01
1.85731962e-01
1.65826917e-01
1.40824571e-01
1.10833801e-01
1.04196846e-01
1.55638292e-01
2.94223249e-01
3.40200663e-01
3.54874134e-01
2.28252217e-01
1.62714124e-01
1.04589485e-01
9.65388268e-02
9.38839763e-02
1.04912646e-01
1.14951774e-01
1.17064372e-01
1.50077626e-01
1.92956224e-01
2.29063764e-01
1.70015171e-01
1.54485539e-01
1.33506432e-01
2.04919234e-01
3.85980934e-01
3.83209288e-01
3.19840699e-01
1.78351134e-01
1.28433049e-01
1.17283866e-01
1.33688956e-01
1.09343849e-01
1.00011900e-01
9.19611678e-02
9.87898111e-02
1.03091002e-01
1.17409617e-01
1.11423470e-01
1.14828870e-01
1.33801490e-01
1.40486345e-01
1.13747522e-01
1.15674295e-01
1.25574246e-01
1.80986628e-01
1.91984385e-01
1.38561562e-01
1.22615047e-01
9.23227370e-02
9.91594046e-02
1.07822023e-01
9.96240750e-02
1.14751451e-01
9.54442695e-02
9.56638008e-02
9.20527577e-02
1.12517774e-01
8.46087188e-02
1.01990588e-01
1.05888732e-01
1.04460724e-01
9.83051658e-02
1.17024355e-01
1.11468919e-01
9.93233919e-02
1.27780274e-01
1.40654236e-01
1.29423350e-01
1.21991351e-01
1.03177771e-01
9.66900513e-02
1.00548342e-01
8.83282498e-02
1.02352366e-01
1.11074023e-01
9.00055915e-02
9.45182294e-02
9.61922407e-02
1.00721300e-01
9.97778550e-02
9.96335149e-02
9.32235718e-02
1.09613426e-01
1.03335671e-01
9.00839344e-02
1.05046369e-01
1.03549503e-01
8.99745971e-02
9.22430828e-02
1.03588700e-01
1.16514556e-01
1.10636018e-01
9.08315927e-02
9.05484408e-02
1.03015155e-01
1.08309075e-01
9.51866731e-02
9.66944173e-02
1.00253232e-01
1.02750227e-01
9.24006552e-02
9.39710215e-02
9.63755921e-02
9.93128270e-02
1.05790928e-01
1.00718580e-01
9.76979062e-02
9.90915149e-02
1.13836691e-01
1.09107874e-01
1.12465262e-01
1.14330836e-01
9.68508869e-02
1.11334093e-01
1.10153817e-01
1.15417615e-01
1.13422714e-01
1.09358124e-01
1.10818513e-01
1.01974674e-01
9.21932906e-02
8.13371092e-02
8.72782692e-02
1.02389477e-01
8.60679671e-02
1.01015210e-01
1.01204984e-01
9.98492762e-02
9.63619351e-02
9.51786190e-02
9.45253074e-02
9.07925665e-02
7.31119812e-02
9.58553478e-02
9.95072350e-02
9.79444087e-02
1.01408191e-01
1.06326729e-01
9.45244879e-02
8.76531675e-02
9.59181786e-02
1.04454428e-01
9.37318504e-02
1.00497402e-01
8.59821886e-02
9.38494056e-02
8.44905153e-02
1.02689423e-01
1.09267212e-01
9.12547335e-02
9.74560902e-02
8.58626142e-02
4.10608053e-01
1.28296822e-01
9.69359279e-02
9.39761475e-02
1.05993807e-01
1.04340032e-01
1.23261712e-01
1.52425244e-01
1.95206285e-01
2.67651141e-01
2.80413806e-01
2.99321711e-01
2.68659890e-01
3.06412697e-01
2.45064542e-01
1.95877343e-01
2.06872046e-01
3.15383494e-01
3.30700547e-01
3.23531717e-01
2.04801157e-01
1.45303071e-01
1.06669463e-01
1.63340881e-01
1.70434400e-01
1.93913102e-01
1.76120967e-01
2.44897306e-01
1.00368068e-01
1.00786872e-01
9.34782773e-02
9.12060514e-02
9.48688835e-02
9.07074288e-02
9.57847014e-02
1.03805110e-01
8.88713673e-02
9.79125798e-02
9.04900879e-02
1.06919438e-01
2.80450612e-01
5.53866088e-01
6.06950104e-01
6.77954078e-01
4.02531266e-01
2.92734921e-01
2.68231153e-01
2.83984929e-01
2.01221675e-01
1.20548151e-01
1.04791291e-01
1.23996399e-01
1.49390668e-01
1.45389184e-01
1.27476975e-01
9.75784734e-02
8.71925130e-02
1.02149844e-01
9.51302424e-02
9.85589102e-02
1.22194126e-01
1.90772697e-01
2.25336000e-01
1.44785315e-01
1.23788536e-01
1.06764317e-01
8.64760280e-02
9.95080322e-02
1.39033020e-01
3.37275833e-01
4.99607056e-01
4.98916179e-01
4.05297250e-01
1.66892305e-01
9.33418199e-02
9.03516933e-02
9.46357995e-02
1.51243344e-01
2.30501845e-01
2.61684865e-01
2.15299755e-01
1.32809818e-01
1.03166714e-01
1.01513080e-01
1.39137581e-01
3.18314552e-01
5.79430997e-01
5.02660036e-01
4.21521395e-01
1.98979378e-01
1.18820801e-01
8.04968178e-02
8.56162384e-02
8.49425346e-02
9.41062048e-02
8.71501788e-02
1.50325760e-01
2.35507622e-01
2.31371060e-01
1.77736551e-01
1.27899498e-01
9.90283489e-02
1.20069504e-01
2.61128068e-01
3.95097673e-01
3.81747723e-01
2.78653383e-01
1.78479448e-01
1.13693662e-01
1.01146765e-01
1.00467898e-01
8.60067233e-02
8.64103436e-02
8.45410302e-02
8.86126086e-02
9.03024226e-02
7.86516666e-02
1.22093335e-01
1.50228903e-01
1.81488767e-01
1.57820895e-01
1.19218431e-01
9.89273489e-02
1.76544487e-01
2.54001707e-01
3.04928362e-01
2.13168383e-01
1.39390737e-01
9.79525074e-02
8.87450278e-02
8.11109692e-02
9.23029259e-02
8.89519751e-02
8.20680410e-02
8.03662464e-02
9.28758010e-02
8.48895535e-02
8.88501480e-02
9.98992473e-02
1.00496821e-01
9.96133611e-02
1.10846788e-01
1.28618345e-01
1.02736212e-01
9.38279182e-02
1.03027903e-01
1.41317353e-01
1.63982332e-01
1.43495813e-01
1.13052458e-01
7.72580951e-02
8.22043642e-02
8.71244594e-02
8.02149922e-02
8.11996534e-02
9.26690847e-02
8.50730017e-02
8.72441977e-02
9.18693990e-02
7.42492452e-02
9.16694626e-02
8.05549994e-02
8.77218619e-02
9.48832110e-02
8.99610072e-02
9.92989764e-02
1.01843290e-01
1.14250891e-01
1.10619411e-01
9.33910310e-02
9.76313576e-02
9.95971262e-02
1.11683987e-01
1.09776512e-01
1.00226901e-01
8.78857225e-02
8.14737678e-02
9.01776031e-02
9.66778398e-02
9.18351188e-02
1.01446807e-01
1.28241584e-01
1.64066240e-01
1.49946079e-01
1.54701456e-01
1.78943843e-01
2.05422446e-01
2.08166599e-01
1.83405340e-01
1.89836428e-01
1.94488376e-01
1.94469392e-01
1.55421898e-01
1.28283486e-01
1.18751578e-01
1.13214992e-01
1.10327914e-01
1.38299853e-01
1.89538136e-01
1.96665555e-01
1.65072143e-01
2.01774091e-01
2.34884560e-01
1.78510368e-01
2.30537578e-01
1.75307974e-01
2.04108551e-01
2.30182469e-01
1.75212547e-01
1.61976218e-01
1.45736143e-01
1.32368699e-01
1.32372022e-01
1.31921366e-01
1.19521558e-01
1.17417701e-01
1.17046878e-01
1.08683005e-01
9.44243968e-02
1.01308182e-01
1.00633785e-01
8.61375406e-02
8.82405564e-02
1.04981452e-01
9.17962939e-02
8.08906183e-02
8.98433477e-02
8.94893855e-02
9.28260311e-02
8.23830515e-02
8.39178562e-02
8.05584043e-02
8.74997973e-02
9.03081596e-02
9.66593325e-02
8.77030939e-02
8.98960754e-02
8.49447325e-02
9.20645148e-02
8.69075060e-02
8.84263963e-02
8.58122334e-02
1.12192787e-01
8.87977630e-02
1.00665696e-01
1.02286473e-01
9.55920070e-02
9.37042609e-02
8.21893513e-02
8.39858502e-02
1.04584992e-01
1.28729999e-01
2.50384957e-01
3.58292460e-01
3.63732487e-01
3.56202990e-01
4.31414455e-01
5.48696637e-01
4.19204891e-01
2.54981518e-01
2.82598346e-01
4.94622380e-01
5.40234327e-01
3.85802835e-01
2.96255201e-01
1.30504385e-01
7.74065107e-02
1.33863315e-01
2.17825189e-01
1.89437434e-01
1.64550856e-01
1.05294257e-01
8.12260136e-02
8.83810669e-02
8.29226524e-02
7.59658739e-02
8.64725783e-02
1.05223440e-01
9.42121148e-02
8.73416364e-02
8.35243389e-02
8.75594318e-02
7.08241239e-02
8.77047926e-02
2.11152598e-01
5.92574537e-01
8.93442571e-01
9.12252843e-01
5.84706783e-01
3.01428199e-01
3.18593830e-01
3.84095788e-01
2.97820866e-01
2.06644386e-01
1.09274060e-01
1.15319118e-01
1.66604027e-01
2.02695668e-01
1.73200384e-01
1.36531398e-01
8.93143415e-02
7.64169917e-02
9.34791490e-02
9.75205302e-02
1.05215751e-01
2.10350320e-01
3.01209629e-01
2.61437356e-01
1.76203698e-01
1.11121558e-01
8.22074711e-02
8.17180648e-02
9.93149951e-02
2.29058400e-01
4.84005332e-01
8.12859654e-01
5.93243361e-01
3.91779155e-01
1.63445339e-01
1.04939684e-01
9.20877904e-02
9.01106074e-02
2.07701698e-01
3.08712393e-01
3.31108928e-01
2.37709373e-01
1.30296752e-01
1.10358164e-01
1.02429911e-01
1.36747286e-01
4.70351279e-01
8.24445128e-01
9.56799448e-01
6.22176409e-01
3.30904156e-01
1.08644962e-01
1.09798267e-01
9.76125449e-02
9.00402218e-02
8.11826959e-02
8.95129591e-02
1.25880525e-01
2.20586285e-01
3.26177508e-01
2.77445346e-01
2.00096875e-01
1.12255178e-01
9.93672460e-02
1.61184788e-01
4.18479204e-01
6.67590618e-01
5.32009006e-01
4.37107444e-01
1.64730683e-01
8.78445506e-02
8.23420957e-02
9.23411548e-02
9.08245370e-02
7.90587664e-02
9.06195715e-02
9.74937826e-02
9.55678150e-02
9.30443108e-02
1.38915882e-01
2.07726419e-01
2.69715905e-01
1.99230865e-01
1.70306429e-01
1.01026982e-01
1.34190053e-01
3.27027619e-01
4.47711527e-01
3.72215867e-01
