2.27275348e+00
2.33545089e+00
2.31836772e+00
2.05430126e+00
2.45304775e+00
2.17888594e+00
2.31859350e+00
2.62189174e+00
2.19502139e+00
2.69217014e+00
2.23503757e+00
2.38196659e+00
2.54822111e+00
2.36131525e+00
2.45665860e+00
2.35713196e+00
2.30776000e+00
2.34223199e+00
2.37785459e+00
2.46893549e+00
2.35797763e+00
2.26705766e+00
2.22513986e+00
2.33094144e+00
2.28718805e+00
2.48068833e+00
2.36789513e+00
2.37059999e+00
2.45739746e+00
2.37834597e+00
2.32366610e+00
2.35945940e+00
2.13627863e+00
2.42425752e+00
2.09369111e+00
2.16940928e+00
2.23399973e+00
2.19749904e+00
2.38183999e+00
2.31046796e+00
2.35318518e+00
2.21315122e+00
2.19904423e+00
2.23746872e+00
2.21918321e+00
2.06202888e+00
2.26653147e+00
2.28275609e+00
2.21532416e+00
2.25469947e+00
2.38722730e+00
2.10724282e+00
2.30093741e+00
2.40263271e+00
2.21726131e+00
2.40885019e+00
2.42247534e+00
2.54195833e+00
2.41266155e+00
2.17740202e+00
2.22015882e+00
2.23818564e+00
2.41644073e+00
2.26465750e+00
2.26942539e+00
2.50561476e+00
2.45468736e+00
2.13554692e+00
2.30825758e+00
2.33836579e+00
2.35209370e+00
2.40236306e+00
2.33728957e+00
2.32899022e+00
2.20323348e+00
2.15389180e+00
2.21595335e+00
2.34484458e+00
2.49525070e+00
2.39361596e+00
2.38562155e+00
2.37849402e+00
2.19411874e+00
2.26964688e+00
2.18804169e+00
2.21274328e+00
2.36374187e+00
2.15215635e+00
2.19174886e+00
2.23597813e+00
2.33205843e+00
2.20164609e+00
2.23586464e+00
2.06674647e+00
2.02244377e+00
2.22933030e+00
2.15444016e+00
2.07782221e+00
2.24875021e+00
2.17377138e+00
2.05975270e+00
2.00321770e+00
2.01823592e+00
1.86507893e+00
2.01901627e+00
1.96624649e+00
2.17456555e+00
2.12507844e+00
1.99766254e+00
1.95032167e+00
2.09311819e+00
2.30539680e+00
2.20563602e+00
2.29888844e+00
2.17884159e+00
2.04484320e+00
2.30642891e+00
2.24025393e+00
2.28218174e+00
2.27074099e+00
2.25437570e+00
2.12467289e+00
2.18749499e+00
2.19247127e+00
2.22889519e+00
2.36983848e+00
2.37537789e+00
2.35571241e+00
2.17329884e+00
2.36204433e+00
2.32022309e+00
2.38164854e+00
2.46985888e+00
2.32070136e+00
2.24847674e+00
2.32713223e+00
2.33395839e+00
2.40259409e+00
2.39549446e+00
2.45332241e+00
2.41546845e+00
2.22900748e+00
2.25520182e+00
2.36062336e+00
2.33156753e+00
2.41858840e+00
2.27512717e+00
2.23868942e+00
2.32244301e+00
2.39555621e+00
2.31712055e+00
2.26899266e+00
2.29328799e+00
2.15436220e+00
2.23368096e+00
2.32084703e+00
2.33141255e+00
2.37720418e+00
2.51572871e+00
2.46406531e+00
2.29913616e+00
2.20684934e+00
2.28071523e+00
2.23404598e+00
2.35881519e+00
2.14727807e+00
2.29770637e+00
2.30297017e+00
2.15823174e+00
2.28212643e+00
2.24395466e+00
2.14852548e+00
2.17471981e+00
2.29571366e+00
2.30569673e+00
2.13724804e+00
1.99900687e+00
2.09604740e+00
2.15868235e+00
2.08718324e+00
1.97072506e+00
2.02566600e+00
1.90032041e+00
1.99424839e+00
2.07010603e+00
2.00829506e+00
1.99299550e+00
1.89441323e+00
1.86294866e+00
1.85518146e+00
1.77169812e+00
1.72397757e+00
1.70679629e+00
1.70220137e+00
1.63000357e+00
1.70217264e+00
1.62749839e+00
1.73729229e+00
1.91795731e+00
1.92211223e+00
1.86405265e+00
1.95675516e+00
1.98830497e+00
1.80431056e+00
1.86028194e+00
1.98974788e+00
2.24668980e+00
2.04470468e+00
2.06320429e+00
1.97234261e+00
2.16278219e+00
2.18855739e+00
2.29564333e+00
2.20329189e+00
2.18450379e+00
2.24815273e+00
2.23357773e+00
2.23006058e+00
2.18531442e+00
2.18254709e+00
2.28273916e+00
2.18321991e+00
2.22702146e+00
2.39719343e+00
2.37469506e+00
2.25972152e+00
2.25304723e+00
2.46842241e+00
2.47373176e+00
2.23318553e+00
2.18432951e+00
2.32061863e+00
2.25902247e+00
2.28844762e+00
2.39720607e+00
2.34097743e+00
2.31638908e+00
2.35006905e+00
2.25653815e+00
2.33566642e+00
2.39127111e+00
2.32782412e+00
2.32653737e+00
2.33594632e+00
2.31485558e+00
2.27291989e+00
2.36795926e+00
2.53346109e+00
2.26274538e+00
2.35061622e+00
2.39842129e+00
2.26433539e+00
2.43474078e+00
2.38028669e+00
2.42702246e+00
2.36832643e+00
2.22202516e+00
2.41280699e+00
2.31930304e+00
2.31837773e+00
2.38377404e+00
2.33265567e+00
2.45284915e+00
2.48576236e+00
2.46581125e+00
2.42751980e+00
2.34788251e+00
2.34442377e+00
2.25333953e+00
2.23653388e+00
2.38381839e+00
2.43773079e+00
2.33920383e+00
2.42912197e+00
2.36671352e+00
2.41254115e+00
2.41492605e+00
2.34198475e+00
2.46068025e+00
2.24579215e+00
2.26181722e+00
2.32903957e+00
2.35098934e+00
2.46429467e+00
2.35108352e+00
2.25649858e+00
2.29067779e+00
2.36111307e+00
2.32745194e+00
2.30971766e+00
2.32338977e+00
2.21684098e+00
2.30702567e+00
2.29430890e+00
2.26135063e+00
2.30889249e+00
2.33447170e+00
2.29142213e+00
2.23318267e+00
2.10006714e+00
2.07239509e+00
2.21733785e+00
2.25532651e+00
2.13864446e+00
2.25717020e+00
2.16460347e+00
2.16262674e+00
2.22807169e+00
2.16511226e+00
2.17222142e+00
2.13325953e+00
2.18065095e+00
2.03406787e+00
2.06369328e+00
2.12353635e+00
2.02222991e+00
2.06069112e+00
1.94312286e+00
1.99624956e+00
1.94200027e+00
1.87851858e+00
2.05146646e+00
1.98096156e+00
1.94188154e+00
1.91274405e+00
1.75439000e+00
1.79973555e+00
1.83569837e+00
1.71315038e+00
1.68701470e+00
1.68809915e+00
1.64104438e+00
1.55947137e+00
1.45260298e+00
1.42367125e+00
1.33527124e+00
1.39149165e+00
1.57325959e+00
1.70808697e+00
1.64628017e+00
1.57887709e+00
1.74336791e+00
1.87367630e+00
1.68166089e+00
1.74983931e+00
1.80557764e+00
1.98392963e+00
1.95841873e+00
1.96734846e+00
1.86512196e+00
1.86730504e+00
2.00479317e+00
2.02907944e+00
2.02027416e+00
2.00106311e+00
1.91016054e+00
1.93289638e+00
2.01624060e+00
1.98897767e+00
1.96473086e+00
2.03480768e+00
1.98883462e+00
2.08607030e+00
2.05860639e+00
2.11200595e+00
2.15785313e+00
2.04886937e+00
2.17699838e+00
2.22677016e+00
2.15747499e+00
2.15547538e+00
2.21054816e+00
2.22589660e+00
2.20339108e+00
2.21798682e+00
2.11681318e+00
2.09379482e+00
2.32607675e+00
2.29651976e+00
2.28314114e+00
2.18514299e+00
2.20818472e+00
2.27549911e+00
2.24941921e+00
2.27771974e+00
2.12800717e+00
2.24322939e+00
2.31785583e+00
2.17206621e+00
2.26210117e+00
2.26777744e+00
2.31212211e+00
2.29738259e+00
2.31103849e+00
2.38326216e+00
2.41332626e+00
2.23528886e+00
2.29845858e+00
2.29183674e+00
2.22205496e+00
2.32934427e+00
2.21923780e+00
2.26241374e+00
2.35847902e+00
2.20470405e+00
2.27608085e+00
2.29871631e+00
2.26049161e+00
2.37457919e+00
2.25265861e+00
2.30270267e+00
2.28727651e+00
2.40445495e+00
2.45283246e+00
2.45361924e+00
2.33602810e+00
2.22289300e+00
2.33455229e+00
2.31662154e+00
2.28890657e+00
2.37665987e+00
2.28841329e+00
2.37631392e+00
2.35850668e+00
2.25268030e+00
2.19857192e+00
2.28309155e+00
2.33853102e+00
2.27371931e+00
2.27764320e+00
2.34657955e+00
2.24060416e+00
2.23817897e+00
2.30121589e+00
2.36484075e+00
2.29780841e+00
2.26870370e+00
2.22723413e+00
2.24768138e+00
2.32793188e+00
2.31534815e+00
2.30961370e+00
2.32131076e+00
2.29571724e+00
2.22213936e+00
2.28148103e+00
2.39675832e+00
2.23824000e+00
2.27569056e+00
2.41356349e+00
2.30221272e+00
2.12609267e+00
2.13961005e+00
2.25185561e+00
2.30424047e+00
2.28227282e+00
2.26391411e+00
2.25638890e+00
2.22420931e+00
2.17208219e+00
2.25516224e+00
2.33699560e+00
2.29977417e+00
2.29343176e+00
2.28704786e+00
2.29906273e+00
2.22214603e+00
2.24345803e+00
2.16411924e+00
2.15192080e+00
2.17566681e+00
2.22497344e+00
2.30318666e+00
2.31817508e+00
2.27836370e+00
2.30534768e+00
2.21507287e+00
2.25245142e+00
2.36660004e+00
2.20940185e+00
2.14931631e+00
2.29996586e+00
2.18405223e+00
2.19730711e+00
2.21424103e+00
2.11222649e+00
2.25483632e+00
2.34641886e+00
2.28501797e+00
2.23063064e+00
2.19471622e+00
2.12194848e+00
2.11850238e+00
2.29570222e+00
2.15472293e+00
2.27178931e+00
2.19537997e+00
2.18367958e+00
2.17843318e+00
2.16451573e+00
2.20980930e+00
2.19145322e+00
2.15825725e+00
2.16558814e+00
2.27417374e+00
2.10682654e+00
2.18531489e+00
2.23746467e+00
2.14014149e+00
2.17225313e+00
2.21881294e+00
2.22254419e+00
2.13217998e+00
2.11347127e+00
2.16858983e+00
2.16351843e+00
2.24105763e+00
2.13580322e+00
2.04490328e+00
2.08354664e+00
2.15369344e+00
2.20874739e+00
2.13420153e+00
2.11378980e+00
2.05805349e+00
2.07578874e+00
2.07554841e+00
2.12232208e+00
2.15690398e+00
2.15463400e+00
2.05002069e+00
2.11698246e+00
2.07241535e+00
2.02724361e+00
1.98409224e+00
2.00491738e+00
2.09108281e+00
2.08049440e+00
1.99220204e+00
2.03330755e+00
2.06124306e+00
1.98330653e+00
2.05628324e+00
2.04825115e+00
1.98765230e+00
1.96350121e+00
2.07594228e+00
2.01599169e+00
1.95757496e+00
1.99984169e+00
1.96724689e+00
1.93981934e+00
1.99819553e+00
1.93020892e+00
1.83168936e+00
1.95870757e+00
1.89903998e+00
1.82819664e+00
1.90407801e+00
1.88609993e+00
1.83063781e+00
1.84250879e+00
1.74723566e+00
1.74773026e+00
1.87263000e+00
1.88182425e+00
1.86782229e+00
1.76276398e+00
1.75653052e+00
1.65795898e+00
1.57599759e+00
1.62236845e+00
1.67748237e+00
1.62203836e+00
1.53155947e+00
1.53759539e+00
1.45618033e+00
1.48359907e+00
1.36889291e+00
1.34170532e+00
1.28280544e+00
1.13448977e+00
1.20161355e+00
1.32177460e+00
1.34601724e+00
1.47079194e+00
1.51780045e+00
1.46308672e+00
1.55318415e+00
1.57749736e+00
1.61061275e+00
1.59781778e+00
1.67798972e+00
1.72033262e+00
1.73509097e+00
1.75916052e+00
1.73943043e+00
1.77444315e+00
1.68858743e+00
1.65496862e+00
1.80923557e+00
1.78108633e+00
1.81794119e+00
1.81096077e+00
1.82484627e+00
1.79933333e+00
1.84181786e+00
1.93885326e+00
1.94243670e+00
1.91941237e+00
1.94287777e+00
1.84242964e+00
1.83406365e+00
1.91788828e+00
1.87055469e+00
1.93168247e+00
2.00855327e+00
1.96251297e+00
1.90514421e+00
1.97222161e+00
1.98645663e+00
1.94520223e+00
1.97104251e+00
1.99731374e+00
1.96747613e+00
1.98800182e+00
1.97926235e+00
1.93802679e+00
1.98166597e+00
2.04322410e+00
2.04236269e+00
1.99955440e+00
2.03733301e+00
2.06352377e+00
2.00285435e+00
1.93921566e+00
2.03988123e+00
1.96611452e+00
1.95657694e+00
2.03200245e+00
1.93531597e+00
1.98466694e+00
2.10482502e+00
2.02459860e+00
2.02728081e+00
2.10175586e+00
2.05328941e+00
1.93578815e+00
2.01826549e+00
2.00864434e+00
1.96844947e+00
2.01993799e+00
2.03884912e+00
2.00320625e+00
1.95585215e+00
1.98975039e+00
2.01203728e+00
2.04583979e+00
2.03433871e+00
2.00850010e+00
2.04665017e+00
2.01660180e+00
2.06169033e+00
2.06377697e+00
2.08984566e+00
2.04858446e+00
2.09536028e+00
2.08859372e+00
2.11876988e+00
2.00971746e+00
2.04169202e+00
1.99173367e+00
1.99408054e+00
2.09727263e+00
2.07004189e+00
2.03199816e+00
2.05872154e+00
2.03347898e+00
1.92707932e+00
1.98516202e+00
2.02780604e+00
2.02951598e+00
1.99015439e+00
1.98760915e+00
1.98632634e+00
1.94301057e+00
2.01777649e+00
2.11556005e+00
2.04226971e+00
1.92023528e+00
1.97875464e+00
1.94978523e+00
1.96957564e+00
2.03069639e+00
1.97036397e+00
2.04822135e+00
2.08617902e+00
1.98586237e+00
1.95556188e+00
2.01864910e+00
2.05575728e+00
2.02243900e+00
1.99418402e+00
2.06928754e+00
2.10479188e+00
2.05994296e+00
2.04102755e+00
2.04886413e+00
1.97074044e+00
1.97235465e+00
1.93575478e+00
2.04694414e+00
1.98308384e+00
1.87383437e+00
1.92698967e+00
1.93031931e+00
1.99649525e+00
2.07279968e+00
1.99060822e+00
2.00778365e+00
2.01646924e+00
2.07135081e+00
2.03556681e+00
2.06358027e+00
1.95186365e+00
1.85261714e+00
2.03461480e+00
1.99025714e+00
2.00081801e+00
2.05039525e+00
2.05907989e+00
2.00313544e+00
2.05830336e+00
2.04584980e+00
2.00579691e+00
2.01769066e+00
1.98090851e+00
1.99787188e+00
1.90261424e+00
1.94489288e+00
2.06267691e+00
2.06753659e+00
1.96627772e+00
1.94330084e+00
2.00849700e+00
1.97100854e+00
1.88387024e+00
1.98495269e+00
2.01936650e+00
1.94604802e+00
1.98798168e+00
2.00768304e+00
1.97850513e+00
1.99949098e+00
2.03636670e+00
1.96225953e+00
1.97623610e+00
2.01301599e+00
2.03714132e+00
2.02780700e+00
2.02098894e+00
2.08334756e+00
2.10956717e+00
1.97775865e+00
1.99727893e+00
2.03775692e+00
2.01094508e+00
1.99654710e+00
2.08699727e+00
1.93542790e+00
2.02257013e+00
2.04755545e+00
1.95926428e+00
2.02416682e+00
1.96005595e+00
1.99857521e+00
2.03740549e+00
1.98860300e+00
1.96657574e+00
2.01040792e+00
2.03597116e+00
1.96831560e+00
1.99092591e+00
1.98879743e+00
1.98481810e+00
2.03736854e+00
2.06010294e+00
1.99190688e+00
1.96670091e+00
1.96740949e+00
2.01455116e+00
2.03268409e+00
1.93719232e+00
1.92840040e+00
2.04865479e+00
1.99192727e+00
1.95948946e+00
1.94686270e+00
1.94915867e+00
1.98742747e+00
2.00111508e+00
1.94054902e+00
1.93073511e+00
1.97757638e+00
1.94353819e+00
1.85114205e+00
2.04768729e+00
1.96630704e+00
1.91288853e+00
2.02968597e+00
1.90902519e+00
1.96311307e+00
2.00694895e+00
1.94888449e+00
1.91943085e+00
1.89930701e+00
1.97064281e+00
1.93744481e+00
1.94314897e+00
1.95252407e+00
1.95179987e+00
1.96878910e+00
1.98564577e+00
1.93041146e+00
1.95707154e+00
1.95021009e+00
1.91690660e+00
1.92055285e+00
1.94639909e+00
1.92047858e+00
1.94094145e+00
1.93701684e+00
1.97132671e+00
1.95832729e+00
1.89939332e+00
1.93656099e+00
1.90167344e+00
1.89492023e+00
1.96840394e+00
1.96691918e+00
1.89767718e+00
2.00451946e+00
1.98959231e+00
1.89972532e+00
1.90242159e+00
1.95947492e+00
1.94492614e+00
1.91655397e+00
1.91441929e+00
1.91689086e+00
1.89079154e+00
1.94115186e+00
1.90737438e+00
1.93166661e+00
1.92262816e+00
1.91082633e+00
1.96576953e+00
1.91770446e+00
1.93124127e+00
1.93311107e+00
1.87720335e+00
1.93022144e+00
1.85100937e+00
1.82392681e+00
1.97140598e+00
1.90347302e+00
1.90884387e+00
1.87155604e+00
1.94125533e+00
2.00048661e+00
1.91771793e+00
1.98503006e+00
1.92148685e+00
1.81861079e+00
1.90887702e+00
1.92068851e+00
1.85875928e+00
1.83009887e+00
1.87863505e+00
1.90024483e+00
1.88618624e+00
1.94025302e+00
1.89563215e+00
1.91387475e+00
1.91862309e+00
1.86325312e+00
1.84481955e+00
1.91346002e+00
1.90837836e+00
1.88331914e+00
1.84551954e+00
1.86454678e+00
1.90773475e+00
1.88954890e+00
1.88446248e+00
1.92567623e+00
1.87783086e+00
1.92203021e+00
1.93413186e+00
1.83857214e+00
1.92706764e+00
1.91930521e+00
1.90696228e+00
1.89529634e+00
1.84865594e+00
1.87711453e+00
1.93813360e+00
1.88491452e+00
1.88995051e+00
1.85933661e+00
1.84775448e+00
1.85647547e+00
1.85474277e+00
1.84110355e+00
1.85628855e+00
1.85426641e+00
1.85039508e+00
1.87399507e+00
1.89353299e+00
1.86899793e+00
1.85097647e+00
1.93730235e+00
1.89705920e+00
1.83969462e+00
1.81045139e+00
1.87780607e+00
1.86420321e+00
1.85018897e+00
1.82493234e+00
1.85509729e+00
1.87515748e+00
1.86523259e+00
1.83640420e+00
1.83634472e+00
1.83035541e+00
1.81006491e+00
1.84801829e+00
1.86553454e+00
1.83128214e+00
1.75198638e+00
1.84909606e+00
1.80566680e+00
1.77847981e+00
1.80768633e+00
1.85445511e+00
1.80314505e+00
1.78983128e+00
1.82375157e+00
1.80022538e+00
1.79967046e+00
1.83143079e+00
1.85355294e+00
1.78702390e+00
1.79007876e+00
1.88735723e+00
1.83785284e+00
1.83509159e+00
1.83675516e+00
1.76718545e+00
1.82263160e+00
1.78551781e+00
1.80272686e+00
1.83265924e+00
1.79635024e+00
1.83033800e+00
1.84020185e+00
1.73704183e+00
1.75875556e+00
1.78289115e+00
1.77332497e+00
1.77395499e+00
1.74247813e+00
1.76440096e+00
1.77776504e+00
1.78315270e+00
1.80911303e+00
1.81725097e+00
1.81105721e+00
1.74787641e+00
1.76095414e+00
1.83640277e+00
1.78991067e+00
1.74773932e+00
1.75838256e+00
1.77198613e+00
1.76169991e+00
1.72767854e+00
1.76468205e+00
1.81776857e+00
1.84334826e+00
1.72296262e+00
1.75496960e+00
1.72925699e+00
1.70561337e+00
1.77199960e+00
1.72106409e+00
1.67108476e+00
1.72627950e+00
1.75379491e+00
1.75439131e+00
1.71760452e+00
1.66493094e+00
1.68919694e+00
1.73715281e+00
1.75630820e+00
1.67061710e+00
1.67971396e+00
1.76622391e+00
1.72576451e+00
1.74357367e+00
1.72582066e+00
1.71770990e+00
1.72169924e+00
1.76713872e+00
1.71656811e+00
1.70115423e+00
1.68090749e+00
1.68588388e+00
1.69610691e+00
1.66291428e+00
1.69032061e+00
1.67199254e+00
1.69024682e+00
1.67328191e+00
1.67576766e+00
1.69649041e+00
1.62063181e+00
1.66956866e+00
1.62073743e+00
1.65860903e+00
1.64577937e+00
1.60463846e+00
1.63438511e+00
1.62454844e+00
1.63997424e+00
1.63133681e+00
1.61730647e+00
1.62169230e+00
1.58439279e+00
1.63515961e+00
1.59770775e+00
1.57620001e+00
1.57918215e+00
1.54953980e+00
1.55901706e+00
1.65732086e+00
1.56915522e+00
1.51046002e+00
1.60008419e+00
1.51764178e+00
1.55119264e+00
1.50117016e+00
1.48476720e+00
1.52598965e+00
1.47086966e+00
1.50062561e+00
1.57866967e+00
1.46055317e+00
1.39886379e+00
1.35958624e+00
1.42199981e+00
1.43965685e+00
1.37329316e+00
1.37274504e+00
1.34475660e+00
1.34320521e+00
1.27784407e+00
1.29697001e+00
1.23247480e+00
1.21595466e+00
1.12036061e+00
1.03760934e+00
1.05984366e+00
1.02103758e+00
1.08841693e+00
1.06292355e+00
1.09816515e+00
1.16252446e+00
1.21750498e+00
1.23565578e+00
1.25331354e+00
1.28244388e+00
1.34304130e+00
1.35273731e+00
1.33804178e+00
1.38515341e+00
1.36188340e+00
1.35724318e+00
1.42080402e+00
1.44402659e+00
1.43149018e+00
1.45128715e+00
1.49204934e+00
1.49899030e+00
1.48552442e+00
1.45550299e+00
1.48581684e+00
1.50195360e+00
1.49733543e+00
1.54810870e+00
1.59446180e+00
1.54759192e+00
1.46633184e+00
1.53934658e+00
1.53481925e+00
1.54508972e+00
1.54748368e+00
1.57025790e+00
1.58917224e+00
1.54527330e+00
1.58182597e+00
1.61372447e+00
1.57059979e+00
1.54958558e+00
1.59876812e+00
1.52799809e+00
1.64624524e+00
1.61200154e+00
1.56103587e+00
1.57045031e+00
1.62844408e+00
1.57001841e+00
1.61609387e+00
1.62603569e+00
1.62576258e+00
1.62044501e+00
1.58207738e+00
1.55138183e+00
1.64046609e+00
1.68183458e+00
1.61106408e+00
1.60462916e+00
1.67570317e+00
1.64678633e+00
1.69561434e+00
1.70209908e+00
1.64070225e+00
1.61517620e+00
1.63496876e+00
1.69096458e+00
1.67486584e+00
1.67418027e+00
1.67061508e+00
1.67605698e+00
1.61043525e+00
1.64039290e+00
1.70369363e+00
1.65531754e+00
1.65049851e+00
1.64692283e+00
1.60537481e+00
1.62890363e+00
1.67845142e+00
1.62598073e+00
1.58744299e+00
1.60150838e+00
1.63840008e+00
1.66975355e+00
1.64475358e+00
1.63852024e+00
1.58266842e+00
1.57512331e+00
1.63338518e+00
1.63491940e+00
1.58912051e+00
1.62777388e+00
1.64547408e+00
1.67272437e+00
1.63581312e+00
1.63706577e+00
1.65971172e+00
1.65268850e+00
1.63823712e+00
1.65642834e+00
1.63397574e+00
1.61679244e+00
1.64310300e+00
1.65465426e+00
1.61512554e+00
1.66157579e+00
1.73128760e+00
1.62397730e+00
1.63669872e+00
1.63957727e+00
1.61937726e+00
1.64774740e+00
1.68533623e+00
1.74123073e+00
1.65176225e+00
1.68378043e+00
1.71484411e+00
1.66236973e+00
1.60589683e+00
1.61822057e+00
1.64512169e+00
1.59550953e+00
1.59700084e+00
1.61173177e+00
1.59279358e+00
1.58915985e+00
1.60286176e+00
1.57952154e+00
1.61276066e+00
1.62773430e+00
1.64218247e+00
1.65301728e+00
1.60596740e+00
1.61854005e+00
1.59855270e+00
1.61967897e+00
1.56237113e+00
1.57899928e+00
1.59505987e+00
1.64988029e+00
1.62506759e+00
1.59676480e+00
1.63845229e+00
1.61750877e+00
1.62124920e+00
1.69163096e+00
1.65123522e+00
1.61423254e+00
1.63753295e+00
1.60379398e+00
1.60795379e+00
1.56531429e+00
1.61586440e+00
1.67695534e+00
1.58768690e+00
1.54746354e+00
1.56068563e+00
1.64819562e+00
1.61984491e+00
1.59394693e+00
1.67884147e+00
1.61307728e+00
1.55912268e+00
1.63939679e+00
1.60170186e+00
1.61097717e+00
1.64937651e+00
1.67320967e+00
1.60616827e+00
1.59216845e+00
1.63683856e+00
1.64495671e+00
1.62489855e+00
1.62558126e+00
1.58985412e+00
1.59124374e+00
1.58652556e+00
1.59940577e+00
1.61902452e+00
1.60501945e+00
1.57589626e+00
1.63039887e+00
1.59947991e+00
1.58334970e+00
1.65444863e+00
1.61010611e+00
1.63256943e+00
1.59186113e+00
1.59633827e+00
1.56311166e+00
1.56336474e+00
1.61193049e+00
1.55097103e+00
1.62492251e+00
1.62540746e+00
1.53583276e+00
1.63812351e+00
1.62314165e+00
1.63329291e+00
1.61389565e+00
1.57652187e+00
1.58159435e+00
1.60789752e+00
1.59597278e+00
1.58993864e+00
1.61190069e+00
1.58702934e+00
1.54992378e+00
1.60034239e+00
1.61211288e+00
1.57287955e+00
1.56024349e+00
1.57984030e+00
1.59199512e+00
1.57376933e+00
1.57907200e+00
1.55038381e+00
1.57058263e+00
1.60293031e+00
1.55450165e+00
1.56168771e+00
1.59893203e+00
1.62542903e+00
1.55214369e+00
1.56482935e+00
1.58520758e+00
1.56350136e+00
1.54271638e+00
1.56792784e+00
1.56745350e+00
1.58341002e+00
1.56141102e+00
1.56546474e+00
1.61815894e+00
1.52666759e+00
1.53900564e+00
1.61798179e+00
1.58704495e+00
1.55390906e+00
1.56871402e+00
1.56893849e+00
1.55033004e+00
1.56656742e+00
1.59834290e+00
1.57825553e+00
1.56719422e+00
1.53728104e+00
1.57204747e+00
1.57890439e+00
1.55322492e+00
1.59450841e+00
1.53073025e+00
1.55542445e+00
1.56148386e+00
1.52101922e+00
1.49970281e+00
1.57542419e+00
1.52691114e+00
1.52852190e+00
1.56086493e+00
1.54372823e+00
1.52793264e+00
1.54160595e+00
1.55845821e+00
1.53972483e+00
1.50840473e+00
1.52171040e+00
1.51845002e+00
1.55617225e+00
1.57957208e+00
1.52314138e+00
1.54594612e+00
1.51384485e+00
1.49077022e+00
1.51200795e+00
1.51736450e+00
1.50555289e+00
1.45982647e+00
1.50532472e+00
1.53702211e+00
1.51371729e+00
1.52152264e+00
1.50718606e+00
1.50751007e+00
1.49726331e+00
1.48444235e+00
1.52019918e+00
1.48522067e+00
1.49520636e+00
1.53669345e+00
1.54371417e+00
1.52107430e+00
1.57497227e+00
1.57772315e+00
1.54847693e+00
1.58053064e+00
1.50433755e+00
1.44970071e+00
1.54647815e+00
1.50584841e+00
1.55142641e+00
1.54599810e+00
1.50211442e+00
1.51861739e+00
1.50712001e+00
1.53812706e+00
1.51789856e+00
1.49200535e+00
1.48731959e+00
1.46865261e+00
1.54567313e+00
1.54286444e+00
1.53326809e+00
1.50425959e+00
1.49513090e+00
1.52887750e+00
1.49529314e+00
1.55801308e+00
1.54324293e+00
1.49988174e+00
1.49439216e+00
1.50785935e+00
1.51203465e+00
1.51038098e+00
1.50102317e+00
1.50084949e+00
1.53229213e+00
1.49445736e+00
1.44975889e+00
1.52519643e+00
1.50252163e+00
1.49116635e+00
1.51818562e+00
1.52246845e+00
1.48598003e+00
1.54983795e+00
1.51421499e+00
1.48158491e+00
1.53220689e+00
1.49849725e+00
1.49844396e+00
1.47923660e+00
1.44406962e+00
1.48308861e+00
1.47938418e+00
1.44532061e+00
1.46375382e+00
1.51463795e+00
1.49578297e+00
1.45871508e+00
1.49588823e+00
1.51994848e+00
1.44553471e+00
1.45344806e+00
1.53232670e+00
1.46547544e+00
1.40550566e+00
1.43169260e+00
1.45150495e+00
1.48275340e+00
1.47037613e+00
1.47823679e+00
1.44371629e+00
1.47359776e+00
1.50750399e+00
1.51793444e+00
1.43338418e+00
1.45027709e+00
1.45036364e+00
1.47867572e+00
1.50907350e+00
1.46139693e+00
1.42225671e+00
1.42122674e+00
1.46603203e+00
1.47386408e+00
1.50935900e+00
1.47624910e+00
1.43538427e+00
1.45928788e+00
1.46144891e+00
1.44824910e+00
1.46810782e+00
1.47439992e+00
1.45255995e+00
1.48859859e+00
1.48673892e+00
1.43928444e+00
1.44485939e+00
1.42402518e+00
1.47020006e+00
1.48677278e+00
1.48673046e+00
1.50547183e+00
1.47236109e+00
1.45784712e+00
1.47728574e+00
1.46952534e+00
1.43689835e+00
1.45625401e+00
1.47151387e+00
1.41299582e+00
1.44353330e+00
1.49584472e+00
1.43466234e+00
1.41970980e+00
1.43815219e+00
1.41879380e+00
1.36652291e+00
1.37663555e+00
1.42725170e+00
1.44389594e+00
1.44851255e+00
1.44362032e+00
1.43619084e+00
1.42837191e+00
1.42186010e+00
1.46593070e+00
1.45605814e+00
1.45761573e+00
1.49597263e+00
1.46268928e+00
1.38671744e+00
1.41502488e+00
1.43846738e+00
1.43663919e+00
1.46048772e+00
1.45013142e+00
1.41885972e+00
1.40856016e+00
1.42631173e+00
1.42007208e+00
1.42921615e+00
1.45879865e+00
1.45213735e+00
1.40197873e+00
1.44728172e+00
1.43003523e+00
1.43208551e+00
1.43288350e+00
1.45968950e+00
1.40562952e+00
1.42069960e+00
1.48677230e+00
1.42322266e+00
1.38223267e+00
1.40667951e+00
1.43371701e+00
1.43952942e+00
1.38927996e+00
1.40951753e+00
1.41932511e+00
1.37482762e+00
1.41907752e+00
1.42374623e+00
1.38750303e+00
1.41875136e+00
1.42266870e+00
1.40306628e+00
1.41489983e+00
1.40409005e+00
1.41542161e+00
1.39534819e+00
1.35896897e+00
1.39479589e+00
1.48092461e+00
1.40222800e+00
1.45684004e+00
1.42667305e+00
1.40943694e+00
1.46463645e+00
1.41565263e+00
1.40416861e+00
1.40202332e+00
1.41259992e+00
1.41889262e+00
1.41344464e+00
1.39907694e+00
1.41063082e+00
1.44977176e+00
1.41239488e+00
1.38256645e+00
1.34768403e+00
1.35229075e+00
1.38826585e+00
1.40173841e+00
1.38779688e+00
1.40765119e+00
1.42327511e+00
1.39824891e+00
1.42668378e+00
1.35470712e+00
1.38572335e+00
1.39047694e+00
1.39863336e+00
1.39973986e+00
1.32274449e+00
1.39256907e+00
1.39852262e+00
1.36680603e+00
1.35796058e+00
1.37481523e+00
1.36726689e+00
1.40708542e+00
1.31065571e+00
1.31897092e+00
1.40385306e+00
1.38975966e+00
1.36373782e+00
1.39818037e+00
1.40268135e+00
1.44902515e+00
1.39378285e+00
1.35584342e+00
1.41069591e+00
1.35589254e+00
1.37317801e+00
1.42691147e+00
1.40889692e+00
1.36785245e+00
1.35335433e+00
1.37780488e+00
1.37302101e+00
1.35041511e+00
1.37223172e+00
1.35008788e+00
1.34799647e+00
1.33626282e+00
1.35910273e+00
1.34906399e+00
1.34850562e+00
1.39523458e+00
1.34936762e+00
1.36149704e+00
1.35034418e+00
1.37831795e+00
1.40366423e+00
1.38827431e+00
1.32277191e+00
1.32388794e+00
1.36981726e+00
1.38760948e+00
1.41565681e+00
1.39149010e+00
1.29466677e+00
1.36111188e+00
1.33983886e+00
1.33852875e+00
1.35675049e+00
1.29830301e+00
1.29192829e+00
1.33003867e+00
1.37262189e+00
1.36722183e+00
1.34503973e+00
1.36251640e+00
1.39084661e+00
1.30917478e+00
1.36301088e+00
1.37386596e+00
1.32687223e+00
1.31572437e+00
1.33943737e+00
1.33365452e+00
1.30871844e+00
1.31444943e+00
1.28585243e+00
1.31290126e+00
1.38647294e+00
1.30607557e+00
1.31638002e+00
1.33803320e+00
1.33671474e+00
1.30570757e+00
1.29920924e+00
1.36156595e+00
1.32062566e+00
1.27416050e+00
1.34747124e+00
1.34879529e+00
1.25600314e+00
1.27240682e+00
1.28915501e+00
1.35184050e+00
1.37396979e+00
1.26806605e+00
1.28291583e+00
1.33597684e+00
1.27010238e+00
1.33962190e+00
1.36473024e+00
1.29960144e+00
1.37597132e+00
1.63624036e+00
1.60491002e+00
1.30910611e+00
1.15821517e+00
1.75756085e+00
1.53047264e+00
1.29256213e+00
1.33903408e+00
1.35825932e+00
1.28251362e+00
1.31040156e+00
1.32515955e+00
1.29937494e+00
1.30375159e+00
1.32222235e+00
1.32535589e+00
1.30194497e+00
1.34419429e+00
1.32453191e+00
1.31660473e+00
1.24565065e+00
1.23381889e+00
1.31108093e+00
1.22133505e+00
1.28744268e+00
1.28351903e+00
1.30155122e+00
1.26007891e+00
1.28309095e+00
1.29103601e+00
1.31350279e+00
1.33667099e+00
1.33086038e+00
1.30596209e+00
1.26919353e+00
1.25826192e+00
1.26997840e+00
1.29289889e+00
1.33573127e+00
1.31345475e+00
1.30478406e+00
1.34857881e+00
1.24079156e+00
1.24872684e+00
1.29761446e+00
1.28264165e+00
1.30984747e+00
1.28898621e+00
1.22648168e+00
1.31970596e+00
1.31364560e+00
1.28398299e+00
1.30879319e+00
1.25806379e+00
1.28856492e+00
1.33260739e+00
1.28749859e+00
1.28421009e+00
1.28134918e+00
1.32424366e+00
1.35082269e+00
1.29506838e+00
1.23841047e+00
1.26892149e+00
1.29851806e+00
1.23635828e+00
1.29493845e+00
1.23298442e+00
1.24558496e+00
1.33378291e+00
1.28906965e+00
1.28108311e+00
1.32036519e+00
1.32037234e+00
1.28888690e+00
1.27977490e+00
1.28144574e+00
1.24492228e+00
1.21830523e+00
1.22950888e+00
1.28084087e+00
1.27910542e+00
1.26877177e+00
1.25562966e+00
1.24875271e+00
1.25051820e+00
1.23614371e+00
1.31100857e+00
1.36693954e+00
1.25195277e+00
1.31813586e+00
1.29879773e+00
1.28523099e+00
1.28837407e+00
1.26519036e+00
1.28131783e+00
1.29853714e+00
1.28027511e+00
1.28239954e+00
1.29281712e+00
1.28241694e+00
1.31303000e+00
1.25405502e+00
1.25339270e+00
1.22705197e+00
1.24742305e+00
1.26222646e+00
1.23941374e+00
1.24559271e+00
1.28048646e+00
1.25759828e+00
1.24138772e+00
1.24078822e+00
1.25036216e+00
1.25833678e+00
1.22563159e+00
1.25135565e+00
1.26788557e+00
1.22183418e+00
1.24215603e+00
1.25901353e+00
1.23946989e+00
1.20525134e+00
1.26872540e+00
1.28582990e+00
1.23705506e+00
1.29342532e+00
1.22151029e+00
1.26447427e+00
1.29549778e+00
1.22159517e+00
1.23912847e+00
1.23559654e+00
1.22368300e+00
1.22650361e+00
1.17448688e+00
1.19102407e+00
1.22634637e+00
1.23120749e+00
1.25173879e+00
1.22759640e+00
1.17750216e+00
1.21731901e+00
1.26112306e+00
1.21393549e+00
1.20078146e+00
1.23011506e+00
1.22563553e+00
1.16097212e+00
1.21418393e+00
1.26620483e+00
1.24860311e+00
1.26091492e+00
1.25471556e+00
1.23622513e+00
1.23351097e+00
1.25532484e+00
1.22737837e+00
1.23405218e+00
1.21537578e+00
1.18299413e+00
1.27666116e+00
1.24405825e+00
1.22052276e+00
1.18455231e+00
1.24431312e+00
1.28195822e+00
1.19245553e+00
1.24209690e+00
1.18844545e+00
1.15069616e+00
1.17241287e+00
1.21396494e+00
1.16274905e+00
1.25985801e+00
1.24089396e+00
1.18834388e+00
1.20165658e+00
1.24101436e+00
1.19111073e+00
1.22353113e+00
1.21227980e+00
1.18780601e+00
1.19532239e+00
1.15883815e+00
1.14655161e+00
1.17001796e+00
1.15203905e+00
1.14458132e+00
1.17043710e+00
1.21655011e+00
1.19159937e+00
1.21654999e+00
1.20274234e+00
1.18663764e+00
1.19440985e+00
1.27847242e+00
1.18166459e+00
1.24419963e+00
1.27003455e+00
1.19577682e+00
1.21401834e+00
1.23876631e+00
1.19871199e+00
1.20185101e+00
1.20839179e+00
1.16368222e+00
1.17636859e+00
1.20148063e+00
1.18931007e+00
1.19095528e+00
1.19269454e+00
1.20156956e+00
1.23167801e+00
1.22022474e+00
1.20451736e+00
1.23610044e+00
1.17816377e+00
1.17139971e+00
1.19128156e+00
1.14343441e+00
1.16351759e+00
1.19419682e+00
1.18372476e+00
1.14403093e+00
1.22065163e+00
1.20713937e+00
1.25194073e+00
1.11951280e+00
1.12316418e+00
1.20712221e+00
1.18262076e+00
1.13219655e+00
1.16340041e+00
1.12074077e+00
1.18228602e+00
1.21672523e+00
1.14884210e+00
1.18384850e+00
1.08690906e+00
1.09640634e+00
1.16105974e+00
1.15783501e+00
1.07491469e+00
1.09509099e+00
1.14560163e+00
1.12077308e+00
1.10726953e+00
1.13429081e+00
1.15403605e+00
1.20184100e+00
1.13425291e+00
1.19568074e+00
1.15995216e+00
1.10592937e+00
1.12890172e+00
1.16458321e+00
1.19004083e+00
1.24276853e+00
1.21352518e+00
1.17952502e+00
1.21638989e+00
1.13311040e+00
1.12615120e+00
1.16855872e+00
1.16409385e+00
1.13970184e+00
1.11941528e+00
1.14553285e+00
1.13827574e+00
1.14556122e+00
1.19531298e+00
1.18442261e+00
1.19011497e+00
1.18849421e+00
1.20112455e+00
1.17173660e+00
1.21896303e+00
1.19863963e+00
1.13495564e+00
1.18821979e+00
1.15983415e+00
1.15910470e+00
1.16945601e+00
1.16543174e+00
1.13107133e+00
1.13571155e+00
1.16267824e+00
1.16405916e+00
1.18226337e+00
1.14625633e+00
1.11600733e+00
1.14902985e+00
1.18319333e+00
1.17540610e+00
1.18843710e+00
1.21426785e+00
1.23021102e+00
1.15224409e+00
1.16337681e+00
1.14094615e+00
1.15984488e+00
1.16725862e+00
1.18571603e+00
1.17505622e+00
1.09705758e+00
1.10148323e+00
1.12656415e+00
1.18091428e+00
1.21408033e+00
1.13777316e+00
1.11752880e+00
1.14688921e+00
1.17398500e+00
1.13248265e+00
1.15186059e+00
1.16592944e+00
1.19864106e+00
1.19910777e+00
1.12928057e+00
1.12015438e+00
1.07439375e+00
1.17432702e+00
1.16733980e+00
1.22256064e+00
1.32265949e+00
1.30618978e+00
1.20245028e+00
1.13506556e+00
1.20443451e+00
1.29239094e+00
1.21635020e+00
1.20804191e+00
1.20392478e+00
1.09535968e+00
1.11298347e+00
1.13816166e+00
1.11972475e+00
1.10954213e+00
1.16054130e+00
1.14569402e+00
1.11938679e+00
1.11886454e+00
1.10168183e+00
1.11365211e+00
1.11827993e+00
1.10552859e+00
1.12876964e+00
1.11563110e+00
1.15543413e+00
1.13876092e+00
1.13498533e+00
1.13834190e+00
1.11204338e+00
1.14615357e+00
1.17382789e+00
1.16907871e+00
1.17413878e+00
1.15002906e+00
1.11061704e+00
1.09919226e+00
1.11910939e+00
1.14306533e+00
1.14275706e+00
1.14235270e+00
1.13985312e+00
1.10789299e+00
1.12910783e+00
1.14808846e+00
1.13995683e+00
1.13114214e+00
1.15389025e+00
1.13656271e+00
1.12350810e+00
1.12640476e+00
1.07216895e+00
1.12831891e+00
1.16109180e+00
1.07016730e+00
1.09088957e+00
1.14510369e+00
1.05328333e+00
1.11015213e+00
1.07460475e+00
1.09687805e+00
1.10547507e+00
1.10077024e+00
1.12672913e+00
1.13584948e+00
1.11995494e+00
1.14597559e+00
1.13053370e+00
1.08956909e+00
1.12375271e+00
1.15512919e+00
1.09757555e+00
1.08276570e+00
1.09915853e+00
1.08588755e+00
1.09769309e+00
1.14157879e+00
1.14403367e+00
1.13151217e+00
1.08395445e+00
1.05633461e+00
1.09482837e+00
1.11646342e+00
1.09194970e+00
1.11536849e+00
1.09077322e+00
1.05460179e+00
1.05713832e+00
1.07772434e+00
1.12381649e+00
1.10115993e+00
1.06554127e+00
1.06229985e+00
1.10863447e+00
1.14391875e+00
1.08185315e+00
1.09933317e+00
1.10214877e+00
1.07942963e+00
1.11362839e+00
1.10157466e+00
1.05660546e+00
1.07114577e+00
1.12948084e+00
1.08137655e+00
1.08606613e+00
1.06488216e+00
1.10098863e+00
1.06220651e+00
1.00000000e+00
1.09042418e+00
1.07185662e+00
1.10773230e+00
1.05763340e+00
1.05076134e+00
1.07529294e+00
1.08314657e+00
1.08940494e+00
1.08234787e+00
1.04832470e+00
1.06484139e+00
1.03419197e+00
1.06752658e+00
1.12673569e+00
1.06929517e+00
1.09279406e+00
1.06381774e+00
1.07653058e+00
1.05589139e+00
1.11265922e+00
1.09002936e+00
1.06494856e+00
1.09727716e+00
1.11091805e+00
1.06849563e+00
1.06711066e+00
1.07432199e+00
1.06190419e+00
1.07404315e+00
1.12857580e+00
1.08877289e+00
1.03661180e+00
1.04983604e+00
1.05618465e+00
1.08371973e+00
1.07602739e+00
1.05451608e+00
1.07096803e+00
1.14124024e+00
1.07531118e+00
1.07249391e+00
1.09018886e+00
1.07730508e+00
1.01341510e+00
1.06037009e+00
1.07551897e+00
1.03704762e+00
1.02820253e+00
1.11724913e+00
1.07407928e+00
1.05179679e+00
1.11366773e+00
1.11102784e+00
1.05314851e+00
1.06479502e+00
1.07663238e+00
1.07495642e+00
1.04054475e+00
1.06343925e+00
1.04773331e+00
1.06798518e+00
1.06671739e+00
1.06266320e+00
1.03313112e+00
1.05810583e+00
1.05438435e+00
1.04895306e+00
1.02163517e+00
1.05097663e+00
1.05462599e+00
1.04479837e+00
1.02475333e+00
1.03120828e+00
1.12379205e+00
1.07030082e+00
1.04212546e+00
1.03813553e+00
1.00051713e+00
1.06552589e+00
1.02226734e+00
1.10223806e+00
1.10299051e+00
1.05480981e+00
1.06794095e+00
1.03866935e+00
1.06270349e+00
1.05379605e+00
1.06217074e+00
1.09610784e+00
1.04220796e+00
1.05292904e+00
1.06768405e+00
1.06607866e+00
1.07819319e+00
1.05719519e+00
1.01806641e+00
1.00962329e+00
1.03230882e+00
1.10850751e+00
1.03463161e+00
8.13731194e-01
9.95337963e-01
1.19200313e+00
1.16236937e+00
1.02847290e+00
9.99391198e-01
1.00304723e+00
1.01192296e+00
1.01479077e+00
1.03294504e+00
1.00973809e+00
9.74628270e-01
1.01310229e+00
1.05966818e+00
1.02770543e+00
1.02638423e+00
1.03345454e+00
1.01726305e+00
1.03097868e+00
1.08280182e+00
1.05204773e+00
9.59677219e-01
1.01234031e+00
1.05702639e+00
1.06824327e+00
1.04282713e+00
1.05620682e+00
1.02288198e+00
1.02596140e+00
1.04045022e+00
1.03615868e+00
1.02184784e+00
1.04273009e+00
1.03205776e+00
1.01088166e+00
9.93570507e-01
1.04132402e+00
1.08187389e+00
9.75997984e-01
1.01514244e+00
1.06530797e+00
9.88090634e-01
9.74375844e-01
9.98042166e-01
9.80582774e-01
9.94279027e-01
1.01700532e+00
1.04416430e+00
1.06144881e+00
1.04341888e+00
1.02353144e+00
1.02885771e+00
1.02923656e+00
9.79953408e-01
1.00730479e+00
9.80449855e-01
9.86167014e-01
1.00534558e+00
1.02707362e+00
1.02763748e+00
1.01786876e+00
9.94828761e-01
9.90880191e-01
1.04004478e+00
1.01714981e+00
1.01037157e+00
1.01741505e+00
1.02049291e+00
9.89240706e-01
9.83933449e-01
9.78392303e-01
1.01330602e+00
1.03362465e+00
9.58707452e-01
9.67276573e-01
1.06603897e+00
1.00398457e+00
1.00922799e+00
1.01029480e+00
9.63801801e-01
1.03255439e+00
9.99702513e-01
9.93831098e-01
9.75974858e-01
9.63595331e-01
9.83380556e-01
9.57950890e-01
9.65387821e-01
9.84491944e-01
1.02131581e+00
9.37942922e-01
9.59672630e-01
1.00173736e+00
9.85004127e-01
9.72272575e-01
9.47301865e-01
9.82063830e-01
9.96578217e-01
9.55672920e-01
9.96633887e-01
9.74311471e-01
9.56901252e-01
9.53177512e-01
9.66901600e-01
9.86735940e-01
9.54389989e-01
9.64579046e-01
9.74466264e-01
9.95711565e-01
9.88656759e-01
9.54284191e-01
9.63976979e-01
9.70909119e-01
9.50653553e-01
9.81749058e-01
1.01777399e+00
9.72930789e-01
9.66932595e-01
9.43745255e-01
9.41615045e-01
9.42905962e-01
8.95284295e-01
9.70143437e-01
9.50339615e-01
9.05740023e-01
9.78064239e-01
1.00612497e+00
9.98011887e-01
9.97657776e-01
9.77586925e-01
9.68896985e-01
9.80060816e-01
9.32591796e-01
9.31115329e-01
9.90831316e-01
9.35131431e-01
9.14112687e-01
9.57236350e-01
9.22849715e-01
9.05390918e-01
9.56983984e-01
9.64465559e-01
9.47488308e-01
9.19859409e-01
8.99284303e-01
9.16682303e-01
9.05682325e-01
9.32658792e-01
9.37923789e-01
9.33457434e-01
9.10084665e-01
8.90239239e-01
9.09663379e-01
8.96772802e-01
8.78912091e-01
8.78252566e-01
8.78915727e-01
8.73667836e-01
8.63281012e-01
8.56679857e-01
8.47890317e-01
8.60742092e-01
8.66886795e-01
8.49437654e-01
8.16251814e-01
7.90332139e-01
8.10847640e-01
7.96679735e-01
7.90761173e-01
7.67448902e-01
7.50804961e-01
7.32810140e-01
7.15957940e-01
6.47255480e-01
6.04732275e-01
6.40807033e-01
5.68947732e-01
6.18143201e-01
6.95645928e-01
7.11925805e-01
6.77501440e-01
7.54327655e-01
7.76242554e-01
7.48794615e-01
7.93064833e-01
7.73739755e-01
7.57373452e-01
8.35623503e-01
7.95507967e-01
7.65989065e-01
8.29062521e-01
7.97509193e-01
7.87468731e-01
8.54900897e-01
8.52842152e-01
8.33167255e-01
8.64987254e-01
8.79309893e-01
8.48717630e-01
8.56383145e-01
8.47487152e-01
8.72202814e-01
8.63568366e-01
8.53521109e-01
8.67944956e-01
8.64305556e-01
9.07243431e-01
9.34824586e-01
9.15523410e-01
8.94925773e-01
8.67797792e-01
8.90102148e-01
9.07990098e-01
9.08196390e-01
8.85059357e-01
9.05285835e-01
9.32865798e-01
8.84419560e-01
9.07491863e-01
8.63255739e-01
9.07867312e-01
9.30199087e-01
8.90923440e-01
9.25920188e-01
9.12824452e-01
9.19411063e-01
9.12526965e-01
8.92773271e-01
8.98493409e-01
8.67101431e-01
9.21607435e-01
9.14135158e-01
8.78321469e-01
8.67842555e-01
8.88182223e-01
8.65883112e-01
8.98176193e-01
9.26186383e-01
8.89960110e-01
8.95659029e-01
8.90602112e-01
8.65380824e-01
8.84311438e-01
9.02797818e-01
9.03991759e-01
8.85815144e-01
8.72909606e-01
8.88998091e-01
9.14735973e-01
9.10865784e-01
8.78474534e-01
8.74906301e-01
9.04289544e-01
8.78765583e-01
9.13850069e-01
9.36362326e-01
8.94001842e-01
8.86531055e-01
8.84444892e-01
9.01627958e-01
8.79104614e-01
8.94374609e-01
8.96114647e-01
8.79776418e-01
8.98179412e-01
8.69542718e-01
9.13454771e-01
8.85668695e-01
8.80018294e-01
9.05177057e-01
8.73223603e-01
8.92228007e-01
9.05874372e-01
9.06449497e-01
8.93124461e-01
8.85603487e-01
8.43731105e-01
8.80763769e-01
9.14408267e-01
8.95339787e-01
8.72308493e-01
8.82373273e-01
8.58828604e-01
8.90235841e-01
8.69690061e-01
8.65080893e-01
8.82895350e-01
8.72058332e-01
9.29805815e-01
8.63037109e-01
8.67099822e-01
8.97751153e-01
8.95456135e-01
8.79210114e-01
8.88112128e-01
8.66078496e-01
9.04281080e-01
8.78542304e-01
8.48133743e-01
8.76327693e-01
8.63106489e-01
9.01263416e-01
8.78318191e-01
8.94072711e-01
9.12329912e-01
8.91405642e-01
8.29664886e-01
8.58458042e-01
8.80684316e-01
8.58149648e-01
8.39321613e-01
8.47078979e-01
8.64255786e-01
8.84071052e-01
8.45959544e-01
8.99505973e-01
8.90489757e-01
9.16480064e-01
1.15342975e+00
1.00111651e+00
8.60529721e-01
8.59080434e-01
8.76773179e-01
8.95258188e-01
8.65591168e-01
8.76047254e-01
8.77177656e-01
8.70409846e-01
8.65262508e-01
8.55679572e-01
8.62002969e-01
8.52743268e-01
8.58899832e-01
8.70494723e-01
8.66962910e-01
8.67149830e-01
9.10019457e-01
8.63295853e-01
8.51243556e-01
8.74058902e-01
8.79067361e-01
8.85655940e-01
8.45432758e-01
8.68772149e-01
8.74031544e-01
8.81687105e-01
8.91724765e-01
8.61554444e-01
8.80151391e-01
8.63409638e-01
8.40799510e-01
8.79431307e-01
8.50694180e-01
8.37797701e-01
8.85524929e-01
8.48499835e-01
8.31083596e-01
8.54367733e-01
8.51479113e-01
8.25381994e-01
8.37129414e-01
8.67790937e-01
8.36691260e-01
8.60931695e-01
8.87513220e-01
8.17923605e-01
8.36540937e-01
8.71480644e-01
8.14688802e-01
8.09581161e-01
8.51390064e-01
8.15040350e-01
8.23333263e-01
8.57450426e-01
8.54243636e-01
8.18986177e-01
8.41746688e-01
8.38949263e-01
8.29048157e-01
8.50982487e-01
8.65250111e-01
8.46474886e-01
8.63396466e-01
8.50878477e-01
8.60381246e-01
8.60179126e-01
8.59482348e-01
8.42028677e-01
8.35741699e-01
8.37181509e-01
8.09188247e-01
8.55363071e-01
8.64454746e-01
8.64459872e-01
8.45314324e-01
8.46453309e-01
8.19806695e-01
8.30015481e-01
8.71861100e-01
8.30720186e-01
8.29283834e-01
8.44669700e-01
8.14497292e-01
8.06288660e-01
8.34986567e-01
8.33466530e-01
8.53747725e-01
8.40823472e-01
8.45794201e-01
8.17551434e-01
8.12157750e-01
8.22413325e-01
8.09358120e-01
8.59577775e-01
8.29568803e-01
8.35517764e-01
8.44263911e-01
8.16953063e-01
8.19626033e-01
8.13332736e-01
8.06802034e-01
8.51099133e-01
8.73051584e-01
8.72325003e-01
7.97635794e-01
7.85208106e-01
8.28884721e-01
8.29147756e-01
8.09238374e-01
8.35071266e-01
8.20641696e-01
8.11706781e-01
8.28287363e-01
8.25487316e-01
8.20284724e-01
8.50811481e-01
8.35430443e-01
7.99535692e-01
8.24474037e-01
8.30092311e-01
8.45156491e-01
8.38483691e-01
8.13843846e-01
8.50917220e-01
8.60872686e-01
8.13659906e-01
8.17946851e-01
8.45506608e-01
8.40283751e-01
8.12713861e-01
8.11549425e-01
8.05537283e-01
7.97957122e-01
8.20317149e-01
8.17738473e-01
8.28879952e-01
8.35460961e-01
8.10601175e-01
8.27467501e-01
8.54939163e-01
8.08088958e-01
8.22200954e-01
8.56785774e-01
8.28241408e-01
8.25779259e-01
8.26526225e-01
8.27641845e-01
8.25331509e-01
7.83346295e-01
8.13058019e-01
8.32192004e-01
8.21575940e-01
8.12306702e-01
7.98039138e-01
8.21634173e-01
8.12766969e-01
8.02335680e-01
7.87839532e-01
8.22321355e-01
7.91641176e-01
8.13585043e-01
7.98882127e-01
8.05060029e-01
8.31228852e-01
8.22758615e-01
8.05695772e-01
8.17110956e-01
8.05949330e-01
8.31582367e-01
8.25085342e-01
7.82556355e-01
8.14437509e-01
8.18832397e-01
7.72958994e-01
7.86051571e-01
7.88794935e-01
7.82025516e-01
7.93955803e-01
7.64589846e-01
8.00285816e-01
7.96479225e-01
7.77109623e-01
7.87039340e-01
7.83494532e-01
7.63054371e-01
8.00381005e-01
8.11840117e-01
7.98272312e-01
7.92723060e-01
7.64746606e-01
7.69662857e-01
7.91166186e-01
7.82442689e-01
7.71003723e-01
7.76340425e-01
7.89025724e-01
8.13682795e-01
8.06241214e-01
7.76500583e-01
7.90356934e-01
8.15069020e-01
7.82365203e-01
7.95439303e-01
8.21669579e-01
8.12188327e-01
7.77880192e-01
7.86121011e-01
8.13106179e-01
7.91469991e-01
8.02020252e-01
7.97218382e-01
7.67101765e-01
7.81304181e-01
7.55167305e-01
7.83289552e-01
7.83568919e-01
7.82226384e-01
8.02038193e-01
7.79462457e-01
7.71413922e-01
7.72846639e-01
7.86320508e-01
7.72213817e-01
7.78483212e-01
7.91695952e-01
7.93707728e-01
7.74358213e-01
7.86672831e-01
8.05579662e-01
7.71155477e-01
7.53389180e-01
7.60132134e-01
7.88484097e-01
7.94810474e-01
7.77867258e-01
7.60343850e-01
7.44873583e-01
7.59918213e-01
7.48272717e-01
7.72617698e-01
7.94414163e-01
7.76161492e-01
7.99334168e-01
7.87473857e-01
7.67364919e-01
7.90178657e-01
7.87634790e-01
7.58764029e-01
7.55304396e-01
7.91477561e-01
7.62094021e-01
7.59177864e-01
7.51454949e-01
7.61048913e-01
7.71339238e-01
7.84615874e-01
7.50008941e-01
7.65375376e-01
7.78891742e-01
7.69195616e-01
7.75723398e-01
7.39220560e-01
7.65980244e-01
7.58319199e-01
7.67589450e-01
7.68622935e-01
7.69785404e-01
7.53136814e-01
7.53442347e-01
7.33698964e-01
7.36941755e-01
7.73576200e-01
7.67620504e-01
7.90963113e-01
7.83029556e-01
7.60111272e-01
7.71819711e-01
7.68873215e-01
7.57748425e-01
7.88913488e-01
7.40075588e-01
7.58498907e-01
7.82927215e-01
7.27293611e-01
7.44548619e-01
7.52041996e-01
7.60641634e-01
7.62219429e-01
7.51879752e-01
7.50710249e-01
7.73241699e-01
7.47311175e-01
7.49523818e-01
7.63840199e-01
7.52105236e-01
7.29250610e-01
7.46756315e-01
7.86839664e-01
7.75178254e-01
7.53262222e-01
7.68050194e-01
7.88955867e-01
8.01929057e-01
7.79556334e-01
7.10226357e-01
6.87165856e-01
7.46876538e-01
7.67992139e-01
7.21957207e-01
7.07211733e-01
7.10689902e-01
7.21478462e-01
7.50068367e-01
7.59301007e-01
7.32109904e-01
7.38828659e-01
7.46411860e-01
7.53817022e-01
7.64208019e-01
7.85754621e-01
7.37557590e-01
7.46111631e-01
7.57433355e-01
7.38652229e-01
7.44119465e-01
7.67502367e-01
8.13937485e-01
7.30581760e-01
6.52332723e-01
7.47380614e-01
7.62741208e-01
7.26487279e-01
7.60024369e-01
7.56197453e-01
7.69665718e-01
7.16632247e-01
7.18759835e-01
7.63773799e-01
7.51711309e-01
7.53108203e-01
7.65829980e-01
8.07225823e-01
7.53834248e-01
6.87133372e-01
7.30431259e-01
7.15317607e-01
7.85150647e-01
7.79116929e-01
7.23693430e-01
7.11425543e-01
7.48427153e-01
7.56981552e-01
6.96584344e-01
7.30367959e-01
7.45420039e-01
7.48370647e-01
7.75088549e-01
7.14385927e-01
7.60462940e-01
7.57854044e-01
7.19672799e-01
7.38671899e-01
7.45377183e-01
7.51201391e-01
7.25109220e-01
7.25161433e-01
7.37716138e-01
7.49874353e-01
7.34659851e-01
6.92338049e-01
7.42519259e-01
7.57182062e-01
7.24113703e-01
6.89777613e-01
7.15245485e-01
7.68434405e-01
7.40525305e-01
7.08873034e-01
6.89219654e-01
7.14912891e-01
7.12224841e-01
7.40059972e-01
7.50549912e-01
7.31473923e-01
7.05268800e-01
7.10433304e-01
7.46740162e-01
7.21440256e-01
7.22753644e-01
6.99560404e-01
6.87882721e-01
7.30715990e-01
7.00159073e-01
7.08466411e-01
7.20013738e-01
6.98907852e-01
7.05267191e-01
7.52778411e-01
7.56189764e-01
6.85437739e-01
6.98310375e-01
7.40562320e-01
7.40558088e-01
7.43088663e-01
7.33401775e-01
7.29182959e-01
7.45966196e-01
7.32275128e-01
6.87790632e-01
7.10485935e-01
7.20730722e-01
6.90957904e-01
6.93680525e-01
7.05513418e-01
7.05240428e-01
7.19026625e-01
6.83665395e-01
7.51708567e-01
7.14697301e-01
6.67515099e-01
6.92032814e-01
7.20298946e-01
7.13858485e-01
7.05289483e-01
7.32954919e-01
7.16762066e-01
6.70175135e-01
6.99213564e-01
7.08680391e-01
7.25344419e-01
7.12529778e-01
7.03673840e-01
7.23164558e-01
7.13036478e-01
7.09094286e-01
7.06674814e-01
7.09117472e-01
6.95289612e-01
7.00967491e-01
7.07887709e-01
7.16677427e-01
7.02425897e-01
7.17265487e-01
7.26013184e-01
7.07192481e-01
7.19223797e-01
7.26897597e-01
6.88853145e-01
6.92800283e-01
6.99814618e-01
6.75198853e-01
6.84451818e-01
6.87913120e-01
6.68535054e-01
6.76896870e-01
6.85359538e-01
6.85898721e-01
7.07245052e-01
6.86262012e-01
6.97840631e-01
7.02891588e-01
7.04267919e-01
7.20190585e-01
6.88786328e-01
7.03435123e-01
7.22971320e-01
7.16841280e-01
7.10784674e-01
6.92996383e-01
7.18424439e-01
6.95792079e-01
7.03547537e-01
6.99644327e-01
7.04967558e-01
7.36450493e-01
6.85543418e-01
6.78645432e-01
7.16245711e-01
7.02476621e-01
6.94251418e-01
6.86045706e-01
6.89529896e-01
6.83186054e-01
7.05110252e-01
7.25402415e-01
6.88696265e-01
6.73740447e-01
6.81557298e-01
6.92439198e-01
6.78941548e-01
6.59053624e-01
7.39277124e-01
6.92631900e-01
6.70879960e-01
7.14083672e-01
8.32444251e-01
7.52831876e-01
6.78075016e-01
7.38541961e-01
6.82805419e-01
7.04200149e-01
7.26015329e-01
7.06039190e-01
7.05540180e-01
6.74552500e-01
6.68963850e-01
6.82730198e-01
7.09167123e-01
7.39420056e-01
7.17211366e-01
6.57609463e-01
6.42367005e-01
6.76800311e-01
6.76821887e-01
6.66192412e-01
6.70791447e-01
7.08348811e-01
7.17968285e-01
6.79324389e-01
6.74247086e-01
6.55144989e-01
6.86128020e-01
6.81821108e-01
6.68532729e-01
6.80844009e-01
6.82976663e-01
6.79149270e-01
6.84225619e-01
6.37381613e-01
6.54013872e-01
6.70309365e-01
6.56755745e-01
6.37342751e-01
6.71238542e-01
6.78537905e-01
6.40490592e-01
6.52868986e-01
6.84237838e-01
6.63019955e-01
6.80413008e-01
6.77809536e-01
6.62551522e-01
6.78684473e-01
6.85493052e-01
6.90638661e-01
6.66026056e-01
6.78031504e-01
6.87770665e-01
6.65725648e-01
6.82257414e-01
6.68828189e-01
6.60417199e-01
6.75773203e-01
6.69461012e-01
6.78468943e-01
6.31355643e-01
6.69710994e-01
6.78907037e-01
7.20667720e-01
6.02247477e-01
6.40698612e-01
6.58478260e-01
6.35714769e-01
6.52487397e-01
6.43842816e-01
6.56696022e-01
6.77370667e-01
6.71494961e-01
6.58688188e-01
6.55999243e-01
6.68312788e-01
6.65923953e-01
6.40402019e-01
6.65390491e-01
6.58090830e-01
6.73281491e-01
7.11632073e-01
7.43603051e-01
7.39076316e-01
7.16472447e-01
6.89399660e-01
6.91771567e-01
7.42697060e-01
7.09958911e-01
6.75237954e-01
6.27885222e-01
6.52967453e-01
6.54549181e-01
6.46957517e-01
6.71989918e-01
6.57167077e-01
6.82433426e-01
6.59436643e-01
6.22355580e-01
6.34293437e-01
6.45782113e-01
6.60979748e-01
6.60537422e-01
6.69176877e-01
6.57226264e-01
6.34837389e-01
6.77399278e-01
6.57175839e-01
6.46299779e-01
6.71473861e-01
6.69685781e-01
6.38123512e-01
6.11696422e-01
6.42407775e-01
6.85586691e-01
6.41987383e-01
6.23299837e-01
6.66859865e-01
6.56775355e-01
6.42682076e-01
5.90471625e-01
6.23382211e-01
6.49448156e-01
6.38074517e-01
6.59444213e-01
6.43470049e-01
6.56044960e-01
6.65636003e-01
6.37714088e-01
6.31267667e-01
6.26297116e-01
6.51524186e-01
6.19997263e-01
6.45150602e-01
6.65250719e-01
6.30115449e-01
6.65017724e-01
6.78339481e-01
7.00583696e-01
6.89391017e-01
6.65218771e-01
6.01018429e-01
6.55550003e-01
6.45254433e-01
6.26636684e-01
6.45579219e-01
6.25725687e-01
6.68789089e-01
6.48602188e-01
6.35227740e-01
6.28217697e-01
6.39271915e-01
6.56708479e-01
6.23277366e-01
6.40085101e-01
6.43691897e-01
6.11286879e-01
6.28176451e-01
6.76950216e-01
6.62891686e-01
6.02875113e-01
6.09133303e-01
6.46976411e-01
6.28133297e-01
6.22592092e-01
6.50323153e-01
6.26247168e-01
6.18713081e-01
6.37343943e-01
6.53134882e-01
6.34328306e-01
6.39834642e-01
7.10534751e-01
6.57258630e-01
5.88750064e-01
6.68073535e-01
6.54063046e-01
6.02520466e-01
6.00533962e-01
6.15896881e-01
6.32478237e-01
6.59512043e-01
6.58405840e-01
6.32375836e-01
5.88688195e-01
6.32743597e-01
6.47817671e-01
6.18963122e-01
6.17756724e-01
6.14823639e-01
5.93859434e-01
6.15556419e-01
6.28827691e-01
6.29686713e-01
6.25440300e-01
6.34268820e-01
6.28354847e-01
6.60134494e-01
6.28340364e-01
6.50395572e-01
7.91660070e-01
7.79339552e-01
6.11460030e-01
6.37237370e-01
6.20486915e-01
6.26278281e-01
6.38099551e-01
6.14744604e-01
6.53596818e-01
6.49859130e-01
5.93524218e-01
6.07318103e-01
6.15986347e-01
6.07820868e-01
6.41521275e-01
7.04054534e-01
6.80636108e-01
5.65600157e-01
5.66586673e-01
6.69648290e-01
6.07983351e-01
6.32510483e-01
6.23728812e-01
6.12308145e-01
6.35205328e-01
6.27575696e-01
6.18277967e-01
5.53639829e-01
5.62708378e-01
5.77370584e-01
6.10064864e-01
6.27954006e-01
5.96037209e-01
6.23621106e-01
6.09223127e-01
5.68014801e-01
5.77405453e-01
5.97002149e-01
6.04936182e-01
5.87723732e-01
6.08483136e-01
6.25940859e-01
6.15767777e-01
6.26617134e-01
6.01571798e-01
6.09684944e-01
6.23199522e-01
6.07539952e-01
5.92713952e-01
5.84776342e-01
6.04906619e-01
6.20499492e-01
6.14842415e-01
6.08512282e-01
5.86142123e-01
5.95979929e-01
6.33071959e-01
5.92446208e-01
6.13609135e-01
6.16104424e-01
6.07436180e-01
6.10855222e-01
5.99639177e-01
5.94702303e-01
6.04254842e-01
5.90575457e-01
5.99745452e-01
6.16996408e-01
6.00179672e-01
6.04328156e-01
6.08957648e-01
5.96889973e-01
6.09579265e-01
6.13527358e-01
5.87823749e-01
6.22567117e-01
6.11779630e-01
5.93260586e-01
6.16208911e-01
6.02299929e-01
5.96955538e-01
5.81916511e-01
5.99441051e-01
6.09477043e-01
5.88843465e-01
5.93014538e-01
6.03097439e-01
5.94455302e-01
5.92181981e-01
5.94670534e-01
6.00566447e-01
6.13613784e-01
6.09777927e-01
6.02430701e-01
6.06701612e-01
5.91781437e-01
5.90446174e-01
5.95561922e-01
5.91233134e-01
6.21451616e-01
6.02325857e-01
5.91557801e-01
5.98504066e-01
6.11455977e-01
6.02814555e-01
6.15853667e-01
6.12411797e-01
5.82146585e-01
5.98327398e-01
6.08755171e-01
5.71806252e-01
6.06943786e-01
5.96901000e-01
5.81350744e-01
5.93933284e-01
5.94264150e-01
6.00093603e-01
5.66795290e-01
5.74835598e-01
5.78249335e-01
5.70052207e-01
6.20826483e-01
6.02167845e-01
5.73204219e-01
5.90556204e-01
6.11887634e-01
5.89414835e-01
5.71037889e-01
5.93286991e-01
5.97138703e-01
6.03462696e-01
5.89392066e-01
5.79831243e-01
5.77635527e-01
5.87900043e-01
5.79341948e-01
5.90309620e-01
6.16245091e-01
6.02878988e-01
5.91684937e-01
5.73704422e-01
5.90242386e-01
5.98619580e-01
5.69074392e-01
5.75086951e-01
5.69077015e-01
5.62462986e-01
5.65290093e-01
5.70591211e-01
5.57010114e-01
5.71006119e-01
6.06370628e-01
5.89068770e-01
5.77530384e-01
5.83624423e-01
5.79355896e-01
5.77620029e-01
5.52865744e-01
5.66997111e-01
5.85418284e-01
6.11620009e-01
5.92165291e-01
5.66896975e-01
5.73717475e-01
5.64374387e-01
5.81438422e-01
5.65966368e-01
5.55073917e-01
5.89377165e-01
6.39039755e-01
5.71523905e-01
5.85250020e-01
5.98809958e-01
6.11461341e-01
6.20602489e-01
5.74293375e-01
5.88965416e-01
6.23227060e-01
6.45774841e-01
5.74290872e-01
5.55437922e-01
5.53483546e-01
5.66192627e-01
5.40013850e-01
5.75178564e-01
5.60531735e-01
5.33579171e-01
5.75166404e-01
5.75230777e-01
5.49800694e-01
5.81929743e-01
5.94861090e-01
5.79764366e-01
5.68514228e-01
5.69821239e-01
5.63489616e-01
5.62033296e-01
5.78445196e-01
5.76472998e-01
5.61407089e-01
6.07520163e-01
5.78420579e-01
6.17251337e-01
5.81945062e-01
5.96341372e-01
6.26946092e-01
5.21786273e-01
5.80031753e-01
5.89032710e-01
5.96664608e-01
5.71822345e-01
5.54132104e-01
5.73258042e-01
5.51316679e-01
5.58219969e-01
5.67924619e-01
5.66657722e-01
5.75680077e-01
5.40052950e-01
5.71270943e-01
5.77746034e-01
5.56729019e-01
5.43555975e-01
5.70107698e-01
5.90170383e-01
5.53806901e-01
5.41614473e-01
5.59872270e-01
5.37595391e-01
5.36269844e-01
5.34145117e-01
5.42816281e-01
5.59377432e-01
6.00652575e-01
5.86086869e-01
5.72138011e-01
5.59975743e-01
5.48765838e-01
5.25031209e-01
5.36368728e-01
5.58524609e-01
5.57243526e-01
5.75763524e-01
5.54817259e-01
5.58104336e-01
5.41679919e-01
4.47238684e-01
4.06326562e-01
5.68255842e-01
6.12157106e-01
5.57887971e-01
5.51465094e-01
5.49456477e-01
5.71776032e-01
5.62486589e-01
5.45504570e-01
5.41957378e-01
5.59227407e-01
5.29437780e-01
4.96270865e-01
5.61827779e-01
5.39284825e-01
5.45590997e-01
5.42127371e-01
5.62963128e-01
5.20039737e-01
5.00644028e-01
5.51730990e-01
5.20993829e-01
5.41214824e-01
5.35472155e-01
5.14533579e-01
5.28728247e-01
5.40543854e-01
5.38628221e-01
5.50047517e-01
5.47049344e-01
5.26949227e-01
5.49086154e-01
5.45833588e-01
5.36363006e-01
5.32552660e-01
5.21811545e-01
5.38871109e-01
5.79682708e-01
5.06839335e-01
4.84277964e-01
5.50128579e-01
5.49135566e-01
5.52542508e-01
5.18906295e-01
5.31642675e-01
5.62115908e-01
5.66649258e-01
5.44278026e-01
5.39890528e-01
5.84311247e-01
5.49605072e-01
5.33488393e-01
5.21998286e-01
5.15139997e-01
5.29296815e-01
5.51519513e-01
5.30183554e-01
4.97637689e-01
5.17978013e-01
5.35396338e-01
5.15593112e-01
4.97407138e-01
5.26140749e-01
5.51191866e-01
5.35762310e-01
5.36090553e-01
5.53960204e-01
5.29654980e-01
5.47725976e-01
5.52539110e-01
5.33453465e-01
5.29153824e-01
5.21699488e-01
5.29134929e-01
5.34462094e-01
5.43190897e-01
5.22133648e-01
5.32046139e-01
5.46975315e-01
5.39339602e-01
5.34288943e-01
5.16704261e-01
5.31881452e-01
5.29606104e-01
5.13761401e-01
5.15025258e-01
5.21325886e-01
5.37055731e-01
5.21515131e-01
5.36733747e-01
5.31405985e-01
5.18662095e-01
5.06722033e-01
5.39307773e-01
5.49620211e-01
5.31664431e-01
5.65755010e-01
5.44073164e-01
5.14664114e-01
5.36988318e-01
5.52397907e-01
5.40181518e-01
5.22472918e-01
5.33757806e-01
4.91778463e-01
5.08738279e-01
5.27250350e-01
5.13184071e-01
5.60372114e-01
5.35036445e-01
5.48558950e-01
5.29710412e-01
4.86966759e-01
5.23606420e-01
5.33959210e-01
5.03789186e-01
5.22396564e-01
4.95935351e-01
5.27729392e-01
5.22658050e-01
5.11827886e-01
5.12550950e-01
5.26097357e-01
5.34309745e-01
5.08465946e-01
4.81963545e-01
5.48732281e-01
5.39726794e-01
5.17032683e-01
5.38523138e-01
5.41717649e-01
5.12600720e-01
5.02396166e-01
5.32877862e-01
5.18476069e-01
5.27028322e-01
5.13577998e-01
5.10693014e-01
5.06344795e-01
5.14737785e-01
5.15274107e-01
5.01927674e-01
5.37943542e-01
5.43380499e-01
5.12576520e-01
5.18862545e-01
4.99157757e-01
5.00049412e-01
5.18007100e-01
5.14546812e-01
5.22054613e-01
5.25265396e-01
5.14648974e-01
5.26600957e-01
5.23242056e-01
5.24992764e-01
5.13915241e-01
5.24597943e-01
5.20419836e-01
4.95472223e-01
4.98651922e-01
5.03440142e-01
4.95767951e-01
5.03203273e-01
4.99168038e-01
4.88050789e-01
4.81372207e-01
4.67318773e-01
5.58837414e-01
5.29223025e-01
5.56852877e-01
5.09970844e-01
5.39664030e-01
5.84706128e-01
4.96004313e-01
5.47594965e-01
5.56853533e-01
5.79971433e-01
5.47430277e-01
5.16104341e-01
4.97151077e-01
5.19908011e-01
4.71909344e-01
4.83511835e-01
5.46413183e-01
5.04970312e-01
4.82423902e-01
5.15214086e-01
5.08828223e-01
5.10913134e-01
4.86800879e-01
4.70006078e-01
5.06054997e-01
4.92369711e-01
5.15493572e-01
5.11464536e-01
4.99918610e-01
5.15807688e-01
4.92769748e-01
3.84453148e-01
4.87046421e-01
6.36204660e-01
6.00272000e-01
5.18824220e-01
4.08193439e-01
4.80603665e-01
5.06570399e-01
5.02975285e-01
4.78749305e-01
4.90805149e-01
5.00303030e-01
5.11190474e-01
5.19978940e-01
5.34802139e-01
5.01481414e-01
4.75139678e-01
5.08385301e-01
5.01984477e-01
4.48265195e-01
4.82299417e-01
5.08284152e-01
5.01178622e-01
4.96092588e-01
5.01715004e-01
4.91934359e-01
4.74599302e-01
4.82285827e-01
5.23647010e-01
4.75958526e-01
4.96727645e-01
5.18296003e-01
5.14550805e-01
5.21223366e-01
4.95156914e-01
4.94170457e-01
4.95465726e-01
5.46751201e-01
5.32545090e-01
5.29633284e-01
5.19808710e-01
4.81285334e-01
4.72631872e-01
4.88014817e-01
5.03442287e-01
5.00329256e-01
4.53698784e-01
4.54585701e-01
5.81066787e-01
5.19561231e-01
4.74541575e-01
5.12230039e-01
5.03639460e-01
4.94786739e-01
4.95091081e-01
4.84649211e-01
4.95814174e-01
5.02139390e-01
4.60775644e-01
4.78117883e-01
5.20582795e-01
5.09041846e-01
5.13277411e-01
5.07522762e-01
4.31223333e-01
3.93353045e-01
4.58229572e-01
5.40086329e-01
4.79966730e-01
4.84892786e-01
4.57675397e-01
4.74359930e-01
4.96322006e-01
4.84736353e-01
4.77260321e-01
4.96857017e-01
4.70209211e-01
4.78815705e-01
4.66584831e-01
4.20993835e-01
4.36114877e-01
4.79535490e-01
4.62891281e-01
5.36182702e-01
5.65099537e-01
3.94603431e-01
3.37324888e-01
5.16383171e-01
