2.68706942e+00
1.58411205e+00
1.50232625e+00
2.79303813e+00
5.36251116e+00
3.49336934e+00
1.75332940e+00
1.79180074e+00
2.87106848e+00
2.46645498e+00
2.19893265e+00
1.83363819e+00
1.83394814e+00
2.01707006e+00
2.35592175e+00
1.99755251e+00
2.03950548e+00
1.83193982e+00
1.78363907e+00
1.77767432e+00
1.83790696e+00
1.96800685e+00
2.05002451e+00
1.80250037e+00
2.98721695e+00
3.59536934e+00
1.81358862e+00
1.86916578e+00
1.94440866e+00
1.67495394e+00
2.29340816e+00
1.74872160e+00
1.48370993e+00
3.18031454e+00
2.31264281e+00
1.83222771e+00
1.54020655e+00
1.53683257e+00
1.54681122e+00
2.32776189e+00
1.53456128e+00
1.73607659e+00
1.53288841e+00
1.75103283e+00
2.87966657e+00
1.52139688e+00
1.80871463e+00
1.54921913e+00
1.78888881e+00
1.60420060e+00
1.70148897e+00
1.44612062e+00
2.12015796e+00
2.14392567e+00
1.79186320e+00
1.57394660e+00
2.91500330e+00
1.49097288e+00
2.06890011e+00
1.51611876e+00
1.74633789e+00
2.32076287e+00
1.70358765e+00
1.57758379e+00
1.36192584e+00
1.72694564e+00
3.86719131e+00
2.81741142e+00
1.66447318e+00
2.74674869e+00
2.09598398e+00
1.50303936e+00
1.43439388e+00
1.92825389e+00
1.81319118e+00
1.58213925e+00
1.79268527e+00
3.11070991e+00
2.91488576e+00
2.08990407e+00
1.85567093e+00
1.92564440e+00
1.60477245e+00
1.31622469e+00
1.91818535e+00
2.03442144e+00
1.47070324e+00
3.44401765e+00
1.47946799e+00
3.25979161e+00
3.26753545e+00
1.51282787e+00
1.82915497e+00
2.47782373e+00
2.63411260e+00
1.39763188e+00
1.40585196e+00
1.90959990e+00
1.35992932e+00
2.33842182e+00
1.56967950e+00
1.87001324e+00
1.50498462e+00
1.45503592e+00
2.06657910e+00
1.57187569e+00
2.06432343e+00
1.81022358e+00
1.74262583e+00
1.36149299e+00
1.33483231e+00
1.19559097e+00
2.62667704e+00
1.33453250e+00
1.34737408e+00
1.21015346e+00
1.27515185e+00
1.62925315e+00
1.64811981e+00
1.35858929e+00
1.58221257e+00
1.37789106e+00
1.25650299e+00
2.34051871e+00
1.89678919e+00
4.36545849e+00
3.08364272e+00
1.61331844e+00
3.88095188e+00
1.48111820e+00
1.39134395e+00
1.46443570e+00
1.69352257e+00
2.05638337e+00
1.30339813e+00
1.61711812e+00
1.24579072e+00
1.93385601e+00
2.30317593e+00
2.53318810e+00
2.90104198e+00
2.19706440e+00
1.78261924e+00
1.97271812e+00
2.04392743e+00
1.41963434e+00
2.21235514e+00
1.69627023e+00
1.32049358e+00
2.12556386e+00
1.28556514e+00
1.81708980e+00
1.71371675e+00
2.41577768e+00
1.81776190e+00
2.15756655e+00
1.89551425e+00
2.09278488e+00
2.99078512e+00
1.89967525e+00
1.35757184e+00
1.32346964e+00
1.52582347e+00
1.35310912e+00
1.56531405e+00
1.28668547e+00
1.29806256e+00
1.18739891e+00
1.21845686e+00
1.30965781e+00
1.53237426e+00
1.80411959e+00
2.16585255e+00
1.14727569e+00
1.30722284e+00
1.95783532e+00
1.47007167e+00
2.54364944e+00
3.45654964e+00
1.13252985e+00
1.23584092e+00
1.04823399e+00
2.92627859e+00
1.88412440e+00
1.10535288e+00
1.25014400e+00
1.24565327e+00
1.05449188e+00
9.96294439e-01
2.25013065e+00
1.03492534e+00
1.18064761e+00
9.67424273e-01
1.36298263e+00
1.49904335e+00
1.87931263e+00
1.13090777e+00
1.79365933e+00
1.48285246e+00
9.70038056e-01
9.40811038e-01
1.00498140e+00
2.32953167e+00
1.03256249e+00
1.16163421e+00
1.89435101e+00
1.37775660e+00
1.60270774e+00
1.22862649e+00
1.10767317e+00
1.33648419e+00
1.79336154e+00
1.06939852e+00
2.00477624e+00
1.14649558e+00
1.55139792e+00
1.91295254e+00
2.13017058e+00
1.56717694e+00
1.92653608e+00
1.19383442e+00
1.86144805e+00
2.38147306e+00
2.60662675e+00
2.03800869e+00
1.30073869e+00
1.81473613e+00
4.47505188e+00
2.79874516e+00
1.30496395e+00
1.62382936e+00
1.18498766e+00
1.22303104e+00
2.40971541e+00
2.00905514e+00
1.66535270e+00
2.30602336e+00
1.35668993e+00
2.60774064e+00
3.74144483e+00
1.55026877e+00
1.39036667e+00
1.23984730e+00
1.78463507e+00
3.14934897e+00
1.51924837e+00
1.63657546e+00
2.79093099e+00
1.86967027e+00
1.39816356e+00
1.49715984e+00
1.73794806e+00
1.63579714e+00
1.29512858e+00
1.52482772e+00
1.40725672e+00
1.33811009e+00
2.57185721e+00
2.72492862e+00
1.92408919e+00
1.39817035e+00
1.47009349e+00
3.12567306e+00
1.53188324e+00
1.51522315e+00
1.58498526e+00
1.23440826e+00
2.49111390e+00
1.31105673e+00
1.67933416e+00
3.10139132e+00
2.57363510e+00
1.17700720e+00
1.20622408e+00
1.38294852e+00
1.97325885e+00
2.64629865e+00
2.11029315e+00
1.21259117e+00
1.42749083e+00
1.35592449e+00
1.63732004e+00
2.14524913e+00
2.36911678e+00
1.37150788e+00
1.49298799e+00
3.17696214e+00
2.12097383e+00
1.43420756e+00
1.24869597e+00
1.11140692e+00
1.53249085e+00
1.54358017e+00
1.20457852e+00
2.09200144e+00
2.71200895e+00
1.22493136e+00
1.22003961e+00
3.25037432e+00
1.19665730e+00
1.26359761e+00
2.71799779e+00
1.22210765e+00
1.74353969e+00
1.40411913e+00
1.02200687e+00
1.44913340e+00
1.29673946e+00
1.58057797e+00
1.71749914e+00
9.60570395e-01
9.89101350e-01
1.06142604e+00
1.05372632e+00
1.48812735e+00
1.64510179e+00
9.09060836e-01
9.61937428e-01
3.00830507e+00
9.87915754e-01
4.69071627e+00
1.07204950e+00
2.38956213e+00
1.92663121e+00
2.53503013e+00
2.82849360e+00
1.21158338e+00
1.36618400e+00
1.37107933e+00
2.02229643e+00
1.59943449e+00
1.10855174e+00
1.58471394e+00
1.28051531e+00
7.43782640e-01
9.09486890e-01
8.38951826e-01
8.95788670e-01
1.10226345e+00
7.85611331e-01
1.10563457e+00
2.27923179e+00
1.60459435e+00
1.13143444e+00
1.43193102e+00
9.94654477e-01
1.93893397e+00
8.34037066e-01
9.27933335e-01
1.33931756e+00
9.24047589e-01
2.50862646e+00
1.31552505e+00
1.21289289e+00
2.56143999e+00
2.69723868e+00
1.47480690e+00
2.06805158e+00
9.79228377e-01
9.34440434e-01
9.14927065e-01
9.82419968e-01
9.11986411e-01
1.44510913e+00
1.90774298e+00
1.48207879e+00
9.52796578e-01
1.26979339e+00
2.47869682e+00
2.01271939e+00
1.90238476e+00
1.96583688e+00
1.44276106e+00
1.14064097e+00
1.50414085e+00
2.26207757e+00
1.71466601e+00
2.49864244e+00
1.74211228e+00
1.76535451e+00
2.71514082e+00
1.00414264e+00
1.31097829e+00
1.94866931e+00
1.47285402e+00
1.28197289e+00
1.60183120e+00
1.52419269e+00
2.19223356e+00
1.47680962e+00
2.97361374e+00
3.52449656e+00
1.38692772e+00
1.70430136e+00
2.11574125e+00
3.41803074e+00
2.89280701e+00
1.50568295e+00
1.56255269e+00
2.95998430e+00
1.13817644e+00
1.48536348e+00
3.37997651e+00
3.80270123e+00
2.28301883e+00
1.90711498e+00
2.18125844e+00
2.59986782e+00
1.66883206e+00
1.24022901e+00
1.93368316e+00
2.14960980e+00
2.87879133e+00
1.12104809e+00
1.05270517e+00
1.62952650e+00
1.56906688e+00
2.09950781e+00
1.76864398e+00
2.27875352e+00
2.03015733e+00
2.22847724e+00
2.40669465e+00
1.15360081e+00
2.00024939e+00
2.73703790e+00
2.77495050e+00
2.20358229e+00
1.90601909e+00
3.23912311e+00
1.65630031e+00
1.53449583e+00
1.07022941e+00
1.20944870e+00
3.35736251e+00
2.02538657e+00
3.54831958e+00
2.95747638e+00
2.86276388e+00
3.26781988e+00
2.84826446e+00
2.47902966e+00
2.73003960e+00
2.27957940e+00
2.39411712e+00
2.66358590e+00
2.04175997e+00
1.07989192e+00
1.23616672e+00
2.43349743e+00
2.07364225e+00
2.52166057e+00
4.17912054e+00
2.28258204e+00
2.73193026e+00
2.47727728e+00
2.49792528e+00
2.11802316e+00
1.22823620e+00
1.27513731e+00
1.03611135e+00
2.15405726e+00
3.93831229e+00
3.26356292e+00
1.61304724e+00
2.90714264e+00
2.15345907e+00
1.91711605e+00
1.48815346e+00
1.62948656e+00
2.49870300e+00
1.81413460e+00
1.97378409e+00
2.09164310e+00
2.81879950e+00
2.65012217e+00
1.51962197e+00
1.89704740e+00
2.28587365e+00
1.21567464e+00
1.77029514e+00
2.24049354e+00
1.14433992e+00
1.66186035e+00
2.20845723e+00
1.56725752e+00
1.94549322e+00
2.54067492e+00
2.28549647e+00
1.93934894e+00
1.12395322e+00
3.03451872e+00
2.57604742e+00
1.15413094e+00
1.78542900e+00
3.18428111e+00
1.44485819e+00
1.59791243e+00
3.37071323e+00
2.69374132e+00
9.70741272e-01
2.73720789e+00
2.34076357e+00
2.19104433e+00
1.35634649e+00
1.74738669e+00
3.08149362e+00
1.44647944e+00
3.01115608e+00
3.33934784e+00
2.01684046e+00
1.64685023e+00
2.47207642e+00
2.01635504e+00
1.69773233e+00
9.19032812e-01
1.31898463e+00
2.47114396e+00
2.00791335e+00
1.13669264e+00
1.79544020e+00
9.45681155e-01
8.61125350e-01
1.36677802e+00
2.42239451e+00
2.08468676e+00
9.76788163e-01
1.19756448e+00
1.37997651e+00
2.34683514e+00
3.91267633e+00
8.65275860e-01
9.63632226e-01
8.94223273e-01
1.39902663e+00
2.00102663e+00
1.51216197e+00
2.50878215e+00
2.03168797e+00
1.78321862e+00
1.30839860e+00
1.15495479e+00
1.11521733e+00
7.85669088e-01
1.35624337e+00
2.54240465e+00
1.65381622e+00
1.71912348e+00
3.23458648e+00
1.52706563e+00
1.66353762e+00
2.71645474e+00
1.67191255e+00
1.07953203e+00
2.56082559e+00
2.62056303e+00
7.52830029e-01
1.04495656e+00
1.01137006e+00
1.54332387e+00
2.30237770e+00
1.09502685e+00
1.86481237e+00
1.35890687e+00
6.59555256e-01
7.48018980e-01
1.53771806e+00
2.28536320e+00
2.25292516e+00
6.52064323e-01
6.74113095e-01
7.59007156e-01
5.93659699e-01
7.78201163e-01
6.17234170e-01
7.17631280e-01
8.24471414e-01
9.01250422e-01
9.59827542e-01
6.84483409e-01
8.80780935e-01
6.28630936e-01
8.42280507e-01
9.52767968e-01
1.50627720e+00
1.85467303e+00
1.75433528e+00
1.37278521e+00
7.82972515e-01
9.50763345e-01
8.19337368e-01
1.17732024e+00
1.08766246e+00
2.59884787e+00
1.45505381e+00
8.11483800e-01
1.58213913e+00
7.51894176e-01
1.22539580e+00
1.87818551e+00
9.83750045e-01
6.85231149e-01
1.25031149e+00
1.26554644e+00
7.72624612e-01
8.73780191e-01
1.27929235e+00
1.17703152e+00
9.75146353e-01
1.87732923e+00
1.60721660e+00
2.71914792e+00
1.71536827e+00
8.17573249e-01
1.60008407e+00
2.32620788e+00
3.56845045e+00
2.50817490e+00
1.94042110e+00
1.74943030e+00
1.05237544e+00
9.46792960e-01
1.04566360e+00
1.27399087e+00
1.91784751e+00
2.05946803e+00
1.37120235e+00
1.38239062e+00
1.77903175e+00
2.23685145e+00
2.85086012e+00
1.71211338e+00
9.58010912e-01
1.29090750e+00
2.70823336e+00
1.36704063e+00
1.81862020e+00
2.76183176e+00
1.72426057e+00
1.59519279e+00
2.88334250e+00
2.52139258e+00
1.21294153e+00
8.25577915e-01
9.62099791e-01
8.53677571e-01
1.33602715e+00
7.84043431e-01
1.91064465e+00
2.39861631e+00
7.90175557e-01
2.59298301e+00
1.16218674e+00
2.85194182e+00
2.63618398e+00
1.31691098e+00
1.40624309e+00
9.20485497e-01
2.09338975e+00
3.08190536e+00
2.45655990e+00
1.24658811e+00
9.64124322e-01
2.23458624e+00
3.94854975e+00
1.48532021e+00
7.97466159e-01
1.74922740e+00
2.46406150e+00
1.45189118e+00
2.11461496e+00
9.12463486e-01
8.82689655e-01
1.96569240e+00
1.78131342e+00
2.60880208e+00
2.24713421e+00
2.07799053e+00
2.73312259e+00
2.32981443e+00
1.05359077e+00
1.72781765e+00
1.41892409e+00
1.64022708e+00
1.56591201e+00
2.33143187e+00
3.17338872e+00
1.08588135e+00
2.61186981e+00
1.10321367e+00
1.60220146e+00
2.96576142e+00
1.93363309e+00
1.71095812e+00
3.53482580e+00
2.63988018e+00
1.79647422e+00
1.87778640e+00
2.25784230e+00
2.99336839e+00
2.19333434e+00
2.18104696e+00
3.28433371e+00
2.98361278e+00
1.47710884e+00
2.70417118e+00
2.96972966e+00
1.51840401e+00
1.26502717e+00
1.49306679e+00
1.28749120e+00
1.90306258e+00
3.02985072e+00
2.97175217e+00
2.12642241e+00
1.63887441e+00
1.62324059e+00
1.26059604e+00
2.07893205e+00
2.76658702e+00
2.81009078e+00
2.67693019e+00
2.20600414e+00
1.03021634e+00
1.65558350e+00
1.65767932e+00
1.69611156e+00
1.72055268e+00
1.30074155e+00
1.23007178e+00
2.78400373e+00
2.79045534e+00
2.35149097e+00
2.09200859e+00
1.96009290e+00
2.57283330e+00
3.10191059e+00
2.06425190e+00
1.86796367e+00
2.10892653e+00
2.35681057e+00
3.58684802e+00
1.75776494e+00
1.02270746e+00
7.71035433e-01
1.32855868e+00
2.95087576e+00
2.72246838e+00
1.58252668e+00
1.53327191e+00
1.67265582e+00
1.58265436e+00
1.66223288e+00
2.33980274e+00
2.42638278e+00
2.56915069e+00
1.66499782e+00
1.09987032e+00
1.80927241e+00
2.27427816e+00
1.65904415e+00
2.88159847e+00
1.78402388e+00
1.21949887e+00
2.27967930e+00
9.24831927e-01
2.22097802e+00
1.99357402e+00
2.44763923e+00
2.78825545e+00
1.48131955e+00
1.66393840e+00
1.76128912e+00
2.71607995e+00
9.50873017e-01
7.92852283e-01
2.05930138e+00
1.54006147e+00
2.65471601e+00
1.89633858e+00
1.87301040e+00
2.52269292e+00
2.09037280e+00
1.38208604e+00
2.69105172e+00
2.21107006e+00
1.41581094e+00
1.58653104e+00
1.57716203e+00
8.05785775e-01
1.79393303e+00
2.23806715e+00
1.42431498e+00
1.06201363e+00
1.71440661e+00
2.60285234e+00
1.10854876e+00
3.47133088e+00
1.90601671e+00
8.09871614e-01
3.59697866e+00
2.42627668e+00
1.72870123e+00
1.97642314e+00
1.69807172e+00
1.82580829e+00
2.60501242e+00
1.50660312e+00
2.26896214e+00
2.72381759e+00
1.48200834e+00
1.43871605e+00
3.24057508e+00
2.29668665e+00
1.89088762e+00
2.51440740e+00
2.80469489e+00
3.15551662e+00
3.55542946e+00
2.33885574e+00
2.13600993e+00
2.42867279e+00
1.95185685e+00
2.02031374e+00
2.66402364e+00
1.39234638e+00
1.83154309e+00
2.11831260e+00
2.34610415e+00
2.21203446e+00
2.08246708e+00
3.01818991e+00
1.83550584e+00
1.90273726e+00
1.98632324e+00
2.05170441e+00
2.71074939e+00
2.74119091e+00
9.03617144e-01
1.52673423e+00
1.49230754e+00
1.57643032e+00
2.87898397e+00
1.76439929e+00
2.53336763e+00
2.89247704e+00
2.26693535e+00
1.92421520e+00
2.44509172e+00
2.45837164e+00
1.46992433e+00
1.20664048e+00
1.72358823e+00
2.58150697e+00
2.15004873e+00
7.53003418e-01
2.40852547e+00
2.08804893e+00
2.43624425e+00
3.12832808e+00
2.09419370e+00
1.65112603e+00
7.48766661e-01
7.38106370e-01
1.29397392e+00
1.30601108e+00
1.01115549e+00
1.98454654e+00
1.30075455e+00
2.13537383e+00
2.31145215e+00
2.02150464e+00
2.18070793e+00
1.24023354e+00
6.10604703e-01
2.43596888e+00
2.40787172e+00
1.16880691e+00
1.66663349e+00
1.84368157e+00
1.77593923e+00
2.11338830e+00
1.95214343e+00
1.87703228e+00
2.48659539e+00
2.68980980e+00
2.31771183e+00
1.66104090e+00
1.19157946e+00
1.51592290e+00
2.23371291e+00
1.88371098e+00
1.48860621e+00
1.89633989e+00
1.24124551e+00
1.56462705e+00
2.79698849e+00
6.71263754e-01
7.26916790e-01
1.77048087e+00
2.72034240e+00
2.16596293e+00
1.20253015e+00
3.10830021e+00
1.39417887e+00
2.44143391e+00
2.65203667e+00
1.40183353e+00
1.16707182e+00
1.99836111e+00
1.87251067e+00
1.13192165e+00
9.33566809e-01
3.64369273e+00
2.55868006e+00
1.15599239e+00
8.05036843e-01
7.37834632e-01
2.36969018e+00
3.40791488e+00
2.19921350e+00
2.88432074e+00
1.77329159e+00
2.85404325e+00
2.92952871e+00
1.78981805e+00
1.17907286e+00
9.25468266e-01
2.68060374e+00
1.49153876e+00
1.61442506e+00
2.44747090e+00
1.36633432e+00
7.41839468e-01
2.15455246e+00
1.26587856e+00
8.40542018e-01
1.76863229e+00
2.19856262e+00
1.20011878e+00
1.91472971e+00
8.52544725e-01
1.08300018e+00
1.91500485e+00
1.68031883e+00
2.92094898e+00
2.95043540e+00
2.69694829e+00
1.69189894e+00
9.02664185e-01
1.04990959e+00
1.38023627e+00
2.39785123e+00
1.11383748e+00
1.41735840e+00
2.74291921e+00
2.50857711e+00
1.84448171e+00
1.62691689e+00
1.64563203e+00
6.59069061e-01
6.70224905e-01
2.23367095e+00
1.28713548e+00
6.60354674e-01
9.31631327e-01
9.61369753e-01
1.83570564e+00
3.02078700e+00
7.12853134e-01
1.92892241e+00
1.69128168e+00
1.71552658e+00
2.45892620e+00
2.06762385e+00
9.87486660e-01
4.30261326e+00
2.25843000e+00
1.73533106e+00
2.96860862e+00
2.30428886e+00
2.01382041e+00
1.93923485e+00
2.15576458e+00
1.95502090e+00
1.48147786e+00
1.43026924e+00
1.85845411e+00
1.69296741e+00
2.61356568e+00
1.65343320e+00
8.99368584e-01
1.77012169e+00
8.76290679e-01
2.19826436e+00
2.33846974e+00
1.03954124e+00
1.43208957e+00
3.31609011e+00
1.48562193e+00
3.27058578e+00
1.03519022e+00
9.26145375e-01
2.09408379e+00
1.29261136e+00
1.74856663e+00
1.19718564e+00
2.59667921e+00
2.33981228e+00
8.93872380e-01
8.07517409e-01
1.26052809e+00
1.44667268e+00
1.20740736e+00
1.40599215e+00
1.26862323e+00
8.82705092e-01
1.87132084e+00
6.02151036e-01
2.29218936e+00
1.47467554e+00
4.64110255e-01
2.05259681e+00
1.69095767e+00
1.04461253e+00
8.86491418e-01
1.25219965e+00
2.11209297e+00
2.69330502e+00
1.79903018e+00
1.43048728e+00
1.81601417e+00
1.53381944e+00
1.51944244e+00
1.96484733e+00
5.32853782e-01
7.02068031e-01
1.49705863e+00
9.57140207e-01
7.71036565e-01
2.25269222e+00
2.37084627e+00
5.36542773e-01
4.44638103e-01
7.08907723e-01
4.79020327e-01
4.42667454e-01
9.20645893e-01
1.37129641e+00
1.26577246e+00
9.97857034e-01
4.96523112e-01
6.47036493e-01
4.19989228e-01
5.42719305e-01
1.77398980e+00
2.37127590e+00
1.38228202e+00
5.08985519e-01
1.39902258e+00
1.16143990e+00
5.17934680e-01
4.28163588e-01
7.35155106e-01
8.74622226e-01
6.05386496e-01
3.96561861e-01
1.47251332e+00
5.69026411e-01
9.86603677e-01
6.61312044e-01
1.76542413e+00
1.63127410e+00
8.74916494e-01
1.25607884e+00
1.16315639e+00
3.34077775e-01
1.47347331e+00
1.09477794e+00
5.18769383e-01
1.51457393e+00
2.22052598e+00
1.53170204e+00
2.48639083e+00
1.16460931e+00
1.37374699e+00
1.60304511e+00
7.59645224e-01
4.20245618e-01
1.78168511e+00
8.89963031e-01
1.61859691e+00
1.48685110e+00
9.44987297e-01
1.37414384e+00
5.87281883e-01
6.40272319e-01
4.26903427e-01
9.39053237e-01
8.15591395e-01
7.73673892e-01
1.60908246e+00
6.77897930e-01
4.15851116e-01
9.83933806e-01
1.15315568e+00
1.90820253e+00
1.80608952e+00
5.90797484e-01
4.99954820e-01
1.62264037e+00
1.72869170e+00
1.38044238e+00
1.51097453e+00
4.48114932e-01
1.79711914e+00
1.91372859e+00
7.41520882e-01
7.56699443e-01
7.57972717e-01
9.14282501e-01
6.08155310e-01
1.47245920e+00
2.11163807e+00
8.76864851e-01
1.01537704e+00
2.51009178e+00
3.64229035e+00
2.44346762e+00
1.74484372e+00
2.93406081e+00
1.38083386e+00
8.92165363e-01
2.59391856e+00
2.16631532e+00
9.03687477e-01
1.43268955e+00
1.10961640e+00
7.01502800e-01
1.58894479e+00
2.13517118e+00
1.26564229e+00
6.93253160e-01
2.29268456e+00
1.46434522e+00
1.23065794e+00
1.46860588e+00
1.78452551e+00
2.10407925e+00
1.66444802e+00
1.00507808e+00
1.45656717e+00
1.86262476e+00
1.49062693e+00
9.22590733e-01
1.14515245e+00
2.53617406e+00
1.47361052e+00
1.23262978e+00
1.79572654e+00
1.33683085e+00
1.30021775e+00
1.78372049e+00
1.11489987e+00
1.00195086e+00
1.36027861e+00
1.20061910e+00
1.29597938e+00
2.28562760e+00
1.67758358e+00
1.40384817e+00
1.51456332e+00
1.09264541e+00
1.01081955e+00
1.70648277e+00
1.81927085e+00
1.19779754e+00
1.37786841e+00
2.21849012e+00
9.66802776e-01
1.30984509e+00
9.83618915e-01
1.23535895e+00
1.39544737e+00
1.12629366e+00
2.83910251e+00
1.64054680e+00
1.05548227e+00
1.42760301e+00
1.02554905e+00
4.96207714e-01
2.09713531e+00
2.78483129e+00
1.37990165e+00
9.32460606e-01
1.98932183e+00
2.35748887e+00
6.17796838e-01
1.39630175e+00
1.66117024e+00
2.18316174e+00
2.02823639e+00
1.10696399e+00
2.82033539e+00
2.63600039e+00
1.38737118e+00
7.75609732e-01
9.98862445e-01
1.46796715e+00
1.82298481e+00
2.56807160e+00
2.06023049e+00
5.33073843e-01
5.18599808e-01
2.21798897e+00
1.24776244e+00
9.99982059e-01
2.62678337e+00
2.32575226e+00
1.31259859e+00
2.25912786e+00
2.61101985e+00
1.74192679e+00
1.57744181e+00
2.22487664e+00
2.47001386e+00
2.14639020e+00
2.87639785e+00
2.47064662e+00
2.51575279e+00
2.30649662e+00
1.53571188e+00
1.11602628e+00
1.53491950e+00
4.53098089e-01
1.92830598e+00
2.03479910e+00
1.71836424e+00
3.41068149e+00
1.74050391e+00
1.73160863e+00
2.02300334e+00
1.67897809e+00
1.25365615e+00
1.69086111e+00
2.69576812e+00
1.79300404e+00
1.42694736e+00
1.42284179e+00
1.84792125e+00
2.33024216e+00
1.20038009e+00
1.20479834e+00
1.15792990e+00
1.55121374e+00
1.92199302e+00
1.81458497e+00
2.22891092e+00
1.40740609e+00
2.58229542e+00
1.54777396e+00
4.12776291e-01
1.32465672e+00
6.88057601e-01
8.71020734e-01
8.78937483e-01
1.23754942e+00
1.78648138e+00
1.61643183e+00
1.07934797e+00
2.49640584e+00
6.79901540e-01
1.11495435e+00
2.38606834e+00
1.13464081e+00
2.41464877e+00
1.78695250e+00
1.73432660e+00
1.56146312e+00
1.35329306e+00
1.88014507e+00
2.10821152e+00
1.52764690e+00
1.69756138e+00
1.83958650e+00
1.85754204e+00
2.17625022e+00
2.03755593e+00
1.07511103e+00
1.20159662e+00
2.24208188e+00
2.13948059e+00
1.01790285e+00
2.51130247e+00
2.29198027e+00
2.38422322e+00
2.34617543e+00
1.97377384e+00
1.85884881e+00
1.93790376e+00
1.39265192e+00
1.64944768e+00
1.68894553e+00
1.26271737e+00
1.33742189e+00
2.37714410e+00
2.75320315e+00
1.87858486e+00
1.51822591e+00
2.22476482e+00
2.29865456e+00
5.80330908e-01
2.21804810e+00
1.71799970e+00
1.46937609e+00
1.86717510e+00
1.32130837e+00
1.22257912e+00
1.20116174e+00
1.29365504e+00
1.94609129e+00
2.16919899e+00
1.47227263e+00
1.44492018e+00
2.01657915e+00
1.11470675e+00
1.43247819e+00
2.26772976e+00
1.75269902e+00
2.19824338e+00
2.58060813e+00
1.62834370e+00
1.69544899e+00
1.98455679e+00
1.25655150e+00
1.92517948e+00
1.23633289e+00
2.43418503e+00
2.49017596e+00
1.35897636e+00
1.13627815e+00
1.32628548e+00
2.80782390e+00
1.75737178e+00
1.82699275e+00
1.85176110e+00
4.11054552e-01
1.76702821e+00
1.27468812e+00
1.77607512e+00
1.68989408e+00
1.54721463e+00
2.18289399e+00
1.01236832e+00
1.66394913e+00
2.11411762e+00
1.36641216e+00
1.64067912e+00
3.32087922e+00
1.88239014e+00
2.09951067e+00
2.75863647e+00
2.00513601e+00
1.06726778e+00
1.23779273e+00
1.03591776e+00
2.51116776e+00
1.58239949e+00
1.86488259e+00
2.59824610e+00
1.58743286e+00
2.40524411e+00
1.44673371e+00
2.67697334e+00
2.68730235e+00
1.85931873e+00
2.26867533e+00
1.29687071e+00
2.05418181e+00
2.48409677e+00
1.73617971e+00
9.46429491e-01
1.50577617e+00
3.01644325e+00
2.52895164e+00
1.11873889e+00
1.38654125e+00
2.17993045e+00
1.68686509e+00
1.84735882e+00
1.50930357e+00
1.45351386e+00
1.56164110e+00
1.77513683e+00
1.80702126e+00
1.03075969e+00
1.60830975e+00
1.57380605e+00
2.29534912e+00
2.43973088e+00
1.44375217e+00
3.26042080e+00
1.63623703e+00
2.43664885e+00
3.35783982e+00
2.08842063e+00
7.39099264e-01
2.44336987e+00
2.08755326e+00
2.36910391e+00
1.76925611e+00
9.23581421e-01
1.33466828e+00
1.43951380e+00
1.56034911e+00
1.00942254e+00
8.44493866e-01
1.10034382e+00
1.09747398e+00
1.32206666e+00
1.13036716e+00
1.31061590e+00
1.50567722e+00
1.67854536e+00
1.56580007e+00
6.20334089e-01
1.44729257e+00
8.33533943e-01
1.34480870e+00
1.83647859e+00
5.39966226e-01
1.11575985e+00
8.45022321e-01
1.20342553e+00
2.04768085e+00
2.33461261e+00
1.82122302e+00
1.68957317e+00
1.84437072e+00
1.48605096e+00
1.50615168e+00
1.72271991e+00
1.52723658e+00
1.70594430e+00
1.83846545e+00
1.56659102e+00
1.48282862e+00
1.54678023e+00
1.48837936e+00
1.67776525e+00
1.94892693e+00
1.49119663e+00
6.93832576e-01
9.85569417e-01
2.01556635e+00
7.09819853e-01
1.73782873e+00
1.61347950e+00
1.37697661e+00
2.16307187e+00
2.77220464e+00
1.66749763e+00
2.22312975e+00
1.97174025e+00
1.66591835e+00
1.60182452e+00
1.51410139e+00
2.03942895e+00
1.99302161e+00
1.38684273e+00
7.69299507e-01
9.42963302e-01
2.03995442e+00
2.37803173e+00
2.12699389e+00
1.78599346e+00
1.50826967e+00
1.55604446e+00
1.52474535e+00
5.14307678e-01
1.81385946e+00
2.21916628e+00
1.51629078e+00
1.04753542e+00
1.46049476e+00
1.83970630e+00
6.09060705e-01
1.32797384e+00
1.37537205e+00
1.27750766e+00
2.56632590e+00
1.40922415e+00
1.83267140e+00
2.03845978e+00
1.69035542e+00
1.35741913e+00
1.10165119e+00
5.04344404e-01
1.11470950e+00
1.54524362e+00
1.54263723e+00
1.73460400e+00
2.31492734e+00
2.12304592e+00
8.14357579e-01
1.98570442e+00
2.05950308e+00
9.60374415e-01
1.58415020e+00
2.85088849e+00
1.64774537e+00
1.20177197e+00
1.85851038e+00
2.35375047e+00
1.96157026e+00
1.52095604e+00
1.64877927e+00
2.85013604e+00
1.77283120e+00
8.57973993e-01
2.77465105e+00
2.01320505e+00
9.83473897e-01
7.00502098e-01
1.25334203e+00
1.93480873e+00
1.99352741e+00
1.97260988e+00
8.76777887e-01
1.49932683e+00
1.78235281e+00
1.54852736e+00
2.00492764e+00
1.79460061e+00
1.48770654e+00
9.52884257e-01
1.03864646e+00
1.59350848e+00
1.82480335e+00
1.86547041e+00
2.35920691e+00
2.61466455e+00
2.07488990e+00
1.13170028e+00
9.09866810e-01
2.10282421e+00
2.73297429e+00
2.51040411e+00
1.40591204e+00
1.10644436e+00
2.23227525e+00
1.60253310e+00
5.97983837e-01
5.73187053e-01
1.96743703e+00
2.39064765e+00
7.14197099e-01
1.34322298e+00
2.12189960e+00
8.39403331e-01
5.54608941e-01
1.57142568e+00
1.73144603e+00
1.04937768e+00
2.76208425e+00
1.95246232e+00
8.23036492e-01
6.68093920e-01
6.76285148e-01
1.40924811e+00
2.51019287e+00
2.22550058e+00
1.56498921e+00
1.69620109e+00
2.08174515e+00
1.11227620e+00
1.57804453e+00
2.43299294e+00
2.39669299e+00
1.59317243e+00
1.02082932e+00
1.12068951e+00
1.44411731e+00
3.13651514e+00
2.76736522e+00
7.47668326e-01
3.70406747e-01
1.02971387e+00
2.13204360e+00
1.79968345e+00
1.03162265e+00
1.11679828e+00
1.85934997e+00
1.83682060e+00
2.09690094e+00
3.50157201e-01
8.36441338e-01
2.72718954e+00
1.94567800e+00
1.73885226e+00
5.84597647e-01
1.06204534e+00
2.35456085e+00
2.42656898e+00
1.15839481e+00
1.05925405e+00
6.64522588e-01
1.74670267e+00
1.56656730e+00
1.08319187e+00
2.12815189e+00
9.77689922e-01
8.61807168e-01
1.92230797e+00
1.98567212e+00
1.49955499e+00
2.01908493e+00
2.18761039e+00
2.37375998e+00
1.88258457e+00
1.12442791e+00
1.18826556e+00
2.06303692e+00
1.85860491e+00
1.42013896e+00
1.73797917e+00
1.87515640e+00
1.17400384e+00
4.69080210e-01
9.73634899e-01
6.55891180e-01
5.45951962e-01
1.25658083e+00
1.34235370e+00
5.83271623e-01
2.88599229e+00
1.77885783e+00
1.53828144e+00
1.44256008e+00
9.96898830e-01
1.35304034e+00
2.34521842e+00
1.99167383e+00
2.06921887e+00
1.82355225e+00
1.15591490e+00
1.15455270e+00
1.93212998e+00
1.08624125e+00
2.23141956e+00
1.55257738e+00
3.66002411e-01
1.53941429e+00
1.23693085e+00
2.61530685e+00
1.63371706e+00
1.61405742e+00
1.70835352e+00
4.56802845e-01
8.88595283e-01
1.70510697e+00
8.76493692e-01
8.26105952e-01
1.48798645e+00
1.47052073e+00
2.03834796e+00
2.17499113e+00
2.05570030e+00
1.77755213e+00
2.38638449e+00
2.32323766e+00
1.34543645e+00
8.46353590e-01
1.38235807e+00
2.03869700e+00
1.66422212e+00
1.64044642e+00
1.12690163e+00
1.67431772e+00
1.39444304e+00
1.11834252e+00
1.55899441e+00
2.11540747e+00
1.78312540e+00
1.41237712e+00
1.37054276e+00
1.18895376e+00
9.98021841e-01
1.25084209e+00
1.61362612e+00
9.96441424e-01
1.35054326e+00
1.78421485e+00
2.06694865e+00
2.30846834e+00
1.21761835e+00
1.31811941e+00
1.58246303e+00
1.30888188e+00
1.11827290e+00
1.30722558e+00
7.32105970e-01
1.72504056e+00
2.07455301e+00
1.98124981e+00
1.96813834e+00
1.55699432e+00
6.72869563e-01
2.81640768e+00
1.69017661e+00
1.08002591e+00
2.25697684e+00
2.30411172e+00
1.40114069e+00
1.52966416e+00
1.27442074e+00
2.06155992e+00
2.40803051e+00
9.61197078e-01
2.12962079e+00
1.99065232e+00
1.66709232e+00
1.90997434e+00
1.73600614e+00
1.12202370e+00
2.38971138e+00
1.81151652e+00
2.04981589e+00
1.57864678e+00
6.82466567e-01
9.34203029e-01
1.14753151e+00
2.63626766e+00
2.02123666e+00
1.14726317e+00
1.03595531e+00
1.08039677e+00
1.82882655e+00
1.93244338e+00
2.60866785e+00
2.04201984e+00
1.28487921e+00
2.06360054e+00
1.55490053e+00
8.85518193e-01
1.89720023e+00
1.52394116e+00
3.74396622e-01
8.34342599e-01
1.12529218e+00
1.20397460e+00
1.81896305e+00
2.01838946e+00
1.53666174e+00
1.27056670e+00
1.66658127e+00
1.24946642e+00
1.86874831e+00
1.88388574e+00
1.61842573e+00
1.94571126e+00
5.21650612e-01
1.02818596e+00
1.43044269e+00
1.80240941e+00
2.06279898e+00
1.69714129e+00
1.44757771e+00
1.78311241e+00
2.77443707e-01
6.08591676e-01
2.78353262e+00
2.18039918e+00
1.38054955e+00
1.25671756e+00
9.41405952e-01
1.23729348e+00
1.66047561e+00
1.51974535e+00
2.59771657e+00
1.36033523e+00
5.25446653e-01
1.66889107e+00
2.11745596e+00
3.34443688e-01
1.50217593e+00
1.21642399e+00
1.01569605e+00
1.26359928e+00
1.34161377e+00
1.27213669e+00
2.01653290e+00
1.71741569e+00
8.95910442e-01
6.85738325e-01
8.64784360e-01
7.52412558e-01
1.00879788e+00
1.74632299e+00
1.16283357e+00
4.74704951e-01
4.10111547e-01
8.85292888e-01
2.22696352e+00
1.51524925e+00
1.46694946e+00
2.14093280e+00
2.15891886e+00
1.56235099e+00
2.52836323e+00
1.87262285e+00
1.82836282e+00
1.28924763e+00
1.15400541e+00
2.29542518e+00
1.14546418e+00
2.05074835e+00
1.90529883e+00
1.06356835e+00
7.90057242e-01
1.31318307e+00
1.87777436e+00
1.94192076e+00
1.64418781e+00
1.30130482e+00
1.41264117e+00
1.71219492e+00
1.02436876e+00
1.15673530e+00
4.61223453e-01
1.00467718e+00
2.49579716e+00
1.64890504e+00
7.42641330e-01
8.80412519e-01
5.35848320e-01
6.47345781e-01
1.41784346e+00
8.35081518e-01
1.29445469e+00
3.50084037e-01
1.04158914e+00
1.76914227e+00
1.46676183e+00
1.29370224e+00
1.59965682e+00
1.53816736e+00
2.03647780e+00
1.74277639e+00
1.18983400e+00
1.57690942e+00
1.28424084e+00
2.08472681e+00
3.57846707e-01
4.02386755e-01
1.41089511e+00
1.70868707e+00
4.02207375e-01
1.49454951e+00
3.73653531e-01
7.04268157e-01
1.75584316e+00
2.50036925e-01
1.68061268e+00
6.81167006e-01
1.07782435e+00
1.36895132e+00
1.13420427e+00
1.26278222e+00
2.69382060e-01
2.35948896e+00
1.87670004e+00
3.53204161e-01
5.18429220e-01
1.32217753e+00
7.19125092e-01
9.60238397e-01
1.20201480e+00
1.60905087e+00
1.78520381e+00
5.00853062e-01
1.62514973e+00
5.77669144e-01
4.44611758e-01
7.96125948e-01
8.59428585e-01
9.80701625e-01
1.39045227e+00
1.64866936e+00
1.83802211e+00
1.96426666e+00
1.85945654e+00
1.78640079e+00
2.64243150e+00
2.24004507e+00
1.46100926e+00
1.13606691e+00
1.45032334e+00
1.90252566e+00
1.38560867e+00
4.51016217e-01
9.35279012e-01
1.12871110e+00
9.62208033e-01
1.38490701e+00
5.15067458e-01
1.42995560e+00
4.11455303e-01
1.66164875e+00
1.54310358e+00
1.32506824e+00
1.04889381e+00
1.27128732e+00
4.72299278e-01
1.82454085e+00
3.47678852e+00
1.77679074e+00
2.30652308e+00
1.08692610e+00
1.73749232e+00
1.42136371e+00
7.38825142e-01
2.25718594e+00
1.83979821e+00
1.41350162e+00
1.54397035e+00
1.64400339e+00
1.89251840e+00
1.94738436e+00
3.24928254e-01
8.94736409e-01
1.71081066e+00
1.75032508e+00
2.11879635e+00
2.59872198e+00
8.72443020e-01
3.52035403e-01
9.33495402e-01
1.12940288e+00
1.47666609e+00
2.79939604e+00
1.53661680e+00
1.33274150e+00
1.22260642e+00
1.12832320e+00
1.08432674e+00
1.12034798e+00
1.78255510e+00
1.15261209e+00
2.06116009e+00
1.75271916e+00
6.70260251e-01
1.95417285e+00
3.41141486e+00
1.07992244e+00
4.17765915e-01
1.06099951e+00
1.50363517e+00
1.58624399e+00
1.74084997e+00
1.17769277e+00
2.25487304e+00
2.50970268e+00
1.28150249e+00
5.65606773e-01
5.74857056e-01
1.13544047e+00
2.05631685e+00
1.46887791e+00
4.29245889e-01
9.72638071e-01
1.60508239e+00
1.85178339e+00
2.22025299e+00
1.85203505e+00
9.05223310e-01
8.30970109e-01
1.81178474e+00
5.37655711e-01
1.45235884e+00
1.17094660e+00
5.29233694e-01
2.65730977e+00
2.26171422e+00
1.41936290e+00
1.96361864e+00
1.14362860e+00
4.11122471e-01
1.82813048e+00
2.80833900e-01
2.90211558e+00
1.41910803e+00
6.00471914e-01
2.00357318e+00
1.71501243e+00
1.55048978e+00
6.67182446e-01
7.90009439e-01
5.79432428e-01
4.24118906e-01
1.50117731e+00
1.13927460e+00
1.01467216e+00
2.32672405e+00
1.78664327e+00
4.57165509e-01
1.15813947e+00
6.66251898e-01
1.63630176e+00
1.74175215e+00
1.01140404e+00
5.23225844e-01
9.21477795e-01
1.93021965e+00
3.84027958e-01
5.49945056e-01
1.35661125e+00
1.57283962e+00
1.20315433e+00
6.82516456e-01
2.07060385e+00
6.98268354e-01
5.04473507e-01
1.06403351e+00
1.66504097e+00
1.48699236e+00
6.45177424e-01
1.48470902e+00
1.13208210e+00
3.09363365e-01
1.11274767e+00
3.67833227e-01
2.30971265e+00
1.13085496e+00
6.65769219e-01
1.63938940e+00
5.58565497e-01
5.47174096e-01
1.79685593e+00
2.44461536e+00
1.92395318e+00
7.12794900e-01
3.06543410e-01
1.81604469e+00
6.47459507e-01
1.69558704e+00
2.92147827e+00
2.10867572e+00
7.71764040e-01
9.81874228e-01
5.44455528e-01
9.96186256e-01
2.13949609e+00
1.88482749e+00
3.96439523e-01
2.16870093e+00
1.99949718e+00
1.67394793e+00
5.65660715e-01
4.46141005e-01
2.74674034e+00
1.94006383e+00
1.16754436e+00
4.92969126e-01
4.84674990e-01
1.62655175e+00
2.57844353e+00
8.01925957e-01
1.10720050e+00
8.02964985e-01
1.52495372e+00
2.10400224e+00
2.95300335e-01
7.90835261e-01
1.55196404e+00
1.57662535e+00
1.42090428e+00
1.74586153e+00
2.28296399e+00
1.73701870e+00
8.06277752e-01
1.86255097e+00
2.21624947e+00
1.04112887e+00
5.77810764e-01
1.23959637e+00
2.10656476e+00
1.82298756e+00
9.52184439e-01
8.00702989e-01
1.61940944e+00
1.53322601e+00
1.24416411e+00
7.22171783e-01
9.71313119e-01
1.32910466e+00
9.43241715e-01
2.25204229e+00
2.04260635e+00
3.09126347e-01
0.00000000e+00
5.93716323e-01
3.41761976e-01
9.71259594e-01
6.69685900e-01
1.31188345e+00
1.77822018e+00
1.35765219e+00
8.63226295e-01
2.54391521e-01
3.91888857e-01
7.10778296e-01
6.67371988e-01
8.96959364e-01
1.39918017e+00
2.28569582e-01
5.90435207e-01
1.41375768e+00
1.09605885e+00
2.88657516e-01
4.09132302e-01
1.63463199e+00
1.25167191e+00
5.16090751e-01
1.17825317e+00
1.92095363e+00
7.99738526e-01
9.46112275e-01
1.79980147e+00
1.49456239e+00
5.84064543e-01
1.21730435e+00
2.77117419e+00
6.29372835e-01
9.11459625e-01
8.81734073e-01
4.07702684e-01
7.11742461e-01
8.50937128e-01
1.86896837e+00
2.25719428e+00
1.74344671e+00
6.19041383e-01
3.54154676e-01
5.14941216e-01
2.32894039e+00
5.08098423e-01
2.52656430e-01
1.10755229e+00
1.37851453e+00
8.91593277e-01
1.01139212e+00
6.65507555e-01
3.93775433e-01
9.53718722e-01
1.83364391e+00
1.84576082e+00
1.99542880e+00
9.97902811e-01
6.62858605e-01
2.69607425e-01
4.89629179e-01
1.19764066e+00
1.39774311e+00
2.70841271e-01
3.74897838e-01
1.32697475e+00
1.36922598e+00
1.31033266e+00
2.15761399e+00
2.13810101e-01
5.77652276e-01
1.59742832e+00
1.11939287e+00
5.49032569e-01
3.17385077e-01
9.97658491e-01
9.99619603e-01
4.90000337e-01
4.98854160e-01
9.73278403e-01
3.75710756e-01
1.96110821e+00
1.91581237e+00
1.10256636e+00
1.28394282e+00
1.78804553e+00
9.36392963e-01
2.17861342e+00
1.03405893e+00
5.88864863e-01
2.89346218e-01
1.64092231e+00
3.25307697e-01
1.05245829e+00
1.86912262e+00
5.73528290e-01
7.84238100e-01
1.47656715e+00
1.14544129e+00
7.45822668e-01
8.06185663e-01
2.86912978e-01
1.51787269e+00
1.41589975e+00
2.17199111e+00
2.52362967e-01
4.30354297e-01
9.94751275e-01
1.00133681e+00
1.87641633e+00
1.32116807e+00
1.26275027e+00
1.39771223e+00
1.25933707e+00
8.57334435e-01
7.99854398e-01
1.55791545e+00
3.51277709e-01
1.18263829e+00
1.21337497e+00
3.73719662e-01
1.43244803e+00
1.07267630e+00
1.85352826e+00
1.28813219e+00
7.69500017e-01
9.82852161e-01
8.43781412e-01
8.66573751e-01
1.16468370e+00
3.01816285e-01
2.46381998e-01
7.09776521e-01
1.35670054e+00
2.18832612e+00
6.32793427e-01
6.99719489e-01
8.76593828e-01
6.01916075e-01
1.11798763e+00
5.16525626e-01
3.27701598e-01
8.93353105e-01
5.95036626e-01
5.89702249e-01
2.57778406e+00
6.39631033e-01
1.20309067e+00
7.00393081e-01
8.12688589e-01
1.09339666e+00
3.50447774e-01
1.55271506e+00
8.06711197e-01
1.11293232e+00
1.29357576e+00
8.13285112e-01
1.12042105e+00
9.46360052e-01
5.76591313e-01
7.55731881e-01
1.16608000e+00
6.63984537e-01
5.30073643e-01
1.19252837e+00
8.74084115e-01
7.74349689e-01
6.70636177e-01
6.78498447e-01
1.31037891e+00
5.72556317e-01
1.04185939e+00
1.67329669e+00
1.73316622e+00
1.41640735e+00
1.24887967e+00
1.26352441e+00
8.46331596e-01
5.77320457e-01
3.63614649e-01
7.51719415e-01
1.83615220e+00
1.06332493e+00
1.14848673e+00
4.59088326e-01
7.69604266e-01
1.34247172e+00
3.91662598e-01
1.98262024e+00
6.92851722e-01
3.05459917e-01
8.10207605e-01
1.35470569e+00
1.68938363e+00
1.51049137e+00
1.25018108e+00
2.00273252e+00
2.09944940e+00
1.18068540e+00
7.62678564e-01
8.29248846e-01
6.36327922e-01
1.34574616e+00
1.42282438e+00
5.36734402e-01
3.81156206e-01
1.11882448e+00
6.92400992e-01
4.37928736e-01
8.68400037e-01
8.70469868e-01
3.31173927e-01
2.61392164e+00
1.26356339e+00
6.56607509e-01
8.58188629e-01
9.68103051e-01
1.30167627e+00
1.16105711e+00
1.10171854e+00
3.01969320e-01
1.94966033e-01
4.03598189e-01
2.38530234e-01
1.28461182e+00
5.05461335e-01
2.27733210e-01
2.74632961e-01
4.80204344e-01
1.10336137e+00
1.11626279e+00
3.59899342e-01
1.30456686e+00
4.67896938e-01
1.24132955e+00
2.50038236e-01
5.11803389e-01
2.36346507e+00
1.74789453e+00
8.33637774e-01
1.13406324e+00
1.03823483e+00
2.05422714e-01
6.89895391e-01
9.81027901e-01
2.34448761e-01
3.53842586e-01
3.85517150e-01
2.08628893e-01
1.11275351e+00
1.25618052e+00
4.22652185e-01
2.34056026e-01
1.25955963e+00
1.13670886e+00
2.31969953e+00
1.41547453e+00
7.74457574e-01
1.11375082e+00
4.88764346e-01
6.41663551e-01
2.51041591e-01
8.53425562e-01
1.29957509e+00
1.00936115e+00
1.32636940e+00
1.36368787e+00
1.02806866e+00
2.22722039e-01
6.61585987e-01
1.59354195e-01
1.19300723e+00
1.33291686e+00
7.31837928e-01
6.55278921e-01
1.89088392e+00
1.47394109e+00
9.87489581e-01
1.40181243e+00
3.97272885e-01
9.53607619e-01
9.64324892e-01
2.58178383e-01
7.22155929e-01
3.83239746e-01
9.95377064e-01
1.14327061e+00
7.78693855e-01
9.60286677e-01
1.10170472e+00
1.22667933e+00
4.68136996e-01
1.26198065e+00
1.45502114e+00
2.46199399e-01
2.34641328e-01
1.08231473e+00
2.59131819e-01
4.97846633e-01
1.84794098e-01
9.78458464e-01
7.45397687e-01
8.00136447e-01
6.90688491e-01
1.37174368e+00
1.12677813e+00
1.04108715e+00
1.30624652e+00
1.73781157e+00
5.45157254e-01
2.86957115e-01
6.85392082e-01
8.17339301e-01
5.62559783e-01
4.77847040e-01
2.59982049e-01
1.32968903e+00
1.63162386e+00
6.96304500e-01
1.72963309e+00
1.07768428e+00
7.84220874e-01
8.85887265e-01
1.51789701e+00
1.58508933e+00
3.53094548e-01
7.09022701e-01
4.33650404e-01
6.94048584e-01
1.84336996e+00
2.37022138e+00
1.24342346e+00
1.10816145e+00
5.60072958e-01
1.04134774e+00
9.00579214e-01
3.16140294e-01
1.13621414e+00
1.31253946e+00
4.78719234e-01
7.61338949e-01
9.68329728e-01
5.51359892e-01
8.56332660e-01
1.70136356e+00
1.24418461e+00
1.02606344e+00
1.28345931e+00
1.25444865e+00
5.43399572e-01
1.74015477e-01
5.79417944e-01
1.29304504e+00
1.34561932e+00
1.11622572e+00
1.28517485e+00
7.07822800e-01
7.92815685e-01
9.14611697e-01
1.37737703e+00
1.35719061e+00
4.75326270e-01
2.27919698e+00
9.93908644e-01
1.54912210e+00
1.22465050e+00
2.01644197e-01
1.67507625e+00
6.76309884e-01
1.03732622e+00
1.15089285e+00
6.91056311e-01
1.66062161e-01
3.40999871e-01
5.67563176e-01
9.60142314e-01
1.04499483e+00
1.05984092e+00
1.06783438e+00
1.09418809e+00
4.22417372e-01
3.55258852e-01
1.15696371e+00
7.27501810e-01
2.25849912e-01
1.01238120e+00
8.85764480e-01
1.28828669e+00
3.61617446e-01
2.26474494e-01
9.59593356e-01
5.58048010e-01
7.11129904e-01
7.90137112e-01
8.44548643e-01
7.92401850e-01
6.16743684e-01
7.81576872e-01
1.79938519e+00
9.52766120e-01
1.06315899e+00
9.73172486e-01
3.12446564e-01
7.25057483e-01
1.37135696e+00
1.87379420e-01
2.22050130e-01
9.62984025e-01
1.69212818e+00
1.00787342e+00
4.29800719e-01
1.04340613e+00
1.06055486e+00
1.07001972e+00
1.32678699e+00
1.30186689e+00
2.09776831e+00
4.16114420e-01
2.11272836e-01
4.82867539e-01
9.37465072e-01
1.01094043e+00
5.76269150e-01
4.42062348e-01
9.32495832e-01
6.00054026e-01
3.07263166e-01
1.56275487e+00
4.68253702e-01
1.69894934e-01
8.68466675e-01
1.21813142e+00
6.16420448e-01
6.06641948e-01
1.08243597e+00
1.01655161e+00
1.05335581e+00
1.01690376e+00
1.04604125e+00
1.19852054e+00
2.28201017e-01
2.20369592e-01
1.07357585e+00
1.94299924e+00
1.36794794e+00
5.48836589e-01
5.08482993e-01
6.06689334e-01
2.33531654e-01
7.90463150e-01
9.74646032e-01
1.57860124e+00
1.36147511e+00
2.66540110e-01
5.96964478e-01
1.65792274e+00
1.04441822e+00
9.90576446e-01
9.46192086e-01
1.07062864e+00
5.75417936e-01
4.99291360e-01
8.39504361e-01
5.82326174e-01
1.00703406e+00
1.38568473e+00
6.55994654e-01
7.83597410e-01
1.28396940e+00
2.49941990e-01
9.29898918e-01
1.02133405e+00
4.94471163e-01
9.62133288e-01
1.40854037e+00
1.94769263e-01
5.73243499e-01
1.72065651e+00
4.91625786e-01
4.03753012e-01
1.37365079e+00
4.83311325e-01
1.55177116e+00
1.65598142e+00
9.94375885e-01
5.42567074e-01
7.43724465e-01
1.24739790e+00
9.39357936e-01
2.87353784e-01
1.27354598e+00
1.43666720e+00
3.19919854e-01
4.19353068e-01
3.61846417e-01
6.82739019e-01
1.59313023e+00
1.36142457e+00
5.52096665e-01
1.30379808e+00
1.45883024e+00
6.81625783e-01
7.30657458e-01
6.99033260e-01
8.53019476e-01
1.90334642e+00
2.06976414e-01
6.29320443e-01
2.45766699e-01
1.75078347e-01
1.08590889e+00
1.20571315e+00
5.02369106e-01
1.11666095e+00
1.49336636e+00
4.97198999e-01
1.75649002e-01
1.56246364e+00
1.11153531e+00
5.90002179e-01
3.32683057e-01
8.74386549e-01
1.03700840e+00
3.31269532e-01
1.23036182e+00
9.85249937e-01
7.63296187e-01
9.16157842e-01
7.10473955e-01
1.91678599e-01
3.29252988e-01
4.05332744e-01
8.18318427e-01
6.28798127e-01
4.65465307e-01
1.45181251e+00
3.00432891e-01
3.27337325e-01
6.98049903e-01
3.65190923e-01
4.56116140e-01
1.39427352e+00
5.70478857e-01
1.90845177e-01
1.08832979e+00
1.03945029e+00
1.76425800e-01
7.49741435e-01
7.32991755e-01
9.75193620e-01
8.46644580e-01
8.86231840e-01
9.71077263e-01
3.00286382e-01
2.09483013e-01
7.89185882e-01
8.76053095e-01
5.52717924e-01
7.29816675e-01
1.31152439e+00
2.93081403e-01
7.26509809e-01
3.28655869e-01
1.62314415e-01
4.68646795e-01
6.35239244e-01
2.22710401e-01
6.33003592e-01
4.09665018e-01
4.65810120e-01
1.05567908e+00
7.03412712e-01
2.24076390e-01
1.03923011e+00
1.68304813e+00
1.27979028e+00
7.40026772e-01
6.69738233e-01
7.59295702e-01
8.83504570e-01
1.13982129e+00
8.89086723e-01
5.73679984e-01
1.12415552e+00
9.04254556e-01
6.56604171e-01
4.28293347e-01
2.69404978e-01
3.96450192e-01
6.41101003e-01
2.83120543e-01
1.58443496e-01
6.07480884e-01
7.77535260e-01
5.23068547e-01
4.03208017e-01
4.05975968e-01
1.84154257e-01
3.55476767e-01
7.06051886e-01
5.55585027e-01
2.46833608e-01
1.76915899e-01
3.66889030e-01
9.82981741e-01
1.18541574e+00
7.31423736e-01
4.37125355e-01
7.56093562e-01
1.20175946e+00
1.05615330e+00
1.05528247e+00
1.30039072e+00
8.50425541e-01
2.15276554e-01
6.39528096e-01
5.54141223e-01
1.77240863e-01
2.24647120e-01
7.87023902e-01
1.12822735e+00
1.14601588e+00
5.30559480e-01
6.01411402e-01
1.40698159e+00
1.33866906e+00
9.17178035e-01
8.06426466e-01
1.00711429e+00
9.87116277e-01
6.28274322e-01
5.44949830e-01
1.12368977e+00
4.79990870e-01
7.76456952e-01
9.30697978e-01
4.29424167e-01
4.80046630e-01
2.77406335e-01
7.13201344e-01
1.04931104e+00
8.08425546e-01
8.90962422e-01
1.13832331e+00
6.43279433e-01
8.12056184e-01
5.11166573e-01
3.13529730e-01
5.21188557e-01
4.90484536e-01
6.74637020e-01
8.21931124e-01
2.91181833e-01
3.41907442e-01
1.54599622e-01
8.75901282e-01
3.99431318e-01
3.55648220e-01
2.10369915e-01
3.57013971e-01
7.64023304e-01
5.75362206e-01
4.53349322e-01
1.30601871e+00
1.06991470e+00
1.04240549e+00
1.32602596e+00
5.72722852e-01
1.78707373e+00
5.47098398e-01
1.44632027e-01
9.37601268e-01
1.24282193e+00
1.53007075e-01
4.46940422e-01
6.17982507e-01
3.64382654e-01
3.92491102e-01
6.99931145e-01
7.18058228e-01
1.01363873e+00
8.40335250e-01
1.82474852e-01
2.98159122e-01
3.42535824e-01
1.25588524e+00
1.66023123e+00
4.61620659e-01
4.49554741e-01
9.90238130e-01
8.33532870e-01
7.40696967e-01
1.91093171e+00
2.34768763e-01
2.00607717e-01
5.27019620e-01
3.74758989e-01
1.08649075e+00
3.96554679e-01
2.03012154e-01
4.25691426e-01
8.70247424e-01
6.93960726e-01
3.61173332e-01
2.57819712e-01
2.84803420e-01
1.03086412e+00
9.80545998e-01
1.81501701e-01
6.49223745e-01
5.64125419e-01
7.84382880e-01
1.06438589e+00
6.51345909e-01
3.48076731e-01
1.18400383e+00
5.81696391e-01
4.50740457e-01
2.70769358e-01
4.12815154e-01
1.08860886e+00
1.32356215e+00
4.23211753e-01
1.12930572e+00
1.00012124e+00
2.94965804e-01
3.34108651e-01
1.02277756e+00
2.30427802e-01
6.86125576e-01
1.16185141e+00
9.86930549e-01
5.51407397e-01
1.60076767e-01
4.60535496e-01
1.02524030e+00
1.53849518e+00
9.23623204e-01
4.83439833e-01
5.86762309e-01
2.91866452e-01
5.17582417e-01
6.22688830e-01
9.17051673e-01
1.36918032e+00
7.58322716e-01
1.42952144e+00
4.45485890e-01
9.48187828e-01
5.95467448e-01
3.77489716e-01
1.82868850e+00
5.91077626e-01
4.17388886e-01
7.86922932e-01
6.27346873e-01
4.31976289e-01
1.02357900e+00
4.23018306e-01
1.55973661e+00
1.22390771e+00
3.09006125e-01
4.31723118e-01
8.99386883e-01
5.64791203e-01
1.03895390e+00
1.04404235e+00
7.44263649e-01
7.31750369e-01
9.04909432e-01
1.05880606e+00
7.35859334e-01
1.11955202e+00
6.41356170e-01
1.53171375e-01
1.30014408e+00
2.12190285e-01
2.66677886e-01
4.55540210e-01
3.77227128e-01
2.29757965e-01
7.20962286e-01
5.01138985e-01
1.96467593e-01
5.77665687e-01
8.52693856e-01
8.44157279e-01
1.16631567e+00
2.38711208e-01
5.94376683e-01
9.13096130e-01
8.38389158e-01
8.74843657e-01
9.87980425e-01
5.15534401e-01
1.37709653e+00
6.93720102e-01
3.40143174e-01
9.49755311e-01
4.48007882e-01
8.53893876e-01
8.98056507e-01
1.87167346e-01
3.93762350e-01
1.33411837e+00
7.38173246e-01
7.84867287e-01
6.27283096e-01
9.90018487e-01
9.49757338e-01
4.11327153e-01
7.70038784e-01
1.31683242e+00
3.21934134e-01
5.95114291e-01
7.96496689e-01
2.27323994e-01
5.30589759e-01
2.37041190e-01
8.20041955e-01
2.15939879e-01
2.77631313e-01
1.34060121e+00
3.49677175e-01
2.46450201e-01
1.27431285e+00
1.42418027e+00
9.70554352e-01
8.54570150e-01
1.02817547e+00
1.01705742e+00
5.35483420e-01
4.77271318e-01
5.93756199e-01
4.84893560e-01
5.44605315e-01
1.29713273e+00
5.86194098e-01
4.79221523e-01
9.84754026e-01
1.41635609e+00
1.47425735e+00
1.43221825e-01
3.79121542e-01
1.67830423e-01
7.37860739e-01
1.07285547e+00
3.56539458e-01
3.36535066e-01
6.11339986e-01
3.14999610e-01
5.63095033e-01
1.37510490e+00
1.02223730e+00
9.12846684e-01
8.63184869e-01
1.27774215e+00
9.01397943e-01
1.41900063e-01
7.11835444e-01
1.02037621e+00
2.03496978e-01
9.77329314e-01
1.31788337e+00
2.24680498e-01
2.35229969e-01
3.64512622e-01
6.46289647e-01
7.13533759e-01
1.08331251e+00
1.27039433e+00
2.63397127e-01
5.33850968e-01
5.65081179e-01
9.49488759e-01
9.11366999e-01
6.58293128e-01
1.43620956e+00
1.06880915e+00
8.56579900e-01
1.24518526e+00
1.04109848e+00
3.50755811e-01
5.82642734e-01
4.16534096e-01
8.62011850e-01
8.11837435e-01
6.16408944e-01
7.19686866e-01
5.55318832e-01
2.84662634e-01
3.56399059e-01
4.91966695e-01
8.26360106e-01
1.20166731e+00
2.36438334e-01
6.55040383e-01
5.45798182e-01
5.35539985e-01
1.60178065e-01
1.16628182e+00
1.47117123e-01
6.59097791e-01
1.91491291e-01
2.70169705e-01
6.04471385e-01
5.28116763e-01
5.99893034e-01
2.39417136e-01
1.63039878e-01
6.06157124e-01
9.23847258e-01
3.24082702e-01
8.34665120e-01
1.90486515e+00
5.98333001e-01
1.42578924e+00
2.10078859e+00
4.16016728e-01
2.72635847e-01
5.32225549e-01
1.58863807e+00
1.72621846e-01
7.28198469e-01
4.46132064e-01
1.96392500e+00
1.08092606e+00
7.65936613e-01
6.11915886e-01
3.24261189e-01
3.32289964e-01
3.44351947e-01
2.22408605e+00
2.06065863e-01
7.69111156e-01
1.45838127e-01
1.88463956e-01
2.49997526e-01
6.08821392e-01
5.81589699e-01
5.29487252e-01
3.00243229e-01
1.05664635e+00
1.34170687e+00
9.63591337e-01
7.17621565e-01
6.28010511e-01
6.37336433e-01
7.09330320e-01
7.55392849e-01
8.42806816e-01
5.34049571e-01
2.15112716e-01
3.00926238e-01
6.75567389e-01
6.16849184e-01
1.24701351e-01
2.58759499e-01
4.77315664e-01
8.01243246e-01
1.07891750e+00
7.09411621e-01
4.68876839e-01
3.32758486e-01
9.61333990e-01
1.09491181e+00
4.12748903e-01
3.09219807e-01
1.87754735e-01
5.36276042e-01
1.35186350e+00
7.94489384e-01
1.54831961e-01
1.48745668e+00
9.24373209e-01
2.27299184e-01
4.91529256e-01
9.21547711e-01
5.15039802e-01
3.00478607e-01
8.59006464e-01
3.14056903e-01
2.20006168e-01
6.71024978e-01
9.90340948e-01
9.66428339e-01
7.53035069e-01
8.05779636e-01
8.69584203e-01
1.19138992e+00
1.57980919e+00
1.19120991e+00
4.55178171e-01
9.11376476e-01
1.39207006e+00
7.97899544e-01
2.79252589e-01
7.19244599e-01
4.13270861e-01
6.54345453e-01
8.05046618e-01
8.36423993e-01
6.85538590e-01
3.30858350e-01
1.17046976e+00
7.22563386e-01
1.33993596e-01
5.17922640e-01
1.04543781e+00
3.61847073e-01
1.03079653e+00
6.41768098e-01
1.19173229e+00
1.25360906e+00
2.11978689e-01
1.99967980e-01
1.14222682e+00
3.61168861e-01
2.19311357e-01
4.11001176e-01
8.75350177e-01
2.17097068e+00
5.09280384e-01
6.95356131e-01
9.81886029e-01
1.08322716e+00
8.38487864e-01
5.59255779e-01
9.75082934e-01
4.50378865e-01
2.89778203e-01
5.16133010e-01
3.14807236e-01
2.41224393e-01
9.08659101e-01
2.34173626e-01
3.07676494e-01
7.12313712e-01
7.31622100e-01
7.09025800e-01
4.35085475e-01
7.63531506e-01
5.12215436e-01
4.42664444e-01
1.00206113e+00
1.02492499e+00
6.44118369e-01
4.78515983e-01
5.85237265e-01
2.78066933e-01
1.60051942e-01
1.12648261e+00
6.76103354e-01
4.60541576e-01
6.17329895e-01
8.61456871e-01
1.01497471e+00
9.23768818e-01
4.20519501e-01
4.68198568e-01
2.00659990e-01
6.13647938e-01
8.28328550e-01
1.27740419e+00
9.25773859e-01
6.19037986e-01
8.00704777e-01
9.09218967e-01
8.79024625e-01
1.15352273e+00
4.51983124e-01
1.34172869e+00
6.20346010e-01
2.76288688e-01
8.91271591e-01
4.29778129e-01
7.11178839e-01
4.68532711e-01
4.76869732e-01
6.12982869e-01
3.11587423e-01
1.95388794e-01
3.76680374e-01
3.88884783e-01
1.00057232e+00
1.28864086e+00
3.56222540e-01
5.96820176e-01
2.38341618e+00
1.58986831e+00
8.11699390e-01
2.70418614e-01
8.56243193e-01
1.32793605e+00
3.91103059e-01
1.38879865e-01
4.05241847e-01
7.10119486e-01
9.85537946e-01
1.39353812e+00
3.32602173e-01
4.41770881e-01
8.74219537e-01
8.62418056e-01
8.18161488e-01
1.08926678e+00
1.76860020e-01
9.03207719e-01
1.37180638e+00
8.01389873e-01
1.23208940e-01
2.33840406e-01
6.63935959e-01
3.08796674e-01
4.78190303e-01
8.86858582e-01
5.03639996e-01
1.40012896e+00
3.93257648e-01
8.07505310e-01
8.29034209e-01
6.02072895e-01
6.50701344e-01
3.10477138e-01
1.12871158e+00
1.44602871e+00
1.39469540e+00
7.84113824e-01
1.90874740e-01
4.75229412e-01
5.81986904e-01
7.12967336e-01
1.95577192e+00
1.93688369e+00
1.11393297e+00
8.98190856e-01
6.06591702e-01
5.68947256e-01
5.83457351e-01
4.61578637e-01
3.58024091e-01
5.94449461e-01
7.19591200e-01
3.54424596e-01
8.51210237e-01
9.74169135e-01
6.70895994e-01
4.82668996e-01
6.83823407e-01
8.98909628e-01
1.74506879e+00
1.21889353e+00
1.27571142e+00
2.96474195e+00
2.38372827e+00
6.43101811e-01
7.35294878e-01
2.78128028e-01
4.85718757e-01
8.71663392e-01
9.54843581e-01
5.39138794e-01
1.61813363e-01
5.02434552e-01
1.30119884e+00
4.26900297e-01
7.92559326e-01
8.36564779e-01
3.26101333e-01
2.74267942e-01
1.24241662e+00
1.01246059e+00
7.22367167e-01
9.25547302e-01
7.34495461e-01
2.85683244e-01
2.86195189e-01
1.12954414e+00
1.56718910e+00
6.18656516e-01
7.84212530e-01
1.28486991e+00
9.35893357e-01
7.52077401e-01
8.54677916e-01
2.20427424e-01
1.28219903e-01
7.27063715e-01
9.99016702e-01
1.81580096e-01
1.13939118e+00
1.64105141e+00
6.96316719e-01
2.56741375e-01
8.14737558e-01
7.62746751e-01
1.44646311e+00
1.06949925e+00
2.67214447e-01
8.05354118e-01
1.73479962e+00
3.03540468e-01
1.81439972e+00
9.54237163e-01
4.59673971e-01
1.01623225e+00
1.00144136e+00
1.72269166e-01
1.52725530e+00
3.65051806e-01
8.42559755e-01
1.43159091e+00
4.96754140e-01
7.46529639e-01
4.87334847e-01
1.30668557e+00
8.11499774e-01
7.02660799e-01
1.58516312e+00
7.00437605e-01
8.79280031e-01
8.15326393e-01
6.06173992e-01
6.47235930e-01
7.44498670e-01
2.61431098e-01
4.88734305e-01
9.80924249e-01
1.09649467e+00
6.73434675e-01
7.83409595e-01
1.27949685e-01
2.17002437e-01
6.28453076e-01
7.54532397e-01
6.96283996e-01
7.00437546e-01
6.84354424e-01
4.83518749e-01
4.08376008e-01
5.18692136e-01
4.40189093e-01
4.08233553e-01
9.51395810e-01
6.39241815e-01
5.25121152e-01
6.73570275e-01
5.23022890e-01
3.63125056e-01
9.97771561e-01
8.89081359e-01
2.94571340e-01
2.57884145e-01
4.54477280e-01
2.90846914e-01
1.76403537e-01
1.01566315e+00
7.93218672e-01
8.28930855e-01
9.15376782e-01
5.56785464e-01
4.46645409e-01
4.09396470e-01
3.68158519e-01
6.09484375e-01
7.85219431e-01
5.37882745e-01
3.59664470e-01
1.11107850e+00
8.33782196e-01
7.60972023e-01
6.50221944e-01
1.61728308e-01
3.09942305e-01
1.26349080e+00
9.74962592e-01
6.32647634e-01
3.25443983e-01
1.63699552e-01
1.12920180e-01
1.25211701e-01
5.45786798e-01
9.95084405e-01
1.56223619e+00
3.89554381e-01
7.51840651e-01
4.30183500e-01
3.50072771e-01
9.81132925e-01
4.37378377e-01
2.15735221e+00
5.60814798e-01
9.36131418e-01
5.71306169e-01
6.76633179e-01
1.22213042e+00
1.99780929e+00
5.75240850e-01
1.58535051e+00
2.29216591e-01
3.58438045e-01
9.58622575e-01
1.97966874e-01
1.45977020e-01
6.93110883e-01
6.75951421e-01
9.08942163e-01
5.25031626e-01
1.46991029e-01
1.15628028e+00
2.54490077e-01
1.77240044e-01
3.51337522e-01
5.61064303e-01
5.86377144e-01
1.58375517e-01
3.49820435e-01
4.43554878e+00
1.25090861e+00
3.35135198e+00
1.38136673e+00
5.67027807e-01
9.34740067e-01
1.29109502e+00
6.39794409e-01
1.65183455e-01
3.38054895e-01
1.19995630e+00
6.64336383e-01
3.73346031e-01
4.18401062e-01
7.36736774e-01
9.58993137e-01
7.51729488e-01
9.74402249e-01
1.15482998e+00
3.72252345e-01
2.39923745e-01
9.34397757e-01
1.33804739e+00
1.24375832e+00
1.12317634e+00
3.20584029e-01
4.62138683e-01
2.32573062e-01
1.61178625e+00
9.57880914e-01
6.37542367e-01
5.37020385e-01
7.02723324e-01
2.60483503e-01
1.30297863e+00
2.92566925e-01
9.16853487e-01
1.28935456e+00
1.05744827e+00
8.36077094e-01
4.46693540e-01
9.57947910e-01
2.62932241e-01
5.10446787e-01
1.40433538e+00
6.85519993e-01
2.32943892e+00
5.54522514e-01
9.48925078e-01
6.06559873e-01
4.43281353e-01
7.87820458e-01
1.28005385e+00
1.12327909e+00
6.68214321e-01
9.10029769e-01
6.69840574e-01
2.91413575e-01
1.45382285e+00
9.26096618e-01
9.40742612e-01
1.48724854e+00
1.01262081e+00
5.57374418e-01
4.76928204e-01
8.80507648e-01
6.84988797e-01
6.42765164e-01
6.94476783e-01
4.88806903e-01
3.82986039e-01
4.26148087e-01
6.19299889e-01
1.02924013e+00
7.66941309e-01
2.35834658e-01
9.36656237e-01
5.77003658e-01
1.14292669e+00
1.18357134e+00
5.65532386e-01
3.50606561e-01
5.81825912e-01
9.85099256e-01
7.83849239e-01
9.93736088e-01
3.92670661e-01
8.36531937e-01
8.54945838e-01
1.29310536e+00
1.01882410e+00
1.43276882e+00
1.27704585e+00
2.62210131e-01
7.87882805e-01
1.05261743e+00
5.80440879e-01
5.21954477e-01
5.75399220e-01
3.68805110e-01
4.92054701e-01
4.76191610e-01
6.43017113e-01
1.04303873e+00
6.66914105e-01
2.47868389e-01
1.14872789e+00
1.95403889e-01
3.05239201e-01
3.19678068e-01
5.65797806e-01
9.98103797e-01
2.22615644e-01
8.29128921e-01
7.76348770e-01
2.53480405e-01
4.85640854e-01
1.22289908e+00
9.36308861e-01
2.26081550e-01
1.18536226e-01
3.79361510e-01
4.78463084e-01
1.64662287e-01
4.56749052e-01
7.45918751e-01
6.27984405e-01
5.96703887e-01
1.06041527e+00
1.23283768e+00
1.52463168e-01
4.31892842e-01
8.42396259e-01
6.07849419e-01
4.88912761e-01
7.73369372e-01
6.77312732e-01
9.95659828e-01
7.12307394e-01
7.39818752e-01
8.97953153e-01
7.49495625e-01
6.87837660e-01
5.99251986e-01
1.10103714e+00
1.14222598e+00
1.07193756e+00
1.19880247e+00
7.98664570e-01
6.90777481e-01
5.21654963e-01
4.38437819e-01
7.77062356e-01
1.42767572e+00
1.66364861e+00
9.57787812e-01
2.06203058e-01
8.31019461e-01
1.42628026e+00
8.45266700e-01
6.86240971e-01
2.73975044e-01
1.12259090e+00
4.94958997e-01
2.74626374e-01
8.22933614e-01
1.01575267e+00
5.57149172e-01
1.18767869e+00
6.44973576e-01
4.42352980e-01
1.31778598e+00
4.06347394e-01
7.43439317e-01
9.54129755e-01
7.76816308e-01
8.86154413e-01
1.17069960e+00
6.71936929e-01
6.97858334e-01
8.81638825e-01
4.14588243e-01
5.55057049e-01
1.29378557e+00
3.80973458e-01
4.07560259e-01
7.95938253e-01
3.09480429e-01
2.65300274e-01
1.19331241e+00
1.00791025e+00
6.26200855e-01
9.03008461e-01
9.82488513e-01
8.75374675e-01
8.02138746e-01
5.63144863e-01
8.84330451e-01
3.17053735e-01
1.28623247e-01
4.10259753e-01
7.54558802e-01
8.85521412e-01
8.67694736e-01
8.99469137e-01
3.21269363e-01
1.15307420e-01
5.03624558e-01
5.20253181e-01
7.69939005e-01
3.48416865e-01
7.48639524e-01
8.34276855e-01
5.24662673e-01
3.87657195e-01
9.36667800e-01
1.41296887e+00
1.51220918e+00
3.43909144e-01
3.38693529e-01
1.01156080e+00
9.51019764e-01
1.31288469e+00
9.47667420e-01
1.81207955e-01
6.02979064e-01
3.87585104e-01
7.09709644e-01
3.83133024e-01
2.76721150e-01
9.82870817e-01
5.57542026e-01
1.01557124e+00
6.93731606e-01
7.75215805e-01
7.97262907e-01
5.26494741e-01
2.86176383e-01
3.67649972e-01
5.92930853e-01
9.72232997e-01
8.67933154e-01
2.09899738e-01
7.75543869e-01
1.86638308e+00
3.82215071e+00
9.71227705e-01
1.10638273e+00
4.09784198e-01
3.93587768e-01
7.11057782e-01
1.31029248e+00
8.27572644e-01
5.86789131e-01
8.49329233e-01
6.37427330e-01
2.76682228e-01
8.09005439e-01
5.99417984e-01
6.26565754e-01
6.79535925e-01
4.33522612e-01
9.46398377e-01
2.06410006e-01
2.27495775e-01
8.11989963e-01
1.43187094e+00
1.23554885e+00
6.63507342e-01
5.62003970e-01
4.10876989e-01
1.56701505e+00
4.92846221e-01
3.16573334e+00
1.64868391e+00
2.76836514e+00
2.25799608e+00
4.68157351e-01
3.17822546e-01
1.20461416e+00
8.85285616e-01
2.77206361e-01
5.02804935e-01
1.43925893e+00
1.66994512e+00
2.30687514e-01
8.34108591e-01
5.74019194e-01
1.30256975e+00
1.75894856e+00
3.76676488e+00
8.83139610e-01
2.28032684e+00
8.42802703e-01
7.20786214e-01
7.96020925e-01
2.47058719e-01
1.51293635e-01
5.40548921e-01
1.04870999e+00
1.95106864e-01
7.04611421e-01
4.76478130e-01
5.69997132e-01
8.86179566e-01
6.85748756e-01
1.07063186e+00
4.57261533e-01
1.32304776e+00
1.39103615e+00
1.88946199e+00
1.06855583e+00
1.09191608e+00
8.73770773e-01
4.74012852e-01
6.15165889e-01
4.31686342e-01
9.48171079e-01
1.19636714e-01
2.78002858e-01
3.88946772e-01
3.93787444e-01
1.61135644e-01
3.81553441e-01
7.26951599e-01
8.17355454e-01
4.89633381e-01
1.47133589e-01
2.71027058e-01
4.52147663e-01
4.72292691e-01
6.90466523e-01
