2.39379978e+00
2.36099863e+00
2.33144355e+00
2.31878901e+00
2.34073710e+00
2.41437960e+00
2.41216540e+00
2.40475774e+00
2.42303276e+00
2.40737987e+00
2.35911489e+00
2.43094778e+00
2.28385091e+00
2.32599115e+00
2.39280725e+00
2.43541098e+00
2.39972830e+00
2.38471532e+00
2.41425705e+00
2.44944119e+00
2.45308828e+00
2.49194145e+00
2.49586344e+00
2.43572140e+00
2.34695649e+00
2.32214808e+00
2.39461493e+00
2.35541844e+00
2.37199640e+00
2.38657403e+00
2.40391207e+00
2.38324118e+00
2.33924842e+00
2.37986445e+00
2.28928876e+00
2.25905585e+00
2.31184459e+00
2.36138988e+00
2.32617259e+00
2.24648619e+00
2.29175162e+00
2.26043987e+00
2.19461036e+00
2.18755841e+00
2.20525670e+00
2.17967200e+00
2.09072185e+00
2.22073627e+00
2.22415543e+00
2.29392815e+00
2.24710441e+00
2.32816863e+00
2.34709430e+00
2.27249169e+00
2.33523297e+00
2.38398552e+00
2.33608031e+00
2.42196226e+00
2.39761329e+00
2.39922476e+00
2.40628839e+00
2.42761755e+00
2.37648201e+00
2.44859385e+00
2.48301554e+00
2.44854665e+00
2.38135910e+00
2.36782074e+00
2.38255453e+00
2.41258693e+00
2.42372322e+00
2.36095810e+00
2.35970640e+00
2.42110944e+00
2.43141365e+00
2.35435843e+00
2.36698031e+00
2.37298322e+00
2.32295370e+00
2.39888406e+00
2.39156914e+00
2.33992672e+00
2.28826356e+00
2.30602241e+00
2.29849911e+00
2.18850803e+00
2.26454997e+00
2.31261349e+00
2.24805760e+00
2.21082997e+00
2.20953178e+00
2.20176053e+00
2.13045406e+00
2.11326456e+00
2.14292645e+00
2.14010787e+00
2.06087279e+00
2.00573111e+00
1.99472904e+00
1.96685374e+00
1.94687176e+00
1.93017173e+00
1.84029460e+00
1.87067604e+00
1.82450473e+00
1.82009065e+00
1.86162388e+00
1.87944508e+00
1.97867870e+00
1.97671747e+00
1.97409463e+00
1.95929146e+00
2.01926446e+00
2.09342527e+00
2.10606742e+00
2.10214043e+00
2.15160704e+00
2.09974933e+00
2.11773467e+00
2.25229168e+00
2.26624966e+00
2.31888390e+00
2.28230596e+00
2.27873588e+00
2.33767080e+00
2.32215381e+00
2.37869692e+00
2.40516233e+00
2.33339763e+00
2.41248226e+00
2.45558739e+00
2.44264293e+00
2.39713144e+00
2.43955612e+00
2.40771627e+00
2.45726132e+00
2.48632050e+00
2.45706081e+00
2.56367874e+00
2.53360176e+00
2.45433283e+00
2.49205971e+00
2.51681614e+00
2.48723555e+00
2.48193169e+00
2.51952553e+00
2.47441030e+00
2.43457246e+00
2.44881463e+00
2.49320412e+00
2.45688653e+00
2.45227313e+00
2.44463611e+00
2.37317753e+00
2.39119196e+00
2.44427037e+00
2.41787291e+00
2.39296103e+00
2.36912203e+00
2.42296028e+00
2.40032911e+00
2.38126755e+00
2.41293502e+00
2.35103965e+00
2.30622363e+00
2.33746958e+00
2.33506799e+00
2.28319168e+00
2.24664092e+00
2.22733450e+00
2.22056556e+00
2.19857693e+00
2.22329044e+00
2.23407936e+00
2.13000727e+00
2.09780264e+00
2.06089997e+00
2.05019593e+00
2.01505136e+00
1.97846067e+00
1.93982804e+00
1.93588328e+00
1.91419923e+00
1.88412023e+00
1.86307180e+00
1.77250087e+00
1.77921963e+00
1.73702359e+00
1.70717549e+00
1.66138101e+00
1.65468538e+00
1.56200576e+00
1.52478969e+00
1.52583957e+00
1.49553370e+00
1.55307817e+00
1.58368981e+00
1.61503911e+00
1.65140986e+00
1.62177908e+00
1.69291270e+00
1.74405706e+00
1.75923729e+00
1.84881961e+00
1.87724400e+00
1.87558019e+00
1.92444444e+00
1.98899949e+00
1.97607648e+00
2.00064588e+00
1.99787593e+00
2.03178668e+00
2.07644224e+00
2.09279227e+00
2.10615849e+00
2.14253974e+00
2.17800808e+00
2.16740441e+00
2.23765707e+00
2.28001142e+00
2.26730895e+00
2.30818009e+00
2.24106741e+00
2.37149620e+00
2.44745207e+00
2.36607552e+00
2.35819793e+00
2.42655182e+00
2.42909217e+00
2.48183274e+00
2.44671941e+00
2.42315364e+00
2.54736352e+00
2.52765846e+00
2.49552178e+00
2.53669429e+00
2.61192322e+00
2.57942772e+00
2.51708913e+00
2.53562331e+00
2.50889516e+00
2.59671116e+00
2.58717823e+00
2.53441930e+00
2.58971786e+00
2.54701447e+00
2.59221077e+00
2.63247228e+00
2.62723327e+00
2.64400983e+00
2.56701589e+00
2.61110640e+00
2.64759922e+00
2.66845489e+00
2.70053935e+00
2.65179801e+00
2.63004851e+00
2.63939810e+00
2.68767333e+00
2.65351129e+00
2.69240737e+00
2.68419480e+00
2.63719749e+00
2.63788056e+00
2.68294215e+00
2.66628075e+00
2.69521189e+00
2.69657755e+00
2.68860006e+00
2.62171578e+00
2.63618731e+00
2.66815090e+00
2.63110685e+00
2.61344361e+00
2.61395335e+00
2.57299018e+00
2.56962442e+00
2.58884239e+00
2.57014823e+00
2.56384778e+00
2.59884071e+00
2.53726649e+00
2.53390002e+00
2.56074667e+00
2.51212049e+00
2.54265404e+00
2.55758572e+00
2.51105332e+00
2.49086976e+00
2.45783234e+00
2.48380208e+00
2.47957730e+00
2.41754794e+00
2.41239905e+00
2.43010736e+00
2.36571312e+00
2.34546208e+00
2.34509254e+00
2.35078788e+00
2.33876729e+00
2.30291510e+00
2.30263734e+00
2.26291752e+00
2.23085332e+00
2.22595882e+00
2.21418285e+00
2.18644786e+00
2.13095927e+00
2.10426331e+00
2.11083293e+00
2.10141182e+00
2.01004052e+00
1.97529125e+00
1.99058652e+00
1.95886779e+00
1.95641673e+00
1.90318668e+00
1.84821606e+00
1.80429804e+00
1.79203272e+00
1.81904471e+00
1.77037680e+00
1.75109744e+00
1.68275213e+00
1.62337863e+00
1.62333465e+00
1.56531560e+00
1.54602706e+00
1.50578845e+00
1.49532127e+00
1.46660495e+00
1.42140925e+00
1.37187123e+00
1.30454898e+00
1.25980532e+00
1.23660493e+00
1.22360599e+00
1.25187099e+00
1.29225445e+00
1.31022990e+00
1.37545168e+00
1.45219409e+00
1.48677337e+00
1.48804510e+00
1.53125298e+00
1.60328901e+00
1.61509418e+00
1.63681161e+00
1.72343016e+00
1.71593833e+00
1.76860380e+00
1.80542088e+00
1.75310767e+00
1.87378418e+00
1.86854851e+00
1.86325967e+00
1.89750707e+00
1.92310762e+00
1.91962278e+00
1.96232331e+00
1.99338651e+00
2.03461647e+00
2.07358861e+00
2.05200171e+00
2.07676458e+00
2.08372664e+00
2.12458920e+00
2.14814591e+00
2.17157912e+00
2.16421533e+00
2.16280723e+00
2.17749882e+00
2.19773793e+00
2.28107262e+00
2.31296587e+00
2.29290414e+00
2.27669835e+00
2.32539034e+00
2.39374495e+00
2.33664608e+00
2.36384726e+00
2.37071538e+00
2.39090896e+00
2.34476423e+00
2.40877557e+00
2.41580510e+00
2.44589138e+00
2.47384548e+00
2.43409276e+00
2.47625995e+00
2.53283811e+00
2.50767255e+00
2.46475005e+00
2.47278929e+00
2.51706171e+00
2.53536177e+00
2.50583601e+00
2.53516912e+00
2.53311396e+00
2.47614336e+00
2.57462406e+00
2.57149649e+00
2.60109425e+00
2.56177855e+00
2.56109309e+00
2.58532929e+00
2.60024762e+00
2.60651922e+00
2.64227557e+00
2.66790056e+00
2.66811109e+00
2.65365362e+00
2.62475920e+00
2.65491462e+00
2.64060760e+00
2.58398986e+00
2.61222625e+00
2.65730834e+00
2.68943000e+00
2.66012454e+00
2.62396312e+00
2.62442374e+00
2.64283299e+00
2.63355184e+00
2.63597012e+00
2.62382150e+00
2.63187909e+00
2.65523338e+00
2.68092608e+00
2.69692016e+00
2.67472506e+00
2.63366818e+00
2.70517826e+00
2.65784502e+00
2.63946629e+00
2.67291164e+00
2.68730998e+00
2.67715073e+00
2.68930721e+00
2.67792535e+00
2.67649150e+00
2.70169187e+00
2.69493079e+00
2.72950625e+00
2.70928025e+00
2.69531274e+00
2.68062520e+00
2.67108083e+00
2.66496396e+00
2.62412667e+00
2.67091680e+00
2.69319773e+00
2.65361619e+00
2.63851714e+00
2.69629407e+00
2.68014431e+00
2.63472366e+00
2.66835475e+00
2.66677833e+00
2.68769503e+00
2.66251659e+00
2.63819504e+00
2.69076896e+00
2.64086723e+00
2.65170169e+00
2.65974164e+00
2.62787843e+00
2.65802908e+00
2.65746379e+00
2.63048458e+00
2.58778715e+00
2.62015676e+00
2.65741825e+00
2.65105581e+00
2.66769147e+00
2.63788056e+00
2.61348939e+00
2.60881853e+00
2.63385820e+00
2.65469027e+00
2.63456035e+00
2.65327382e+00
2.61266232e+00
2.60595608e+00
2.59574509e+00
2.62895393e+00
2.61514759e+00
2.56482029e+00
2.53249288e+00
2.55636930e+00
2.54706788e+00
2.57036138e+00
2.53023243e+00
2.55917168e+00
2.57132769e+00
2.57043266e+00
2.56798649e+00
2.51027465e+00
2.53664064e+00
2.56231785e+00
2.48925185e+00
2.52132010e+00
2.53451777e+00
2.43558526e+00
2.47625971e+00
2.50543451e+00
2.48549962e+00
2.45615196e+00
2.45719934e+00
2.43471408e+00
2.43642139e+00
2.44595170e+00
2.41429162e+00
2.41061211e+00
2.39970326e+00
2.40248322e+00
2.37748504e+00
2.37098598e+00
2.36036539e+00
2.35091901e+00
2.36306667e+00
2.34262896e+00
2.36398077e+00
2.33698511e+00
2.28713942e+00
2.30638623e+00
2.32435060e+00
2.28037953e+00
2.26397896e+00
2.27243090e+00
2.23367858e+00
2.24511266e+00
2.22955823e+00
2.20297909e+00
2.20761466e+00
2.20186210e+00
2.20408177e+00
2.16527247e+00
2.16851616e+00
2.17006111e+00
2.14479899e+00
2.07846570e+00
2.06455445e+00
2.05763435e+00
2.02224350e+00
2.00858355e+00
2.03767276e+00
2.00976014e+00
1.96493983e+00
1.94461071e+00
1.89760530e+00
1.91611540e+00
1.89109874e+00
1.86353028e+00
1.85862136e+00
1.85217416e+00
1.82966506e+00
1.78092825e+00
1.78172135e+00
1.75780940e+00
1.69615161e+00
1.66336048e+00
1.65653169e+00
1.61079824e+00
1.59952891e+00
1.59081042e+00
1.53201544e+00
1.53486645e+00
1.50840938e+00
1.47889543e+00
1.43177843e+00
1.39074099e+00
1.39089978e+00
1.35563195e+00
1.26888514e+00
1.28299987e+00
1.25267446e+00
1.19960308e+00
1.17311919e+00
1.07146072e+00
1.01457691e+00
1.00265634e+00
1.05713379e+00
1.07875836e+00
1.12915003e+00
1.19071138e+00
1.23957348e+00
1.23767948e+00
1.28230417e+00
1.33792782e+00
1.32765305e+00
1.38346624e+00
1.42184520e+00
1.43649983e+00
1.47587776e+00
1.48854673e+00
1.52830374e+00
1.54682958e+00
1.56297410e+00
1.59977078e+00
1.58863533e+00
1.62823200e+00
1.69131315e+00
1.69789076e+00
1.67844272e+00
1.71457660e+00
1.74269438e+00
1.75006866e+00
1.80693662e+00
1.82273257e+00
1.77692950e+00
1.81100035e+00
1.85205173e+00
1.86342967e+00
1.89416039e+00
1.90176725e+00
1.89411581e+00
1.93489933e+00
1.92230213e+00
1.97440100e+00
1.97704887e+00
1.99113047e+00
2.01311588e+00
2.02504659e+00
2.01590133e+00
2.05249071e+00
2.04263735e+00
2.05163503e+00
2.03323793e+00
2.08144593e+00
2.09985614e+00
2.05114889e+00
2.09961200e+00
2.14328265e+00
2.11773109e+00
2.13073874e+00
2.14194679e+00
2.13840866e+00
2.16309571e+00
2.18404365e+00
2.15681314e+00
2.17625117e+00
2.17251372e+00
2.15762591e+00
2.16544652e+00
2.17056060e+00
2.22038531e+00
2.20781136e+00
2.21356773e+00
2.22310305e+00
2.22078204e+00
2.23292685e+00
2.21382666e+00
2.24188161e+00
2.26921010e+00
2.24738288e+00
2.26307821e+00
2.27162957e+00
2.25986814e+00
2.28914785e+00
2.24026680e+00
2.23583579e+00
2.28506899e+00
2.28298926e+00
2.28724051e+00
2.27730918e+00
2.29727221e+00
2.29864383e+00
2.29507542e+00
2.33300519e+00
2.30750823e+00
2.26574874e+00
2.31066394e+00
2.30737925e+00
2.33419013e+00
2.33729386e+00
2.30283046e+00
2.35454226e+00
2.29478145e+00
2.30273890e+00
2.32480836e+00
2.31227970e+00
2.34047437e+00
2.30090261e+00
2.27884221e+00
2.30685568e+00
2.33120894e+00
2.31840539e+00
2.31683588e+00
2.31755328e+00
2.33559108e+00
2.33891869e+00
2.33936238e+00
2.33266354e+00
2.31879568e+00
2.31395555e+00
2.34718800e+00
2.39402652e+00
2.37432241e+00
2.32737947e+00
2.35727620e+00
2.40625834e+00
2.35577369e+00
2.35886049e+00
2.37370086e+00
2.35015368e+00
2.34286761e+00
2.30781746e+00
2.34758210e+00
2.33704042e+00
2.35512757e+00
2.36815143e+00
2.34213543e+00
2.36860013e+00
2.38841486e+00
2.36084914e+00
2.33994198e+00
2.35334706e+00
2.35311675e+00
2.35758281e+00
2.35574532e+00
2.35326076e+00
2.37380695e+00
2.37546206e+00
2.37043619e+00
2.35363293e+00
2.32078433e+00
2.32669401e+00
2.36377001e+00
2.36030388e+00
2.33971238e+00
2.38621998e+00
2.35326576e+00
2.33292174e+00
2.33182192e+00
2.34462714e+00
2.35724711e+00
2.31954837e+00
2.32683539e+00
2.33019042e+00
2.33253527e+00
2.34172893e+00
2.34795094e+00
2.35047317e+00
2.33240604e+00
2.31770658e+00
2.32249951e+00
2.28727365e+00
2.33583736e+00
2.35630727e+00
2.35023403e+00
2.33228159e+00
2.31469345e+00
2.30801678e+00
2.32727861e+00
2.31737304e+00
2.34205413e+00
2.32712126e+00
2.31234956e+00
2.31348515e+00
2.31976056e+00
2.31613493e+00
2.33559203e+00
2.30271053e+00
2.30233955e+00
2.32569098e+00
2.30361581e+00
2.33804846e+00
2.31977773e+00
2.28991485e+00
2.33237720e+00
2.32455945e+00
2.29049540e+00
2.30482268e+00
2.30105138e+00
2.29889131e+00
2.28615880e+00
2.31096673e+00
2.32425356e+00
2.27231669e+00
2.29715538e+00
2.28111362e+00
2.28388238e+00
2.32066560e+00
2.29428339e+00
2.28689957e+00
2.32094193e+00
2.32133842e+00
2.31748939e+00
2.30482650e+00
2.31063056e+00
2.32775688e+00
2.29289365e+00
2.29657006e+00
2.26654482e+00
2.25246239e+00
2.28135157e+00
2.27195239e+00
2.27350855e+00
2.29786754e+00
2.26108575e+00
2.26578259e+00
2.24864507e+00
2.24905610e+00
2.25526786e+00
2.24070430e+00
2.26205420e+00
2.25403214e+00
2.25129080e+00
2.24461937e+00
2.22377968e+00
2.25452232e+00
2.25143099e+00
2.21145439e+00
2.21730709e+00
2.25060010e+00
2.25559807e+00
2.23397255e+00
2.21575212e+00
2.20993042e+00
2.24430227e+00
2.23777986e+00
2.22535634e+00
2.23365998e+00
2.22433186e+00
2.25054932e+00
2.23798275e+00
2.22314429e+00
2.24245667e+00
2.25582933e+00
2.25500631e+00
2.25078773e+00
2.20566487e+00
2.22304416e+00
2.23835874e+00
2.21676612e+00
2.19768095e+00
2.18913150e+00
2.19085789e+00
2.19645762e+00
2.19340587e+00
2.19510674e+00
2.18903470e+00
2.19475341e+00
2.22963691e+00
2.19492817e+00
2.18896651e+00
2.18176174e+00
2.20985270e+00
2.22431707e+00
2.17470860e+00
2.19402218e+00
2.18545175e+00
2.17566109e+00
2.17019868e+00
2.18148732e+00
2.18061399e+00
2.18162012e+00
2.19084358e+00
2.17023468e+00
2.19418716e+00
2.18948293e+00
2.16710472e+00
2.17669797e+00
2.16688633e+00
2.14303827e+00
2.15754032e+00
2.14227033e+00
2.14077520e+00
2.13848972e+00
2.14465237e+00
2.20083642e+00
2.19859171e+00
2.16248775e+00
2.16674185e+00
2.14905453e+00
2.14492536e+00
2.16148472e+00
2.15473247e+00
2.14637733e+00
2.13078666e+00
2.15160942e+00
2.12670255e+00
2.11812425e+00
2.12089324e+00
2.11926913e+00
2.12403655e+00
2.11720181e+00
2.14557195e+00
2.15872121e+00
2.10591912e+00
2.12207413e+00
2.12171078e+00
2.12063289e+00
2.14830470e+00
2.15057445e+00
2.12852263e+00
2.14296699e+00
2.11301875e+00
2.12963891e+00
2.12436366e+00
2.12770677e+00
2.10871506e+00
2.09837484e+00
2.11643147e+00
2.11088777e+00
2.07468033e+00
2.04321456e+00
2.08417726e+00
2.10310292e+00
2.07604289e+00
2.11084795e+00
2.07720280e+00
2.07181239e+00
2.08697128e+00
2.06222200e+00
2.08167386e+00
2.06162930e+00
2.05106902e+00
2.06492066e+00
2.05400729e+00
2.08481026e+00
2.10153508e+00
2.06652451e+00
2.08741832e+00
2.07651591e+00
2.03696012e+00
2.06900811e+00
2.05331683e+00
2.06653333e+00
2.07872510e+00
2.01821589e+00
2.05062032e+00
2.07125640e+00
2.05524254e+00
2.04522085e+00
2.00865412e+00
2.02939010e+00
2.05856466e+00
2.03084636e+00
2.03117561e+00
2.03233719e+00
2.02763295e+00
2.04087257e+00
2.01192331e+00
2.01202154e+00
2.01089621e+00
1.99407411e+00
1.98103726e+00
1.98351121e+00
2.00151300e+00
1.98247099e+00
1.98457038e+00
2.00273776e+00
2.00240421e+00
1.98278844e+00
1.99918377e+00
1.98651659e+00
1.95885277e+00
1.97780001e+00
1.94331479e+00
1.95410120e+00
1.95217824e+00
1.93536842e+00
1.96068609e+00
1.96176302e+00
1.97039139e+00
1.95089889e+00
1.94110441e+00
1.92045438e+00
1.92688978e+00
1.92282867e+00
1.94352055e+00
1.93170214e+00
1.91379726e+00
1.92239332e+00
1.92124927e+00
1.92921257e+00
1.89049923e+00
1.90587032e+00
1.89034235e+00
1.86407375e+00
1.89032567e+00
1.88505590e+00
1.83731329e+00
1.88102186e+00
1.88073277e+00
1.85504746e+00
1.83354151e+00
1.85885727e+00
1.85357893e+00
1.85342169e+00
1.84183216e+00
1.81737339e+00
1.82769942e+00
1.81099582e+00
1.79750311e+00
1.78682339e+00
1.79797459e+00
1.80313993e+00
1.79674900e+00
1.77811003e+00
1.78849447e+00
1.79262710e+00
1.77899897e+00
1.76836550e+00
1.75380945e+00
1.75401878e+00
1.74475753e+00
1.76253688e+00
1.73545170e+00
1.73681545e+00
1.74026835e+00
1.73543453e+00
1.70236027e+00
1.70175421e+00
1.71360791e+00
1.67871058e+00
1.66594636e+00
1.66374016e+00
1.66243815e+00
1.65225375e+00
1.65164363e+00
1.64473081e+00
1.63527143e+00
1.60995960e+00
1.59905946e+00
1.61870182e+00
1.59760630e+00
1.57089269e+00
1.56204855e+00
1.56096220e+00
1.53666699e+00
1.52382827e+00
1.53162074e+00
1.51755393e+00
1.48961711e+00
1.50697863e+00
1.48874736e+00
1.43887401e+00
1.47689188e+00
1.43936086e+00
1.42337978e+00
1.41335654e+00
1.42967105e+00
1.39886117e+00
1.36414325e+00
1.37950134e+00
1.35914743e+00
1.35309732e+00
1.32452500e+00
1.31094587e+00
1.31591868e+00
1.29049313e+00
1.26007378e+00
1.23652923e+00
1.23393786e+00
1.19691563e+00
1.19703829e+00
1.17499208e+00
1.14338207e+00
1.12446284e+00
1.11153388e+00
1.08745325e+00
1.05993938e+00
1.04106343e+00
1.02086771e+00
9.87879336e-01
9.80655730e-01
9.36771035e-01
9.08833623e-01
8.69675338e-01
8.00891399e-01
7.64629960e-01
7.81061411e-01
8.32087934e-01
8.57883692e-01
9.40950632e-01
9.58963156e-01
9.53805685e-01
9.91104722e-01
1.00469840e+00
1.04048252e+00
1.07013988e+00
1.07577229e+00
1.08676314e+00
1.13522339e+00
1.16508675e+00
1.14294159e+00
1.16431284e+00
1.17635894e+00
1.20315790e+00
1.23376536e+00
1.23403811e+00
1.24527323e+00
1.24251139e+00
1.26359713e+00
1.30777562e+00
1.32925057e+00
1.31895220e+00
1.34370875e+00
1.36333191e+00
1.36626780e+00
1.38383019e+00
1.38524079e+00
1.41275549e+00
1.41429257e+00
1.41724920e+00
1.41913235e+00
1.43782103e+00
1.44949949e+00
1.44350743e+00
1.45112681e+00
1.46983457e+00
1.44767094e+00
1.46784484e+00
1.50069702e+00
1.47854006e+00
1.49797106e+00
1.51530826e+00
1.50869691e+00
1.52058470e+00
1.54507804e+00
1.53500295e+00
1.54481781e+00
1.55512178e+00
1.55690134e+00
1.55068266e+00
1.55430365e+00
1.54979110e+00
1.56348348e+00
1.58891511e+00
1.57321966e+00
1.59077966e+00
1.60706055e+00
1.60266483e+00
1.59907496e+00
1.59315002e+00
1.60569453e+00
1.61993253e+00
1.60742068e+00
1.61339509e+00
1.63548446e+00
1.63352931e+00
1.62647581e+00
1.62101912e+00
1.63643527e+00
1.63107133e+00
1.64297330e+00
1.63813210e+00
1.60139894e+00
1.63285899e+00
1.65843630e+00
1.64583993e+00
1.66383731e+00
1.66777384e+00
1.66115570e+00
1.65724766e+00
1.65343845e+00
1.66852689e+00
1.65809619e+00
1.63981020e+00
1.66622090e+00
1.69597960e+00
1.66995692e+00
1.65091574e+00
1.66622198e+00
1.67724037e+00
1.66249359e+00
1.65985680e+00
1.66670239e+00
1.68814218e+00
1.65146768e+00
1.65534329e+00
1.66410816e+00
1.69825959e+00
1.69459546e+00
1.67289078e+00
1.68411422e+00
1.67680085e+00
1.69142544e+00
1.68565023e+00
1.68215907e+00
1.71059728e+00
1.68025053e+00
1.68696296e+00
1.71120024e+00
1.69178164e+00
1.68717849e+00
1.67829037e+00
1.68340814e+00
1.65874434e+00
1.68316412e+00
1.70134318e+00
1.67246413e+00
1.67250192e+00
1.66300726e+00
1.67757607e+00
1.69410515e+00
1.68480265e+00
1.67907715e+00
1.67129934e+00
1.66726983e+00
1.69373190e+00
1.70412612e+00
1.67747784e+00
1.68437886e+00
1.67637241e+00
1.68224299e+00
1.68832946e+00
1.67374730e+00
1.67050481e+00
1.69062054e+00
1.69458759e+00
1.67271149e+00
1.66546845e+00
1.67588866e+00
1.68502462e+00
1.70609796e+00
1.68693960e+00
1.65578985e+00
1.66555619e+00
1.70637751e+00
1.67400265e+00
1.68575239e+00
1.69019365e+00
1.67985785e+00
1.68930244e+00
1.67192078e+00
1.67139733e+00
1.67120826e+00
1.68652058e+00
1.67904997e+00
1.68651295e+00
1.66853166e+00
1.66468000e+00
1.66071475e+00
1.67812133e+00
1.68755734e+00
1.68224585e+00
1.68064702e+00
1.70297313e+00
1.67979705e+00
1.68095613e+00
1.67361498e+00
1.67459917e+00
1.68264222e+00
1.66256380e+00
1.69063568e+00
1.67942464e+00
1.64997804e+00
1.66118693e+00
1.67100978e+00
1.65918195e+00
1.67262852e+00
1.66931641e+00
1.65547490e+00
1.67393780e+00
1.68069410e+00
1.66658497e+00
1.66036880e+00
1.66249263e+00
1.65564513e+00
1.66498268e+00
1.66895902e+00
1.64039147e+00
1.66602850e+00
1.65824139e+00
1.65916622e+00
1.64990938e+00
1.65207303e+00
1.65575504e+00
1.66770124e+00
1.67403185e+00
1.65591061e+00
1.63319147e+00
1.63433993e+00
1.62343788e+00
1.63692248e+00
1.64273071e+00
1.63896871e+00
1.65152311e+00
1.65142858e+00
1.64302754e+00
1.63235247e+00
1.64260411e+00
1.65097106e+00
1.67087317e+00
1.64987600e+00
1.64056647e+00
1.63974118e+00
1.63078403e+00
1.63431334e+00
1.63161576e+00
1.61873853e+00
1.63123035e+00
1.64297891e+00
1.64218080e+00
1.61836433e+00
1.61361420e+00
1.62005103e+00
1.62393892e+00
1.63998759e+00
1.60205209e+00
1.62027574e+00
1.62756836e+00
1.62274206e+00
1.60848403e+00
1.64435089e+00
1.62525272e+00
1.60890996e+00
1.60975695e+00
1.60502291e+00
1.61118805e+00
1.60347939e+00
1.60128903e+00
1.61548102e+00
1.60806155e+00
1.56805432e+00
1.59031785e+00
1.58622432e+00
1.58719444e+00
1.60225224e+00
1.59794390e+00
1.60500824e+00
1.60315871e+00
1.61141717e+00
1.59455204e+00
1.58535254e+00
1.61374068e+00
1.58187938e+00
1.59900618e+00
1.57831407e+00
1.56810236e+00
1.59544539e+00
1.61481690e+00
1.59096873e+00
1.57873964e+00
1.56160200e+00
1.57917202e+00
1.56875670e+00
1.55158508e+00
1.55575311e+00
1.58853364e+00
1.58261395e+00
1.57522690e+00
1.56047571e+00
1.57328343e+00
1.55250502e+00
1.55404723e+00
1.56124842e+00
1.55018425e+00
1.55547881e+00
1.55375302e+00
1.55410945e+00
1.55880725e+00
1.55942142e+00
1.56948245e+00
1.55693448e+00
1.54427946e+00
1.54235208e+00
1.57169449e+00
1.57451165e+00
1.55207467e+00
1.53843510e+00
1.56648028e+00
1.56835055e+00
1.54780829e+00
1.55047715e+00
1.56321073e+00
1.56712341e+00
1.54691195e+00
1.56211126e+00
1.56789875e+00
1.55011094e+00
1.56989741e+00
1.57162535e+00
1.54047799e+00
1.54298854e+00
1.54801309e+00
1.54504907e+00
1.55776203e+00
1.53359973e+00
1.54866242e+00
1.54629064e+00
1.53375149e+00
1.54674125e+00
1.54179132e+00
1.53319061e+00
1.52615988e+00
1.53201640e+00
1.52475893e+00
1.52413976e+00
1.52797520e+00
1.51636469e+00
1.50673330e+00
1.52950442e+00
1.50161350e+00
1.51663876e+00
1.51395690e+00
1.51434362e+00
1.52413869e+00
1.51465547e+00
1.51451182e+00
1.50943232e+00
1.51164997e+00
1.49487424e+00
1.49097013e+00
1.51839197e+00
1.49862731e+00
1.49185872e+00
1.50231993e+00
1.50091982e+00
1.51378083e+00
1.49151886e+00
1.49427915e+00
1.50605738e+00
1.50470722e+00
1.51165700e+00
1.50405693e+00
1.51343119e+00
1.51859987e+00
1.49033880e+00
1.49095738e+00
1.52125967e+00
1.52180135e+00
1.49121284e+00
1.47487545e+00
1.52012229e+00
1.51564729e+00
1.48899209e+00
1.49668348e+00
1.50849748e+00
1.48586798e+00
1.48260748e+00
1.48027456e+00
1.47066784e+00
1.48005521e+00
1.45685709e+00
1.47299075e+00
1.46534240e+00
1.48578095e+00
1.47051191e+00
1.46070743e+00
1.46529448e+00
1.46054912e+00
1.47405207e+00
1.47849977e+00
1.46203244e+00
1.46689963e+00
1.47349274e+00
1.48412740e+00
1.46201777e+00
1.46130216e+00
1.45315242e+00
1.44931448e+00
1.46659362e+00
1.47204816e+00
1.46795285e+00
1.43631327e+00
1.43696785e+00
1.46375096e+00
1.45319998e+00
1.43784726e+00
1.43939161e+00
1.45093608e+00
1.45358455e+00
1.43135488e+00
1.43298757e+00
1.43703413e+00
1.45684540e+00
1.43579173e+00
1.43759727e+00
1.44248557e+00
1.44392502e+00
1.45218468e+00
1.42778671e+00
1.41669297e+00
1.41692257e+00
1.41302133e+00
1.43053555e+00
1.43202388e+00
1.41661012e+00
1.43422747e+00
1.43111610e+00
1.42601049e+00
1.42995322e+00
1.42227900e+00
1.43045533e+00
1.43085146e+00
1.41360235e+00
1.42074704e+00
1.43260002e+00
1.40740073e+00
1.40881383e+00
1.40584159e+00
1.44465995e+00
1.41932487e+00
1.38390982e+00
1.40998530e+00
1.42662859e+00
1.41513288e+00
1.41868484e+00
1.40854716e+00
1.41011512e+00
1.41868877e+00
1.42579842e+00
1.41884494e+00
1.39246607e+00
1.42249954e+00
1.39873278e+00
1.40662861e+00
1.40349591e+00
1.39124775e+00
1.38555050e+00
1.39891422e+00
1.40896821e+00
1.40792632e+00
1.40564835e+00
1.38942361e+00
1.39868295e+00
1.41964662e+00
1.41617095e+00
1.38672578e+00
1.38220787e+00
1.38933396e+00
1.41004550e+00
1.38595331e+00
1.36465394e+00
1.36908734e+00
1.37458670e+00
1.38148618e+00
1.38109195e+00
1.39246094e+00
1.39402068e+00
1.36961257e+00
1.35924518e+00
1.37606537e+00
1.37107217e+00
1.37720561e+00
1.37292659e+00
1.37170374e+00
1.38844573e+00
1.39657593e+00
1.37821674e+00
1.36551189e+00
1.37564886e+00
1.36519551e+00
1.37656450e+00
1.37959051e+00
1.38475442e+00
1.38340926e+00
1.37156320e+00
1.39048576e+00
1.34425044e+00
1.35999310e+00
1.36961913e+00
1.36281466e+00
1.37474537e+00
1.35428894e+00
1.35152662e+00
1.36138320e+00
1.36450183e+00
1.36390698e+00
1.36972904e+00
1.37187421e+00
1.35539794e+00
1.37073767e+00
1.34515858e+00
1.34672761e+00
1.35143352e+00
1.34392250e+00
1.34031427e+00
1.34255493e+00
1.34786415e+00
1.34027374e+00
1.31703663e+00
1.33087957e+00
1.33584702e+00
1.32762015e+00
1.32642615e+00
1.34661138e+00
1.33531904e+00
1.33077228e+00
1.34217250e+00
1.33570683e+00
1.33859384e+00
1.32871616e+00
1.33338857e+00
1.33267975e+00
1.31808186e+00
1.31211734e+00
1.31622183e+00
1.32083941e+00
1.32128239e+00
1.31783342e+00
1.35625267e+00
1.34147525e+00
1.30407810e+00
1.30035925e+00
1.30085385e+00
1.29545820e+00
1.29528594e+00
1.30829811e+00
1.30180550e+00
1.30716228e+00
1.30796421e+00
1.31618714e+00
1.30896366e+00
1.29919004e+00
1.29013526e+00
1.29671371e+00
1.30238247e+00
1.30723166e+00
1.29611933e+00
1.30566561e+00
1.31769228e+00
1.29959738e+00
1.29319775e+00
1.30553222e+00
1.29896474e+00
1.27900481e+00
1.29406703e+00
1.30395329e+00
1.27705479e+00
1.28839743e+00
1.28592694e+00
1.27737141e+00
1.28856897e+00
1.29011440e+00
1.27698922e+00
1.29897344e+00
1.29584265e+00
1.27635145e+00
1.27671242e+00
1.28150749e+00
1.28795660e+00
1.27015805e+00
1.28349376e+00
1.28208280e+00
1.26981533e+00
1.27962983e+00
1.27951920e+00
1.27783418e+00
1.27177775e+00
1.27709496e+00
1.25832188e+00
1.24899924e+00
1.28175354e+00
1.27590215e+00
1.27506673e+00
1.26917613e+00
1.26338077e+00
1.25817347e+00
1.26869535e+00
1.27089918e+00
1.23985803e+00
1.26727045e+00
1.24921048e+00
1.26369166e+00
1.27472615e+00
1.24623835e+00
1.27909315e+00
1.26503718e+00
1.25292194e+00
1.23317885e+00
1.25307548e+00
1.28296661e+00
1.15308177e+00
9.85186338e-01
1.05006301e+00
1.26046121e+00
1.33810711e+00
1.25119793e+00
1.25364530e+00
1.25879681e+00
1.26621854e+00
1.23420346e+00
1.25966513e+00
1.25288689e+00
1.23710740e+00
1.22926199e+00
1.24501860e+00
1.26104915e+00
1.24775147e+00
1.24068761e+00
1.25820863e+00
1.25413787e+00
1.23585498e+00
1.23730338e+00
1.23917556e+00
1.24471068e+00
1.23066354e+00
1.23402941e+00
1.22827554e+00
1.23048663e+00
1.23340750e+00
1.20482361e+00
1.22015226e+00
1.22726369e+00
1.21783113e+00
1.21299267e+00
1.23282993e+00
1.23028696e+00
1.23286080e+00
1.22421896e+00
1.21507418e+00
1.21959984e+00
1.20156455e+00
1.21460378e+00
1.21354830e+00
1.21979499e+00
1.20178819e+00
1.21382523e+00
1.21056080e+00
1.22049499e+00
1.21343517e+00
1.21333408e+00
1.22796333e+00
1.20880437e+00
1.21739912e+00
1.20989621e+00
1.21235394e+00
1.21169937e+00
1.20477784e+00
1.21336555e+00
1.19273448e+00
1.19440210e+00
1.20225132e+00
1.20599937e+00
1.20463347e+00
1.22193658e+00
1.21151805e+00
1.18553495e+00
1.19110703e+00
1.19195485e+00
1.19236481e+00
1.19841290e+00
1.19247210e+00
1.20747221e+00
1.21223617e+00
1.19853759e+00
1.17000723e+00
1.18035030e+00
1.18304598e+00
1.18280840e+00
1.18251324e+00
1.17857587e+00
1.18504047e+00
1.19550300e+00
1.17033863e+00
1.18016267e+00
1.17975402e+00
1.16885984e+00
1.18853092e+00
1.16742563e+00
1.15178084e+00
1.16172373e+00
1.16676581e+00
1.16001844e+00
1.16427433e+00
1.15812898e+00
1.18216050e+00
1.15644419e+00
1.14817262e+00
1.16212094e+00
1.17035520e+00
1.18073976e+00
1.18020880e+00
1.18757188e+00
1.18123960e+00
1.16014290e+00
1.16189027e+00
1.15907788e+00
1.15940773e+00
1.15975201e+00
1.15610230e+00
1.15621471e+00
1.16683233e+00
1.14987338e+00
1.16590381e+00
1.17516792e+00
1.15341473e+00
1.14264810e+00
1.14747715e+00
1.15116537e+00
1.14934731e+00
1.15737438e+00
1.15880895e+00
1.14368212e+00
1.14617240e+00
1.13645494e+00
1.12873876e+00
1.13798344e+00
1.13460064e+00
1.13252294e+00
1.14807034e+00
1.13762164e+00
1.11731148e+00
1.12203646e+00
1.13717115e+00
1.12465894e+00
1.13137400e+00
1.14775360e+00
1.13537169e+00
1.14098990e+00
1.12399650e+00
1.12539792e+00
1.13082433e+00
1.12956548e+00
1.12247705e+00
1.13717937e+00
1.12894392e+00
1.12310076e+00
1.12294626e+00
1.10115218e+00
1.12902844e+00
1.12910092e+00
1.12950587e+00
1.12619245e+00
1.10605586e+00
1.11352122e+00
1.11169827e+00
1.11363566e+00
1.11730134e+00
1.11586821e+00
1.13843942e+00
1.12408972e+00
1.12108004e+00
1.12631249e+00
1.12688971e+00
1.12203181e+00
1.11819327e+00
1.11173534e+00
1.12620330e+00
1.11431611e+00
1.11081421e+00
1.10347426e+00
1.10272634e+00
1.11798334e+00
1.12298548e+00
1.11539447e+00
1.10343039e+00
1.09997261e+00
1.12138796e+00
1.10474992e+00
1.07302165e+00
1.10664582e+00
1.10660648e+00
1.09546947e+00
1.11472249e+00
1.09907794e+00
1.10499740e+00
1.09245861e+00
1.07740116e+00
1.10631931e+00
1.09220243e+00
1.10729265e+00
1.08672845e+00
1.07814026e+00
1.09468460e+00
1.07900679e+00
1.09219980e+00
1.10488200e+00
1.07000673e+00
1.06059027e+00
1.08235478e+00
1.08352697e+00
1.06806529e+00
1.08336341e+00
1.10036790e+00
1.05131698e+00
1.07982945e+00
1.08488393e+00
1.07789886e+00
1.07471240e+00
1.07620025e+00
1.08163512e+00
1.07209992e+00
1.07764018e+00
1.08147764e+00
1.08541238e+00
1.06193566e+00
1.05913723e+00
1.06172168e+00
1.05106115e+00
1.08062601e+00
1.08998919e+00
1.05675745e+00
1.06148601e+00
1.07021224e+00
1.06321752e+00
1.05263269e+00
1.06196940e+00
1.07834113e+00
1.04713762e+00
1.07256842e+00
1.06816208e+00
1.06823444e+00
1.07120168e+00
1.05778491e+00
1.03819072e+00
1.04283977e+00
1.05670321e+00
1.06392777e+00
1.06637895e+00
1.01372075e+00
1.02892113e+00
1.05896103e+00
1.02420437e+00
1.02761126e+00
1.02017939e+00
1.03548145e+00
1.04520011e+00
1.04563904e+00
1.05830228e+00
1.05756807e+00
1.05806935e+00
1.05200100e+00
1.05605650e+00
1.04680932e+00
1.05777347e+00
1.04103434e+00
1.04926348e+00
1.04932821e+00
1.03189981e+00
1.04157591e+00
1.04181707e+00
1.04858792e+00
1.02940667e+00
1.02963185e+00
1.03633308e+00
1.01532960e+00
1.03548062e+00
1.04870617e+00
1.03971648e+00
1.03450322e+00
1.01974761e+00
1.03378320e+00
1.04910088e+00
1.02033877e+00
1.02905238e+00
1.03451061e+00
1.01370072e+00
1.01770175e+00
1.00112343e+00
9.97671545e-01
1.01341593e+00
1.03542686e+00
1.02794552e+00
1.01096702e+00
1.04406607e+00
1.03168154e+00
9.82193232e-01
1.00913441e+00
1.01457369e+00
1.00505638e+00
1.01804566e+00
1.01905859e+00
1.01844013e+00
9.97189045e-01
1.01210475e+00
1.00847971e+00
9.95518386e-01
1.00715768e+00
1.00514007e+00
1.00938785e+00
1.00765717e+00
1.00574470e+00
1.02235126e+00
9.96445477e-01
9.75911736e-01
1.00185549e+00
1.00743186e+00
1.00498450e+00
1.00470674e+00
1.00656199e+00
1.01354814e+00
1.01062357e+00
9.92697835e-01
9.99495208e-01
9.98584211e-01
9.97221828e-01
9.99544561e-01
9.93858814e-01
9.93067205e-01
9.87435877e-01
1.01298773e+00
9.92832482e-01
1.00261331e+00
9.97268379e-01
9.77686405e-01
9.84132648e-01
9.93667543e-01
9.97680843e-01
9.94751930e-01
9.91973698e-01
1.00230062e+00
9.92738545e-01
9.63262618e-01
9.68892395e-01
1.00931525e+00
9.93977129e-01
9.67403948e-01
9.81009662e-01
9.82145488e-01
9.67605829e-01
9.82508123e-01
9.77522552e-01
9.76053178e-01
9.75827694e-01
9.61671174e-01
9.76843953e-01
9.85543430e-01
9.72931981e-01
9.60564494e-01
9.80504870e-01
9.99140441e-01
9.71309125e-01
9.62838411e-01
9.75305140e-01
9.69796598e-01
9.71827388e-01
9.61365104e-01
9.59097981e-01
9.50365484e-01
9.34558034e-01
9.57060874e-01
9.79012311e-01
9.72536564e-01
9.63051915e-01
9.77037191e-01
9.72890019e-01
9.56715405e-01
9.69982922e-01
9.68871474e-01
9.57137883e-01
9.62090492e-01
9.45293963e-01
9.55307901e-01
9.59482968e-01
9.62240994e-01
9.47177231e-01
9.53030229e-01
9.63065863e-01
9.44697499e-01
9.60967958e-01
9.54494238e-01
9.66004372e-01
9.56745327e-01
9.48142231e-01
9.52970624e-01
9.65224564e-01
9.50854361e-01
9.45881069e-01
9.40848410e-01
9.52613175e-01
9.67476964e-01
9.40807819e-01
9.45807934e-01
9.41715002e-01
9.22945082e-01
9.39586997e-01
9.53174591e-01
9.34397399e-01
9.32456613e-01
9.31476653e-01
9.36267793e-01
9.33327258e-01
9.40326154e-01
9.41347480e-01
9.38661039e-01
9.46855783e-01
9.26666081e-01
9.45164561e-01
9.35523033e-01
9.02518392e-01
9.19837713e-01
9.37205017e-01
9.34297740e-01
9.18620229e-01
9.23655391e-01
9.28358555e-01
9.31165516e-01
9.36074078e-01
9.34915125e-01
9.39364254e-01
9.34827864e-01
9.22533393e-01
9.27202344e-01
9.37111259e-01
9.16770697e-01
9.22247887e-01
9.28289056e-01
9.17903602e-01
9.26865578e-01
9.18908000e-01
9.09132719e-01
8.86586070e-01
9.28257167e-01
1.00000000e+00
9.20059860e-01
8.87426853e-01
9.11768019e-01
9.09974515e-01
9.14674103e-01
9.14524615e-01
8.98583829e-01
8.86088252e-01
9.04449999e-01
9.11591172e-01
9.08289492e-01
9.04056549e-01
9.00062859e-01
9.04136419e-01
8.96027148e-01
8.94114614e-01
9.01488781e-01
8.93697381e-01
9.01884258e-01
9.00568187e-01
8.84088159e-01
9.10439789e-01
8.86829853e-01
8.98420215e-01
8.98363888e-01
8.85088623e-01
8.98921490e-01
8.82035673e-01
8.76757622e-01
9.07079756e-01
8.85842144e-01
8.77791882e-01
8.77479076e-01
8.82012963e-01
8.66761088e-01
8.82637978e-01
8.87857318e-01
8.86458218e-01
8.78818274e-01
8.81616771e-01
8.83697212e-01
8.78471076e-01
8.82917523e-01
8.76923382e-01
8.75306249e-01
8.90196502e-01
8.59594405e-01
8.79794836e-01
8.98020327e-01
8.92967522e-01
8.83085787e-01
8.92528176e-01
8.69617403e-01
8.41907561e-01
8.71078312e-01
8.67461324e-01
8.49405169e-01
8.67437184e-01
8.71255517e-01
8.59434545e-01
8.80131245e-01
8.77540767e-01
8.71153235e-01
8.80852103e-01
8.70689571e-01
8.82445753e-01
8.81156921e-01
8.82400453e-01
8.31070840e-01
8.20153117e-01
8.58891010e-01
8.72112632e-01
8.64660442e-01
8.51156890e-01
8.44216526e-01
8.39371681e-01
8.50130856e-01
8.60404670e-01
8.50506783e-01
8.48484933e-01
8.61467600e-01
8.45658183e-01
8.40391099e-01
8.31824005e-01
8.41805756e-01
8.52006376e-01
8.54059041e-01
8.60154927e-01
8.71422350e-01
8.48186016e-01
8.39664698e-01
8.40061665e-01
8.38727176e-01
8.32173228e-01
8.32857549e-01
8.59399915e-01
8.52178812e-01
7.76392043e-01
8.89808476e-01
8.75087380e-01
6.88949764e-01
7.81083047e-01
9.49066162e-01
9.40089345e-01
8.63740563e-01
7.92519748e-01
7.91910410e-01
8.03673029e-01
8.54251564e-01
8.31744552e-01
8.17194819e-01
8.15542042e-01
8.24003100e-01
8.26500177e-01
8.12483191e-01
8.30181599e-01
8.25741291e-01
8.25335622e-01
8.07767630e-01
8.13155949e-01
8.12899649e-01
7.99804211e-01
8.28822732e-01
8.16250801e-01
8.09068859e-01
8.16354692e-01
8.12350392e-01
8.06377888e-01
8.26180339e-01
8.26793075e-01
8.19910467e-01
8.09197307e-01
8.04842770e-01
8.14244390e-01
8.04298878e-01
8.06733072e-01
8.15858006e-01
8.10087979e-01
8.12950909e-01
8.16370964e-01
7.84807920e-01
7.58263528e-01
7.90753067e-01
8.06727290e-01
8.34598005e-01
8.09370279e-01
7.91105390e-01
8.14310491e-01
7.88978517e-01
7.95127869e-01
7.93515384e-01
7.93057621e-01
8.10728908e-01
8.06407034e-01
7.85501540e-01
7.84469604e-01
7.88730562e-01
7.83439457e-01
7.90749848e-01
7.81511664e-01
7.84046948e-01
7.92543292e-01
7.98180759e-01
7.91461051e-01
7.82473922e-01
7.82648444e-01
7.74544954e-01
7.92068183e-01
8.01768422e-01
7.68384099e-01
7.70116091e-01
7.71454692e-01
7.69434631e-01
7.75915682e-01
7.72890747e-01
7.88001776e-01
7.78066218e-01
7.67177403e-01
7.69388974e-01
7.69528627e-01
7.69182742e-01
7.50306308e-01
7.54596710e-01
7.59874523e-01
7.64045715e-01
7.47681856e-01
7.50514328e-01
7.47926831e-01
7.41391778e-01
7.58350313e-01
7.42762983e-01
7.46173084e-01
7.44321942e-01
7.47776687e-01
7.70742357e-01
7.57462800e-01
7.49153435e-01
7.40672290e-01
7.48169243e-01
7.27858961e-01
7.29370952e-01
7.44523227e-01
7.42305815e-01
7.29857743e-01
7.32422471e-01
7.43215442e-01
7.29790866e-01
7.21078098e-01
7.35579848e-01
7.37349093e-01
7.20628321e-01
7.12237656e-01
7.22587943e-01
7.23670125e-01
7.14539349e-01
7.04714894e-01
7.10629940e-01
7.12352097e-01
6.98076367e-01
7.18308449e-01
7.10428357e-01
7.09287226e-01
7.05366790e-01
7.08265662e-01
6.84150934e-01
6.82673812e-01
7.05928147e-01
6.82000875e-01
6.79450035e-01
6.79242253e-01
6.89816356e-01
6.87686384e-01
6.62421942e-01
6.64921701e-01
6.72955394e-01
6.72863960e-01
6.73313975e-01
6.50791943e-01
6.59561753e-01
6.80387557e-01
6.58001304e-01
6.50099337e-01
6.41074240e-01
6.45973444e-01
6.34385824e-01
6.15103424e-01
6.31447136e-01
6.35097206e-01
6.22508109e-01
6.21466935e-01
6.16393983e-01
6.15688801e-01
5.98340631e-01
6.00055099e-01
6.12340391e-01
5.65544963e-01
5.54268658e-01
5.93215048e-01
5.75399220e-01
5.63548923e-01
5.58425367e-01
5.55523455e-01
5.43499947e-01
5.40188909e-01
5.39951086e-01
5.23189068e-01
5.27857542e-01
5.16374707e-01
4.97573376e-01
5.04250169e-01
4.76504117e-01
4.86009926e-01
4.70377594e-01
4.53447491e-01
4.03399259e-01
3.83874446e-01
3.97318751e-01
4.12633181e-01
4.49219465e-01
4.49852616e-01
4.58613276e-01
4.83743846e-01
4.83945280e-01
5.02226114e-01
4.88261312e-01
4.90664870e-01
5.02447963e-01
5.31327069e-01
5.16731441e-01
5.26766956e-01
5.38281024e-01
5.41289926e-01
5.53318262e-01
5.54137826e-01
5.70936382e-01
5.73192656e-01
5.70523739e-01
5.78705490e-01
5.76529503e-01
5.83171010e-01
5.65147877e-01
5.81777751e-01
5.89428782e-01
5.95440745e-01
6.03251815e-01
5.89751840e-01
6.11494422e-01
6.09398782e-01
5.97044647e-01
6.06531918e-01
6.16830587e-01
6.16392076e-01
6.19609594e-01
6.34673715e-01
6.21066332e-01
6.24765158e-01
6.28826618e-01
6.20492280e-01
6.28101051e-01
6.25865400e-01
6.36003733e-01
6.35075569e-01
6.26794577e-01
6.34670317e-01
6.52650654e-01
6.37140989e-01
6.42076969e-01
6.60175502e-01
6.45446002e-01
6.45864666e-01
6.52959108e-01
6.51052356e-01
6.62498951e-01
6.54054761e-01
6.47330940e-01
6.48667037e-01
6.42818213e-01
6.50098860e-01
6.67278349e-01
6.54561877e-01
6.60444081e-01
6.57773852e-01
6.62457883e-01
6.79646432e-01
6.69641972e-01
6.64179802e-01
6.50292218e-01
6.64851487e-01
6.65984333e-01
6.67349517e-01
6.54107928e-01
6.66990936e-01
6.61850572e-01
6.65981352e-01
6.71495616e-01
6.69691861e-01
6.86126053e-01
6.71857357e-01
6.60196185e-01
6.58329844e-01
6.58863068e-01
6.62150860e-01
6.69579804e-01
6.62950456e-01
6.66616857e-01
6.65462732e-01
6.50908768e-01
6.51030242e-01
6.55919313e-01
6.61444128e-01
6.59456789e-01
6.65713131e-01
6.60907507e-01
6.63030267e-01
6.64486825e-01
6.52506351e-01
6.65434539e-01
6.67239845e-01
6.57577693e-01
6.65464044e-01
6.68977618e-01
6.69643402e-01
6.65307641e-01
6.62075579e-01
6.54712439e-01
6.48825645e-01
6.63221717e-01
6.66319430e-01
6.59230113e-01
6.44910276e-01
6.58173501e-01
6.56942487e-01
6.61461055e-01
6.59991622e-01
6.52464747e-01
6.60657704e-01
6.65766537e-01
6.57076716e-01
6.52102590e-01
6.59592927e-01
6.61780655e-01
6.63975060e-01
6.59398675e-01
6.52619839e-01
6.60114110e-01
6.53266728e-01
6.51031852e-01
6.45341039e-01
6.51412189e-01
6.45763874e-01
6.44967079e-01
6.54930353e-01
6.46361768e-01
6.51311994e-01
6.56455815e-01
6.42154753e-01
6.45790160e-01
6.51963770e-01
6.41716301e-01
6.91294432e-01
6.80357158e-01
6.63285494e-01
6.50749981e-01
6.54990494e-01
6.47336781e-01
6.47205949e-01
6.52152181e-01
6.57431483e-01
6.50502980e-01
6.43423796e-01
6.43727183e-01
6.57179296e-01
6.48295403e-01
6.44798040e-01
6.44807637e-01
6.47001445e-01
6.48849189e-01
6.47349536e-01
6.48080647e-01
6.51956499e-01
6.52134240e-01
6.36255682e-01
6.48898482e-01
6.57149971e-01
6.41656160e-01
6.47263110e-01
6.49826884e-01
6.35416210e-01
6.45761371e-01
6.42684698e-01
6.30091667e-01
6.13097370e-01
6.28476739e-01
6.53860867e-01
6.39281273e-01
6.44982755e-01
6.40886962e-01
6.45681262e-01
6.34993017e-01
6.31203830e-01
6.36038482e-01
6.34420037e-01
6.46656036e-01
6.37256444e-01
6.29535019e-01
6.30872190e-01
6.32166445e-01
6.33410871e-01
6.29815102e-01
6.22295320e-01
6.10454619e-01
6.19107544e-01
6.45927668e-01
6.21637583e-01
6.37087941e-01
6.44857049e-01
6.18182957e-01
6.20341063e-01
6.36659801e-01
6.48836672e-01
6.32158518e-01
6.18937850e-01
6.39455259e-01
6.27686381e-01
6.33191228e-01
6.28829300e-01
6.19817913e-01
6.13519549e-01
6.17926300e-01
6.24527395e-01
6.29981399e-01
6.23313069e-01
6.10362351e-01
6.19627476e-01
6.44202590e-01
6.10904157e-01
6.08759880e-01
6.25819743e-01
6.16466880e-01
6.15901470e-01
6.07774913e-01
6.13077819e-01
6.22404754e-01
6.21387482e-01
6.22458279e-01
6.19083524e-01
5.99967420e-01
5.96704841e-01
6.06763005e-01
6.25658810e-01
6.21941626e-01
6.19571388e-01
6.14332676e-01
6.24851704e-01
6.09012604e-01
6.12070680e-01
6.12464249e-01
6.08487546e-01
6.08372986e-01
6.08547270e-01
6.19845688e-01
6.14954829e-01
6.16077423e-01
5.99234343e-01
5.97309470e-01
6.23829603e-01
6.16592050e-01
6.08342469e-01
6.03900433e-01
6.00675106e-01
6.15181148e-01
6.00143135e-01
6.03470027e-01
6.12123847e-01
6.13238454e-01
5.98773181e-01
6.04198217e-01
5.96922100e-01
5.96613944e-01
6.06769860e-01
6.10539436e-01
6.00716591e-01
6.09956086e-01
5.92349768e-01
5.89743018e-01
6.02132320e-01
5.97100854e-01
5.96450508e-01
6.01016879e-01
5.96788287e-01
5.90638876e-01
5.82934737e-01
6.10848486e-01
6.05436862e-01
5.86590648e-01
6.03805125e-01
5.88351011e-01
5.84725082e-01
5.93187869e-01
6.04548633e-01
6.01397634e-01
5.86445093e-01
5.81745446e-01
5.96752107e-01
5.99630654e-01
6.11501336e-01
6.04031682e-01
5.87727249e-01
5.78403652e-01
5.94347298e-01
5.96680880e-01
5.86355746e-01
5.83116055e-01
5.96925378e-01
5.84427536e-01
5.91114879e-01
5.89015186e-01
5.89308023e-01
6.00826740e-01
5.85733712e-01
5.82463980e-01
6.01453304e-01
5.72605193e-01
5.74005783e-01
5.80846190e-01
5.95374227e-01
6.04766190e-01
5.93060076e-01
5.90137005e-01
5.85214972e-01
5.83449543e-01
5.90587080e-01
5.81505716e-01
5.74858725e-01
5.79342067e-01
5.72069824e-01
5.84473848e-01
5.86332381e-01
5.89057684e-01
5.79206944e-01
5.63834310e-01
5.81858993e-01
5.78839183e-01
5.75356662e-01
5.74260235e-01
5.72142482e-01
5.80579042e-01
5.66312313e-01
5.72245061e-01
5.69744766e-01
5.71501374e-01
5.79651296e-01
5.66740692e-01
5.55440545e-01
5.72279334e-01
5.64454854e-01
5.67405641e-01
5.77202201e-01
5.82807541e-01
5.73559999e-01
5.67349434e-01
5.61004817e-01
5.55636406e-01
5.61286747e-01
5.70909441e-01
5.65714061e-01
5.78417838e-01
5.67891896e-01
5.60897768e-01
5.68127334e-01
5.72829962e-01
5.63867748e-01
5.68632543e-01
5.67000210e-01
5.65569878e-01
5.70760787e-01
5.57490587e-01
5.60347319e-01
5.64661384e-01
5.61732650e-01
5.53661287e-01
5.42927563e-01
5.55541337e-01
5.55865467e-01
5.48156321e-01
5.58884561e-01
5.56760311e-01
5.52622855e-01
5.53014576e-01
5.49506307e-01
5.45134246e-01
5.44320107e-01
5.51317871e-01
5.50195515e-01
5.56215346e-01
5.62118351e-01
5.58069170e-01
5.52360594e-01
5.53093612e-01
5.47240019e-01
5.47348678e-01
5.52005231e-01
5.57811081e-01
5.55655777e-01
5.51130652e-01
5.36912262e-01
5.46980977e-01
5.46388566e-01
5.59219420e-01
5.61341822e-01
5.39022386e-01
5.43647230e-01
5.42061210e-01
5.43491364e-01
5.35440207e-01
5.37147999e-01
5.43641567e-01
5.55423260e-01
5.46468854e-01
5.35223722e-01
5.49049914e-01
5.38293839e-01
5.47101557e-01
5.45280933e-01
5.36711693e-01
5.35694301e-01
5.40463030e-01
5.44825435e-01
5.39659441e-01
5.38720191e-01
5.52952051e-01
5.32863975e-01
5.29478788e-01
5.52696168e-01
5.48909664e-01
5.28539836e-01
5.25821865e-01
5.31570494e-01
5.30136049e-01
5.42681396e-01
5.26016712e-01
5.21642923e-01
4.86681074e-01
5.37315845e-01
5.37323475e-01
5.16810238e-01
5.28566062e-01
5.41709483e-01
5.38827240e-01
5.34551501e-01
5.37181914e-01
5.28371990e-01
5.27396798e-01
5.39238036e-01
5.41352272e-01
5.25824666e-01
5.27855635e-01
5.11767864e-01
5.11300683e-01
5.19748747e-01
5.16647041e-01
4.98827517e-01
4.79828030e-01
5.04029989e-01
5.29767513e-01
5.30926228e-01
5.27684212e-01
5.12074471e-01
5.06567180e-01
5.12712955e-01
5.18165171e-01
5.27062476e-01
5.23798466e-01
5.04618108e-01
5.15512526e-01
5.20947635e-01
5.15555680e-01
5.18005908e-01
5.19932449e-01
5.05432189e-01
5.12311459e-01
5.23700893e-01
5.22905886e-01
5.09570420e-01
5.20858586e-01
5.03281772e-01
4.82869416e-01
4.88913059e-01
5.16758680e-01
5.21362841e-01
5.12642086e-01
5.17978907e-01
5.18593013e-01
5.09388626e-01
4.95958358e-01
4.92568880e-01
5.16984344e-01
5.08766294e-01
5.07102132e-01
5.05739331e-01
5.13871551e-01
4.60721403e-01
4.56507295e-01
4.96556908e-01
5.19991279e-01
5.05057275e-01
5.05210936e-01
5.11058331e-01
5.05446017e-01
5.14159143e-01
5.12530148e-01
5.05070984e-01
4.92830276e-01
5.07177711e-01
5.07925749e-01
5.03244877e-01
5.00657856e-01
5.02695262e-01
4.83680010e-01
4.90248173e-01
5.03823519e-01
5.00801146e-01
5.06345689e-01
4.95209605e-01
4.97979403e-01
5.05753160e-01
5.06419778e-01
5.03636837e-01
4.98098642e-01
5.02356231e-01
5.16944051e-01
5.06559610e-01
5.00553787e-01
5.08094728e-01
4.97524530e-01
5.00517666e-01
5.11162817e-01
4.79606032e-01
4.60175574e-01
4.88091260e-01
4.95281339e-01
4.96976674e-01
4.85542387e-01
4.87347811e-01
5.03221869e-01
4.92319077e-01
4.85763520e-01
4.93326277e-01
4.86507803e-01
4.91617799e-01
4.97031838e-01
4.89357531e-01
4.94591326e-01
4.93188083e-01
4.92074698e-01
4.94672745e-01
4.90478098e-01
4.78076845e-01
4.76036251e-01
4.80998099e-01
4.89491075e-01
4.82148856e-01
4.85566497e-01
4.81686980e-01
4.76192862e-01
4.78508741e-01
4.76604462e-01
4.95701253e-01
4.92144704e-01
4.87607211e-01
4.91676003e-01
4.76535648e-01
4.79542524e-01
4.80970055e-01
4.75276083e-01
4.84258056e-01
4.66351330e-01
4.87003922e-01
4.83384252e-01
4.54383850e-01
4.82917309e-01
4.84617859e-01
4.71216381e-01
4.63370800e-01
4.63788390e-01
4.68713015e-01
4.68422771e-01
4.77285296e-01
4.83830929e-01
4.80544448e-01
4.72837865e-01
4.69830155e-01
4.78206903e-01
4.81718957e-01
4.76417154e-01
4.71003264e-01
4.78994340e-01
4.79098380e-01
4.70852733e-01
4.65624720e-01
4.73627180e-01
4.73236918e-01
4.75161970e-01
4.69098926e-01
4.69084859e-01
4.70887572e-01
4.61086363e-01
4.65794206e-01
4.57810462e-01
4.50236440e-01
4.56464857e-01
4.77869928e-01
4.62991327e-01
4.59207147e-01
4.67910320e-01
4.68827277e-01
4.62351769e-01
4.68728393e-01
4.69396979e-01
4.71497804e-01
4.63687807e-01
4.68256682e-01
4.67271894e-01
4.61779475e-01
4.75079149e-01
4.69307065e-01
4.61302042e-01
4.60453659e-01
4.60365146e-01
4.55724597e-01
4.66496438e-01
4.62556213e-01
4.55640495e-01
4.63086098e-01
4.65679944e-01
4.65006858e-01
4.44621921e-01
4.70625311e-01
4.60666329e-01
4.64655370e-01
4.59255338e-01
4.49378341e-01
4.68716711e-01
4.61525798e-01
4.48820502e-01
4.51314360e-01
4.53642875e-01
4.54193026e-01
4.63527709e-01
4.65989590e-01
4.45347875e-01
4.37426537e-01
4.23438162e-01
4.41580087e-01
4.62134004e-01
4.40407693e-01
4.41676468e-01
4.51133192e-01
4.34555650e-01
4.47851896e-01
4.44286883e-01
4.44637835e-01
4.43349212e-01
4.50556874e-01
4.39534426e-01
4.41659629e-01
4.58784521e-01
4.39672738e-01
4.36930090e-01
4.44486290e-01
4.51857328e-01
4.55683678e-01
4.38618541e-01
4.35645938e-01
4.56490010e-01
4.32030469e-01
4.40942645e-01
4.47804838e-01
4.52403277e-01
4.59452569e-01
4.43336338e-01
4.35850918e-01
4.41839963e-01
4.44335014e-01
4.39872563e-01
4.48132306e-01
4.52444106e-01
4.35390472e-01
4.33048099e-01
4.40856963e-01
4.44943160e-01
4.43864554e-01
4.35086459e-01
4.37896907e-01
4.50569183e-01
4.45866048e-01
4.38882977e-01
4.34957534e-01
4.34982032e-01
4.41759557e-01
4.29384083e-01
4.35800016e-01
4.37029064e-01
4.37360525e-01
4.44079012e-01
4.44093168e-01
4.37224448e-01
4.37894821e-01
4.41049099e-01
4.40251619e-01
4.31865126e-01
4.28634882e-01
4.31011438e-01
4.31272238e-01
4.27095681e-01
4.21784073e-01
4.14909065e-01
3.94322932e-01
4.05499250e-01
3.93148541e-01
4.00629520e-01
4.34853286e-01
4.23023075e-01
4.19679046e-01
4.39213723e-01
4.31057870e-01
4.18466151e-01
4.33068305e-01
4.23523396e-01
4.21175748e-01
4.24545109e-01
4.32081044e-01
4.24934119e-01
4.25931692e-01
4.28445399e-01
4.13445443e-01
4.23129141e-01
3.95302862e-01
3.71018350e-01
3.99894387e-01
4.23242092e-01
4.11689997e-01
4.13331896e-01
4.22767937e-01
4.27023619e-01
4.31495100e-01
4.28554535e-01
4.21537966e-01
4.29207772e-01
4.27242815e-01
4.10674512e-01
4.27801669e-01
4.33832645e-01
4.28893030e-01
4.24711615e-01
4.25496668e-01
4.18403953e-01
4.23291713e-01
4.15381551e-01
4.24049765e-01
4.31296378e-01
3.78892779e-01
3.68616194e-01
4.22066271e-01
4.38711435e-01
4.24541146e-01
4.12940383e-01
4.15602803e-01
4.17997837e-01
4.10246074e-01
4.13943768e-01
4.20241266e-01
4.17100757e-01
4.16636288e-01
4.23993587e-01
4.17317927e-01
4.04011041e-01
3.99953991e-01
4.16488022e-01
4.20774847e-01
4.22897190e-01
4.07468975e-01
4.07933474e-01
4.20718133e-01
4.05325323e-01
3.98850262e-01
4.04632479e-01
3.92362446e-01
3.85604709e-01
4.23370481e-01
4.22815770e-01
4.03965414e-01
4.09221947e-01
4.08880472e-01
3.88952017e-01
3.89718384e-01
3.97282273e-01
3.87473673e-01
3.79479229e-01
4.07843500e-01
3.95503730e-01
4.05063778e-01
4.00734276e-01
3.82620722e-01
3.88800740e-01
4.06734735e-01
4.06467706e-01
3.95670116e-01
3.87828082e-01
3.92700464e-01
3.78761888e-01
3.94900739e-01
4.12432849e-01
4.04905915e-01
3.87183011e-01
3.99495542e-01
3.99929285e-01
3.86878133e-01
4.01995778e-01
4.08005625e-01
3.93386215e-01
3.96373928e-01
3.96398395e-01
3.91947091e-01
3.99659038e-01
3.87855411e-01
3.66127729e-01
3.37617308e-01
3.38355124e-01
4.09337610e-01
4.04581785e-01
3.61576915e-01
3.84099990e-01
3.95474553e-01
4.00279284e-01
4.01743025e-01
3.85292917e-01
3.95619780e-01
3.84338617e-01
3.88149172e-01
3.91385496e-01
3.79002541e-01
3.88063759e-01
3.94779950e-01
3.99042815e-01
3.96733254e-01
3.98544997e-01
3.76521915e-01
3.73331517e-01
4.18125629e-01
3.95653814e-01
3.83954555e-01
3.88613462e-01
3.83933306e-01
3.82055044e-01
3.60599697e-01
3.65768850e-01
4.04825181e-01
3.97690594e-01
3.98590833e-01
3.88469279e-01
3.90081078e-01
3.76710773e-01
3.87221873e-01
3.80089253e-01
3.65635753e-01
3.84723991e-01
3.88174683e-01
3.79121155e-01
3.72722179e-01
3.69855613e-01
3.20981801e-01
3.60361636e-01
3.89152527e-01
3.95756692e-01
3.83433968e-01
3.87276381e-01
3.84949356e-01
3.79678577e-01
3.85621130e-01
3.86711538e-01
3.82953554e-01
3.75109911e-01
3.74704361e-01
3.94564301e-01
3.68661106e-01
3.64018798e-01
3.81302625e-01
3.57281208e-01
3.45951378e-01
3.83068502e-01
3.71246666e-01
3.94220799e-01
3.74281645e-01
3.66630822e-01
3.74583364e-01
3.65862459e-01
3.75355184e-01
3.77294391e-01
3.73405039e-01
3.82025003e-01
3.80695879e-01
3.81619543e-01
3.65078896e-01
3.66196126e-01
3.78546298e-01
3.76400590e-01
3.63132089e-01
3.68716717e-01
3.59612197e-01
3.60750914e-01
3.72870326e-01
3.82146657e-01
3.84989500e-01
3.68365854e-01
3.72144103e-01
3.81780326e-01
3.80045086e-01
3.69541556e-01
3.68984669e-01
3.61441523e-01
3.69378209e-01
3.74516964e-01
3.69969845e-01
3.69554341e-01
3.73160452e-01
3.66084725e-01
3.68332446e-01
3.73996198e-01
3.72076571e-01
3.49552333e-01
3.63131553e-01
3.80169511e-01
3.70072752e-01
3.67498666e-01
3.64890069e-01
3.63089621e-01
3.63860637e-01
3.64784658e-01
3.68378520e-01
3.59841526e-01
3.59809488e-01
3.70563775e-01
3.63422483e-01
3.56862128e-01
3.70542139e-01
3.60254407e-01
3.68123084e-01
3.59766096e-01
3.56431544e-01
3.63947183e-01
3.66013199e-01
3.64345700e-01
3.58613849e-01
3.54138762e-01
3.52242649e-01
3.62665743e-01
3.65301222e-01
3.55610192e-01
3.52897644e-01
3.55123699e-01
3.62256855e-01
3.66992056e-01
3.63634825e-01
3.58551025e-01
3.53166014e-01
3.59108299e-01
3.58235717e-01
3.58207852e-01
3.58773351e-01
3.57749611e-01
3.47920626e-01
3.50441277e-01
3.57661575e-01
3.52171481e-01
3.60160410e-01
3.51145923e-01
3.47875208e-01
3.62305135e-01
3.52869183e-01
3.54526937e-01
3.68693858e-01
3.59151453e-01
3.54751915e-01
3.52308661e-01
3.53396773e-01
3.50109518e-01
3.56568515e-01
3.57079923e-01
3.52897257e-01
3.56562883e-01
3.50754082e-01
3.50896955e-01
3.47555846e-01
3.45045805e-01
3.55300367e-01
3.56386155e-01
3.48854244e-01
3.43769968e-01
3.51977289e-01
3.53126109e-01
3.43169153e-01
3.44811410e-01
3.50808352e-01
3.42161447e-01
3.38899940e-01
3.48255157e-01
3.61759037e-01
3.53419930e-01
3.40716004e-01
3.46911043e-01
3.43620598e-01
3.36097270e-01
3.42449188e-01
3.51035029e-01
3.52468073e-01
3.92598659e-01
3.69929224e-01
3.51175606e-01
3.45772505e-01
3.42222333e-01
3.31820130e-01
3.26584697e-01
3.26215923e-01
3.01352322e-01
3.07211280e-01
3.41324091e-01
3.40319812e-01
3.10970098e-01
2.90870458e-01
3.37749332e-01
3.49805117e-01
3.21176499e-01
3.30253512e-01
3.22453171e-01
3.07141066e-01
3.41832280e-01
3.42201501e-01
3.38173807e-01
3.50257903e-01
3.25942218e-01
3.37707251e-01
3.67968917e-01
3.44433546e-01
3.37202966e-01
3.42125207e-01
3.31119359e-01
3.36298466e-01
3.37286592e-01
3.41560692e-01
3.30787390e-01
3.35819870e-01
3.41230363e-01
3.31989110e-01
3.37495923e-01
3.41709584e-01
3.40067685e-01
3.29240888e-01
2.84786910e-01
3.42590064e-01
3.51168722e-01
3.18857223e-01
2.86779076e-01
3.07602108e-01
3.46809536e-01
3.34389299e-01
3.32398802e-01
3.17872316e-01
3.22252721e-01
3.20806473e-01
3.23445708e-01
3.34404290e-01
3.31224561e-01
3.30070466e-01
3.38630348e-01
3.38733375e-01
3.18416268e-01
2.86114633e-01
3.20613235e-01
3.28830421e-01
3.29845279e-01
3.34023952e-01
3.24263990e-01
3.15627605e-01
3.35663110e-01
3.13437849e-01
2.95544147e-01
3.45097929e-01
3.37449044e-01
3.32040250e-01
3.31694126e-01
3.22963327e-01
3.23134452e-01
3.15216064e-01
2.81964272e-01
3.05542558e-01
3.27043772e-01
3.32732469e-01
3.22792947e-01
3.31740260e-01
3.34419489e-01
2.78060377e-01
2.46108800e-01
2.74508953e-01
3.35206687e-01
3.36611658e-01
3.23726773e-01
3.26577246e-01
3.29036027e-01
3.22238922e-01
3.17663938e-01
3.18289727e-01
3.07487607e-01
3.04953158e-01
3.03478956e-01
3.23958009e-01
3.20108294e-01
3.34722936e-01
3.17724645e-01
2.96225607e-01
2.44505286e-01
2.76377320e-01
3.28388751e-01
3.20003182e-01
3.15437049e-01
3.19719642e-01
3.24555039e-01
3.18659693e-01
3.11725289e-01
3.08889151e-01
3.07921112e-01
3.23442161e-01
3.16054821e-01
3.21914226e-01
2.94379354e-01
2.96765864e-01
3.24397206e-01
3.20939988e-01
3.03579897e-01
3.16820025e-01
2.92105585e-01
2.94272006e-01
3.27238262e-01
3.18288893e-01
3.11696559e-01
3.08622986e-01
3.10418069e-01
3.06824535e-01
3.14473569e-01
3.19294423e-01
3.15470725e-01
3.05370182e-01
3.10861856e-01
3.09876949e-01
3.11684668e-01
3.14330518e-01
3.15470219e-01
3.04182291e-01
2.91404039e-01
3.01729172e-01
3.19108427e-01
3.08446199e-01
2.98301280e-01
2.76248187e-01
2.97409505e-01
3.14859867e-01
3.05829704e-01
3.03411603e-01
3.03312331e-01
3.06833059e-01
2.99336731e-01
3.03837746e-01
3.11022788e-01
3.07455242e-01
3.15659642e-01
3.11670125e-01
2.98473924e-01
3.01490426e-01
3.00827414e-01
3.10602754e-01
3.08220685e-01
3.04121286e-01
3.02221537e-01
2.91990519e-01
2.92762876e-01
2.98257440e-01
2.95829415e-01
3.04920286e-01
2.98243821e-01
2.98848033e-01
3.03545415e-01
3.05062622e-01
2.99608111e-01
2.90304273e-01
2.98678368e-01
3.01775157e-01
2.96523273e-01
3.12811047e-01
3.00298274e-01
2.80347824e-01
2.89832741e-01
2.92014927e-01
2.84444124e-01
3.02387446e-01
2.96456099e-01
3.05592060e-01
3.01613092e-01
2.90489435e-01
2.90913999e-01
3.04415882e-01
2.83495694e-01
2.90337145e-01
2.90977895e-01
2.95154214e-01
3.02400380e-01
2.79139698e-01
2.92944849e-01
2.73555934e-01
3.06143910e-01
2.87240237e-01
2.60343164e-01
2.76578039e-01
2.74617642e-01
2.94580132e-01
2.82506973e-01
2.94122726e-01
2.90628076e-01
2.76453823e-01
2.86313742e-01
2.95687437e-01
2.78166890e-01
2.91010827e-01
2.88283497e-01
2.82249749e-01
2.86639780e-01
2.93273896e-01
2.98128307e-01
2.94743687e-01
2.92352140e-01
2.98564821e-01
2.97098339e-01
2.91596651e-01
2.87897319e-01
2.91197568e-01
2.92675883e-01
2.80419827e-01
2.78899223e-01
2.92171687e-01
2.91807562e-01
2.91326702e-01
2.79922456e-01
2.78818250e-01
2.88771600e-01
2.84355640e-01
2.79212832e-01
2.85573274e-01
2.78151780e-01
2.87331402e-01
2.85008043e-01
2.78089434e-01
2.89540291e-01
2.93282837e-01
2.91746378e-01
2.81917125e-01
2.85349816e-01
2.86077589e-01
2.81762004e-01
2.82166958e-01
2.71216422e-01
2.44914398e-01
2.30003968e-01
2.93312907e-01
2.62787342e-01
1.93426058e-01
2.59498358e-01
3.21418434e-01
2.87491232e-01
2.45582938e-01
2.07844287e-01
2.51169443e-01
3.03068668e-01
2.74058431e-01
2.83794820e-01
2.69565523e-01
2.63064086e-01
2.72002548e-01
2.90347338e-01
2.87838668e-01
2.82827348e-01
2.81335652e-01
2.78923124e-01
2.79484719e-01
2.76220262e-01
2.75867611e-01
2.76964605e-01
2.80937821e-01
2.84884721e-01
2.78329700e-01
2.80339330e-01
2.78511256e-01
2.76217997e-01
1.65056139e-01
4.47140485e-02
2.46081144e-01
3.72932732e-01
2.63373345e-01
1.80706486e-01
2.34924167e-01
3.04983556e-01
2.85478234e-01
2.87960202e-01
2.79567748e-01
2.62887478e-01
2.65613675e-01
2.77630091e-01
2.68292367e-01
2.63780534e-01
2.66674429e-01
2.71159798e-01
2.73231775e-01
2.72128433e-01
2.48815000e-01
2.30504379e-01
2.68768430e-01
2.82535434e-01
2.74306476e-01
2.74024308e-01
2.73332655e-01
2.65621006e-01
2.55219519e-01
2.13032708e-01
1.96027398e-01
2.70502448e-01
2.73938209e-01
2.62611359e-01
2.66679853e-01
2.64326662e-01
2.81467468e-01
2.44331270e-01
2.12337002e-01
2.61312604e-01
2.75712252e-01
2.64876723e-01
2.73102343e-01
2.64824152e-01
2.79458880e-01
2.48690605e-01
1.95622325e-01
2.20979854e-01
2.80286103e-01
3.07073802e-01
2.73850858e-01
2.75752336e-01
2.74174720e-01
2.63464659e-01
2.59267241e-01
2.63332248e-01
2.65550494e-01
2.39889339e-01
2.25377679e-01
2.53522515e-01
2.80330449e-01
2.61739552e-01
2.62809038e-01
2.73410678e-01
2.16771469e-01
1.68453664e-01
2.23562390e-01
2.90132463e-01
2.79400408e-01
2.60364562e-01
2.70758927e-01
2.74401248e-01
2.64848262e-01
2.59435028e-01
2.57028192e-01
2.53773987e-01
2.62280732e-01
2.59060174e-01
2.74853051e-01
2.24850670e-01
1.78379893e-01
2.18690783e-01
2.64172316e-01
2.82434672e-01
2.88333088e-01
2.52068192e-01
1.62524208e-01
1.86405838e-01
