2.89813662e+00
2.77098608e+00
2.79345012e+00
2.94034195e+00
3.04884243e+00
3.00881290e+00
2.84894061e+00
2.90828919e+00
2.95683026e+00
2.92797422e+00
2.94640326e+00
2.96122384e+00
2.93061066e+00
3.01795268e+00
3.07189298e+00
2.97511148e+00
2.99504375e+00
3.06218505e+00
2.96554637e+00
2.97226214e+00
2.98984170e+00
2.83570051e+00
2.99364519e+00
3.00060248e+00
3.05445337e+00
3.08918500e+00
2.95719981e+00
2.95215011e+00
2.98864627e+00
2.91209245e+00
2.92100358e+00
2.87394333e+00
2.78879929e+00
2.94450927e+00
2.95315051e+00
2.84991241e+00
2.79065108e+00
2.73708606e+00
2.74617577e+00
2.80256152e+00
2.67629457e+00
2.69611025e+00
2.65281487e+00
2.64623618e+00
2.74890327e+00
2.61906290e+00
2.63182664e+00
2.73967528e+00
2.74237967e+00
2.77295804e+00
2.73587513e+00
2.76114964e+00
2.77935791e+00
2.84484196e+00
2.91759109e+00
2.90613627e+00
2.94179368e+00
2.90479898e+00
2.96226907e+00
2.91884351e+00
2.95096374e+00
3.01016164e+00
3.01758480e+00
2.91999841e+00
2.91378164e+00
2.96907330e+00
3.09696722e+00
3.05059457e+00
2.89628482e+00
3.00959563e+00
2.99348235e+00
2.95639396e+00
2.87819839e+00
2.95192361e+00
2.98434234e+00
2.87227321e+00
2.94244719e+00
2.97571611e+00
2.98541403e+00
2.94052219e+00
2.90322542e+00
2.88052154e+00
2.84506154e+00
2.76443481e+00
2.86373639e+00
2.87607718e+00
2.74810433e+00
2.85499954e+00
2.70589805e+00
2.80383253e+00
2.77372432e+00
2.62856078e+00
2.65231919e+00
2.66444111e+00
2.58153820e+00
2.40689039e+00
2.46085858e+00
2.51284957e+00
2.35494113e+00
2.41042304e+00
2.34765339e+00
2.33909893e+00
2.32284617e+00
2.27003312e+00
2.24586725e+00
2.22887588e+00
2.30734992e+00
2.36649323e+00
2.34637403e+00
2.33387828e+00
2.37552643e+00
2.41118193e+00
2.51023412e+00
2.49092126e+00
2.49861860e+00
2.53750348e+00
2.61760044e+00
2.68723273e+00
2.70296192e+00
2.65708423e+00
2.77895856e+00
2.74350548e+00
2.74467993e+00
2.88418460e+00
2.73759532e+00
2.97795153e+00
2.94024038e+00
2.93127441e+00
3.03731894e+00
2.95431828e+00
2.93796372e+00
2.89061856e+00
2.96637964e+00
3.00297523e+00
2.96569872e+00
2.90660453e+00
2.95267916e+00
3.01511931e+00
3.05041003e+00
3.07331800e+00
3.08640814e+00
3.07884002e+00
2.94591284e+00
3.02775192e+00
3.07389951e+00
3.02345204e+00
3.03953624e+00
3.01765347e+00
2.99052238e+00
3.05971313e+00
2.98430586e+00
2.92621517e+00
2.96485019e+00
2.98966479e+00
2.97504210e+00
2.99766636e+00
3.02683616e+00
2.99762821e+00
3.04490519e+00
2.97516870e+00
2.90312672e+00
2.92714763e+00
2.83812332e+00
2.78011441e+00
2.85433841e+00
2.82490015e+00
2.79075289e+00
2.76461267e+00
2.75960350e+00
2.71683812e+00
2.73378611e+00
2.72959709e+00
2.67884779e+00
2.61027002e+00
2.59318709e+00
2.63117886e+00
2.60349727e+00
2.59006190e+00
2.61914897e+00
2.42622280e+00
2.39861917e+00
2.32879019e+00
2.19327092e+00
2.33157468e+00
2.22724938e+00
2.20979428e+00
2.12226272e+00
2.03932595e+00
2.03398228e+00
2.04690528e+00
1.93309367e+00
1.84773088e+00
1.80189550e+00
1.80252743e+00
1.82209706e+00
1.87446356e+00
1.87338316e+00
1.98746324e+00
2.00240564e+00
2.02782607e+00
2.07481551e+00
2.11646867e+00
2.21977115e+00
2.19781899e+00
2.26067662e+00
2.32443714e+00
2.31134939e+00
2.38720441e+00
2.39625955e+00
2.36434746e+00
2.43732834e+00
2.56465721e+00
2.51152897e+00
2.45285916e+00
2.58459926e+00
2.66043782e+00
2.68204379e+00
2.75000787e+00
2.73285747e+00
2.65965438e+00
2.77327299e+00
2.82751179e+00
2.89686060e+00
2.88927221e+00
2.87138319e+00
2.85462952e+00
2.92486024e+00
3.07781625e+00
3.02197146e+00
2.96198797e+00
2.99698949e+00
2.99009800e+00
3.00908566e+00
3.10183549e+00
3.06527233e+00
3.04638386e+00
3.10100651e+00
3.06265545e+00
3.14398956e+00
3.20667553e+00
3.12872744e+00
3.06312847e+00
3.05817866e+00
3.00976610e+00
3.18861246e+00
3.09545422e+00
3.10682821e+00
3.19168806e+00
3.16552663e+00
3.13170981e+00
3.16703248e+00
3.21176052e+00
3.21983910e+00
3.17216301e+00
3.08465934e+00
3.08854532e+00
3.15635967e+00
3.25034404e+00
3.28892016e+00
3.20992708e+00
3.21349859e+00
3.20752358e+00
3.27285504e+00
3.21281195e+00
3.16126823e+00
3.20213175e+00
3.17231989e+00
3.22831988e+00
3.16900063e+00
3.18330073e+00
3.21581364e+00
3.21015000e+00
3.15370345e+00
3.13008142e+00
3.11728716e+00
3.13216567e+00
3.19126391e+00
3.17258334e+00
3.09953380e+00
3.12389159e+00
3.08305287e+00
3.10265732e+00
3.08575439e+00
3.10764146e+00
3.08079672e+00
3.01425266e+00
3.11916208e+00
3.08245754e+00
3.02706742e+00
2.97839475e+00
2.95011115e+00
2.97139335e+00
2.95718455e+00
2.91927862e+00
2.95904422e+00
2.97460461e+00
2.84770608e+00
2.79293966e+00
2.93701410e+00
2.76470447e+00
2.80618477e+00
2.81818390e+00
2.74309874e+00
2.74425340e+00
2.59067297e+00
2.65631223e+00
2.64638877e+00
2.59797001e+00
2.61620259e+00
2.59475899e+00
2.48997617e+00
2.50257730e+00
2.44556308e+00
2.37559772e+00
2.40886092e+00
2.40664029e+00
2.30677152e+00
2.29962015e+00
2.17336130e+00
2.20789814e+00
2.34659910e+00
2.08234096e+00
2.18864107e+00
2.14821863e+00
2.11135817e+00
2.07968378e+00
1.95731103e+00
1.91242933e+00
1.86695313e+00
1.83052433e+00
1.79108191e+00
1.70698583e+00
1.66351724e+00
1.60521924e+00
1.48139596e+00
1.45057118e+00
1.46526980e+00
1.52558851e+00
1.60797477e+00
1.65966761e+00
1.71820021e+00
1.82922328e+00
1.83842099e+00
1.85204315e+00
1.88611913e+00
1.87200677e+00
2.03019404e+00
1.97815681e+00
2.05067945e+00
2.13125563e+00
2.12530994e+00
2.25343060e+00
2.20249224e+00
2.20295000e+00
2.36610818e+00
2.40194464e+00
2.34345698e+00
2.40474558e+00
2.34123540e+00
2.40726805e+00
2.39955926e+00
2.40087938e+00
2.47510481e+00
2.52432632e+00
2.58881259e+00
2.60766935e+00
2.56086183e+00
2.61103058e+00
2.69202065e+00
2.68050694e+00
2.69484282e+00
2.72242594e+00
2.70171070e+00
2.72028255e+00
2.76905227e+00
2.79476833e+00
2.77524424e+00
2.83125544e+00
2.81519294e+00
2.84852433e+00
2.92419410e+00
2.79775739e+00
2.84897876e+00
2.92196250e+00
2.90765429e+00
2.92980504e+00
2.93554711e+00
2.91003799e+00
3.00346947e+00
2.96267676e+00
3.02682352e+00
3.05919909e+00
2.97689223e+00
3.01354575e+00
3.03782558e+00
3.13832879e+00
3.09501863e+00
3.03465867e+00
3.02350569e+00
3.07482505e+00
2.99778891e+00
3.06430745e+00
3.13287115e+00
3.14795303e+00
3.10802960e+00
3.09140587e+00
3.09576416e+00
3.14530134e+00
3.10399222e+00
3.08384156e+00
3.15785456e+00
3.16998792e+00
3.18395901e+00
3.07879448e+00
3.07605863e+00
3.12885594e+00
3.12744069e+00
3.16744852e+00
3.14124942e+00
3.17824745e+00
3.14942431e+00
3.17045021e+00
3.17981958e+00
3.05648351e+00
3.15281558e+00
3.15636873e+00
3.17698598e+00
3.16847301e+00
3.14968300e+00
3.23109555e+00
3.14423561e+00
3.13333654e+00
3.07102656e+00
3.10835171e+00
3.20314312e+00
3.14909244e+00
3.20239305e+00
3.21126890e+00
3.20537853e+00
3.20880342e+00
3.20083904e+00
3.20322490e+00
3.17925262e+00
3.16959882e+00
3.22605538e+00
3.20317626e+00
3.17369890e+00
3.12228346e+00
3.11091518e+00
3.17963839e+00
3.17548180e+00
3.16400480e+00
3.24299479e+00
3.18518114e+00
3.21320176e+00
3.20355392e+00
3.16631699e+00
3.13888431e+00
3.08501530e+00
3.11473346e+00
3.07021999e+00
3.12876892e+00
3.20592260e+00
3.16824985e+00
3.07654166e+00
3.16384220e+00
3.15238380e+00
3.07866478e+00
3.09567714e+00
3.09246063e+00
3.11280680e+00
3.11491513e+00
3.13136363e+00
3.14208150e+00
3.15432382e+00
3.12070584e+00
3.06831694e+00
3.06318164e+00
3.10863900e+00
3.05468965e+00
3.06161141e+00
3.08749580e+00
3.02140594e+00
3.03967524e+00
3.07804847e+00
3.03247905e+00
3.04241800e+00
3.09911966e+00
3.03681159e+00
3.04122734e+00
2.99512362e+00
3.06012201e+00
3.05051112e+00
2.97785258e+00
3.00203156e+00
3.05463552e+00
2.98248410e+00
2.99169159e+00
3.04904366e+00
3.02094293e+00
2.90772319e+00
3.02285290e+00
2.98611999e+00
2.97592854e+00
2.92653441e+00
2.95517659e+00
3.00004721e+00
2.91501975e+00
2.97202229e+00
2.93892956e+00
2.88768673e+00
2.87598801e+00
2.91286135e+00
2.86456227e+00
2.85401607e+00
2.79668117e+00
2.83198261e+00
2.88628149e+00
2.84275079e+00
2.78036642e+00
2.79088831e+00
2.74955630e+00
2.70945239e+00
2.75952744e+00
2.79478145e+00
2.77717900e+00
2.66507030e+00
2.69600797e+00
2.70372295e+00
2.74623990e+00
2.81337833e+00
2.63088965e+00
2.60677004e+00
2.59779167e+00
2.64464545e+00
2.66019320e+00
2.64418340e+00
2.65068316e+00
2.58830500e+00
2.58312559e+00
2.54228902e+00
2.51715660e+00
2.50631595e+00
2.43740964e+00
2.46535063e+00
2.50128722e+00
2.43299723e+00
2.41950440e+00
2.49650049e+00
2.38078284e+00
2.36824036e+00
2.40375710e+00
2.30729079e+00
2.28221440e+00
2.31424427e+00
2.26703238e+00
2.19221568e+00
2.17316628e+00
2.13621807e+00
2.14989710e+00
2.12772799e+00
1.98569560e+00
2.07203937e+00
2.00101900e+00
1.92392397e+00
1.92492318e+00
1.92425406e+00
1.92256606e+00
1.90473211e+00
1.77962112e+00
1.70682037e+00
1.68112457e+00
1.64709139e+00
1.63582003e+00
1.56440747e+00
1.52108109e+00
1.50742900e+00
1.46862054e+00
1.38947678e+00
1.26908565e+00
1.18637931e+00
1.20361543e+00
1.23552811e+00
1.24869764e+00
1.30050755e+00
1.48301661e+00
1.53580415e+00
1.55113769e+00
1.52604580e+00
1.58128476e+00
1.66370273e+00
1.62626684e+00
1.74096346e+00
1.87149370e+00
1.82421696e+00
1.83247304e+00
1.90670240e+00
1.88006723e+00
1.95774138e+00
1.95007789e+00
1.97206390e+00
1.97917831e+00
2.02899575e+00
2.07617855e+00
2.04631424e+00
2.07032180e+00
2.14670229e+00
2.15298128e+00
2.16680455e+00
2.26195025e+00
2.23123360e+00
2.29164600e+00
2.27682257e+00
2.27157831e+00
2.31571054e+00
2.33036065e+00
2.43088078e+00
2.40575123e+00
2.40012288e+00
2.41691470e+00
2.39085221e+00
2.40328670e+00
2.39308786e+00
2.41915917e+00
2.47723842e+00
2.48129106e+00
2.48573685e+00
2.48456621e+00
2.47274590e+00
2.52562809e+00
2.57348633e+00
2.52332354e+00
2.45649695e+00
2.52691770e+00
2.61207128e+00
2.53127241e+00
2.58897781e+00
2.64352751e+00
2.59825516e+00
2.59256005e+00
2.65562248e+00
2.62424779e+00
2.58697891e+00
2.55636239e+00
2.58222103e+00
2.58429599e+00
2.59202886e+00
2.57261419e+00
2.64977860e+00
2.67505741e+00
2.59615779e+00
2.68692970e+00
2.63696551e+00
2.70466590e+00
2.71482921e+00
2.65088797e+00
2.65669608e+00
2.63520288e+00
2.70601845e+00
2.75561738e+00
2.70369077e+00
2.68314266e+00
2.66724825e+00
2.70549774e+00
2.77742982e+00
2.69360733e+00
2.64091730e+00
2.69350767e+00
2.74259949e+00
2.69547629e+00
2.71615434e+00
2.65564871e+00
2.66211390e+00
2.71807170e+00
2.70201564e+00
2.73724985e+00
2.72899556e+00
2.73631167e+00
2.75777578e+00
2.73158765e+00
2.67423058e+00
2.73940086e+00
2.70327044e+00
2.71073031e+00
2.69612503e+00
2.72230816e+00
2.75224185e+00
2.67188764e+00
2.74311304e+00
2.65745759e+00
2.68968344e+00
2.75358486e+00
2.71834517e+00
2.71011662e+00
2.77937937e+00
2.74257803e+00
2.73049617e+00
2.72990847e+00
2.73948669e+00
2.79058146e+00
2.74034739e+00
2.74689031e+00
2.79111028e+00
2.78755260e+00
2.72209358e+00
2.74972653e+00
2.78148031e+00
2.70438027e+00
2.71729636e+00
2.73215580e+00
2.68296719e+00
2.72671366e+00
2.76940370e+00
2.76388478e+00
2.74071121e+00
2.70970821e+00
2.72601676e+00
2.69138408e+00
2.71283174e+00
2.75993323e+00
2.77091312e+00
2.76515770e+00
2.74813676e+00
2.67523909e+00
2.70706487e+00
2.70751262e+00
2.73255849e+00
2.70264506e+00
2.66481113e+00
2.69197583e+00
2.75954294e+00
2.75738120e+00
2.71759534e+00
2.71703386e+00
2.72539425e+00
2.72582054e+00
2.77171469e+00
2.70593548e+00
2.68618345e+00
2.70576262e+00
2.72443628e+00
2.76770711e+00
2.67205834e+00
2.65249920e+00
2.60821962e+00
2.66230893e+00
2.73849177e+00
2.70227766e+00
2.66018748e+00
2.69471407e+00
2.66014147e+00
2.66250682e+00
2.67288566e+00
2.69192386e+00
2.71567035e+00
2.72508526e+00
2.66854787e+00
2.64282274e+00
2.69599462e+00
2.70189643e+00
2.66954947e+00
2.74355721e+00
2.66627359e+00
2.65338039e+00
2.71645188e+00
2.60424829e+00
2.69956613e+00
2.68422246e+00
2.70798850e+00
2.70732498e+00
2.64394736e+00
2.65878034e+00
2.66104150e+00
2.70421529e+00
2.60972619e+00
2.56080914e+00
2.66654062e+00
2.63643003e+00
2.68807387e+00
2.62843823e+00
2.64006972e+00
2.68626332e+00
2.66937637e+00
2.63360906e+00
2.69991112e+00
2.63900924e+00
2.62843728e+00
2.64435768e+00
2.63488054e+00
2.56516814e+00
2.64496899e+00
2.64835119e+00
2.61354899e+00
2.60118032e+00
2.63640738e+00
2.66349792e+00
2.58665299e+00
2.65858936e+00
2.61055970e+00
2.56083488e+00
2.67713308e+00
2.63892603e+00
2.59542274e+00
2.61327767e+00
2.59923553e+00
2.58679938e+00
2.62678051e+00
2.58158779e+00
2.63967180e+00
2.64776373e+00
2.57166028e+00
2.57692242e+00
2.64247084e+00
2.61188531e+00
2.59052253e+00
2.60351419e+00
2.61740971e+00
2.65226507e+00
2.65099406e+00
2.58430696e+00
2.60115838e+00
2.61626196e+00
2.58045816e+00
2.60463428e+00
2.62943673e+00
2.55722761e+00
2.57139969e+00
2.55869818e+00
2.59870052e+00
2.59429574e+00
2.56631875e+00
2.61095762e+00
2.55644751e+00
2.56675482e+00
2.56212664e+00
2.55589485e+00
2.58859491e+00
2.57975793e+00
2.49248958e+00
2.52789426e+00
2.52540326e+00
2.51563025e+00
2.55886936e+00
2.52109194e+00
2.54845262e+00
2.56189966e+00
2.56186795e+00
2.52568960e+00
2.51921344e+00
2.54030108e+00
2.50104070e+00
2.48094797e+00
2.50780296e+00
2.54445839e+00
2.52270222e+00
2.42280364e+00
2.53552890e+00
2.52106142e+00
2.51037359e+00
2.54789400e+00
2.49935889e+00
2.47663164e+00
2.44039202e+00
2.44820476e+00
2.46910453e+00
2.47755551e+00
2.47758842e+00
2.50074649e+00
2.46303320e+00
2.50575209e+00
2.51950097e+00
2.51191688e+00
2.50536251e+00
2.45830345e+00
2.41388893e+00
2.52190852e+00
2.48722219e+00
2.43952084e+00
2.48404598e+00
2.48988032e+00
2.46795297e+00
2.49890995e+00
2.48899269e+00
2.47822237e+00
2.50272274e+00
2.50412560e+00
2.50213003e+00
2.46529698e+00
2.42964602e+00
2.43543386e+00
2.49489379e+00
2.47491980e+00
2.45550179e+00
2.47093248e+00
2.45143867e+00
2.46476769e+00
2.49218082e+00
2.37851858e+00
2.40182495e+00
2.46353340e+00
2.50699139e+00
2.45258570e+00
2.40652633e+00
2.49454665e+00
2.41722393e+00
2.46163440e+00
2.47246051e+00
2.40510750e+00
2.38787341e+00
2.41473079e+00
2.41386747e+00
2.30913377e+00
2.38721251e+00
2.50411105e+00
2.45388651e+00
2.39308906e+00
2.35451150e+00
2.36071396e+00
2.43272948e+00
2.45883274e+00
2.40789080e+00
2.45413995e+00
2.42458320e+00
2.45346642e+00
2.46269107e+00
2.41130710e+00
2.39239740e+00
2.35748053e+00
2.43793178e+00
2.38084555e+00
2.38719201e+00
2.41922855e+00
2.35777688e+00
2.31896782e+00
2.37493730e+00
2.34973645e+00
2.30913186e+00
2.35485220e+00
2.39663458e+00
2.34362626e+00
2.35724998e+00
2.29663587e+00
2.31756806e+00
2.35920334e+00
2.33347917e+00
2.37788343e+00
2.38812923e+00
2.35299802e+00
2.31661677e+00
2.28817773e+00
2.29077530e+00
2.32032728e+00
2.35183001e+00
2.28237891e+00
2.32073855e+00
2.38274717e+00
2.34191728e+00
2.29535937e+00
2.31143713e+00
2.28851390e+00
2.24972415e+00
2.25362754e+00
2.32019925e+00
2.27047467e+00
2.22152686e+00
2.23304391e+00
2.24279284e+00
2.29291105e+00
2.31406951e+00
2.21393585e+00
2.28196692e+00
2.27118921e+00
2.27486372e+00
2.29410458e+00
2.28340721e+00
2.22761774e+00
2.35691214e+00
2.27607226e+00
2.25048208e+00
2.29645491e+00
2.25811601e+00
2.25628161e+00
2.25016189e+00
2.25020909e+00
2.22404242e+00
2.21423674e+00
2.21205091e+00
2.21186399e+00
2.22113776e+00
2.26306963e+00
2.20541859e+00
2.15435934e+00
2.19012427e+00
2.16492748e+00
2.21741748e+00
2.21607471e+00
2.14473891e+00
2.15514302e+00
2.23114061e+00
2.12043071e+00
2.21977997e+00
2.10111094e+00
2.10138559e+00
2.16587543e+00
2.10518742e+00
2.12633801e+00
2.08017778e+00
2.13536215e+00
2.10775900e+00
2.04630899e+00
2.06147385e+00
2.07827234e+00
2.04856181e+00
2.04112720e+00
2.05574107e+00
2.03498673e+00
1.99666417e+00
2.03326535e+00
1.97969985e+00
2.04567385e+00
2.01209784e+00
1.94912899e+00
2.01214314e+00
1.98354328e+00
1.94330907e+00
1.94081807e+00
1.95501292e+00
1.97879803e+00
1.97532356e+00
1.94347513e+00
1.91169417e+00
1.91856420e+00
1.88794732e+00
1.87152457e+00
1.88300121e+00
1.81857240e+00
1.81423795e+00
1.83493602e+00
1.80465710e+00
1.77226460e+00
1.82527411e+00
1.82144284e+00
1.69545257e+00
1.69620800e+00
1.69181752e+00
1.67683446e+00
1.65490329e+00
1.66349936e+00
1.68201113e+00
1.66725087e+00
1.63507044e+00
1.58114457e+00
1.51671672e+00
1.52697897e+00
1.52692115e+00
1.57816052e+00
1.58138978e+00
1.50879717e+00
1.44711471e+00
1.45071959e+00
1.43152797e+00
1.36726594e+00
1.33408594e+00
1.33631682e+00
1.32502604e+00
1.28575623e+00
1.22573173e+00
1.14075124e+00
1.14273012e+00
1.15607667e+00
1.09940588e+00
1.08726442e+00
1.00022829e+00
9.38889086e-01
9.76526618e-01
1.01690674e+00
1.04017675e+00
1.15326416e+00
1.17991519e+00
1.19152892e+00
1.25823426e+00
1.31444550e+00
1.32071722e+00
1.37784350e+00
1.35611355e+00
1.39013827e+00
1.41729605e+00
1.40256095e+00
1.41822600e+00
1.50052881e+00
1.48232150e+00
1.52336454e+00
1.53251517e+00
1.52409792e+00
1.56788409e+00
1.53604782e+00
1.58492362e+00
1.58038330e+00
1.60072613e+00
1.60084391e+00
1.57229352e+00
1.68560219e+00
1.62714136e+00
1.64088070e+00
1.68601346e+00
1.71052814e+00
1.73751497e+00
1.72564101e+00
1.67507553e+00
1.70725524e+00
1.76160669e+00
1.77989686e+00
1.79152644e+00
1.80279100e+00
1.75021195e+00
1.81968904e+00
1.84052169e+00
1.79705334e+00
1.79607308e+00
1.80436480e+00
1.83360660e+00
1.82183826e+00
1.85908341e+00
1.88537657e+00
1.83095264e+00
1.84726179e+00
1.93021262e+00
1.97523773e+00
1.93175089e+00
1.90254986e+00
1.95569789e+00
1.91144049e+00
1.90847194e+00
1.96441567e+00
1.95689428e+00
1.90697598e+00
1.93498278e+00
1.93037570e+00
1.90363181e+00
1.94016790e+00
1.98159206e+00
1.93428206e+00
1.91177571e+00
1.97827053e+00
1.93817461e+00
1.93271530e+00
1.96064413e+00
1.95772934e+00
1.97881699e+00
1.96193016e+00
1.90514922e+00
1.95827699e+00
1.97322524e+00
1.95368564e+00
1.94174683e+00
1.93908238e+00
2.01086855e+00
1.97239363e+00
1.95446289e+00
1.97631979e+00
1.96260226e+00
1.95701516e+00
1.97220623e+00
1.96024132e+00
1.94651866e+00
1.95761883e+00
1.96105218e+00
1.97433209e+00
2.00155663e+00
1.98818409e+00
1.98404622e+00
1.97214305e+00
1.95431042e+00
1.95462918e+00
1.99342942e+00
1.99182165e+00
1.95194745e+00
1.98799014e+00
2.01828432e+00
1.93862092e+00
1.99170995e+00
1.96687448e+00
1.95476663e+00
1.96700788e+00
1.97743976e+00
2.04305935e+00
1.98475885e+00
1.95496583e+00
1.96569741e+00
1.95765531e+00
1.91889608e+00
2.00738406e+00
2.03489542e+00
1.97549891e+00
1.94871712e+00
1.98982775e+00
2.00774074e+00
1.94869268e+00
1.98097992e+00
1.97548759e+00
2.01285195e+00
2.00071430e+00
1.96349609e+00
2.03009462e+00
2.01603246e+00
1.96722329e+00
1.95137858e+00
1.95005703e+00
1.97349429e+00
1.99346840e+00
2.03900909e+00
2.00129294e+00
1.93131709e+00
1.93637455e+00
2.01069427e+00
1.95900905e+00
1.95790279e+00
2.02223039e+00
2.00053930e+00
1.96695602e+00
2.00120831e+00
2.02261806e+00
1.99207854e+00
1.98343217e+00
1.98970234e+00
2.00744462e+00
2.00016427e+00
2.02233195e+00
2.00657606e+00
2.01906276e+00
1.99963379e+00
1.95098686e+00
1.94094849e+00
1.96371889e+00
1.90176809e+00
1.98325968e+00
1.97943640e+00
1.96340573e+00
2.02441072e+00
1.96148157e+00
1.96545053e+00
1.97809684e+00
1.96427965e+00
1.93871152e+00
1.95930183e+00
1.99452782e+00
1.96057558e+00
1.93973839e+00
1.94992685e+00
1.94995308e+00
1.96440721e+00
1.93934453e+00
1.92720926e+00
1.90786850e+00
1.94045413e+00
1.95999837e+00
1.94994879e+00
1.97768009e+00
1.93115425e+00
1.97438133e+00
1.95523071e+00
1.89227152e+00
1.91664755e+00
1.90193522e+00
1.91861045e+00
1.91180551e+00
1.92578423e+00
1.94821513e+00
1.92591405e+00
1.90616143e+00
1.96804869e+00
1.88528860e+00
1.90910351e+00
1.94959986e+00
1.91365790e+00
1.94754362e+00
1.93270087e+00
1.93278921e+00
1.92990327e+00
1.90617263e+00
1.91221476e+00
1.94467628e+00
1.92627132e+00
1.91027105e+00
1.92620039e+00
1.92482865e+00
1.94342721e+00
1.94126868e+00
1.89037669e+00
1.90481508e+00
1.94522357e+00
1.92745042e+00
1.87377751e+00
1.94849241e+00
1.94718456e+00
1.93156028e+00
1.92806160e+00
1.91681957e+00
1.90350699e+00
1.90750968e+00
1.88444352e+00
1.89441383e+00
1.90086603e+00
1.87925422e+00
1.86581099e+00
1.92691731e+00
1.94284832e+00
1.89693975e+00
1.88552296e+00
1.91874981e+00
1.92191398e+00
1.85237348e+00
1.93017149e+00
1.89288807e+00
1.88282430e+00
1.90956354e+00
1.87761152e+00
1.86424232e+00
1.87680495e+00
1.86123955e+00
1.88811994e+00
1.90597296e+00
1.86757374e+00
1.85418296e+00
1.88480711e+00
1.85410190e+00
1.86257839e+00
1.89461124e+00
1.87571621e+00
1.89060915e+00
1.90105295e+00
1.87156034e+00
1.87257171e+00
1.87677693e+00
1.85728633e+00
1.88203132e+00
1.84459436e+00
1.88596594e+00
1.89229286e+00
1.85094452e+00
1.82663858e+00
1.82340991e+00
1.88365328e+00
1.84510589e+00
1.83972955e+00
1.84063148e+00
1.77242219e+00
1.83294570e+00
1.82092202e+00
1.84007168e+00
1.82956648e+00
1.82663190e+00
1.84519541e+00
1.79675174e+00
1.82327116e+00
1.84421706e+00
1.81767023e+00
1.82625139e+00
1.88716173e+00
1.83230698e+00
1.84213233e+00
1.87696862e+00
1.84224498e+00
1.79856884e+00
1.80951071e+00
1.79936421e+00
1.85100234e+00
1.82636738e+00
1.82919586e+00
1.86164176e+00
1.83087182e+00
1.84181571e+00
1.79945087e+00
1.85048175e+00
1.85863018e+00
1.81008303e+00
1.82901788e+00
1.81892550e+00
1.82549429e+00
1.83603060e+00
1.80923915e+00
1.77751946e+00
1.80817616e+00
1.86880028e+00
1.83597279e+00
1.76687956e+00
1.79528105e+00
1.82664764e+00
1.79217970e+00
1.80143762e+00
1.79218185e+00
1.79923034e+00
1.78421497e+00
1.80885732e+00
1.81532049e+00
1.75847673e+00
1.79373038e+00
1.78852892e+00
1.81225562e+00
1.81342840e+00
1.76882100e+00
1.84580028e+00
1.77669954e+00
1.79708195e+00
1.85635614e+00
1.79427433e+00
1.72764552e+00
1.80782998e+00
1.77906561e+00
1.80727386e+00
1.77399790e+00
1.71978199e+00
1.75227618e+00
1.75720215e+00
1.76701534e+00
1.74605119e+00
1.72894585e+00
1.73285866e+00
1.73049486e+00
1.74140751e+00
1.73374188e+00
1.74458361e+00
1.72668242e+00
1.75813556e+00
1.76619911e+00
1.71468329e+00
1.75968194e+00
1.70951498e+00
1.73686302e+00
1.77030790e+00
1.70918894e+00
1.72072935e+00
1.71040142e+00
1.73720765e+00
1.75904632e+00
1.77239466e+00
1.75060070e+00
1.73636281e+00
1.73799884e+00
1.72698617e+00
1.72097135e+00
1.72197413e+00
1.72885084e+00
1.74722505e+00
1.72180474e+00
1.72071838e+00
1.72273409e+00
1.71572876e+00
1.71958077e+00
1.73065019e+00
1.73402917e+00
1.71294415e+00
1.67576885e+00
1.69103122e+00
1.74228704e+00
1.67001677e+00
1.71786141e+00
1.72104561e+00
1.69759595e+00
1.72625506e+00
1.74394488e+00
1.72352684e+00
1.73870873e+00
1.72396219e+00
1.72168541e+00
1.70403099e+00
1.68363583e+00
1.72033882e+00
1.72537196e+00
1.69528532e+00
1.66928315e+00
1.66380930e+00
1.69157338e+00
1.71139836e+00
1.70421183e+00
1.68655443e+00
1.68405855e+00
1.67141771e+00
1.67407203e+00
1.63059402e+00
1.68737638e+00
1.69831455e+00
1.66773069e+00
1.66436601e+00
1.66936541e+00
1.66998768e+00
1.63172269e+00
1.66225493e+00
1.68116546e+00
1.67404830e+00
1.70812619e+00
1.68108714e+00
1.69065094e+00
1.70043361e+00
1.67630386e+00
1.65166068e+00
1.64393640e+00
1.62675107e+00
1.65027070e+00
1.67219532e+00
1.67216635e+00
1.67614925e+00
1.70088172e+00
1.68927753e+00
1.61536646e+00
1.67872441e+00
1.68338013e+00
1.63022625e+00
1.65607762e+00
1.70756006e+00
1.65027916e+00
1.63792658e+00
1.66836882e+00
1.68053901e+00
1.67016017e+00
1.64176035e+00
1.63753605e+00
1.70562613e+00
1.65644515e+00
1.61172545e+00
1.68936276e+00
1.67305708e+00
1.62255430e+00
1.60841739e+00
1.62217760e+00
1.65029776e+00
1.65539300e+00
1.63824832e+00
1.60306978e+00
1.63398421e+00
1.64386094e+00
1.62560439e+00
1.64273036e+00
1.64449954e+00
1.62016976e+00
1.60081744e+00
1.60835397e+00
1.62096679e+00
1.64061940e+00
1.64308155e+00
1.65888953e+00
1.64824665e+00
1.63454437e+00
1.59043646e+00
1.59245145e+00
1.64877200e+00
1.66728866e+00
1.64929223e+00
1.61095488e+00
1.59967506e+00
1.63568830e+00
1.62313557e+00
1.56927502e+00
1.56452310e+00
1.61371446e+00
1.63389087e+00
1.57293451e+00
1.60153246e+00
1.62731588e+00
1.56706309e+00
1.55405891e+00
1.59979820e+00
1.60472178e+00
1.57563710e+00
1.65614522e+00
1.61101353e+00
1.55442607e+00
1.55905211e+00
1.54488206e+00
1.58604002e+00
1.62163782e+00
1.62201869e+00
1.59431088e+00
1.60026622e+00
1.60990024e+00
1.56987619e+00
1.56924498e+00
1.60643566e+00
1.61135447e+00
1.58281779e+00
1.55457163e+00
1.55739963e+00
1.56186247e+00
1.64247775e+00
1.63346088e+00
1.54971147e+00
1.51886606e+00
1.55193520e+00
1.60024917e+00
1.57293284e+00
1.55770373e+00
1.56494439e+00
1.58717525e+00
1.58318079e+00
1.59281123e+00
1.51692212e+00
1.53632963e+00
1.60918581e+00
1.56504011e+00
1.56392658e+00
1.49465561e+00
1.52996242e+00
1.56839979e+00
1.57485294e+00
1.53864074e+00
1.51351357e+00
1.50052691e+00
1.56369638e+00
1.55819905e+00
1.52362382e+00
1.57580209e+00
1.51963234e+00
1.51449430e+00
1.55908775e+00
1.56039488e+00
1.53915095e+00
1.56741381e+00
1.56785703e+00
1.57095826e+00
1.55966043e+00
1.50985384e+00
1.51366556e+00
1.54455650e+00
1.54107940e+00
1.52219200e+00
1.52869058e+00
1.54388344e+00
1.51554859e+00
1.48335445e+00
1.49621463e+00
1.48440707e+00
1.47642624e+00
1.50723934e+00
1.51464415e+00
1.48465157e+00
1.57535040e+00
1.54119182e+00
1.52874291e+00
1.52131677e+00
1.49273443e+00
1.49555504e+00
1.53617430e+00
1.54035830e+00
1.53415704e+00
1.51521790e+00
1.49493241e+00
1.49398971e+00
1.52804673e+00
1.49378276e+00
1.53380191e+00
1.50632143e+00
1.44759476e+00
1.51223493e+00
1.50490141e+00
1.53981566e+00
1.50588214e+00
1.50540376e+00
1.50848055e+00
1.42625880e+00
1.46819150e+00
1.50386822e+00
1.46612966e+00
1.47956681e+00
1.49789536e+00
1.48448050e+00
1.51762760e+00
1.49074137e+00
1.37336767e+00
1.47879434e+00
1.44782627e+00
1.25234103e+00
1.30974650e+00
1.44359350e+00
1.46438932e+00
1.48965192e+00
1.48209834e+00
1.48173201e+00
1.46455836e+00
1.49274457e+00
1.46600544e+00
1.46982229e+00
1.48981941e+00
1.49727321e+00
1.49964571e+00
1.47452807e+00
1.47357142e+00
1.44956124e+00
1.44271052e+00
1.46040857e+00
1.45694363e+00
1.44034016e+00
1.46822071e+00
1.47820795e+00
1.48112845e+00
1.50557065e+00
1.44958222e+00
1.44558084e+00
1.46132493e+00
1.44769704e+00
1.44474983e+00
1.44068527e+00
1.41195869e+00
1.45925701e+00
1.46483111e+00
1.47722816e+00
1.47186744e+00
1.43703234e+00
1.41230261e+00
1.49766600e+00
1.45614684e+00
1.42401886e+00
1.47028768e+00
1.47763324e+00
1.43489587e+00
1.44996965e+00
1.44050229e+00
1.45591533e+00
1.46841216e+00
1.42557216e+00
1.46459591e+00
1.44364452e+00
1.44932163e+00
1.45336723e+00
1.41898572e+00
1.37359607e+00
1.44707680e+00
1.46168470e+00
1.45219851e+00
1.43340814e+00
1.39461350e+00
1.39644086e+00
1.40112472e+00
1.47043800e+00
1.44176626e+00
1.39700103e+00
1.39504457e+00
1.38997090e+00
1.42798698e+00
1.43655968e+00
1.46648300e+00
1.43939447e+00
1.41250050e+00
1.43765688e+00
1.42411292e+00
1.38676465e+00
1.42100704e+00
1.41367173e+00
1.35577142e+00
1.38329184e+00
1.39647388e+00
1.39250398e+00
1.42461443e+00
1.42677963e+00
1.40667582e+00
1.39962661e+00
1.41157269e+00
1.38871574e+00
1.40571260e+00
1.40637791e+00
1.41466272e+00
1.41515195e+00
1.35386014e+00
1.37228405e+00
1.38538587e+00
1.42012727e+00
1.41369009e+00
1.39568996e+00
1.38982785e+00
1.39706862e+00
1.32327819e+00
1.34949899e+00
1.43751729e+00
1.41266775e+00
1.39699721e+00
1.38189006e+00
1.36452317e+00
1.37715077e+00
1.40114367e+00
1.39268839e+00
1.42028511e+00
1.36131036e+00
1.33830500e+00
1.37321186e+00
1.38353157e+00
1.33211172e+00
1.37709832e+00
1.35487330e+00
1.35520649e+00
1.36673486e+00
1.35265660e+00
1.36624205e+00
1.39574170e+00
1.38393807e+00
1.32510769e+00
1.32527804e+00
1.33461308e+00
1.32697022e+00
1.33283281e+00
1.35177338e+00
1.34094536e+00
1.31577897e+00
1.31133318e+00
1.33906996e+00
1.37300265e+00
1.34984481e+00
1.35780191e+00
1.37036443e+00
1.37660396e+00
1.34645283e+00
1.39053440e+00
1.35606182e+00
1.36698568e+00
1.33697236e+00
1.33170652e+00
1.38528228e+00
1.32797515e+00
1.37073553e+00
1.35747099e+00
1.31889272e+00
1.30945551e+00
1.33731961e+00
1.36239362e+00
1.36582792e+00
1.34942400e+00
1.34399033e+00
1.34191906e+00
1.34603500e+00
1.32033002e+00
1.31778729e+00
1.30014813e+00
1.32600844e+00
1.37512064e+00
1.33636618e+00
1.23495460e+00
1.30487084e+00
1.27728963e+00
1.28448188e+00
1.31934130e+00
1.29671478e+00
1.31442285e+00
1.27700162e+00
1.30113816e+00
1.33066452e+00
1.32186866e+00
1.30444705e+00
1.32870162e+00
1.32368410e+00
1.33165705e+00
1.32424128e+00
1.30804896e+00
1.32684469e+00
1.31270576e+00
1.33731103e+00
1.25355780e+00
1.22611344e+00
1.29364705e+00
1.32448292e+00
1.25563347e+00
1.29861069e+00
1.25120115e+00
1.27077305e+00
1.31672180e+00
1.23511612e+00
1.31007981e+00
1.27016187e+00
1.28403831e+00
1.30378640e+00
1.28321850e+00
1.27185833e+00
1.21912754e+00
1.32386076e+00
1.30776930e+00
1.25026965e+00
1.25014150e+00
1.28594291e+00
1.20271397e+00
1.26868474e+00
1.28047025e+00
1.28450871e+00
1.29767478e+00
1.24932802e+00
1.31022608e+00
1.24197257e+00
1.23928595e+00
1.25494921e+00
1.25043905e+00
1.25519264e+00
1.27244890e+00
1.26790977e+00
1.28154671e+00
1.28797054e+00
1.28988957e+00
1.29003882e+00
1.30206490e+00
1.29612100e+00
1.26456010e+00
1.26012421e+00
1.27311707e+00
1.28002989e+00
1.26433742e+00
1.21852875e+00
1.24166822e+00
1.25515401e+00
1.24240005e+00
1.23899543e+00
1.20192373e+00
1.11626005e+00
1.15921187e+00
1.25218022e+00
1.26012886e+00
1.22638512e+00
1.21370912e+00
1.22533011e+00
1.19828629e+00
1.26548207e+00
1.33437097e+00
1.26587451e+00
1.30078626e+00
1.24623823e+00
1.25371361e+00
1.24043024e+00
1.21315742e+00
1.29667401e+00
1.26754260e+00
1.23838603e+00
1.25769591e+00
1.25061238e+00
1.25709188e+00
1.24964476e+00
1.17811489e+00
1.20072794e+00
1.24221373e+00
1.24159133e+00
1.26006377e+00
1.29174197e+00
1.22122908e+00
1.19052148e+00
1.20220840e+00
1.21232986e+00
1.22280133e+00
1.27683198e+00
1.23653197e+00
1.21755826e+00
1.21839285e+00
1.20503330e+00
1.20380902e+00
1.22075582e+00
1.23533642e+00
1.21095884e+00
1.24133217e+00
1.23587668e+00
1.20021212e+00
1.24524951e+00
1.30233085e+00
1.20656621e+00
1.17727876e+00
1.20247149e+00
1.22427857e+00
1.22095084e+00
1.23639274e+00
1.20042217e+00
1.25313663e+00
1.26440036e+00
1.20100915e+00
1.16015410e+00
1.17631578e+00
1.20594442e+00
1.22462404e+00
1.21221018e+00
1.16409922e+00
1.18419778e+00
1.21470428e+00
1.21600032e+00
1.22961295e+00
1.21574283e+00
1.18588197e+00
1.17167068e+00
1.22461462e+00
1.15174198e+00
1.18823111e+00
1.19182956e+00
1.16374385e+00
1.23273444e+00
1.22841322e+00
1.19534564e+00
1.21332097e+00
1.17842090e+00
1.13969064e+00
1.20286298e+00
1.15227771e+00
1.25213003e+00
1.18944848e+00
1.17037559e+00
1.21235120e+00
1.18034518e+00
1.19569182e+00
1.16793489e+00
1.15662301e+00
1.15292788e+00
1.15480876e+00
1.18620169e+00
1.17571115e+00
1.15516663e+00
1.21721709e+00
1.19705462e+00
1.13475645e+00
1.16614199e+00
1.14313519e+00
1.18709552e+00
1.19848144e+00
1.16436958e+00
1.12477148e+00
1.15400147e+00
1.20075023e+00
1.13780582e+00
1.11951208e+00
1.16105998e+00
1.17389095e+00
1.16203821e+00
1.07009399e+00
1.18746305e+00
1.13662815e+00
1.08765829e+00
1.15142226e+00
1.17412722e+00
1.16531777e+00
1.13139904e+00
1.17407322e+00
1.15118003e+00
1.11737502e+00
1.14316547e+00
1.10476685e+00
1.19766843e+00
1.15831113e+00
1.12417221e+00
1.14962149e+00
1.11740458e+00
1.11819005e+00
1.15389180e+00
1.18465579e+00
1.17519736e+00
1.12054682e+00
1.08462894e+00
1.16516173e+00
1.11403036e+00
1.15196073e+00
1.21051741e+00
1.17511070e+00
1.11603808e+00
1.13368404e+00
1.11200869e+00
1.12747395e+00
1.16691768e+00
1.15648890e+00
1.09566414e+00
1.16196227e+00
1.16557550e+00
1.14122117e+00
1.09234655e+00
1.09708738e+00
1.19514811e+00
1.16338968e+00
1.12493479e+00
1.09068215e+00
1.09662616e+00
1.13552594e+00
1.17645240e+00
1.10281932e+00
1.10833669e+00
1.11574674e+00
1.12606561e+00
1.15269661e+00
1.08160150e+00
1.10971022e+00
1.12576973e+00
1.11434913e+00
1.11584461e+00
1.13500774e+00
1.16062069e+00
1.12276971e+00
1.09643686e+00
1.13433087e+00
1.14291191e+00
1.10326016e+00
1.08324683e+00
1.10231173e+00
1.15820062e+00
1.12383616e+00
1.08668995e+00
1.08702183e+00
1.12433243e+00
1.12703419e+00
1.09220624e+00
1.08726835e+00
1.09046650e+00
1.10158730e+00
1.09125447e+00
1.13400900e+00
1.13052964e+00
1.04559100e+00
1.00000000e+00
1.06178236e+00
1.04378295e+00
1.07278335e+00
1.05425632e+00
1.08341396e+00
1.11377311e+00
1.09947395e+00
1.07187867e+00
1.03620958e+00
1.05293000e+00
1.05592656e+00
1.05129361e+00
1.07534993e+00
1.09911418e+00
1.03097224e+00
1.05141747e+00
1.08123064e+00
1.07722330e+00
1.04375136e+00
1.03502715e+00
1.09857404e+00
1.09241879e+00
1.04855621e+00
1.06754434e+00
1.09424520e+00
1.05639744e+00
1.07170057e+00
1.10931706e+00
1.08643270e+00
1.03902793e+00
1.07545900e+00
1.13418782e+00
1.00010717e+00
1.05561233e+00
1.03902197e+00
1.02680242e+00
1.03572190e+00
1.03906095e+00
1.08831799e+00
1.12056410e+00
1.09774077e+00
1.02692831e+00
1.00117528e+00
1.03150558e+00
1.10389185e+00
1.03813410e+00
1.02147961e+00
1.04840326e+00
1.04896128e+00
1.04895437e+00
1.04478621e+00
1.02736342e+00
1.00403714e+00
1.04006410e+00
1.08375537e+00
1.08879173e+00
1.09571040e+00
1.04514039e+00
1.03121793e+00
1.00776625e+00
9.82320070e-01
1.04043698e+00
1.04984820e+00
1.00139308e+00
1.01144743e+00
1.03725708e+00
1.04259825e+00
1.03272557e+00
1.06701803e+00
9.85076547e-01
1.01724327e+00
1.05258167e+00
1.03184664e+00
1.01914656e+00
1.00335360e+00
1.02731526e+00
1.01562023e+00
1.01440203e+00
1.00329852e+00
1.02043533e+00
1.00557494e+00
1.05919433e+00
1.05430746e+00
1.01863599e+00
1.03729665e+00
1.05895305e+00
1.03420949e+00
1.08955860e+00
1.02257693e+00
9.66810882e-01
9.95676219e-01
1.04386485e+00
9.92672741e-01
1.02184808e+00
1.04261708e+00
9.77704704e-01
8.98543239e-01
1.02242148e+00
1.14320910e+00
1.02860057e+00
7.94722974e-01
9.06466782e-01
1.12823319e+00
1.12636507e+00
1.05955184e+00
9.27568197e-01
9.29746687e-01
9.65020776e-01
1.00484049e+00
1.03999329e+00
1.00601602e+00
1.01401997e+00
1.01356184e+00
1.01234031e+00
9.90123451e-01
9.76999819e-01
1.00454152e+00
9.60483134e-01
1.00829506e+00
1.00657547e+00
9.70030069e-01
1.00632215e+00
9.88369048e-01
1.01979351e+00
1.00177956e+00
9.81641531e-01
9.89465415e-01
9.77965891e-01
9.83533621e-01
1.00291097e+00
9.53253508e-01
9.39780176e-01
9.67432380e-01
9.89428282e-01
1.01566648e+00
9.73699331e-01
9.61786985e-01
9.67104793e-01
9.60477054e-01
9.70255911e-01
9.39031482e-01
9.45686758e-01
9.79183376e-01
9.60100353e-01
9.55890417e-01
1.04013717e+00
9.44460332e-01
9.80302513e-01
9.60891724e-01
9.60553050e-01
9.69955623e-01
9.10410285e-01
9.83732879e-01
9.62926090e-01
9.65135574e-01
9.65422571e-01
9.55868363e-01
9.67961073e-01
9.67116773e-01
9.42406297e-01
9.32427049e-01
9.54671144e-01
9.44131494e-01
8.95754039e-01
9.62752759e-01
9.50620592e-01
9.45515990e-01
9.35025275e-01
9.28699851e-01
9.59481180e-01
9.26123559e-01
9.54868734e-01
9.78093684e-01
9.61216927e-01
9.58645999e-01
9.57322299e-01
9.55248117e-01
9.44197714e-01
9.18859303e-01
9.11049843e-01
9.30143952e-01
9.68233585e-01
9.26312625e-01
9.37252998e-01
9.05953467e-01
9.18573320e-01
9.39688623e-01
9.07245874e-01
9.70367491e-01
9.10095990e-01
9.05528665e-01
9.20892835e-01
9.36122715e-01
9.48836446e-01
9.39689517e-01
9.26629841e-01
9.60477352e-01
9.65318918e-01
9.25389886e-01
8.98897171e-01
9.06170547e-01
8.95438969e-01
9.21508074e-01
9.21420932e-01
8.76508236e-01
8.67532670e-01
9.16525960e-01
8.93066227e-01
8.74917388e-01
8.89621377e-01
8.87668252e-01
8.68665278e-01
9.54740107e-01
9.06023502e-01
8.64858150e-01
8.75890732e-01
8.83648753e-01
8.92179787e-01
8.88542354e-01
8.70696604e-01
8.48216176e-01
8.38419676e-01
8.43900979e-01
8.26492310e-01
8.75687659e-01
8.33056808e-01
8.22298944e-01
8.31713855e-01
8.37391257e-01
8.48058999e-01
8.54201734e-01
8.21837008e-01
7.51651227e-01
7.94006586e-01
8.40728521e-01
7.85224855e-01
8.14418316e-01
8.67185950e-01
8.51489305e-01
8.15250516e-01
8.22777510e-01
8.23943555e-01
7.64046490e-01
7.93435395e-01
7.94021070e-01
7.65424430e-01
7.57963836e-01
7.61742830e-01
7.51813889e-01
7.82371104e-01
7.79512227e-01
7.53053844e-01
7.36221910e-01
7.61585176e-01
7.56247640e-01
8.05458188e-01
7.61395395e-01
7.27530479e-01
7.32654572e-01
6.94358170e-01
6.89751685e-01
6.54922366e-01
6.80271387e-01
6.99341238e-01
6.84951723e-01
6.73905551e-01
6.75474048e-01
6.52638078e-01
5.92124462e-01
5.66746473e-01
5.86492479e-01
6.07408822e-01
6.00269139e-01
4.79985207e-01
4.83744770e-01
5.31447530e-01
5.06933928e-01
4.78675157e-01
5.57891786e-01
5.56928217e-01
5.93894899e-01
6.00061476e-01
5.88731229e-01
6.13744855e-01
5.86769879e-01
6.60182178e-01
6.69703722e-01
6.64105952e-01
6.74944878e-01
6.78936064e-01
6.96465015e-01
6.70168996e-01
7.09282339e-01
7.33317196e-01
6.88693166e-01
6.83816731e-01
7.42168903e-01
7.10542738e-01
6.82118118e-01
7.01612175e-01
7.44419396e-01
7.45130599e-01
6.87562883e-01
7.48223722e-01
7.70686924e-01
7.70135343e-01
7.67615497e-01
7.73030758e-01
8.01852763e-01
7.58607447e-01
7.56494462e-01
7.70131290e-01
7.61154413e-01
7.68523753e-01
7.65183866e-01
7.34762788e-01
8.01765501e-01
8.14699590e-01
7.79314101e-01
8.23082685e-01
8.02155495e-01
7.91799963e-01
7.93734431e-01
8.22164714e-01
8.35299313e-01
7.72555590e-01
7.87222624e-01
7.82379627e-01
8.00585687e-01
8.44837487e-01
8.65898907e-01
8.24272811e-01
8.20535958e-01
7.98632801e-01
8.20862055e-01
8.13605964e-01
7.91043520e-01
8.28308284e-01
8.30497622e-01
8.02650928e-01
8.08137238e-01
8.14063191e-01
7.96804428e-01
8.11858177e-01
8.50626886e-01
8.31755280e-01
8.26139271e-01
8.28626513e-01
8.21550012e-01
8.05382013e-01
7.82689929e-01
8.00344646e-01
8.37990463e-01
8.42407346e-01
8.33495140e-01
8.39304447e-01
8.15372944e-01
8.20962846e-01
8.29118192e-01
8.42826724e-01
8.37023377e-01
8.04202855e-01
8.69966090e-01
8.19337845e-01
8.46038401e-01
8.32318127e-01
7.86830604e-01
8.51677120e-01
8.07052851e-01
8.32730532e-01
8.29910576e-01
8.08962286e-01
7.82144606e-01
7.60128677e-01
8.00689578e-01
8.10804665e-01
8.23194265e-01
8.28900635e-01
8.30644608e-01
8.43065500e-01
7.96726406e-01
7.85951495e-01
8.27503085e-01
8.10787082e-01
7.77737975e-01
8.13915253e-01
8.05659175e-01
8.24703813e-01
7.86417782e-01
7.84354687e-01
8.16744030e-01
7.97790587e-01
8.08294594e-01
8.15310299e-01
8.14559162e-01
8.08973849e-01
8.04371774e-01
7.99549103e-01
8.47577751e-01
8.22609007e-01
8.13274860e-01
8.07667553e-01
7.88005233e-01
8.03570390e-01
8.27009797e-01
7.70779848e-01
7.66371071e-01
8.10072541e-01
8.42781365e-01
8.10251653e-01
7.86889315e-01
8.17291200e-01
8.13558578e-01
8.11520994e-01
8.27850699e-01
8.20514023e-01
8.54406178e-01
7.86783993e-01
7.60423481e-01
7.88216949e-01
8.07773590e-01
8.07292104e-01
7.85690844e-01
7.70623684e-01
7.93668568e-01
7.82451808e-01
7.65927315e-01
8.28088939e-01
7.77985752e-01
7.58259475e-01
7.90364206e-01
8.04407477e-01
7.82951057e-01
7.85768688e-01
8.00570011e-01
7.94079065e-01
8.06744576e-01
8.01721096e-01
7.89689362e-01
8.05940390e-01
7.67563403e-01
7.65250623e-01
7.90553868e-01
8.25339317e-01
8.06222618e-01
7.21369445e-01
7.70176113e-01
7.71229565e-01
7.47243822e-01
7.77626276e-01
7.75414824e-01
6.88139558e-01
8.07855129e-01
7.55262375e-01
7.72925675e-01
8.15892816e-01
7.94105232e-01
7.93721735e-01
7.86415875e-01
7.86768675e-01
7.62622297e-01
7.65707552e-01
7.77639568e-01
7.63965666e-01
7.91041732e-01
7.95853972e-01
7.60989189e-01
7.60595322e-01
7.82511473e-01
7.40546823e-01
7.69671500e-01
7.95313537e-01
7.53247619e-01
7.80190051e-01
8.00665617e-01
7.26166368e-01
7.55005956e-01
8.07871461e-01
7.62006521e-01
7.50447810e-01
7.90221870e-01
7.59659350e-01
8.09205651e-01
7.96297252e-01
7.69078553e-01
7.64807224e-01
7.69574642e-01
7.84677982e-01
7.67678380e-01
7.42013156e-01
7.80131161e-01
7.88799167e-01
7.45836198e-01
7.52613187e-01
7.50050068e-01
7.57446408e-01
7.88841367e-01
7.88384318e-01
7.56733894e-01
7.76124716e-01
7.83375323e-01
7.54705906e-01
7.63797939e-01
7.55231559e-01
7.47646809e-01
8.00867558e-01
7.15402007e-01
7.46023774e-01
7.37234175e-01
7.30125368e-01
7.77765453e-01
7.71843135e-01
7.44593680e-01
7.69422174e-01
7.84271538e-01
7.41222918e-01
7.10559368e-01
7.81785727e-01
7.60803401e-01
7.36951411e-01
7.27587581e-01
7.43232369e-01
7.44655848e-01
6.93694890e-01
7.59612262e-01
7.64269829e-01
7.41404355e-01
7.49051869e-01
7.35755146e-01
7.12864101e-01
7.30533183e-01
7.22196221e-01
7.48525620e-01
7.45439827e-01
7.26952314e-01
7.57095754e-01
7.21466899e-01
6.99188352e-01
7.29156852e-01
7.19053328e-01
6.92000270e-01
7.64102280e-01
7.34082460e-01
7.12275386e-01
7.43361354e-01
7.42048502e-01
7.07807600e-01
7.30883777e-01
7.38753200e-01
7.44248986e-01
7.37274349e-01
7.36726284e-01
7.35053122e-01
7.07623363e-01
7.00943410e-01
7.27608740e-01
7.39359140e-01
7.19853401e-01
7.31363058e-01
7.49664068e-01
7.09778786e-01
7.27157056e-01
7.03677773e-01
6.95904434e-01
7.21176088e-01
7.19865680e-01
6.95502520e-01
7.14667320e-01
7.04833448e-01
7.11330235e-01
7.36275494e-01
7.15049565e-01
6.84881747e-01
7.28853822e-01
7.50250161e-01
7.41567254e-01
7.24617660e-01
7.16599464e-01
7.18949318e-01
7.25862384e-01
7.32980132e-01
7.19699740e-01
7.02416658e-01
7.25955129e-01
7.19002664e-01
7.04070330e-01
6.92741692e-01
6.83801472e-01
6.88457191e-01
7.06580997e-01
6.78204894e-01
6.76404715e-01
7.09314406e-01
7.18843639e-01
6.94963872e-01
6.93880260e-01
6.92518532e-01
6.77031755e-01
6.94127738e-01
7.01519430e-01
6.92344725e-01
6.82746410e-01
6.75241828e-01
6.91527426e-01
7.12108314e-01
7.22516596e-01
7.05091298e-01
6.86929762e-01
7.05663323e-01
7.18539953e-01
7.07909226e-01
7.10632503e-01
7.24984884e-01
6.98861718e-01
6.75245821e-01
6.95807219e-01
6.96254015e-01
6.77119851e-01
6.69548869e-01
6.97133243e-01
7.10928261e-01
7.13807702e-01
6.88713431e-01
6.91345632e-01
7.19419301e-01
7.13795125e-01
6.96297467e-01
6.94531918e-01
7.03099132e-01
7.00903952e-01
6.86360240e-01
6.85178578e-01
7.02415347e-01
6.76489890e-01
6.92080259e-01
6.95668936e-01
6.73859060e-01
6.78936720e-01
6.52028322e-01
6.84204876e-01
6.89702570e-01
6.90567970e-01
6.99864149e-01
6.98532701e-01
6.83676124e-01
6.92274749e-01
6.72229886e-01
6.60203874e-01
6.76558554e-01
6.72698021e-01
6.79213047e-01
6.86311603e-01
6.57613635e-01
6.33147180e-01
6.50127113e-01
6.82275534e-01
6.66604221e-01
6.65062070e-01
6.51154995e-01
6.66561782e-01
6.70428991e-01
6.61964774e-01
6.66442454e-01
6.98124170e-01
6.80025518e-01
6.79338753e-01
6.97598398e-01
6.69060469e-01
7.15406299e-01
6.55149221e-01
6.38284326e-01
6.81604505e-01
6.89211190e-01
6.43438458e-01
6.58322811e-01
6.65471911e-01
6.53520405e-01
6.51447892e-01
6.61862373e-01
6.73927248e-01
6.88544214e-01
6.76033318e-01
6.47399485e-01
6.29472792e-01
6.51475668e-01
6.92556560e-01
7.03708351e-01
6.57425165e-01
6.51706278e-01
6.78999484e-01
6.73843086e-01
6.59266531e-01
7.08753049e-01
6.35232449e-01
6.29308879e-01
6.44940019e-01
6.44653380e-01
6.70191646e-01
6.39937401e-01
6.18611157e-01
6.45531535e-01
6.66976690e-01
6.55819654e-01
6.46741688e-01
6.36546314e-01
6.29064739e-01
6.73219502e-01
6.66499913e-01
6.22796714e-01
6.47434115e-01
6.52062058e-01
6.58111930e-01
6.63077295e-01
6.50268793e-01
6.39629364e-01
6.64873242e-01
6.37452483e-01
6.30439997e-01
6.30171418e-01
6.41006351e-01
6.59738541e-01
6.65540278e-01
6.29797459e-01
6.60484076e-01
6.67683482e-01
6.27705812e-01
6.25985205e-01
6.50421023e-01
6.18295133e-01
6.39321148e-01
6.63532138e-01
6.56484663e-01
6.36716127e-01
6.09516740e-01
6.02164745e-01
6.55875981e-01
6.73867941e-01
6.44356489e-01
6.23806834e-01
6.32497072e-01
6.20896876e-01
6.41268432e-01
6.42896891e-01
6.47156715e-01
6.67042017e-01
6.36765122e-01
5.37922144e-01
5.98791838e-01
6.56466186e-01
6.32932305e-01
6.29549444e-01
6.83311284e-01
6.31860852e-01
6.22177780e-01
6.41878545e-01
6.37253881e-01
6.20665729e-01
6.44632101e-01
6.20496213e-01
6.67156816e-01
6.44096315e-01
6.10300660e-01
6.29463553e-01
6.46333575e-01
6.25432909e-01
6.42626524e-01
6.43018723e-01
6.31458759e-01
6.25668705e-01
6.32651389e-01
6.39470160e-01
6.26558244e-01
6.47902191e-01
6.27342343e-01
5.91497660e-01
6.46330774e-01
5.87082982e-01
5.86640716e-01
6.31409168e-01
6.16917551e-01
5.92649817e-01
6.23274684e-01
6.20417118e-01
6.00616634e-01
6.14763021e-01
6.26997769e-01
6.27293587e-01
6.44784331e-01
6.01970136e-01
6.13054872e-01
6.21723711e-01
6.27345383e-01
6.37399793e-01
6.33098066e-01
6.10772371e-01
6.37362242e-01
6.05495989e-01
6.00665212e-01
6.34268701e-01
6.22169733e-01
6.26545191e-01
6.26998067e-01
5.95337987e-01
6.08553410e-01
6.49667978e-01
6.10198736e-01
6.17766023e-01
6.14211559e-01
6.22569025e-01
6.24588728e-01
5.96104205e-01
6.10375762e-01
6.29173994e-01
5.88490367e-01
6.07508063e-01
6.12255812e-01
5.90506494e-01
5.97640812e-01
5.71381807e-01
6.16661191e-01
5.88625550e-01
5.86545229e-01
6.23379111e-01
5.93556941e-01
5.85603595e-01
6.30604088e-01
6.30127072e-01
6.08612180e-01
6.11478686e-01
6.17144048e-01
6.13253295e-01
5.89196265e-01
5.87113678e-01
6.00925922e-01
5.90846360e-01
5.91858625e-01
6.26629949e-01
5.84813178e-01
5.86700678e-01
6.07772529e-01
6.23300433e-01
6.28924787e-01
5.53149879e-01
5.69275916e-01
5.72020471e-01
5.93846619e-01
6.07454956e-01
5.81184387e-01
5.81410885e-01
5.85571289e-01
5.86621165e-01
5.94221115e-01
6.18641734e-01
6.02135301e-01
5.95193803e-01
5.91492653e-01
6.13064408e-01
5.97131550e-01
5.67749262e-01
5.90767086e-01
6.03702307e-01
5.74883163e-01
6.05284214e-01
6.16299331e-01
5.66169322e-01
5.60797751e-01
5.70864379e-01
5.77863157e-01
5.82333803e-01
6.13153279e-01
6.10271394e-01
5.70410013e-01
5.86511493e-01
5.74562728e-01
5.87288618e-01
5.87538719e-01
5.77110052e-01
6.21032238e-01
5.94246089e-01
5.93254566e-01
6.07004702e-01
5.91403902e-01
5.66956758e-01
5.69291711e-01
5.64926922e-01
5.90401471e-01
5.80863655e-01
5.71111858e-01
5.70238948e-01
5.65540671e-01
5.44690788e-01
5.63366473e-01
5.72404027e-01
5.82462430e-01
5.92606664e-01
5.51012039e-01
5.68706214e-01
5.66004336e-01
5.24598956e-01
5.49741030e-01
5.92127025e-01
5.49464822e-01
5.73311090e-01
5.48779428e-01
5.58438182e-01
5.72543919e-01
5.65533221e-01
5.65770447e-01
5.56824863e-01
5.45463145e-01
5.49619555e-01
5.55236638e-01
5.58031380e-01
5.03775001e-01
5.79780519e-01
5.42083323e-01
5.83193123e-01
6.08740628e-01
5.52738607e-01
5.30573487e-01
5.37521005e-01
4.66587722e-01
5.38003206e-01
5.74626803e-01
5.22351563e-01
6.15132809e-01
4.91499960e-01
5.59939682e-01
5.43642402e-01
5.28274834e-01
5.55319190e-01
5.09163380e-01
6.05054975e-01
5.23732901e-01
5.06358206e-01
5.17825484e-01
5.22626698e-01
5.47237754e-01
5.02200127e-01
5.55921674e-01
5.43698907e-01
5.35881221e-01
5.85312784e-01
5.87312758e-01
5.58277726e-01
5.61241210e-01
5.51443636e-01
5.51915824e-01
5.72030544e-01
5.67764223e-01
5.60039580e-01
5.48940182e-01
5.39663553e-01
5.36927640e-01
5.56483567e-01
5.53635359e-01
5.24185717e-01
5.36037683e-01
5.36985338e-01
5.52178681e-01
5.72017908e-01
5.54982424e-01
5.37530899e-01
5.33406436e-01
5.58553159e-01
5.72007298e-01
5.41721880e-01
5.28605461e-01
5.18453658e-01
5.48222899e-01
5.71610034e-01
5.52750468e-01
5.23439825e-01
5.86202145e-01
5.44086635e-01
5.06072998e-01
5.39506674e-01
5.51548302e-01
5.31582534e-01
5.30122101e-01
5.54900229e-01
5.26940584e-01
5.21500587e-01
5.41757345e-01
5.57683289e-01
5.60614586e-01
5.54223597e-01
5.51291168e-01
5.42298853e-01
5.62556803e-01
5.84875405e-01
5.60693622e-01
5.24844766e-01
5.43696523e-01
5.70667565e-01
5.40362000e-01
4.94657069e-01
5.28772593e-01
5.44077694e-01
5.64280033e-01
5.40492475e-01
5.30434191e-01
5.27439833e-01
5.01210928e-01
5.57730258e-01
5.35559416e-01
5.07228076e-01
5.22036850e-01
5.46294749e-01
5.19632697e-01
5.47302127e-01
5.27513504e-01
5.53787231e-01
5.41787207e-01
4.94501531e-01
5.11405408e-01
5.54622114e-01
5.16636074e-01
5.11956155e-01
5.14693916e-01
5.35445035e-01
5.67470312e-01
4.89631474e-01
5.41080594e-01
5.40150464e-01
5.38618207e-01
5.37633836e-01
4.73803610e-01
5.33055663e-01
5.10379970e-01
5.05806148e-01
5.20378351e-01
5.06588340e-01
4.97803867e-01
5.34508765e-01
5.04364729e-01
4.89791155e-01
5.21157324e-01
5.33554077e-01
5.21372974e-01
5.08254886e-01
5.21016181e-01
5.11425197e-01
5.16024470e-01
5.32222033e-01
5.30662954e-01
5.16288579e-01
4.98791039e-01
5.14727890e-01
5.04749894e-01
4.81025428e-01
5.31806171e-01
5.15251637e-01
5.08017242e-01
5.11106074e-01
5.23601472e-01
5.43938756e-01
5.19290507e-01
5.03746271e-01
4.79757726e-01
4.85459000e-01
5.06472051e-01
5.24003446e-01
5.35242856e-01
5.21475434e-01
5.27064621e-01
5.25337219e-01
5.21747947e-01
5.09986520e-01
5.10617316e-01
4.97850746e-01
5.42548537e-01
5.00938118e-01
4.89061773e-01
5.16056359e-01
4.55575913e-01
5.05229115e-01
4.93404031e-01
5.00191867e-01
5.03729701e-01
4.90468174e-01
4.88906235e-01
4.89183694e-01
4.91406530e-01
5.19973755e-01
5.31560242e-01
4.67838973e-01
4.27227527e-01
5.90084970e-01
5.56735396e-01
5.03507435e-01
4.69004661e-01
4.54085588e-01
5.48499703e-01
4.82766986e-01
4.70331609e-01
4.89759266e-01
5.00268877e-01
5.18890679e-01
5.32103121e-01
4.80969131e-01
4.91199046e-01
5.01594901e-01
5.08273363e-01
5.03882468e-01
5.13427198e-01
4.66003716e-01
4.88343596e-01
5.32594621e-01
5.09474874e-01
4.68684465e-01
4.67006147e-01
4.94418174e-01
4.68381882e-01
4.45496649e-01
4.19548184e-01
4.83094633e-01
5.49082816e-01
4.79242206e-01
4.93970215e-01
5.04188895e-01
4.88219053e-01
4.79445994e-01
4.62800831e-01
5.23762584e-01
5.35817325e-01
5.20261228e-01
4.93242353e-01
4.67792690e-01
4.75724965e-01
4.11318809e-01
4.84929562e-01
5.79430878e-01
5.63269913e-01
4.98938739e-01
4.97245431e-01
4.79370654e-01
4.82858956e-01
4.82108563e-01
4.74707335e-01
4.82553840e-01
4.39042151e-01
4.00341123e-01
4.54831451e-01
4.81825739e-01
4.93299544e-01
4.73029822e-01
4.45245475e-01
4.18404609e-01
4.81182277e-01
5.55448472e-01
5.16290426e-01
5.02090454e-01
5.70441246e-01
3.51997733e-01
4.24754530e-01
4.88510251e-01
4.65340942e-01
4.66540247e-01
4.81313258e-01
4.94521677e-01
4.78510827e-01
4.53471512e-01
4.79574978e-01
5.05630612e-01
4.73563850e-01
4.87365365e-01
4.86141682e-01
4.49522614e-01
4.43825871e-01
4.98841017e-01
4.99970615e-01
4.84557956e-01
4.91158515e-01
4.81454432e-01
4.62422073e-01
4.56943899e-01
5.03622353e-01
5.09140730e-01
4.73085910e-01
4.78192091e-01
4.97745067e-01
4.85088557e-01
4.78477746e-01
4.85423803e-01
4.54963505e-01
4.45191026e-01
4.74587590e-01
4.82582510e-01
4.38528150e-01
4.95709658e-01
5.01295149e-01
4.66397315e-01
4.50796068e-01
4.74387974e-01
4.74860221e-01
4.96019393e-01
4.86853719e-01
4.54502404e-01
4.74794626e-01
5.11828005e-01
4.48097527e-01
5.03641367e-01
4.72811937e-01
4.58132863e-01
4.76187825e-01
4.77524549e-01
4.47987109e-01
4.91902798e-01
4.45169061e-01
4.72899109e-01
4.90138799e-01
4.51252759e-01
4.59997028e-01
4.53604847e-01
4.79681700e-01
4.69407290e-01
4.59300518e-01
4.91040140e-01
4.68375862e-01
4.77780253e-01
4.70377952e-01
4.57744360e-01
4.59220767e-01
4.61157978e-01
4.49155033e-01
4.12230968e-01
4.74052370e-01
4.80397582e-01
4.50951397e-01
4.54286486e-01
4.27166045e-01
4.41659838e-01
4.60952044e-01
4.63294029e-01
4.63524789e-01
4.60373431e-01
4.53835577e-01
4.47505355e-01
4.48866159e-01
4.49829698e-01
4.51459676e-01
4.50009853e-01
4.69330996e-01
4.44992006e-01
4.44436640e-01
4.53526378e-01
4.49650019e-01
4.42225873e-01
4.69679147e-01
4.63021994e-01
4.39035028e-01
4.34366673e-01
4.43038195e-01
4.33723569e-01
4.30131197e-01
4.59984690e-01
4.50281560e-01
4.45111215e-01
4.50480342e-01
4.47345227e-01
4.42397892e-01
4.36953276e-01
4.40263957e-01
4.43714172e-01
4.51200962e-01
4.35978472e-01
4.30565357e-01
4.68631893e-01
4.48640734e-01
4.47877645e-01
4.49138910e-01
4.21273857e-01
4.22608346e-01
4.61316496e-01
4.58935887e-01
4.43931282e-01
4.31193441e-01
4.15384501e-01
4.22555059e-01
4.22000110e-01
4.39451963e-01
3.74397278e-01
3.54824036e-01
4.24257368e-01
4.29358274e-01
4.22286808e-01
4.12163645e-01
3.87635171e-01
4.35345680e-01
4.92713600e-01
4.36719865e-01
4.45465624e-01
3.87334526e-01
3.97708446e-01
4.63801742e-01
4.90842760e-01
4.31286663e-01
4.70770478e-01
4.18299556e-01
4.24814582e-01
4.55442280e-01
4.21049058e-01
4.10622746e-01
4.34643984e-01
4.33788210e-01
4.45818722e-01
4.33033556e-01
4.07186002e-01
4.63630289e-01
4.17998374e-01
4.11309153e-01
4.18693125e-01
4.31392848e-01
4.36237454e-01
4.08678323e-01
4.03230190e-01
2.29419366e-01
3.85014325e-01
5.82364321e-01
4.55048591e-01
4.22764570e-01
4.46806401e-01
4.55484152e-01
4.22913730e-01
3.98824662e-01
4.19328034e-01
4.48331833e-01
4.34440076e-01
4.11857009e-01
4.18320864e-01
4.35797274e-01
4.38120037e-01
4.31127906e-01
4.34463292e-01
4.48194474e-01
4.18199122e-01
4.04203743e-01
4.37989026e-01
4.54526901e-01
4.47677732e-01
4.39381808e-01
4.13946062e-01
3.82183582e-01
4.13938612e-01
4.78244185e-01
4.30549353e-01
3.74396026e-01
4.16070253e-01
4.21528578e-01
4.07369047e-01
4.56078410e-01
4.02837604e-01
4.36255097e-01
4.57235456e-01
4.33698684e-01
4.16468233e-01
4.12081689e-01
4.27442461e-01
4.00403410e-01
4.15123671e-01
4.49004591e-01
4.09123421e-01
3.12180281e-01
4.03376490e-01
4.28102851e-01
4.12148207e-01
4.08712298e-01
4.29256678e-01
4.43647504e-01
4.37745601e-01
4.22879338e-01
4.31018114e-01
4.09820914e-01
3.94425988e-01
4.47486490e-01
4.26508248e-01
4.23203856e-01
4.49755728e-01
4.29841816e-01
3.74032170e-01
4.18014109e-01
4.22605366e-01
4.08321679e-01
4.10934180e-01
4.15840000e-01
4.04680878e-01
4.04931158e-01
3.98842603e-01
4.09105301e-01
4.22289103e-01
4.13933575e-01
3.95150214e-01
4.19926673e-01
4.03470159e-01
4.32947010e-01
4.34477180e-01
4.02508646e-01
3.93781722e-01
4.00618881e-01
3.33529383e-01
4.26575601e-01
4.30523962e-01
3.89836788e-01
4.08295989e-01
4.15722758e-01
4.32245672e-01
4.22292203e-01
4.35520560e-01
4.26866621e-01
3.78726363e-01
4.05974567e-01
4.19430256e-01
4.01599973e-01
4.03892905e-01
3.99350703e-01
3.89239669e-01
4.01080906e-01
3.89712721e-01
4.01554078e-01
4.23068970e-01
4.04139698e-01
3.84468317e-01
4.26909655e-01
3.80249977e-01
3.83710414e-01
3.85995120e-01
3.94574761e-01
4.11334395e-01
3.69703352e-01
4.06893551e-01
4.06478345e-01
3.88770938e-01
3.92446339e-01
4.28210229e-01
4.08710867e-01
3.84230286e-01
3.73653889e-01
3.80530715e-01
3.86649847e-01
3.72387528e-01
3.95361573e-01
3.94410878e-01
3.88936937e-01
4.00069773e-01
4.13178623e-01
4.17907089e-01
3.73068452e-01
3.74535918e-01
3.97967726e-01
3.93173963e-01
3.82735580e-01
3.99948925e-01
3.92822802e-01
4.06652242e-01
3.92934233e-01
3.94693881e-01
4.01897430e-01
3.99791420e-01
3.97244781e-01
3.84275913e-01
4.12508518e-01
4.16046977e-01
4.10806835e-01
4.15329456e-01
3.99341404e-01
3.74379754e-01
3.89191151e-01
3.78993601e-01
3.91855687e-01
4.29622680e-01
4.32435393e-01
4.01179910e-01
3.74295890e-01
3.96991432e-01
4.27915961e-01
4.00698215e-01
3.95096034e-01
3.70957106e-01
4.02984619e-01
3.86278421e-01
3.47509742e-01
3.86314332e-01
4.03063446e-01
3.88737768e-01
4.04873312e-01
3.76510441e-01
3.71677905e-01
4.14301336e-01
3.74866903e-01
3.83921504e-01
3.99383068e-01
3.89211923e-01
3.93984288e-01
3.93704891e-01
3.77795458e-01
3.84641975e-01
3.90943259e-01
3.75801921e-01
3.80945474e-01
4.01927859e-01
3.64655375e-01
3.73751611e-01
3.83943617e-01
3.60591799e-01
3.64928544e-01
3.95030707e-01
3.89522046e-01
3.76854837e-01
3.87258500e-01
3.96027654e-01
3.89476687e-01
3.80363137e-01
3.78300637e-01
3.92056584e-01
3.64436448e-01
3.51611793e-01
3.62952650e-01
3.78398001e-01
3.87245029e-01
3.85750890e-01
3.87410641e-01
3.61936271e-01
3.49220127e-01
3.71117055e-01
3.70537013e-01
3.76954854e-01
3.60909551e-01
3.27334195e-01
3.11952531e-01
3.82078916e-01
3.56196940e-01
3.22618127e-01
4.04463768e-01
4.07591969e-01
3.51457953e-01
3.51013839e-01
3.19796413e-01
3.06401640e-01
3.95788044e-01
3.74225914e-01
3.33397388e-01
3.70868623e-01
3.54558587e-01
3.74381036e-01
3.41304153e-01
3.61406535e-01
3.80178660e-01
3.62561494e-01
3.85746568e-01
3.72138888e-01
3.75029564e-01
3.77462476e-01
3.65526259e-01
3.50865811e-01
3.62666160e-01
3.64776075e-01
3.76181066e-01
3.70706648e-01
3.45227540e-01
3.33652705e-01
3.05986971e-01
2.50563443e-01
3.26028228e-01
3.37765723e-01
3.39633167e-01
3.42629582e-01
3.54643226e-01
3.65527391e-01
3.55137259e-01
3.59748155e-01
3.71540040e-01
3.70201319e-01
3.37504566e-01
3.71954620e-01
3.54105145e-01
3.57860416e-01
3.68873268e-01
3.52727264e-01
3.73823136e-01
3.39716941e-01
3.34238738e-01
3.63571286e-01
3.76584649e-01
3.75139713e-01
3.61004502e-01
3.52529854e-01
3.44609737e-01
3.91332030e-01
3.43062997e-01
2.24589899e-01
3.59333962e-01
4.54203367e-01
4.06158209e-01
3.51065159e-01
3.44889104e-01
3.82206410e-01
3.64287168e-01
3.14312011e-01
3.33485454e-01
4.04003054e-01
3.92531723e-01
3.26610148e-01
3.61760020e-01
3.50123435e-01
3.78195614e-01
2.66096175e-01
1.97424158e-01
3.32213223e-01
4.11716819e-01
3.53858501e-01
3.59125584e-01
3.58587533e-01
3.34135234e-01
3.18619817e-01
3.44663382e-01
3.67666841e-01
3.35289001e-01
3.18064541e-01
3.11449170e-01
3.41400534e-01
3.59549671e-01
3.51344198e-01
3.68163258e-01
3.34355593e-01
3.05026650e-01
2.80866951e-01
3.45941842e-01
3.47181022e-01
3.60801548e-01
3.50766748e-01
3.33775491e-01
3.41051728e-01
3.35099071e-01
3.57406378e-01
3.17045689e-01
3.11908543e-01
3.35192531e-01
3.32874954e-01
3.19075406e-01
3.38308930e-01
3.31530988e-01
3.23690653e-01
3.20283294e-01
3.35790664e-01
3.56287956e-01
3.49736691e-01
2.83403069e-01
3.19329023e-01
